# x		H(x,a)
      0.0000000       1.0000000000000000
      0.1001001       0.9900299906730652
      0.2002002       0.9607124924659729
      0.3003003       0.9137664437294006
      0.4004004       0.8518707156181335
      0.5005005       0.7784109115600586
      0.6006006       0.6971734166145325
      0.7007007       0.6120254397392273
      0.8008008       0.5266169309616089
      0.9009009       0.4441368877887726
      1.0010010       0.3671516727685858
      1.1011012       0.2974990062002467
      1.2012012       0.2362824321211007
      1.3013012       0.1839422732343584
      1.4014014       0.1403576599000353
      1.5015016       0.1049777929592344
      1.6016016       0.0769607739874424
      1.7017016       0.0553041712375801
      1.8018018       0.0389557307486213
      1.9019020       0.0268981989703745
      2.0020020       0.0182067980254247
      2.1021020       0.0120818257438799
      2.2022023       0.0078608090064709
      2.3023024       0.0050155028452495
      2.4024024       0.0031390326550042
      2.5025024       0.0019280206742251
      2.6026025       0.0011630428124668
      2.7027028       0.0006899372902353
      2.8028028       0.0004033763945540
      2.9029028       0.0002333055501164
      3.0030031       0.0001343368098798
      3.1031032       0.0000778040120287
      3.2032032       0.0000460471040998
      3.3033032       0.0000284487691222
      3.4034033       0.0000187767540415
      3.5035036       0.0000134571054220
      3.6036036       0.0000104865809003
      3.7037036       0.0000087667185554
      3.8038039       0.0000077076948977
      3.9039040       0.0000069988027309
      4.0040040       0.0000064790218792
      4.1041040       0.0000060658496730
      4.2042041       0.0000057171355725
      4.3043041       0.0000054110900657
      4.4044046       0.0000051360913307
      4.5045047       0.0000048855298412
      4.6046047       0.0000046553163905
      4.7047048       0.0000044426516282
      4.8048048       0.0000042454484599
      4.9049048       0.0000040620376243
      5.0050049       0.0000038910227905
      5.1051049       0.0000037312096237
      5.2052050       0.0000035815640344
      5.3053055       0.0000034411772345
      5.4054055       0.0000033092440197
      5.5055056       0.0000031850581215
      5.6056056       0.0000030679894684
      5.7057056       0.0000029574594829
      5.8058057       0.0000028529743943
      5.9059057       0.0000027540749641
      6.0060062       0.0000026603446275
      6.1061063       0.0000025714235915
      6.2062063       0.0000024869689584
      6.3063064       0.0000024066756387
      6.4064064       0.0000023302635649
      6.5065064       0.0000022574803867
      6.6066065       0.0000021880917943
      6.7067065       0.0000021218853762
      6.8068066       0.0000020586646882
      6.9069071       0.0000019982458172
      7.0070071       0.0000019404643954
      7.1071072       0.0000018851697256
      7.2072072       0.0000018322147082
      7.3073072       0.0000017814652301
      7.4074073       0.0000017328059786
      7.5075073       0.0000016861150709
      7.6076078       0.0000016412910203
      7.7077079       0.0000015982330700
      7.8078079       0.0000015568495212
      7.9079080       0.0000015170531314
      8.0080080       0.0000014787638378
      8.1081085       0.0000014419076833
      8.2082081       0.0000014064110667
      8.3083086       0.0000013722093263
      8.4084082       0.0000013392399815
      8.5085087       0.0000013074421236
      8.6086082       0.0000012767651906
      8.7087088       0.0000012471532072
      8.8088093       0.0000012185586445
      8.9089088       0.0000011909354153
      9.0090094       0.0000011642394741
      9.1091089       0.0000011384314483
      9.2092094       0.0000011134704285
      9.3093090       0.0000010893198751
      9.4094095       0.0000010659463381
      9.5095091       0.0000010433164955
      9.6096096       0.0000010213997808
      9.7097101       0.0000010001650518
      9.8098097       0.0000009795847099
      9.9099102       0.0000009596337716
     10.0100098       0.0000009402840482
     10.1101103       0.0000009215127040
     10.2102098       0.0000009032991903
     10.3103104       0.0000008856190201
     10.4104099       0.0000008684535225
     10.5105104       0.0000008517806852
     10.6106110       0.0000008355841730
     10.7107105       0.0000008198444179
     10.8108110       0.0000008045443537
     10.9109106       0.0000007896686508
     11.0110111       0.0000007752018675
     11.1111107       0.0000007611286152
     11.2112112       0.0000007474353036
     11.3113117       0.0000007341083607
     11.4114113       0.0000007211345766
     11.5115118       0.0000007085011503
     11.6116114       0.0000006961961216
     11.7117119       0.0000006842099948
     11.8118114       0.0000006725303521
     11.9119120       0.0000006611469881
     12.0120125       0.0000006500506484
     12.1121120       0.0000006392304967
     12.2122126       0.0000006286795403
     12.3123121       0.0000006183871523
     12.4124126       0.0000006083452743
     12.5125122       0.0000005985464121
     12.6126127       0.0000005889822063
     12.7127123       0.0000005796456535
     12.8128128       0.0000005705297719
     12.9129133       0.0000005616269959
     13.0130129       0.0000005529310193
     13.1131134       0.0000005444349793
     13.2132130       0.0000005361338538
     13.3133135       0.0000005280211141
     13.4134130       0.0000005200922861
     13.5135136       0.0000005123393538
     13.6136131       0.0000005047591779
     13.7137136       0.0000004973463010
     13.8138142       0.0000004900955558
     13.9139137       0.0000004830015402
     14.0140142       0.0000004760613588
     14.1141138       0.0000004692701131
     14.2142143       0.0000004626227062
     14.3143139       0.0000004561153688
     14.4144144       0.0000004497447170
     14.5145149       0.0000004435069668
     14.6146145       0.0000004373981199
     14.7147150       0.0000004314149664
     14.8148146       0.0000004255534979
     14.9149151       0.0000004198104385
     15.0150146       0.0000004141838172
     15.1151152       0.0000004086686080
     15.2152157       0.0000004032637272
     15.3153152       0.0000003979652762
     15.4154158       0.0000003927705650
     15.5155153       0.0000003876770821
     15.6156158       0.0000003826818916
     15.7157154       0.0000003777833760
     15.8158159       0.0000003729779766
     15.9159155       0.0000003682636591
     16.0160160       0.0000003636382124
     16.1161156       0.0000003590998792
     16.2162170       0.0000003546457509
     16.3163166       0.0000003502741757
     16.4164162       0.0000003459825977
     16.5165157       0.0000003417701931
     16.6166172       0.0000003376337828
     16.7167168       0.0000003335721829
     16.8168163       0.0000003295837842
     16.9169178       0.0000003256664562
     17.0170174       0.0000003218185806
     17.1171169       0.0000003180384873
     17.2172165       0.0000003143249170
     17.3173180       0.0000003106756059
     17.4174175       0.0000003070900144
     17.5175171       0.0000003035662936
     17.6176186       0.0000003001023846
     17.7177181       0.0000002966979624
     17.8178177       0.0000002933512120
     17.9179173       0.0000002900605554
     18.0180187       0.0000002868249874
     18.1181183       0.0000002836437028
     18.2182178       0.0000002805148916
     18.3183174       0.0000002774378625
     18.4184189       0.0000002744108920
     18.5185184       0.0000002714331744
     18.6186180       0.0000002685038503
     18.7187195       0.0000002656221463
     18.8188190       0.0000002627861341
     18.9189186       0.0000002599954750
     19.0190182       0.0000002572489452
     19.1191196       0.0000002545460693
     19.2192192       0.0000002518855241
     19.3193188       0.0000002492663408
     19.4194202       0.0000002466880484
     19.5195198       0.0000002441496682
     19.6196194       0.0000002416502203
     19.7197189       0.0000002391887803
     19.8198204       0.0000002367648490
     19.9199200       0.0000002343780078
     20.0200195       0.0000002320267815
     20.1201210       0.0000002297106530
     20.2202206       0.0000002274293773
     20.3203201       0.0000002251818270
     20.4204197       0.0000002229675169
     20.5205212       0.0000002207858000
     20.6206207       0.0000002186357259
     20.7207203       0.0000002165172278
     20.8208199       0.0000002144291581
     20.9209213       0.0000002123715283
     21.0210209       0.0000002103432892
     21.1211205       0.0000002083437424
     21.2212219       0.0000002063727252
     21.3213215       0.0000002044296376
     21.4214211       0.0000002025137940
     21.5215206       0.0000002006251079
     21.6216221       0.0000001987624792
     21.7217216       0.0000001969258118
     21.8218212       0.0000001951141392
     21.9219227       0.0000001933277171
     22.0220222       0.0000001915658615
     22.1221218       0.0000001898277316
     22.2222214       0.0000001881133954
     22.3223228       0.0000001864220893
     22.4224224       0.0000001847533825
     22.5225220       0.0000001831072017
     22.6226234       0.0000001814828885
     22.7227230       0.0000001798800680
     22.8228226       0.0000001782985185
     22.9229221       0.0000001767376494
     23.0230236       0.0000001751972060
     23.1231232       0.0000001736770179
     23.2232227       0.0000001721764582
     23.3233242       0.0000001706950975
     23.4234238       0.0000001692328584
     23.5235233       0.0000001677895941
     23.6236229       0.0000001663644791
     23.7237244       0.0000001649576807
     23.8238239       0.0000001635684958
     23.9239235       0.0000001621968493
     24.0240250       0.0000001608422087
     24.1241245       0.0000001595048299
     24.2242241       0.0000001581838098
     24.3243237       0.0000001568792687
     24.4244251       0.0000001555906824
     24.5245247       0.0000001543181419
     24.6246243       0.0000001530611269
     24.7247238       0.0000001518192677
     24.8248253       0.0000001505926735
     24.9249249       0.0000001493806748
     25.0250244       0.0000001481834036
     25.1251259       0.0000001470004498
     25.2252254       0.0000001458317110
     25.3253250       0.0000001446768568
     25.4254246       0.0000001435354439
     25.5255260       0.0000001424077223
     25.6256256       0.0000001412931405
     25.7257252       0.0000001401916537
     25.8258266       0.0000001391030526
     25.9259262       0.0000001380270794
     26.0260258       0.0000001369634379
     26.1261253       0.0000001359122607
     26.2262268       0.0000001348730107
     26.3263264       0.0000001338455652
     26.4264259       0.0000001328299465
     26.5265274       0.0000001318256819
     26.6266270       0.0000001308330493
     26.7267265       0.0000001298514753
     26.8268261       0.0000001288809183
     26.9269276       0.0000001279212228
     27.0270271       0.0000001269721438
     27.1271267       0.0000001260336592
     27.2272263       0.0000001251055446
     27.3273277       0.0000001241876580
     27.4274273       0.0000001232799078
     27.5275269       0.0000001223819899
     27.6276283       0.0000001214938203
     27.7277279       0.0000001206154135
     27.8278275       0.0000001197464315
     27.9279270       0.0000001188867711
     28.0280285       0.0000001180364744
     28.1281281       0.0000001171950941
     28.2282276       0.0000001163629530
     28.3283291       0.0000001155393627
     28.4284286       0.0000001147246873
     28.5285282       0.0000001139184849
     28.6286278       0.0000001131208450
     28.7287292       0.0000001123314977
     28.8288288       0.0000001115504264
     28.9289284       0.0000001107774882
     29.0290298       0.0000001100124956
     29.1291294       0.0000001092554712
     29.2292290       0.0000001085062130
     29.3293285       0.0000001077647465
     29.4294300       0.0000001070307783
     29.5295296       0.0000001063042230
     29.6296291       0.0000001055850987
     29.7297306       0.0000001048732559
     29.8298302       0.0000001041685245
     29.9299297       0.0000001034709699
     30.0300293       0.0000001027804664
     30.1301308       0.0000001020966212
     30.2302303       0.0000001014198138
     30.3303299       0.0000001007495969
     30.4304314       0.0000001000860918
     30.5305309       0.0000000994290705
     30.6306305       0.0000000987784763
     30.7307301       0.0000000981343401
     30.8308315       0.0000000974964190
     30.9309311       0.0000000968647023
     31.0310307       0.0000000962391788
     31.1311302       0.0000000956196012
     31.2312317       0.0000000950060460
     31.3313313       0.0000000943984228
     31.4314308       0.0000000937965156
     31.5315323       0.0000000932004026
     31.6316319       0.0000000926099776
     31.7317314       0.0000000920250678
     31.8318310       0.0000000914458197
     31.9319324       0.0000000908718214
     32.0320320       0.0000000903033732
     32.1321335       0.0000000897403468
     32.2322311       0.0000000891823779
     32.3323326       0.0000000886297009
     32.4324341       0.0000000880820651
     32.5325317       0.0000000875395832
     32.6326332       0.0000000870020680
     32.7327309       0.0000000864694318
     32.8328323       0.0000000859417168
     32.9329338       0.0000000854188157
     33.0330315       0.0000000849006708
     33.1331329       0.0000000843872567
     33.2332344       0.0000000838785886
     33.3333321       0.0000000833744011
     33.4334335       0.0000000828747133
     33.5335350       0.0000000823795593
     33.6336327       0.0000000818887670
     33.7337341       0.0000000814023840
     33.8338356       0.0000000809203967
     33.9339333       0.0000000804425886
     34.0340347       0.0000000799690176
     34.1341324       0.0000000794997654
     34.2342339       0.0000000790344435
     34.3343353       0.0000000785731908
     34.4344330       0.0000000781160878
     34.5345345       0.0000000776629139
     34.6346359       0.0000000772136427
     34.7347336       0.0000000767683726
     34.8348351       0.0000000763268293
     34.9349365       0.0000000758891322
     35.0350342       0.0000000754551937
     35.1351357       0.0000000750249640
     35.2352371       0.0000000745983303
     35.3353348       0.0000000741754299
     35.4354362       0.0000000737560922
     35.5355339       0.0000000733403238
     35.6356354       0.0000000729279766
     35.7357368       0.0000000725192311
     35.8358345       0.0000000721138500
     35.9359360       0.0000000717118338
     36.0360374       0.0000000713131730
     36.1361351       0.0000000709178422
     36.2362366       0.0000000705258334
     36.3363380       0.0000000701369917
     36.4364357       0.0000000697513849
     36.5365372       0.0000000693689461
     36.6366348       0.0000000689896701
     36.7367363       0.0000000686135396
     36.8368378       0.0000000682404147
     36.9369354       0.0000000678703507
     37.0370369       0.0000000675032111
     37.1371384       0.0000000671391685
     37.2372360       0.0000000667780430
     37.3373375       0.0000000664197052
     37.4374390       0.0000000660643722
     37.5375366       0.0000000657118637
     37.6376381       0.0000000653620936
     37.7377396       0.0000000650151583
     37.8378372       0.0000000646711021
     37.9379387       0.0000000643295662
     38.0380363       0.0000000639908489
     38.1381378       0.0000000636547829
     38.2382393       0.0000000633213325
     38.3383369       0.0000000629905250
     38.4384384       0.0000000626623374
     38.5385399       0.0000000623366588
     38.6386375       0.0000000620134797
     38.7387390       0.0000000616929069
     38.8388405       0.0000000613747124
     38.9389381       0.0000000610590030
     39.0390396       0.0000000607457672
     39.1391373       0.0000000604348712
     39.2392387       0.0000000601264644
     39.3393402       0.0000000598203530
     39.4394379       0.0000000595165463
     39.5395393       0.0000000592150491
     39.6396408       0.0000000589158471
     39.7397385       0.0000000586188869
     39.8398399       0.0000000583242957
     39.9399414       0.0000000580317853
     40.0400391       0.0000000577415538
     40.1401405       0.0000000574533909
     40.2402420       0.0000000571674819
     40.3403397       0.0000000568836619
     40.4404411       0.0000000566019243
     40.5405388       0.0000000563223190
     40.6406403       0.0000000560447634
     40.7407417       0.0000000557692662
     40.8408394       0.0000000554958433
     40.9409409       0.0000000552243640
     41.0410423       0.0000000549548717
     41.1411400       0.0000000546873744
     41.2412415       0.0000000544217658
     41.3413429       0.0000000541581696
     41.4414406       0.0000000538964605
     41.5415421       0.0000000536366042
     41.6416397       0.0000000533786389
     41.7417412       0.0000000531225796
     41.8418427       0.0000000528683046
     41.9419403       0.0000000526158537
     42.0420418       0.0000000523652689
     42.1421432       0.0000000521164305
     42.2422409       0.0000000518693146
     42.3423424       0.0000000516240312
     42.4424438       0.0000000513804278
     42.5425415       0.0000000511386012
     42.6426430       0.0000000508984247
     42.7427444       0.0000000506599391
     42.8428421       0.0000000504231932
     42.9429436       0.0000000501880374
     43.0430412       0.0000000499545002
     43.1431427       0.0000000497226584
     43.2432442       0.0000000494923840
     43.3433418       0.0000000492637481
     43.4434433       0.0000000490366691
     43.5435448       0.0000000488111567
     43.6436424       0.0000000485872133
     43.7437439       0.0000000483647378
     43.8438454       0.0000000481438768
     43.9439430       0.0000000479244817
     44.0440445       0.0000000477066048
     44.1441460       0.0000000474902067
     44.2442436       0.0000000472752435
     44.3443451       0.0000000470617451
     44.4444427       0.0000000468497799
     44.5445442       0.0000000466391555
     44.6446457       0.0000000464299180
     44.7447433       0.0000000462221731
     44.8448448       0.0000000460157812
     44.9449463       0.0000000458107248
     45.0450439       0.0000000456071104
     45.1451454       0.0000000454048758
     45.2452469       0.0000000452038805
     45.3453445       0.0000000450042844
     45.4454460       0.0000000448060094
     45.5455437       0.0000000446089944
     45.6456451       0.0000000444132946
     45.7457466       0.0000000442189254
     45.8458443       0.0000000440257714
     45.9459457       0.0000000438339316
     46.0460472       0.0000000436433040
     46.1461449       0.0000000434539190
     46.2462463       0.0000000432657755
     46.3463478       0.0000000430788496
     46.4464455       0.0000000428931566
     46.5465469       0.0000000427086354
     46.6466484       0.0000000425252959
     46.7467461       0.0000000423431469
     46.8468475       0.0000000421621311
     46.9469452       0.0000000419823482
     47.0470467       0.0000000418036772
     47.1471481       0.0000000416261367
     47.2472458       0.0000000414497078
     47.3473473       0.0000000412744304
     47.4474487       0.0000000411002717
     47.5475464       0.0000000409271818
     47.6476479       0.0000000407552119
     47.7477493       0.0000000405842852
     47.8478470       0.0000000404144536
     47.9479485       0.0000000402456806
     48.0480499       0.0000000400779772
     48.1481476       0.0000000399113455
     48.2482491       0.0000000397456988
     48.3483467       0.0000000395810950
     48.4484482       0.0000000394175336
     48.5485497       0.0000000392549697
     48.6486473       0.0000000390934389
     48.7487488       0.0000000389328731
     48.8488503       0.0000000387732823
     48.9489479       0.0000000386147006
     49.0490494       0.0000000384570547
     49.1491508       0.0000000383003617
     49.2492485       0.0000000381447060
     49.3493500       0.0000000379899296
     49.4494476       0.0000000378361230
     49.5495491       0.0000000376832664
     49.6496506       0.0000000375312304
     49.7497482       0.0000000373802201
     49.8498497       0.0000000372300960
     49.9499512       0.0000000370808562
     50.0500488       0.0000000369325440
     50.1501503       0.0000000367850800
     50.2502518       0.0000000366385114
     50.3503494       0.0000000364928342
     50.4504509       0.0000000363480079
     50.5505524       0.0000000362040626
     50.6506500       0.0000000360609338
     50.7507515       0.0000000359186795
     50.8508492       0.0000000357772826
     50.9509506       0.0000000356366860
     51.0510521       0.0000000354969340
     51.1511497       0.0000000353579957
     51.2512512       0.0000000352198251
     51.3513527       0.0000000350825291
     51.4514503       0.0000000349460170
     51.5515518       0.0000000348103152
     51.6516533       0.0000000346753935
     51.7517509       0.0000000345412468
     51.8518524       0.0000000344078744
     51.9519501       0.0000000342752681
     52.0520515       0.0000000341434135
     52.1521530       0.0000000340123363
     52.2522507       0.0000000338820385
     52.3523521       0.0000000337524879
     52.4524536       0.0000000336236302
     52.5525513       0.0000000334955254
     52.6526527       0.0000000333681680
     52.7527542       0.0000000332415704
     52.8528519       0.0000000331156509
     52.9529533       0.0000000329904133
     53.0530548       0.0000000328659559
     53.1531525       0.0000000327421472
     53.2532539       0.0000000326190513
     53.3533516       0.0000000324966756
     53.4534531       0.0000000323749308
     53.5535545       0.0000000322539113
     53.6536522       0.0000000321335604
     53.7537537       0.0000000320139169
     53.8538551       0.0000000318948444
     53.9539528       0.0000000317765267
     54.0540543       0.0000000316588271
     54.1541557       0.0000000315418072
     54.2542534       0.0000000314253939
     54.3543549       0.0000000313096568
     54.4544525       0.0000000311945623
     54.5545540       0.0000000310801013
     54.6546555       0.0000000309662111
     54.7547531       0.0000000308530350
     54.8548546       0.0000000307404275
     54.9549561       0.0000000306284400
     55.0550537       0.0000000305170476
     55.1551552       0.0000000304062822
     55.2552567       0.0000000302961097
     55.3553543       0.0000000301865558
     55.4554558       0.0000000300775794
     55.5555573       0.0000000299691834
     55.6556549       0.0000000298613921
     55.7557564       0.0000000297541818
     55.8558540       0.0000000296475290
     55.9559555       0.0000000295414745
     56.0560570       0.0000000294359745
     56.1561546       0.0000000293310636
     56.2562561       0.0000000292266666
     56.3563576       0.0000000291228184
     56.4564552       0.0000000290195793
     56.5565567       0.0000000289168271
     56.6566582       0.0000000288146850
     56.7567558       0.0000000287130361
     56.8568573       0.0000000286119206
     56.9569588       0.0000000285113736
     57.0570564       0.0000000284113217
     57.1571579       0.0000000283118555
     57.2572556       0.0000000282128261
     57.3573570       0.0000000281143518
     57.4574585       0.0000000280164031
     57.5575562       0.0000000279189691
     57.6576576       0.0000000278220505
     57.7577591       0.0000000277256067
     57.8578568       0.0000000276296590
     57.9579582       0.0000000275342385
     58.0580597       0.0000000274393023
     58.1581573       0.0000000273448624
     58.2582588       0.0000000272509060
     58.3583565       0.0000000271574020
     58.4584579       0.0000000270644000
     58.5585594       0.0000000269718931
     58.6586571       0.0000000268798298
     58.7587585       0.0000000267882686
     58.8588600       0.0000000266971674
     58.9589577       0.0000000266064834
     59.0590591       0.0000000265163222
     59.1591606       0.0000000264265959
     59.2592583       0.0000000263373239
     59.3593597       0.0000000262484921
     59.4594612       0.0000000261601304
     59.5595589       0.0000000260721934
     59.6596603       0.0000000259847201
     59.7597580       0.0000000258976826
     59.8598595       0.0000000258110545
     59.9599609       0.0000000257249008
     60.0600586       0.0000000256391582
     60.1601601       0.0000000255538373
     60.2602615       0.0000000254689523
     60.3603592       0.0000000253844876
     60.4604607       0.0000000253004310
     60.5605621       0.0000000252168053
     60.6606598       0.0000000251335998
     60.7607613       0.0000000250507797
     60.8608627       0.0000000249683707
     60.9609604       0.0000000248864054
     61.0610619       0.0000000248047988
     61.1611595       0.0000000247236311
     61.2612610       0.0000000246428470
     61.3613625       0.0000000245624630
     61.4614601       0.0000000244824408
     61.5615616       0.0000000244028182
     61.6616631       0.0000000243236114
     61.7617607       0.0000000242447777
     61.8618622       0.0000000241663154
     61.9619637       0.0000000240882377
     62.0620613       0.0000000240105517
     62.1621628       0.0000000239332509
     62.2622604       0.0000000238562582
     62.3623619       0.0000000237797179
     62.4624634       0.0000000237034867
     62.5625610       0.0000000236276520
     62.6626625       0.0000000235521531
     62.7627640       0.0000000234770653
     62.8628616       0.0000000234022859
     62.9629631       0.0000000233278905
     63.0630646       0.0000000232538408
     63.1631622       0.0000000231801622
     63.2632637       0.0000000231067991
     63.3633652       0.0000000230338043
     63.4634628       0.0000000229611459
     63.5635643       0.0000000228888473
     63.6636620       0.0000000228168667
     63.7637634       0.0000000227452321
     63.8638649       0.0000000226739295
     63.9639626       0.0000000226029744
     64.0640640       0.0000000225323759
     64.1641617       0.0000000224620770
     64.2642670       0.0000000223920807
     64.3643646       0.0000000223224501
     64.4644623       0.0000000222531454
     64.5645676       0.0000000221841481
     64.6646652       0.0000000221154659
     64.7647629       0.0000000220471259
     64.8648682       0.0000000219790812
     64.9649658       0.0000000219113636
     65.0650635       0.0000000218439518
     65.1651688       0.0000000217768353
     65.2652664       0.0000000217100513
     65.3653641       0.0000000216435779
     65.4654617       0.0000000215773906
     65.5655670       0.0000000215115115
     65.6656647       0.0000000214459413
     65.7657623       0.0000000213806734
     65.8658676       0.0000000213156766
     65.9659653       0.0000000212509999
     66.0660629       0.0000000211866207
     66.1661682       0.0000000211225286
     66.2662659       0.0000000210587070
     66.3663635       0.0000000209952013
     66.4664688       0.0000000209319807
     66.5665665       0.0000000208690172
     66.6666641       0.0000000208063521
     66.7667694       0.0000000207439764
     66.8668671       0.0000000206818648
     66.9669647       0.0000000206200716
     67.0670700       0.0000000205585121
     67.1671677       0.0000000204972464
     67.2672653       0.0000000204362648
     67.3673706       0.0000000203755274
     67.4674683       0.0000000203150873
     67.5675659       0.0000000202549073
     67.6676712       0.0000000201949909
     67.7677689       0.0000000201353263
     67.8678665       0.0000000200759274
     67.9679642       0.0000000200168114
     68.0680695       0.0000000199579401
     68.1681671       0.0000000198993467
     68.2682648       0.0000000198409996
     68.3683701       0.0000000197829084
     68.4684677       0.0000000197250668
     68.5685654       0.0000000196674796
     68.6686707       0.0000000196101655
     68.7687683       0.0000000195530729
     68.8688660       0.0000000194962457
     68.9689713       0.0000000194396556
     69.0690689       0.0000000193833292
     69.1691666       0.0000000193272262
     69.2692719       0.0000000192713793
     69.3693695       0.0000000192157741
     69.4694672       0.0000000191603984
     69.5695724       0.0000000191052585
     69.6696701       0.0000000190503819
     69.7697678       0.0000000189957306
     69.8698730       0.0000000189413009
     69.9699707       0.0000000188871041
     70.0700684       0.0000000188331808
     70.1701736       0.0000000187794461
     70.2702713       0.0000000187259408
     70.3703690       0.0000000186726777
     70.4704742       0.0000000186196253
     70.5705719       0.0000000185668311
     70.6706696       0.0000000185142361
     70.7707672       0.0000000184618737
     70.8708725       0.0000000184097310
     70.9709702       0.0000000183578048
     71.0710678       0.0000000183060982
     71.1711731       0.0000000182546148
     71.2712708       0.0000000182033439
     71.3713684       0.0000000181523008
     71.4714737       0.0000000181014664
     71.5715714       0.0000000180508424
     71.6716690       0.0000000180004292
     71.7717743       0.0000000179502162
     71.8718719       0.0000000179002177
     71.9719696       0.0000000178504455
     72.0720749       0.0000000178008704
     72.1721725       0.0000000177514966
     72.2722702       0.0000000177023427
     72.3723755       0.0000000176533696
     72.4724731       0.0000000176046165
     72.5725708       0.0000000175560605
     72.6726761       0.0000000175077004
     72.7727737       0.0000000174595349
     72.8728714       0.0000000174115845
     72.9729767       0.0000000173638210
     73.0730743       0.0000000173162590
     73.1731720       0.0000000172688964
     73.2732697       0.0000000172217398
     73.3733749       0.0000000171747392
     73.4734726       0.0000000171279469
     73.5735703       0.0000000170813615
     73.6736755       0.0000000170349457
     73.7737732       0.0000000169887089
     73.8738708       0.0000000169426840
     73.9739761       0.0000000168968499
     74.0740738       0.0000000168511983
     74.1741714       0.0000000168057165
     74.2742767       0.0000000167604209
     74.3743744       0.0000000167153255
     74.4744720       0.0000000166703991
     74.5745773       0.0000000166256519
     74.6746750       0.0000000165810747
     74.7747726       0.0000000165366979
     74.8748779       0.0000000164924992
     74.9749756       0.0000000164484634
     75.0750732       0.0000000164046067
     75.1751785       0.0000000163609298
     75.2752762       0.0000000163174201
     75.3753738       0.0000000162740729
     75.4754791       0.0000000162309310
     75.5755768       0.0000000161879416
     75.6756744       0.0000000161451103
     75.7757721       0.0000000161024701
     75.8758774       0.0000000160600041
     75.9759750       0.0000000160176961
     76.0760727       0.0000000159755523
     76.1761780       0.0000000159335595
     76.2762756       0.0000000158917486
     76.3763733       0.0000000158501024
     76.4764786       0.0000000158086181
     76.5765762       0.0000000157673011
     76.6766739       0.0000000157261290
     76.7767792       0.0000000156851340
     76.8768768       0.0000000156442990
     76.9769745       0.0000000156036318
     77.0770798       0.0000000155630976
     77.1771774       0.0000000155227344
     77.2772751       0.0000000154825430
     77.3773804       0.0000000154424760
     77.4774780       0.0000000154025809
     77.5775757       0.0000000153628316
     77.6776810       0.0000000153232511
     77.7777786       0.0000000152838025
     77.8778763       0.0000000152445300
     77.9779816       0.0000000152054051
     78.0780792       0.0000000151664349
     78.1781769       0.0000000151276012
     78.2782745       0.0000000150889135
     78.3783798       0.0000000150503681
     78.4784775       0.0000000150119776
     78.5785751       0.0000000149737531
     78.6786804       0.0000000149356662
     78.7787781       0.0000000148977175
     78.8788757       0.0000000148599133
     78.9789810       0.0000000148222467
     79.0790787       0.0000000147847303
     79.1791763       0.0000000147473571
     79.2792816       0.0000000147101245
     79.3793793       0.0000000146730334
     79.4794769       0.0000000146360830
     79.5795822       0.0000000145992687
     79.6796799       0.0000000145625821
     79.7797775       0.0000000145260547
     79.8798828       0.0000000144896548
     79.9799805       0.0000000144533835
     80.0800781       0.0000000144172589
     80.1801834       0.0000000143812634
     80.2802811       0.0000000143454094
     80.3803787       0.0000000143096923
     80.4804840       0.0000000142740972
     80.5805817       0.0000000142386467
     80.6806793       0.0000000142033343
     80.7807770       0.0000000141681345
     80.8808823       0.0000000141330733
     80.9809799       0.0000000140981332
     81.0810776       0.0000000140633229
     81.1811829       0.0000000140286611
     81.2812805       0.0000000139941141
     81.3813782       0.0000000139596902
     81.4814835       0.0000000139254017
     81.5815811       0.0000000138912380
     81.6816788       0.0000000138571927
     81.7817841       0.0000000138232695
     81.8818817       0.0000000137894746
     81.9819794       0.0000000137558115
     82.0820847       0.0000000137222795
     82.1821823       0.0000000136888554
     82.2822800       0.0000000136555517
     82.3823853       0.0000000136223766
     82.4824829       0.0000000135893171
     82.5825806       0.0000000135563764
     82.6826859       0.0000000135235612
     82.7827835       0.0000000134908687
     82.8828812       0.0000000134582879
     82.9829865       0.0000000134258293
     83.0830841       0.0000000133934832
     83.1831818       0.0000000133612481
     83.2832794       0.0000000133291312
     83.3833847       0.0000000132971388
     83.4834824       0.0000000132652654
     83.5835800       0.0000000132334840
     83.6836853       0.0000000132018509
     83.7837830       0.0000000131702996
     83.8838806       0.0000000131388814
     83.9839859       0.0000000131075681
     84.0840836       0.0000000130763533
     84.1841812       0.0000000130452724
     84.2842865       0.0000000130143001
     84.3843842       0.0000000129834257
     84.4844818       0.0000000129526579
     84.5845871       0.0000000129220134
     84.6846848       0.0000000128914747
     84.7847824       0.0000000128610378
     84.8848877       0.0000000128307011
     84.9849854       0.0000000128004864
     85.0850830       0.0000000127703719
     85.1851883       0.0000000127403684
     85.2852859       0.0000000127104720
     85.3853836       0.0000000126806700
     85.4854889       0.0000000126509886
     85.5855865       0.0000000126213963
     85.6856842       0.0000000125919299
     85.7857895       0.0000000125625411
     85.8858871       0.0000000125332588
     85.9859848       0.0000000125040842
     86.0860825       0.0000000124750062
     86.1861877       0.0000000124460403
     86.2862854       0.0000000124171761
     86.3863831       0.0000000123884017
     86.4864883       0.0000000123597170
     86.5865860       0.0000000123311549
     86.6866837       0.0000000123026906
     86.7867889       0.0000000122743092
     86.8868866       0.0000000122460320
     86.9869843       0.0000000122178553
     87.0870895       0.0000000121897749
     87.1871872       0.0000000121617764
     87.2872849       0.0000000121338901
     87.3873901       0.0000000121060994
     87.4874878       0.0000000120784187
     87.5875854       0.0000000120508039
     87.6876907       0.0000000120233087
     87.7877884       0.0000000119958892
     87.8878860       0.0000000119685751
     87.9879913       0.0000000119413445
     88.0880890       0.0000000119142003
     88.1881866       0.0000000118871625
     88.2882919       0.0000000118602235
     88.3883896       0.0000000118333655
     88.4884872       0.0000000118065920
     88.5885849       0.0000000117799157
     88.6886902       0.0000000117533350
     88.7887878       0.0000000117268411
     88.8888855       0.0000000117004333
     88.9889908       0.0000000116741114
     89.0890884       0.0000000116478829
     89.1891861       0.0000000116217501
     89.2892914       0.0000000115956858
     89.3893890       0.0000000115697290
     89.4894867       0.0000000115438481
     89.5895920       0.0000000115180683
     89.6896896       0.0000000114923659
     89.7897873       0.0000000114667441
     89.8898926       0.0000000114412186
     89.9899902       0.0000000114157676
     90.0900879       0.0000000113904019
     90.1901932       0.0000000113651247
     90.2902908       0.0000000113399234
     90.3903885       0.0000000113148099
     90.4904938       0.0000000112897894
     90.5905914       0.0000000112648443
     90.6906891       0.0000000112399806
     90.7907944       0.0000000112151968
     90.8908920       0.0000000111904982
     90.9909897       0.0000000111658812
     91.0910873       0.0000000111413555
     91.1911926       0.0000000111168990
     91.2912903       0.0000000110925240
     91.3913879       0.0000000110682304
     91.4914932       0.0000000110440091
     91.5915909       0.0000000110198737
     91.6916885       0.0000000109958279
     91.7917938       0.0000000109718387
     91.8918915       0.0000000109479511
     91.9919891       0.0000000109241275
     92.0920944       0.0000000109003821
     92.1921921       0.0000000108767174
     92.2922897       0.0000000108531295
     92.3923950       0.0000000108296191
     92.4924927       0.0000000108061846
     92.5925903       0.0000000107828246
     92.6926956       0.0000000107595413
     92.7927933       0.0000000107363340
     92.8928909       0.0000000107131983
     92.9929962       0.0000000106901397
     93.0930939       0.0000000106671564
     93.1931915       0.0000000106442483
     93.2932968       0.0000000106214020
     93.3933945       0.0000000105986419
     93.4934921       0.0000000105759539
     93.5935898       0.0000000105533395
     93.6936951       0.0000000105307955
     93.7937927       0.0000000105083218
     93.8938904       0.0000000104859187
     93.9939957       0.0000000104635901
     94.0940933       0.0000000104413368
     94.1941910       0.0000000104191432
     94.2942963       0.0000000103970227
     94.3943939       0.0000000103749793
     94.4944916       0.0000000103529988
     94.5945969       0.0000000103310948
     94.6946945       0.0000000103092678
     94.7947922       0.0000000102874893
     94.8948975       0.0000000102657920
     94.9949951       0.0000000102441630
     95.0950928       0.0000000102226142
     95.1951981       0.0000000102011099
     95.2952957       0.0000000101796876
     95.3953934       0.0000000101583302
     95.4954987       0.0000000101370418
     95.5955963       0.0000000101158095
     95.6956940       0.0000000100946593
     95.7957993       0.0000000100735626
     95.8958969       0.0000000100525414
     95.9959946       0.0000000100315724
     96.0960999       0.0000000100106740
     96.1961975       0.0000000099898559
     96.2962952       0.0000000099690923
     96.3963928       0.0000000099483890
     96.4964981       0.0000000099277524
     96.5965958       0.0000000099071839
     96.6966934       0.0000000098866775
     96.7967987       0.0000000098662304
     96.8968964       0.0000000098458461
     96.9969940       0.0000000098255275
     97.0970993       0.0000000098052787
     97.1971970       0.0000000097850842
     97.2972946       0.0000000097649514
     97.3973999       0.0000000097448813
     97.4974976       0.0000000097248880
     97.5975952       0.0000000097049362
     97.6977005       0.0000000096850495
     97.7977982       0.0000000096652270
     97.8978958       0.0000000096454735
     97.9980011       0.0000000096257701
     98.0980988       0.0000000096061294
     98.1981964       0.0000000095865508
     98.2983017       0.0000000095670292
     98.3983994       0.0000000095475672
     98.4984970       0.0000000095281642
     98.5986023       0.0000000095088288
     98.6987000       0.0000000094895455
     98.7987976       0.0000000094703196
     98.8988953       0.0000000094511530
     98.9990005       0.0000000094320556
     99.0990982       0.0000000094130058
     99.1991959       0.0000000093940029
     99.2993011       0.0000000093750757
     99.3993988       0.0000000093561969
     99.4994965       0.0000000093373760
     99.5996017       0.0000000093186099
     99.6996994       0.0000000092998923
     99.7997971       0.0000000092812503
     99.8999023       0.0000000092626441
    100.0000000       0.0000000092441061
