# x		H(x,a)
      0.0000000       1.0000000000000000
      0.1001001       0.9900299906730652
      0.2002002       0.9607124924659729
      0.3003003       0.9137664437294006
      0.4004004       0.8518707156181335
      0.5005005       0.7784109115600586
      0.6006006       0.6971734166145325
      0.7007007       0.6120254397392273
      0.8008008       0.5266169309616089
      0.9009009       0.4441368877887726
      1.0010010       0.3671561608759115
      1.1011012       0.2975117112825915
      1.2012012       0.2363023805287830
      1.3013012       0.1839671726147122
      1.4014014       0.1403851824269541
      1.5015016       0.1050060558225163
      1.6016016       0.0769884409041914
      1.7017016       0.0553303946346248
      1.8018018       0.0389800434394661
      1.9019020       0.0269204045486624
      2.0020020       0.0182268791843453
      2.1021020       0.0120998746015468
      2.2022023       0.0078769777769124
      2.3023024       0.0050299706935477
      2.4024024       0.0031519846231439
      2.5025024       0.0019396351586568
      2.6026025       0.0011734847625108
      2.7027028       0.0006993551404926
      2.8028028       0.0004119012986879
      2.9029028       0.0002410519584331
      3.0030031       0.0001414037574771
      3.1031032       0.0000842767344455
      3.2032032       0.0000519987063608
      3.3033032       0.0000339418710250
      3.4034033       0.0000238649754816
      3.5035036       0.0000181863911602
      3.6036036       0.0000148963756613
      3.7037036       0.0000128909503676
      3.8038039       0.0000115756416467
      3.9039040       0.0000106358045439
      4.0040040       0.0000099070853160
      4.1041040       0.0000093041657495
      4.2042041       0.0000087824989463
      4.3043041       0.0000083182543884
      4.4044046       0.0000078980795615
      4.5045047       0.0000075138712799
      4.6046047       0.0000071602622863
      4.7047048       0.0000068333535416
      4.8048048       0.0000065301053911
      4.9049048       0.0000062480228311
      5.0050049       0.0000059849874274
      5.1051049       0.0000057391743229
      5.2052050       0.0000055089980906
      5.3053055       0.0000052930624444
      5.4054055       0.0000050901288073
      5.5055056       0.0000048991118694
      5.6056056       0.0000047190418122
      5.7057056       0.0000045490301944
      5.8058057       0.0000043883153400
      5.9059057       0.0000042361926684
      6.0060062       0.0000040920211071
      6.1061063       0.0000039552466850
      6.2062063       0.0000038253428253
      6.3063064       0.0000037018395022
      6.4064064       0.0000035843055138
      6.5065064       0.0000034723535658
      6.6066065       0.0000033656235167
      6.7067065       0.0000032637877703
      6.8068066       0.0000031665447567
      6.9069071       0.0000030736108055
      7.0070071       0.0000029847341227
      7.1071072       0.0000028996826242
      7.2072072       0.0000028182295039
      7.3073072       0.0000027401688555
      7.4074073       0.0000026653236378
      7.5075073       0.0000025935053710
      7.6076078       0.0000025245592931
      7.7077079       0.0000024583294835
      7.8078079       0.0000023946753182
      7.9079080       0.0000023334620989
      8.0080080       0.0000022745674519
      8.1081085       0.0000022178767041
      8.2082081       0.0000021632776922
      8.3083086       0.0000021106701991
      8.4084082       0.0000020599579714
      8.5085087       0.0000020110481950
      8.6086082       0.0000019638622609
      8.7087088       0.0000019183145417
      8.8088093       0.0000018743315651
      8.9089088       0.0000018318427068
      9.0090094       0.0000017907802465
      9.1091089       0.0000017510835260
      9.2092094       0.0000017126895614
      9.3093090       0.0000016755424516
      9.4094095       0.0000016395901608
      9.5095091       0.0000016047820631
      9.6096096       0.0000015710708431
      9.7097101       0.0000015384084011
      9.8098097       0.0000015067526502
      9.9099102       0.0000014760651239
     10.0100098       0.0000014463022279
     10.1101103       0.0000014174289961
     10.2102098       0.0000013894137643
     10.3103104       0.0000013622189832
     10.4104099       0.0000013358157182
     10.5105104       0.0000013101704413
     10.6106110       0.0000012852575903
     10.7107105       0.0000012610474998
     10.8108110       0.0000012375136231
     10.9109106       0.0000012146324807
     11.0110111       0.0000011923802932
     11.1111107       0.0000011707335464
     11.2112112       0.0000011496710315
     11.3113117       0.0000011291722062
     11.4114113       0.0000011092163641
     11.5115118       0.0000010897843009
     11.6116114       0.0000010708573148
     11.7117119       0.0000010524206638
     11.8118114       0.0000010344556546
     11.9119120       0.0000010169461864
     12.0120125       0.0000009998783920
     12.1121120       0.0000009832352682
     12.2122126       0.0000009670063318
     12.3123121       0.0000009511749628
     12.4124126       0.0000009357290538
     12.5125122       0.0000009206567474
     12.6126127       0.0000009059457535
     12.7127123       0.0000008915846834
     12.8128128       0.0000008775629616
     12.9129133       0.0000008638691302
     13.0130129       0.0000008504934659
     13.1131134       0.0000008374251358
     13.2132130       0.0000008246567994
     13.3133135       0.0000008121780812
     13.4134130       0.0000007999822799
     13.5135136       0.0000007880572123
     13.6136131       0.0000007763976442
     13.7137136       0.0000007649954977
     13.8138142       0.0000007538427660
     13.9139137       0.0000007429310387
     14.0140142       0.0000007322559952
     14.1141138       0.0000007218099285
     14.2142143       0.0000007115852176
     14.3143139       0.0000007015758956
     14.4144144       0.0000006917768846
     14.5145149       0.0000006821822735
     14.6146145       0.0000006727858819
     14.7147150       0.0000006635828141
     14.8148146       0.0000006545669784
     14.9149151       0.0000006457333134
     15.0150146       0.0000006370787790
     15.1151152       0.0000006285954920
     15.2152157       0.0000006202819823
     15.3153152       0.0000006121321045
     15.4154158       0.0000006041418747
     15.5155153       0.0000005963072883
     15.6156158       0.0000005886239258
     15.7157154       0.0000005810891897
     15.8158159       0.0000005736977789
     15.9159155       0.0000005664464043
     16.0160160       0.0000005593317508
     16.1161156       0.0000005523510927
     16.2162170       0.0000005455000028
     16.3163166       0.0000005387758087
     16.4164162       0.0000005321746907
     16.5165157       0.0000005256953558
     16.6166172       0.0000005193329749
     16.7167168       0.0000005130856026
     16.8168163       0.0000005069507923
     16.9169178       0.0000005009253536
     17.0170174       0.0000004950067056
     17.1171169       0.0000004891923772
     17.2172165       0.0000004834803434
     17.3173180       0.0000004778671104
     17.4174175       0.0000004723519282
     17.5175171       0.0000004669318645
     17.6176186       0.0000004616038836
     17.7177181       0.0000004563673018
     17.8178177       0.0000004512195142
     17.9179173       0.0000004461579351
     18.0180187       0.0000004411811539
     18.1181183       0.0000004362878726
     18.2182178       0.0000004314752848
     18.3183174       0.0000004267422790
     18.4184189       0.0000004220863582
     18.5185184       0.0000004175061574
     18.6186180       0.0000004130004211
     18.7187195       0.0000004085679220
     18.8188190       0.0000004042057011
     18.9189186       0.0000003999132337
     19.0190182       0.0000003956886608
     19.1191196       0.0000003915311974
     19.2192192       0.0000003874388558
     19.3193188       0.0000003834101290
     19.4194202       0.0000003794443567
     19.5195198       0.0000003755399097
     19.6196194       0.0000003716954189
     19.7197189       0.0000003679093123
     19.8198204       0.0000003641809234
     19.9199200       0.0000003605096010
     20.0200195       0.0000003568930369
     20.1201210       0.0000003533304721
     20.2202206       0.0000003498215801
     20.3203201       0.0000003463644628
     20.4204197       0.0000003429585167
     20.5205212       0.0000003396026537
     20.6206207       0.0000003362955472
     20.7207203       0.0000003330369642
     20.8208199       0.0000003298252174
     20.9209213       0.0000003266602385
     21.0210209       0.0000003235404639
     21.1211205       0.0000003204648937
     21.2212219       0.0000003174331319
     21.3213215       0.0000003144443749
     21.4214211       0.0000003114975066
     21.5215206       0.0000003085924157
     21.6216221       0.0000003057274101
     21.7217216       0.0000003029023421
     21.8218212       0.0000003001157114
     21.9219227       0.0000002973679056
     22.0220222       0.0000002946579177
     22.1221218       0.0000002919843885
     22.2222214       0.0000002893474522
     22.3223228       0.0000002867459999
     22.4224224       0.0000002841792527
     22.5225220       0.0000002816471689
     22.6226234       0.0000002791487206
     22.7227230       0.0000002766833722
     22.8228226       0.0000002742506833
     22.9229221       0.0000002718498052
     23.0230236       0.0000002694804100
     23.1231232       0.0000002671420908
     23.2232227       0.0000002648340146
     23.3233242       0.0000002625554234
     23.4234238       0.0000002603062935
     23.5235233       0.0000002580863148
     23.6236229       0.0000002558942772
     23.7237244       0.0000002537303968
     23.8238239       0.0000002515936314
     23.9239235       0.0000002494838392
     24.0240250       0.0000002474001954
     24.1241245       0.0000002453431026
     24.2242241       0.0000002433111494
     24.3243237       0.0000002413045505
     24.4244251       0.0000002393225299
     24.5245247       0.0000002373651334
     24.6246243       0.0000002354316695
     24.7247238       0.0000002335214963
     24.8248253       0.0000002316348173
     24.9249249       0.0000002297705725
     25.0250244       0.0000002279289839
     25.1251259       0.0000002261094129
     25.2252254       0.0000002243117151
     25.3253250       0.0000002225353446
     25.4254246       0.0000002207797079
     25.5255260       0.0000002190450898
     25.6256256       0.0000002173306965
     25.7257252       0.0000002156364287
     25.8258266       0.0000002139620079
     25.9259262       0.0000002123069716
     26.0260258       0.0000002106709470
     26.1261253       0.0000002090540663
     26.2262268       0.0000002074555429
     26.3263264       0.0000002058751683
     26.4264259       0.0000002043129993
     26.5265274       0.0000002027682861
     26.6266270       0.0000002012414588
     26.7267265       0.0000001997316480
     26.8268261       0.0000001982387630
     26.9269276       0.0000001967626231
     27.0270271       0.0000001953027739
     27.1271267       0.0000001938592721
     27.2272263       0.0000001924316600
     27.3273277       0.0000001910198262
     27.4274273       0.0000001896235528
     27.5275269       0.0000001882424233
     27.6276283       0.0000001868762894
     27.7277279       0.0000001855251555
     27.8278275       0.0000001841885242
     27.9279270       0.0000001828662436
     28.0280285       0.0000001815583345
     28.1281281       0.0000001802641583
     28.2282276       0.0000001789841964
     28.3283291       0.0000001777173786
     28.4284286       0.0000001764643138
     28.5285282       0.0000001752242504
     28.6286278       0.0000001739973460
     28.7287292       0.0000001727832081
     28.8288288       0.0000001715817961
     28.9289284       0.0000001703928975
     29.0290298       0.0000001692162212
     29.1291294       0.0000001680518056
     29.2292290       0.0000001668993334
     29.3293285       0.0000001657588409
     29.4294300       0.0000001646298825
     29.5295296       0.0000001635123364
     29.6296291       0.0000001624061970
     29.7297306       0.0000001613112770
     29.8298302       0.0000001602272929
     29.9299297       0.0000001591543494
     30.0300293       0.0000001580922451
     30.1301308       0.0000001570403799
     30.2302303       0.0000001559993371
     30.3303299       0.0000001549684548
     30.4304314       0.0000001539478897
     30.5305309       0.0000001529372810
     30.6306305       0.0000001519365638
     30.7307301       0.0000001509457839
     30.8308315       0.0000001499645518
     30.9309311       0.0000001489928887
     31.0310307       0.0000001480307335
     31.1311302       0.0000001470777319
     31.2312317       0.0000001461339820
     31.3313313       0.0000001451993614
     31.4314308       0.0000001442735327
     31.5315323       0.0000001433566221
     31.6316319       0.0000001424484699
     31.7317314       0.0000001415487798
     31.8318310       0.0000001406578145
     31.9319324       0.0000001397749068
     32.0320320       0.0000001389005473
     32.1321335       0.0000001380345309
     32.2322311       0.0000001371762859
     32.3323326       0.0000001363261832
     32.4324341       0.0000001354838297
     32.5325317       0.0000001346494195
     32.6326332       0.0000001338226191
     32.7327309       0.0000001330033373
     32.8328323       0.0000001321916560
     32.9329338       0.0000001313873467
     33.0330315       0.0000001305903689
     33.1331329       0.0000001298006492
     33.2332344       0.0000001290182416
     33.3333321       0.0000001282427169
     33.4334335       0.0000001274741148
     33.5335350       0.0000001267124925
     33.6336327       0.0000001259575863
     33.7337341       0.0000001252094485
     33.8338356       0.0000001244680715
     33.9339333       0.0000001237331306
     34.0340347       0.0000001230047115
     34.1341324       0.0000001222829250
     34.2342339       0.0000001215671959
     34.3343353       0.0000001208577164
     34.4344330       0.0000001201546289
     34.5345345       0.0000001194575642
     34.6346359       0.0000001187665276
     34.7347336       0.0000001180816342
     34.8348351       0.0000001174024619
     34.9349365       0.0000001167292174
     35.0350342       0.0000001160617419
     35.1351357       0.0000001153999867
     35.2352371       0.0000001147437649
     35.3353348       0.0000001140932751
     35.4354362       0.0000001134482732
     35.5355339       0.0000001128087547
     35.6356354       0.0000001121744950
     35.7357368       0.0000001115457937
     35.8358345       0.0000001109222625
     35.9359360       0.0000001103038795
     36.0360374       0.0000001096906874
     36.1361351       0.0000001090826079
     36.2362366       0.0000001084796335
     36.3363380       0.0000001078815277
     36.4364357       0.0000001072884169
     36.5365372       0.0000001067001541
     36.6366348       0.0000001061167659
     36.7367363       0.0000001055382255
     36.8368378       0.0000001049643119
     36.9369354       0.0000001043950921
     37.0370369       0.0000001038303745
     37.1371384       0.0000001032704118
     37.2372360       0.0000001027149551
     37.3373375       0.0000001021637778
     37.4374390       0.0000001016172089
     37.5375366       0.0000001010750030
     37.6376381       0.0000001005370020
     37.7377396       0.0000001000033603
     37.8378372       0.0000000994741542
     37.9379387       0.0000000989488179
     38.0380363       0.0000000984278160
     38.1381378       0.0000000979108941
     38.2382393       0.0000000973979942
     38.3383369       0.0000000968891565
     38.4384384       0.0000000963843623
     38.5385399       0.0000000958834149
     38.6386375       0.0000000953863142
     38.7387390       0.0000000948932309
     38.8388405       0.0000000944037960
     38.9389381       0.0000000939181921
     39.0390396       0.0000000934363731
     39.1391373       0.0000000929581740
     39.2392387       0.0000000924837947
     39.3393402       0.0000000920129503
     39.4394379       0.0000000915456558
     39.5395393       0.0000000910818949
     39.6396408       0.0000000906216813
     39.7397385       0.0000000901649109
     39.8398399       0.0000000897117876
     39.9399414       0.0000000892618555
     40.0400391       0.0000000888154298
     40.1401405       0.0000000883721981
     40.2402420       0.0000000879324237
     40.3403397       0.0000000874958692
     40.4404411       0.0000000870625107
     40.5405388       0.0000000866324398
     40.6406403       0.0000000862055035
     40.7407417       0.0000000857817505
     40.8408394       0.0000000853611761
     40.9409409       0.0000000849436107
     41.0410423       0.0000000845290830
     41.1411400       0.0000000841176370
     41.2412415       0.0000000837090824
     41.3413429       0.0000000833036448
     41.4414406       0.0000000829010871
     41.5415421       0.0000000825013937
     41.6416397       0.0000000821046004
     41.7417412       0.0000000817107417
     41.8418427       0.0000000813196273
     41.9419403       0.0000000809313159
     42.0420418       0.0000000805458763
     42.1421432       0.0000000801631235
     42.2422409       0.0000000797830256
     42.3423424       0.0000000794057453
     42.4424438       0.0000000790310392
     42.5425415       0.0000000786590777
     42.6426430       0.0000000782896433
     42.7427444       0.0000000779228200
     42.8428421       0.0000000775586600
     42.9429436       0.0000000771969565
     43.0430412       0.0000000768377359
     43.1431427       0.0000000764811339
     43.2432442       0.0000000761269355
     43.3433418       0.0000000757752510
     43.4434433       0.0000000754259783
     43.5435448       0.0000000750791022
     43.6436424       0.0000000747346380
     43.7437439       0.0000000743924457
     43.8438454       0.0000000740527222
     43.9439430       0.0000000737152535
     44.0440445       0.0000000733801264
     44.1441460       0.0000000730472829
     44.2442436       0.0000000727166345
     44.3443451       0.0000000723882358
     44.4444427       0.0000000720622012
     44.5445442       0.0000000717382299
     44.6446457       0.0000000714163865
     44.7447433       0.0000000710968431
     44.8448448       0.0000000707793848
     44.9449463       0.0000000704639772
     45.0450439       0.0000000701507838
     45.1451454       0.0000000698397118
     45.2452469       0.0000000695305625
     45.3453445       0.0000000692235444
     45.4454460       0.0000000689185636
     45.5455437       0.0000000686155274
     45.6456451       0.0000000683145127
     45.7457466       0.0000000680155442
     45.8458443       0.0000000677184375
     45.9459457       0.0000000674233579
     46.0460472       0.0000000671301553
     46.1461449       0.0000000668388418
     46.2462463       0.0000000665494479
     46.3463478       0.0000000662619283
     46.4464455       0.0000000659762996
     46.5465469       0.0000000656924805
     46.6466484       0.0000000654104779
     46.7467461       0.0000000651303010
     46.8468475       0.0000000648518705
     46.9469452       0.0000000645753411
     47.0470467       0.0000000643005150
     47.1471481       0.0000000640274349
     47.2472458       0.0000000637560616
     47.3473473       0.0000000634864566
     47.4474487       0.0000000632185745
     47.5475464       0.0000000629523309
     47.6476479       0.0000000626878162
     47.7477493       0.0000000624249050
     47.8478470       0.0000000621636767
     47.9479485       0.0000000619040779
     48.0480499       0.0000000616461223
     48.1481476       0.0000000613898197
     48.2482491       0.0000000611350312
     48.3483467       0.0000000608818456
     48.4484482       0.0000000606302585
     48.5485497       0.0000000603802069
     48.6486473       0.0000000601317538
     48.7487488       0.0000000598847778
     48.8488503       0.0000000596393021
     48.9489479       0.0000000593953781
     49.0490494       0.0000000591528917
     49.1491508       0.0000000589118791
     49.2492485       0.0000000586724560
     49.3493500       0.0000000584343848
     49.4494476       0.0000000581978060
     49.5495491       0.0000000579626855
     49.6496506       0.0000000577288351
     49.7497482       0.0000000574965608
     49.8498497       0.0000000572656460
     49.9499512       0.0000000570360825
     50.0500488       0.0000000568079614
     50.1501503       0.0000000565811340
     50.2502518       0.0000000563556935
     50.3503494       0.0000000561316196
     50.4504509       0.0000000559088539
     50.5505524       0.0000000556874445
     50.6506500       0.0000000554672903
     50.7507515       0.0000000552484785
     50.8508492       0.0000000550309903
     50.9509506       0.0000000548147289
     51.0510521       0.0000000545997645
     51.1511497       0.0000000543860636
     51.2512512       0.0000000541735369
     51.3513527       0.0000000539623510
     51.4514503       0.0000000537523753
     51.5515518       0.0000000535436468
     51.6516533       0.0000000533361141
     51.7517509       0.0000000531297744
     51.8518524       0.0000000529246286
     51.9519501       0.0000000527206638
     52.0520515       0.0000000525178493
     52.1521530       0.0000000523162263
     52.2522507       0.0000000521158133
     52.3523521       0.0000000519165414
     52.4524536       0.0000000517183424
     52.5525513       0.0000000515212947
     52.6526527       0.0000000513253980
     52.7527542       0.0000000511306734
     52.8528519       0.0000000509369888
     52.9529533       0.0000000507443571
     53.0530548       0.0000000505529212
     53.1531525       0.0000000503624806
     53.2532539       0.0000000501731443
     53.3533516       0.0000000499849088
     53.4534531       0.0000000497976475
     53.5535545       0.0000000496115016
     53.6536522       0.0000000494263844
     53.7537537       0.0000000492423481
     53.8538551       0.0000000490591975
     53.9539528       0.0000000488772083
     54.0540543       0.0000000486961684
     54.1541557       0.0000000485161734
     54.2542534       0.0000000483371146
     54.3543549       0.0000000481590897
     54.4544525       0.0000000479820585
     54.5545540       0.0000000478059990
     54.6546555       0.0000000476308199
     54.7547531       0.0000000474567336
     54.8548546       0.0000000472835294
     54.9549561       0.0000000471112753
     55.0550537       0.0000000469399330
     55.1551552       0.0000000467695618
     55.2552567       0.0000000466000966
     55.3553543       0.0000000464315892
     55.4554558       0.0000000462639632
     55.5555573       0.0000000460972350
     55.6556549       0.0000000459314363
     55.7557564       0.0000000457665323
     55.8558540       0.0000000456024853
     55.9559555       0.0000000454393524
     56.0560570       0.0000000452770801
     56.1561546       0.0000000451157122
     56.2562561       0.0000000449551276
     56.3563576       0.0000000447953983
     56.4564552       0.0000000446366034
     56.5565567       0.0000000444785501
     56.6566582       0.0000000443214395
     56.7567558       0.0000000441650868
     56.8568573       0.0000000440095576
     56.9569588       0.0000000438548975
     57.0570564       0.0000000437010051
     57.1571579       0.0000000435480095
     57.2572556       0.0000000433956918
     57.3573570       0.0000000432442238
     57.4574585       0.0000000430935581
     57.5575562       0.0000000429436911
     57.6576576       0.0000000427946131
     57.7577591       0.0000000426462661
     57.8578568       0.0000000424986880
     57.9579582       0.0000000423519125
     58.0580597       0.0000000422058881
     58.1581573       0.0000000420606251
     58.2582588       0.0000000419161061
     58.3583565       0.0000000417722796
     58.4584579       0.0000000416292337
     58.5585594       0.0000000414869419
     58.6586571       0.0000000413453309
     58.7587585       0.0000000412044979
     58.8588600       0.0000000410643701
     58.9589577       0.0000000409248831
     59.0590591       0.0000000407862030
     59.1591606       0.0000000406481899
     59.2592583       0.0000000405108764
     59.3593597       0.0000000403742387
     59.4594612       0.0000000402383230
     59.5595589       0.0000000401030605
     59.6596603       0.0000000399685141
     59.7597580       0.0000000398346394
     59.8598595       0.0000000397013934
     59.9599609       0.0000000395688730
     60.0600586       0.0000000394369877
     60.1601601       0.0000000393057530
     60.2602615       0.0000000391751837
     60.3603592       0.0000000390452626
     60.4604607       0.0000000389159736
     60.5605621       0.0000000387873477
     60.6606598       0.0000000386593622
     60.7607613       0.0000000385319694
     60.8608627       0.0000000384052152
     60.9609604       0.0000000382791387
     61.0610619       0.0000000381536117
     61.1611595       0.0000000380287623
     61.2612610       0.0000000379045081
     61.3613625       0.0000000377808641
     61.4614601       0.0000000376577764
     61.5615616       0.0000000375353079
     61.6616631       0.0000000374134734
     61.7617607       0.0000000372922135
     61.8618622       0.0000000371715267
     61.9619637       0.0000000370514317
     62.0620613       0.0000000369319402
     62.1621628       0.0000000368130370
     62.2622604       0.0000000366946130
     62.3623619       0.0000000365768821
     62.4624634       0.0000000364596252
     62.5625610       0.0000000363429818
     62.6626625       0.0000000362268498
     62.7627640       0.0000000361113565
     62.8628616       0.0000000359963321
     62.9629631       0.0000000358819007
     63.0630646       0.0000000357680015
     63.1631622       0.0000000356546709
     63.2632637       0.0000000355418272
     63.3633652       0.0000000354295483
     63.4634628       0.0000000353177916
     63.5635643       0.0000000352065836
     63.6636620       0.0000000350958666
     63.7637634       0.0000000349856838
     63.8638649       0.0000000348760110
     63.9639626       0.0000000347668692
     64.0640640       0.0000000346582749
     64.1641617       0.0000000345501450
     64.2642670       0.0000000344424808
     64.3643646       0.0000000343353796
     64.4644623       0.0000000342287749
     64.5645676       0.0000000341226474
     64.6646652       0.0000000340170045
     64.7647629       0.0000000339118867
     64.8648682       0.0000000338072228
     64.9649658       0.0000000337030646
     65.0650635       0.0000000335993766
     65.1651688       0.0000000334961371
     65.2652664       0.0000000333934130
     65.3653641       0.0000000332911671
     65.4654617       0.0000000331893590
     65.5655670       0.0000000330880283
     65.6656647       0.0000000329871728
     65.7657623       0.0000000328867808
     65.8658676       0.0000000327868032
     65.9659653       0.0000000326873229
     66.0660629       0.0000000325882967
     66.1661682       0.0000000324897145
     66.2662659       0.0000000323915493
     66.3663635       0.0000000322938653
     66.4664688       0.0000000321966198
     66.5665665       0.0000000320997753
     66.6666641       0.0000000320033881
     66.7667694       0.0000000319074416
     66.8668671       0.0000000318119044
     66.9669647       0.0000000317168574
     67.0670700       0.0000000316221688
     67.1671677       0.0000000315279322
     67.2672653       0.0000000314341337
     67.3673706       0.0000000313407087
     67.4674683       0.0000000312477443
     67.5675659       0.0000000311551768
     67.6676712       0.0000000310630179
     67.7677689       0.0000000309712462
     67.8678665       0.0000000308798783
     67.9679642       0.0000000307889489
     68.0680695       0.0000000306983978
     68.1681671       0.0000000306082671
     68.2682648       0.0000000305185211
     68.3683701       0.0000000304291714
     68.4684677       0.0000000303402004
     68.5685654       0.0000000302516196
     68.6686707       0.0000000301634691
     68.7687683       0.0000000300756479
     68.8688660       0.0000000299882393
     68.9689713       0.0000000299011972
     69.0690689       0.0000000298145564
     69.1691666       0.0000000297282616
     69.2692719       0.0000000296423618
     69.3693695       0.0000000295568304
     69.4694672       0.0000000294716532
     69.5695724       0.0000000293868412
     69.6696701       0.0000000293024289
     69.7697678       0.0000000292183691
     69.8698730       0.0000000291346498
     69.9699707       0.0000000290512850
     70.0700684       0.0000000289683439
     70.1701736       0.0000000288856878
     70.2702713       0.0000000288033908
     70.3703690       0.0000000287214619
     70.4704742       0.0000000286398613
     70.5705719       0.0000000285586561
     70.6706696       0.0000000284777549
     70.7707672       0.0000000283972155
     70.8708725       0.0000000283170118
     70.9709702       0.0000000282371426
     71.0710678       0.0000000281576092
     71.1711731       0.0000000280784218
     71.2712708       0.0000000279995567
     71.3713684       0.0000000279210437
     71.4714737       0.0000000278428540
     71.5715714       0.0000000277649866
     71.6716690       0.0000000276874408
     71.7717743       0.0000000276102083
     71.8718719       0.0000000275333022
     71.9719696       0.0000000274567440
     72.0720749       0.0000000273804898
     72.1721725       0.0000000273045488
     72.2722702       0.0000000272289400
     72.3723755       0.0000000271536076
     72.4724731       0.0000000270786230
     72.5725708       0.0000000270039362
     72.6726761       0.0000000269295477
     72.7727737       0.0000000268554619
     72.8728714       0.0000000267817079
     72.9729767       0.0000000267082410
     73.0730743       0.0000000266350833
     73.1731720       0.0000000265622272
     73.2732697       0.0000000264896979
     73.3733749       0.0000000264174052
     73.4734726       0.0000000263454283
     73.5735703       0.0000000262737734
     73.6736755       0.0000000262023808
     73.7737732       0.0000000261312584
     73.8738708       0.0000000260604674
     73.9739761       0.0000000259899668
     74.0740738       0.0000000259197458
     74.1741714       0.0000000258497891
     74.2742767       0.0000000257801182
     74.3743744       0.0000000257107534
     74.4744720       0.0000000256416496
     74.5745773       0.0000000255728224
     74.6746750       0.0000000255042551
     74.7747726       0.0000000254359964
     74.8748779       0.0000000253680141
     74.9749756       0.0000000253002795
     75.0750732       0.0000000252328198
     75.1751785       0.0000000251656379
     75.2752762       0.0000000250987159
     75.3753738       0.0000000250320403
     75.4754791       0.0000000249656808
     75.5755768       0.0000000248995558
     75.6756744       0.0000000248336759
     75.7757721       0.0000000247680879
     75.8758774       0.0000000247027680
     75.9759750       0.0000000246376916
     76.0760727       0.0000000245728700
     76.1761780       0.0000000245082766
     76.2762756       0.0000000244439645
     76.3763733       0.0000000243799073
     76.4764786       0.0000000243160985
     76.5765762       0.0000000242525460
     76.6766739       0.0000000241892189
     76.7767792       0.0000000241261603
     76.8768768       0.0000000240633504
     76.9769745       0.0000000240008003
     77.0770798       0.0000000239384519
     77.1771774       0.0000000238763666
     77.2772751       0.0000000238145449
     77.3773804       0.0000000237529152
     77.4774780       0.0000000236915491
     77.5775757       0.0000000236304093
     77.6776810       0.0000000235695297
     77.7777786       0.0000000235088509
     77.8778763       0.0000000234484449
     77.9779816       0.0000000233882625
     78.0780792       0.0000000233283208
     78.1781769       0.0000000232685881
     78.2782745       0.0000000232090807
     78.3783798       0.0000000231497935
     78.4784775       0.0000000230907427
     78.5785751       0.0000000230319439
     78.6786804       0.0000000229733622
     78.7787781       0.0000000229149914
     78.8788757       0.0000000228568429
     78.9789810       0.0000000227989069
     79.0790787       0.0000000227411994
     79.1791763       0.0000000226837136
     79.2792816       0.0000000226264469
     79.3793793       0.0000000225693929
     79.4794769       0.0000000225125564
     79.5795822       0.0000000224559325
     79.6796799       0.0000000223995012
     79.7797775       0.0000000223433181
     79.8798828       0.0000000222873291
     79.9799805       0.0000000222315378
     80.0800781       0.0000000221759727
     80.1801834       0.0000000221206050
     80.2802811       0.0000000220654574
     80.3803787       0.0000000220105192
     80.4804840       0.0000000219557693
     80.5805817       0.0000000219012395
     80.6806793       0.0000000218469250
     80.7807770       0.0000000217927810
     80.8808823       0.0000000217388517
     80.9809799       0.0000000216851097
     81.0810776       0.0000000216315648
     81.1811829       0.0000000215782481
     81.2812805       0.0000000215251093
     81.3813782       0.0000000214721605
     81.4814835       0.0000000214194215
     81.5815811       0.0000000213668724
     81.6816788       0.0000000213145040
     81.7817841       0.0000000212623281
     81.8818817       0.0000000212103431
     81.9819794       0.0000000211585622
     82.0820847       0.0000000211069863
     82.1821823       0.0000000210555770
     82.2822800       0.0000000210043508
     82.3823853       0.0000000209533191
     82.4824829       0.0000000209024700
     82.5825806       0.0000000208518023
     82.6826859       0.0000000208013292
     82.7827835       0.0000000207510410
     82.8828812       0.0000000207009272
     82.9829865       0.0000000206510001
     83.0830841       0.0000000206012477
     83.1831818       0.0000000205516639
     83.2832794       0.0000000205022636
     83.3833847       0.0000000204530530
     83.4834824       0.0000000204040271
     83.5835800       0.0000000203551456
     83.6836853       0.0000000203064883
     83.7837830       0.0000000202579558
     83.8838806       0.0000000202096308
     83.9839859       0.0000000201614651
     84.0840836       0.0000000201134527
     84.1841812       0.0000000200656455
     84.2842865       0.0000000200180042
     84.3843842       0.0000000199705147
     84.4844818       0.0000000199231891
     84.5845871       0.0000000198760532
     84.6846848       0.0000000198290802
     84.7847824       0.0000000197822649
     84.8848877       0.0000000197356014
     84.9849854       0.0000000196891277
     85.0850830       0.0000000196428070
     85.1851883       0.0000000195966541
     85.2852859       0.0000000195506699
     85.3853836       0.0000000195048317
     85.4854889       0.0000000194591745
     85.5855865       0.0000000194136583
     85.6856842       0.0000000193683331
     85.7857895       0.0000000193231316
     85.8858871       0.0000000192780886
     85.9859848       0.0000000192332141
     86.0860825       0.0000000191884874
     86.1861877       0.0000000191439336
     86.2862854       0.0000000190995367
     86.3863831       0.0000000190552761
     86.4864883       0.0000000190111539
     86.5865860       0.0000000189672199
     86.6866837       0.0000000189234381
     86.7867889       0.0000000188797833
     86.8868866       0.0000000188362903
     86.9869843       0.0000000187929498
     87.0870895       0.0000000187497585
     87.1871872       0.0000000187066917
     87.2872849       0.0000000186637994
     87.3873901       0.0000000186210511
     87.4874878       0.0000000185784751
     87.5875854       0.0000000185359992
     87.6876907       0.0000000184937080
     87.7877884       0.0000000184515322
     87.8878860       0.0000000184095181
     87.9879913       0.0000000183676330
     88.0880890       0.0000000183258801
     88.1881866       0.0000000182842935
     88.2882919       0.0000000182428575
     88.3883896       0.0000000182015454
     88.4884872       0.0000000181603640
     88.5885849       0.0000000181193306
     88.6886902       0.0000000180784463
     88.7887878       0.0000000180376932
     88.8888855       0.0000000179970764
     88.9889908       0.0000000179565866
     89.0890884       0.0000000179162454
     89.1891861       0.0000000178760473
     89.2892914       0.0000000178359567
     89.3893890       0.0000000177960322
     89.4894867       0.0000000177562226
     89.5895920       0.0000000177165685
     89.6896896       0.0000000176770352
     89.7897873       0.0000000176376244
     89.8898926       0.0000000175983626
     89.9899902       0.0000000175592139
     90.0900879       0.0000000175201984
     90.1901932       0.0000000174813180
     90.2902908       0.0000000174425552
     90.3903885       0.0000000174039265
     90.4904938       0.0000000173654413
     90.5905914       0.0000000173270726
     90.6906891       0.0000000172888276
     90.7907944       0.0000000172507063
     90.8908920       0.0000000172127161
     90.9909897       0.0000000171748518
     91.0910873       0.0000000171371275
     91.1911926       0.0000000170995091
     91.2912903       0.0000000170620159
     91.3913879       0.0000000170246496
     91.4914932       0.0000000169873910
     91.5915909       0.0000000169502675
     91.6916885       0.0000000169132839
     91.7917938       0.0000000168763839
     91.8918915       0.0000000168396415
     91.9919891       0.0000000168029965
     92.0920944       0.0000000167664728
     92.1921921       0.0000000167300730
     92.2922897       0.0000000166937921
     92.3923950       0.0000000166576288
     92.4924927       0.0000000166215813
     92.5925903       0.0000000165856513
     92.6926956       0.0000000165498373
     92.7927933       0.0000000165141407
     92.8928909       0.0000000164785553
     92.9929962       0.0000000164430874
     93.0930939       0.0000000164077354
     93.1931915       0.0000000163724978
     93.2932968       0.0000000163373573
     93.3933945       0.0000000163023500
     93.4934921       0.0000000162674507
     93.5935898       0.0000000162326674
     93.6936951       0.0000000161979921
     93.7937927       0.0000000161634235
     93.8938904       0.0000000161289636
     93.9939957       0.0000000160946188
     94.0940933       0.0000000160603900
     94.1941910       0.0000000160262524
     94.2942963       0.0000000159922275
     94.3943939       0.0000000159583230
     94.4944916       0.0000000159245129
     94.5945969       0.0000000158908214
     94.6946945       0.0000000158572456
     94.7947922       0.0000000158237492
     94.8948975       0.0000000157903757
     94.9949951       0.0000000157571066
     95.0950928       0.0000000157239612
     95.1951981       0.0000000156908817
     95.2952957       0.0000000156579328
     95.3953934       0.0000000156250829
     95.4954987       0.0000000155923361
     95.5955963       0.0000000155596782
     95.6956940       0.0000000155271462
     95.7957993       0.0000000154946963
     95.8958969       0.0000000154623631
     95.9959946       0.0000000154301080
     96.0960999       0.0000000153979637
     96.1961975       0.0000000153659424
     96.2962952       0.0000000153340045
     96.3963928       0.0000000153021595
     96.4964981       0.0000000152704175
     96.5965958       0.0000000152387804
     96.6966934       0.0000000152072380
     96.7967987       0.0000000151757864
     96.8968964       0.0000000151444336
     96.9969940       0.0000000151131795
     97.0970993       0.0000000150820354
     97.1971970       0.0000000150509716
     97.2972946       0.0000000150200043
     97.3973999       0.0000000149891342
     97.4974976       0.0000000149583803
     97.5975952       0.0000000149276911
     97.6977005       0.0000000148971046
     97.7977982       0.0000000148666122
     97.8978958       0.0000000148362288
     97.9980011       0.0000000148059229
     98.0980988       0.0000000147757110
     98.1981964       0.0000000147455962
     98.2983017       0.0000000147155677
     98.3983994       0.0000000146856333
     98.4984970       0.0000000146557889
     98.5986023       0.0000000146260487
     98.6987000       0.0000000145963886
     98.7987976       0.0000000145668153
     98.8988953       0.0000000145373339
     98.9990005       0.0000000145079610
     99.0990982       0.0000000144786566
     99.1991959       0.0000000144494284
     99.2993011       0.0000000144203134
     99.3993988       0.0000000143912778
     99.4994965       0.0000000143623276
     99.5996017       0.0000000143334621
     99.6996994       0.0000000143046714
     99.7997971       0.0000000142759983
     99.8999023       0.0000000142473785
    100.0000000       0.0000000142188626
