# x		H(x,a)
      0.0000000       1.0000000000000000
      0.1001001       0.9900299906730652
      0.2002002       0.9607124924659729
      0.3003003       0.9137664437294006
      0.4004004       0.8518707156181335
      0.5005005       0.7784109115600586
      0.6006006       0.6971734166145325
      0.7007007       0.6120254397392273
      0.8008008       0.5266169309616089
      0.9009009       0.4441368877887726
      1.0010010       0.3671629736219953
      1.1011012       0.2975309970352538
      1.2012012       0.2363326613149647
      1.3013012       0.1840049687508729
      1.4014014       0.1404269603846496
      1.5015016       0.1050489575918854
      1.6016016       0.0770304380452997
      1.7017016       0.0553702005815307
      1.8018018       0.0390169490119884
      1.9019020       0.0269541116221547
      2.0020020       0.0182573614823216
      2.1021020       0.0121272719608820
      2.2022023       0.0079015212401617
      2.3023024       0.0050519322354185
      2.4024024       0.0031716451290966
      2.5025024       0.0019572654264223
      2.6026025       0.0011893351749191
      2.7027028       0.0007136510179165
      2.8028028       0.0004248417200727
      2.9029028       0.0002528106621101
      3.0030031       0.0001521310675386
      3.1031032       0.0000941020364873
      3.2032032       0.0000610329708859
      3.3033032       0.0000422801572919
      3.4034033       0.0000315886658890
      3.5035036       0.0000253652380558
      3.6036036       0.0000215902472333
      3.7037036       0.0000191513501743
      3.8038039       0.0000174470130376
      3.9039040       0.0000161566103645
      4.0040040       0.0000151107329505
      4.1041040       0.0000142197832392
      4.2042041       0.0000134355824831
      4.3043041       0.0000127311997797
      4.4044046       0.0000120906533681
      4.5045047       0.0000115035746030
      4.6046047       0.0000109626586795
      4.7047048       0.0000104623320161
      4.8048048       0.0000099981127165
      4.9049048       0.0000095662505787
      5.0050049       0.0000091635318071
      5.1051049       0.0000087871751153
      5.2052050       0.0000084347562606
      5.3053055       0.0000081041403122
      5.4054055       0.0000077934318910
      5.5055056       0.0000075009684741
      5.6056056       0.0000072252659313
      5.7057056       0.0000069649627147
      5.8058057       0.0000067188947717
      5.9059057       0.0000064859815169
      6.0060062       0.0000062652423182
      6.1061063       0.0000060558287876
      6.2062063       0.0000058569346104
      6.3063064       0.0000056678394842
      6.4064064       0.0000054878854353
      6.5065064       0.0000053164768948
      6.6066065       0.0000051530637479
      6.7067065       0.0000049971442083
      6.8068066       0.0000048482566320
      6.9069071       0.0000047059668479
      7.0070071       0.0000045698891133
      7.1071072       0.0000044396676293
      7.2072072       0.0000043149559792
      7.3073072       0.0000041954383363
      7.4074073       0.0000040808433912
      7.5075073       0.0000039708834434
      7.6076078       0.0000038653211744
      7.7077079       0.0000037639174759
      7.8078079       0.0000036664571684
      7.9079080       0.0000035727345935
      8.0080080       0.0000034825615858
      8.1081085       0.0000033957634839
      8.2082081       0.0000033121673887
      8.3083086       0.0000032316205975
      8.4084082       0.0000031539757772
      8.5085087       0.0000030790904276
      8.6086082       0.0000030068446678
      8.7087088       0.0000029371071910
      8.8088093       0.0000028697653964
      8.9089088       0.0000028047113943
      9.0090094       0.0000027418413062
      9.1091089       0.0000026810620852
      9.2092094       0.0000026222775449
      9.3093090       0.0000025654019393
      9.4094095       0.0000025103560542
      9.5095091       0.0000024570615765
      9.6096096       0.0000024054468587
      9.7097101       0.0000023554378550
      9.8098097       0.0000023069701520
      9.9099102       0.0000022599848961
     10.0100098       0.0000022144151112
     10.1101103       0.0000021702076631
     10.2102098       0.0000021273139319
     10.3103104       0.0000020856763127
     10.4104099       0.0000020452506878
     10.5105104       0.0000020059854360
     10.6106110       0.0000019678419232
     10.7107105       0.0000019307740200
     10.8108110       0.0000018947415289
     10.9109106       0.0000018597084400
     11.0110111       0.0000018256384578
     11.1111107       0.0000017924954206
     11.2112112       0.0000017602469830
     11.3113117       0.0000017288613285
     11.4114113       0.0000016983073133
     11.5115118       0.0000016685549862
     11.6116114       0.0000016395760917
     11.7117119       0.0000016113481134
     11.8118114       0.0000015838420808
     11.9119120       0.0000015570336342
     12.0120125       0.0000015309012299
     12.1121120       0.0000015054192239
     12.2122126       0.0000014805713717
     12.3123121       0.0000014563321471
     12.4124126       0.0000014326829585
     12.5125122       0.0000014096061375
     12.6126127       0.0000013870820319
     12.7127123       0.0000013650940633
     12.8128128       0.0000013436257089
     12.9129133       0.0000013226591444
     13.0130129       0.0000013021797728
     13.1131134       0.0000012821712149
     13.2132130       0.0000012626216557
     13.3133135       0.0000012435156499
     13.4134130       0.0000012248429358
     13.5135136       0.0000012065844306
     13.6136131       0.0000011887326897
     13.7137136       0.0000011712750766
     13.8138142       0.0000011541991747
     13.9139137       0.0000011374923242
     14.0140142       0.0000011211479579
     14.1141138       0.0000011051540949
     14.2142143       0.0000010894991030
     14.3143139       0.0000010741740347
     14.4144144       0.0000010591708939
     14.5145149       0.0000010444807522
     14.6146145       0.0000010300940004
     14.7147150       0.0000010160033683
     14.8148146       0.0000010021992937
     14.9149151       0.0000009886740927
     15.0150146       0.0000009754233522
     15.1151152       0.0000009624345894
     15.2152157       0.0000009497058989
     15.3153152       0.0000009372278312
     15.4154158       0.0000009249940149
     15.5155153       0.0000009129985534
     15.6156158       0.0000009012346780
     15.7157154       0.0000008896983698
     15.8158159       0.0000008783814764
     15.9159155       0.0000008672789637
     16.0160160       0.0000008563858912
     16.1161156       0.0000008456978431
     16.2162170       0.0000008352081477
     16.3163166       0.0000008249128810
     16.4164162       0.0000008148059625
     16.5165157       0.0000008048855518
     16.6166172       0.0000007951441619
     16.7167168       0.0000007855789140
     16.8168163       0.0000007761860290
     16.9169178       0.0000007669604913
     17.0170174       0.0000007578986112
     17.1171169       0.0000007489962917
     17.2172165       0.0000007402506276
     17.3173180       0.0000007316563839
     17.4174175       0.0000007232121142
     17.5175171       0.0000007149135100
     17.6176186       0.0000007067559142
     17.7177181       0.0000006987383063
     17.8178177       0.0000006908565141
     17.9179173       0.0000006831068214
     18.0180187       0.0000006754869293
     18.1181183       0.0000006679948173
     18.2182178       0.0000006606263137
     18.3183174       0.0000006533798015
     18.4184189       0.0000006462510953
     18.5185184       0.0000006392384492
     18.6186180       0.0000006323398146
     18.7187195       0.0000006255532283
     18.8188190       0.0000006188743093
     18.9189186       0.0000006123021417
     19.0190182       0.0000006058339499
     19.1191196       0.0000005994684786
     19.2192192       0.0000005932027997
     19.3193188       0.0000005870344563
     19.4194202       0.0000005809624738
     19.5195198       0.0000005749844621
     19.6196194       0.0000005690981691
     19.7197189       0.0000005633012665
     19.8198204       0.0000005575928672
     19.9199200       0.0000005519717207
     20.0200195       0.0000005464344681
     20.1201210       0.0000005409798480
     20.2202206       0.0000005356074270
     20.3203201       0.0000005303142446
     20.4204197       0.0000005250994756
     20.5205212       0.0000005199613705
     20.6206207       0.0000005148978914
     20.7207203       0.0000005099086949
     20.8208199       0.0000005049912564
     20.9209213       0.0000005001453820
     21.0210209       0.0000004953687447
     21.1211205       0.0000004906597954
     21.2212219       0.0000004860178896
     21.3213215       0.0000004814418211
     21.4214211       0.0000004769299482
     21.5215206       0.0000004724819824
     21.6216221       0.0000004680953629
     21.7217216       0.0000004637699590
     21.8218212       0.0000004595034183
     21.9219227       0.0000004552962238
     22.0220222       0.0000004511470036
     22.1221218       0.0000004470536182
     22.2222214       0.0000004430162944
     22.3223228       0.0000004390331781
     22.4224224       0.0000004351032897
     22.5225220       0.0000004312264693
     22.6226234       0.0000004274011385
     22.7227230       0.0000004236264240
     22.8228226       0.0000004199017842
     22.9229221       0.0000004162258667
     23.0230236       0.0000004125980639
     23.1231232       0.0000004090179336
     23.2232227       0.0000004054840203
     23.3233242       0.0000004019953354
     23.4234238       0.0000003985517186
     23.5235233       0.0000003951527260
     23.6236229       0.0000003917965493
     23.7237244       0.0000003884834396
     23.8238239       0.0000003852118478
     23.9239235       0.0000003819815536
     24.0240250       0.0000003787913469
     24.1241245       0.0000003756417454
     24.2242241       0.0000003725306309
     24.3243237       0.0000003694583703
     24.4244251       0.0000003664237156
     24.5245247       0.0000003634268011
     24.6246243       0.0000003604664565
     24.7247238       0.0000003575418266
     24.8248253       0.0000003546531746
     24.9249249       0.0000003517988379
     25.0250244       0.0000003489791959
     25.1251259       0.0000003461932846
     25.2252254       0.0000003434408546
     25.3253250       0.0000003407210854
     25.4254246       0.0000003380330152
     25.5255260       0.0000003353772065
     25.6256256       0.0000003327522899
     25.7257252       0.0000003301582527
     25.8258266       0.0000003275945406
     25.9259262       0.0000003250605426
     26.0260258       0.0000003225556480
     26.1261253       0.0000003200800714
     26.2262268       0.0000003176325571
     26.3263264       0.0000003152129088
     26.4264259       0.0000003128210541
     26.5265274       0.0000003104559782
     26.6266270       0.0000003081182635
     26.7267265       0.0000003058066241
     26.8268261       0.0000003035209029
     26.9269276       0.0000003012607963
     27.0270271       0.0000002990256263
     27.1271267       0.0000002968154900
     27.2272263       0.0000002946297268
     27.3273277       0.0000002924680559
     27.4274273       0.0000002903302675
     27.5275269       0.0000002882156215
     27.6276283       0.0000002861239229
     27.7277279       0.0000002840552181
     27.8278275       0.0000002820087257
     27.9279270       0.0000002799842148
     28.0280285       0.0000002779816888
     28.1281281       0.0000002760002008
     28.2282276       0.0000002740404429
     28.3283291       0.0000002721008352
     28.4284286       0.0000002701822915
     28.5285282       0.0000002682836410
     28.6286278       0.0000002664051645
     28.7287292       0.0000002645461918
     28.8288288       0.0000002627067145
     28.9289284       0.0000002608864166
     29.0290298       0.0000002590848380
     29.1291294       0.0000002573019928
     29.2292290       0.0000002555374829
     29.3293285       0.0000002537912751
     29.4294300       0.0000002520627314
     29.5295296       0.0000002503516814
     29.6296291       0.0000002486581036
     29.7297306       0.0000002469816742
     29.8298302       0.0000002453219939
     29.9299297       0.0000002436792276
     30.0300293       0.0000002420530485
     30.1301308       0.0000002404425423
     30.2302303       0.0000002388486433
     30.3303299       0.0000002372702491
     30.4304314       0.0000002357076746
     30.5305309       0.0000002341603511
     30.6306305       0.0000002326281595
     30.7307301       0.0000002311112124
     30.8308315       0.0000002296088609
     30.9309311       0.0000002281211291
     31.0310307       0.0000002266479778
     31.1311302       0.0000002251888745
     31.2312317       0.0000002237439118
     31.3313313       0.0000002223129373
     31.4314308       0.0000002208954052
     31.5315323       0.0000002194915036
     31.6316319       0.0000002181010504
     31.7317314       0.0000002167235604
     31.8318310       0.0000002153593950
     31.9319324       0.0000002140076188
     32.0320320       0.0000002126688843
     32.1321335       0.0000002113429329
     32.2322311       0.0000002100288908
     32.3323326       0.0000002087273000
     32.4324341       0.0000002074375856
     32.5325317       0.0000002061600350
     32.6326332       0.0000002048941557
     32.7327309       0.0000002036397581
     32.8328323       0.0000002023969728
     32.9329338       0.0000002011655092
     33.0330315       0.0000001999452631
     33.1331329       0.0000001987361392
     33.2332344       0.0000001975382099
     33.3333321       0.0000001963508074
     33.4334335       0.0000001951740284
     33.5335350       0.0000001940079068
     33.6336327       0.0000001928520831
     33.7337341       0.0000001917066181
     33.8338356       0.0000001905715009
     33.9339333       0.0000001894462559
     34.0340347       0.0000001883309674
     34.1341324       0.0000001872258506
     34.2342339       0.0000001861300097
     34.3343353       0.0000001850437158
     34.4344330       0.0000001839672326
     34.5345345       0.0000001828999795
     34.6346359       0.0000001818419287
     34.7347336       0.0000001807933081
     34.8348351       0.0000001797534384
     34.9349365       0.0000001787226367
     35.0350342       0.0000001777006806
     35.1351357       0.0000001766874669
     35.2352371       0.0000001756827376
     35.3353348       0.0000001746867908
     35.4354362       0.0000001736992245
     35.5355339       0.0000001727200773
     35.6356354       0.0000001717489651
     35.7357368       0.0000001707863525
     35.8358345       0.0000001698316731
     35.9359360       0.0000001688848963
     36.0360374       0.0000001679460253
     36.1361351       0.0000001670149991
     36.2362366       0.0000001660918139
     36.3363380       0.0000001651760730
     36.4364357       0.0000001642679386
     36.5365372       0.0000001633672767
     36.6366348       0.0000001624740532
     36.7367363       0.0000001615882433
     36.8368378       0.0000001607095340
     36.9369354       0.0000001598380107
     37.0370369       0.0000001589733886
     37.1371384       0.0000001581160367
     37.2372360       0.0000001572655827
     37.3373375       0.0000001564216745
     37.4374390       0.0000001555848366
     37.5375366       0.0000001547546653
     37.6376381       0.0000001539309533
     37.7377396       0.0000001531138899
     37.8378372       0.0000001523036224
     37.9379387       0.0000001514992835
     38.0380363       0.0000001507015965
     38.1381378       0.0000001499101317
     38.2382393       0.0000001491248443
     38.3383369       0.0000001483457725
     38.4384384       0.0000001475728857
     38.5385399       0.0000001468059008
     38.6386375       0.0000001460447885
     38.7387390       0.0000001452898294
     38.8388405       0.0000001445404660
     38.9389381       0.0000001437969703
     39.0390396       0.0000001430592670
     39.1391373       0.0000001423270929
     39.2392387       0.0000001416007758
     39.3393402       0.0000001408798764
     39.4394379       0.0000001401644001
     39.5395393       0.0000001394543550
     39.6396408       0.0000001387497229
     39.7397385       0.0000001380503630
     39.8398399       0.0000001373565930
     39.9399414       0.0000001366677090
     40.0400391       0.0000001359841885
     40.1401405       0.0000001353055643
     40.2402420       0.0000001346322376
     40.3403397       0.0000001339638350
     40.4404411       0.0000001333003230
     40.5405388       0.0000001326418379
     40.6406403       0.0000001319881671
     40.7407417       0.0000001313393758
     40.8408394       0.0000001306954194
     40.9409409       0.0000001300560940
     41.0410423       0.0000001294214226
     41.1411400       0.0000001287914657
     41.2412415       0.0000001281659344
     41.3413429       0.0000001275451682
     41.4414406       0.0000001269288136
     41.5415421       0.0000001263168431
     41.6416397       0.0000001257093235
     41.7417412       0.0000001251062848
     41.8418427       0.0000001245074510
     41.9419403       0.0000001239129099
     42.0420418       0.0000001233227713
     42.1421432       0.0000001227367528
     42.2422409       0.0000001221547929
     42.3423424       0.0000001215771338
     42.4424438       0.0000001210034436
     42.5425415       0.0000001204339231
     42.6426430       0.0000001198682961
     42.7427444       0.0000001193066521
     42.8428421       0.0000001187490947
     42.9429436       0.0000001181952955
     43.0430412       0.0000001176453017
     43.1431427       0.0000001170993098
     43.2432442       0.0000001165569938
     43.3433418       0.0000001160185426
     43.4434433       0.0000001154837628
     43.5435448       0.0000001149526697
     43.6436424       0.0000001144252682
     43.7437439       0.0000001139013390
     43.8438454       0.0000001133811997
     43.9439430       0.0000001128645101
     44.0440445       0.0000001123514018
     44.1441460       0.0000001118417794
     44.2442436       0.0000001113355213
     44.3443451       0.0000001108327246
     44.4444427       0.0000001103335230
     44.5445442       0.0000001098375017
     44.6446457       0.0000001093447442
     44.7447433       0.0000001088554893
     44.8448448       0.0000001083694245
     44.9449463       0.0000001078865077
     45.0450439       0.0000001074069853
     45.1451454       0.0000001069307046
     45.2452469       0.0000001064573584
     45.3453445       0.0000001059873070
     45.4454460       0.0000001055203544
     45.5455437       0.0000001050563744
     45.6456451       0.0000001045954956
     45.7457466       0.0000001041377426
     45.8458443       0.0000001036828533
     45.9459457       0.0000001032310594
     46.0460472       0.0000001027821311
     46.1461449       0.0000001023361130
     46.2462463       0.0000001018930236
     46.3463478       0.0000001014528074
     46.4464455       0.0000001010154894
     46.5465469       0.0000001005809342
     46.6466484       0.0000001001491614
     46.7467461       0.0000000997201953
     46.8468475       0.0000000992938900
     46.9469452       0.0000000988704979
     47.0470467       0.0000000984497115
     47.1471481       0.0000000980315986
     47.2472458       0.0000000976161038
     47.3473473       0.0000000972033088
     47.4474487       0.0000000967931600
     47.5475464       0.0000000963855226
     47.6476479       0.0000000959805290
     47.7477493       0.0000000955779914
     47.8478470       0.0000000951780214
     47.9479485       0.0000000947805574
     48.0480499       0.0000000943856048
     48.1481476       0.0000000939931851
     48.2482491       0.0000000936030800
     48.3483467       0.0000000932154196
     48.4484482       0.0000000928302293
     48.5485497       0.0000000924473844
     48.6486473       0.0000000920669721
     48.7487488       0.0000000916888357
     48.8488503       0.0000000913129828
     48.9489479       0.0000000909395203
     49.0490494       0.0000000905682494
     49.1491508       0.0000000901992381
     49.2492485       0.0000000898326608
     49.3493500       0.0000000894681513
     49.4494476       0.0000000891059340
     49.5495491       0.0000000887459450
     49.6496506       0.0000000883878932
     49.7497482       0.0000000880322532
     49.8498497       0.0000000876787012
     49.9499512       0.0000000873272334
     50.0500488       0.0000000869779556
     50.1501503       0.0000000866306715
     50.2502518       0.0000000862854933
     50.3503494       0.0000000859424210
     50.4504509       0.0000000856013408
     50.5505524       0.0000000852623457
     50.6506500       0.0000000849252680
     50.7507515       0.0000000845902552
     50.8508492       0.0000000842572556
     50.9509506       0.0000000839261473
     51.0510521       0.0000000835970132
     51.1511497       0.0000000832698168
     51.2512512       0.0000000829444228
     51.3513527       0.0000000826210804
     51.4514503       0.0000000822995858
     51.5515518       0.0000000819800093
     51.6516533       0.0000000816622536
     51.7517509       0.0000000813463330
     51.8518524       0.0000000810322406
     51.9519501       0.0000000807199467
     52.0520515       0.0000000804094116
     52.1521530       0.0000000801007220
     52.2522507       0.0000000797938635
     52.3523521       0.0000000794887664
     52.4524536       0.0000000791853043
     52.5525513       0.0000000788836032
     52.6526527       0.0000000785836743
     52.7527542       0.0000000782855315
     52.8528519       0.0000000779889883
     52.9529533       0.0000000776940461
     53.0530548       0.0000000774009473
     53.1531525       0.0000000771093648
     53.2532539       0.0000000768194750
     53.3533516       0.0000000765312607
     53.4534531       0.0000000762445517
     53.5535545       0.0000000759595534
     53.6536522       0.0000000756761157
     53.7537537       0.0000000753943459
     53.8538551       0.0000000751139220
     53.9539528       0.0000000748352762
     54.0540543       0.0000000745580920
     54.1541557       0.0000000742825021
     54.2542534       0.0000000740083518
     54.3543549       0.0000000737357754
     54.4544525       0.0000000734647267
     54.5545540       0.0000000731951620
     54.6546555       0.0000000729269541
     54.7547531       0.0000000726604119
     54.8548546       0.0000000723952203
     54.9549561       0.0000000721314866
     55.0550537       0.0000000718691440
     55.1551552       0.0000000716082888
     55.2552567       0.0000000713488263
     55.3553543       0.0000000710908166
     55.4554558       0.0000000708341749
     55.5555573       0.0000000705788995
     55.6556549       0.0000000703250437
     55.7557564       0.0000000700725611
     55.8558540       0.0000000698213891
     55.9559555       0.0000000695716285
     56.0560570       0.0000000693231705
     56.1561546       0.0000000690760944
     56.2562561       0.0000000688302366
     56.3563576       0.0000000685856702
     56.4564552       0.0000000683425408
     56.5565567       0.0000000681005532
     56.6566582       0.0000000678600032
     56.7567558       0.0000000676206120
     56.8568573       0.0000000673824811
     56.9569588       0.0000000671456894
     57.0570564       0.0000000669100532
     57.1571579       0.0000000666758062
     57.2572556       0.0000000664425915
     57.3573570       0.0000000662106876
     57.4574585       0.0000000659800027
     57.5575562       0.0000000657505470
     57.6576576       0.0000000655222940
     57.7577591       0.0000000652951636
     57.8578568       0.0000000650692052
     57.9579582       0.0000000648444785
     58.0580597       0.0000000646209088
     58.1581573       0.0000000643984937
     58.2582588       0.0000000641772255
     58.3583565       0.0000000639570100
     58.4584579       0.0000000637379945
     58.5585594       0.0000000635201356
     58.6586571       0.0000000633033180
     58.7587585       0.0000000630876926
     58.8588600       0.0000000628731444
     58.9589577       0.0000000626595799
     59.0590591       0.0000000624472459
     59.1591606       0.0000000622359347
     59.2592583       0.0000000620256954
     59.3593597       0.0000000618164854
     59.4594612       0.0000000616083981
     59.5595589       0.0000000614012937
     59.6596603       0.0000000611952913
     59.7597580       0.0000000609903178
     59.8598595       0.0000000607863031
     59.9599609       0.0000000605834067
     60.0600586       0.0000000603814756
     60.1601601       0.0000000601805469
     60.2602615       0.0000000599806304
     60.3603592       0.0000000597817189
     60.4604607       0.0000000595837563
     60.5605621       0.0000000593868124
     60.6606598       0.0000000591908557
     60.7607613       0.0000000589958165
     60.8608627       0.0000000588017364
     60.9609604       0.0000000586087123
     61.0610619       0.0000000584165162
     61.1611595       0.0000000582253632
     61.2612610       0.0000000580351163
     61.3613625       0.0000000578458098
     61.4614601       0.0000000576573546
     61.5615616       0.0000000574698367
     61.6616631       0.0000000572833019
     61.7617607       0.0000000570976394
     61.8618622       0.0000000569128562
     61.9619637       0.0000000567289764
     62.0620613       0.0000000565460271
     62.1621628       0.0000000563639797
     62.2622604       0.0000000561826649
     62.3623619       0.0000000560023982
     62.4624634       0.0000000558228787
     62.5625610       0.0000000556442822
     62.6626625       0.0000000554664766
     62.7627640       0.0000000552896467
     62.8628616       0.0000000551135347
     62.9629631       0.0000000549383340
     63.0630646       0.0000000547639388
     63.1631622       0.0000000545904173
     63.2632637       0.0000000544176495
     63.3633652       0.0000000542457346
     63.4634628       0.0000000540746290
     63.5635643       0.0000000539043565
     63.6636620       0.0000000537348457
     63.7637634       0.0000000535661398
     63.8638649       0.0000000533982188
     63.9639626       0.0000000532311150
     64.0640640       0.0000000530648538
     64.1641617       0.0000000528992891
     64.2642670       0.0000000527344533
     64.3643646       0.0000000525704665
     64.4644623       0.0000000524072495
     64.5645676       0.0000000522447586
     64.6646652       0.0000000520830096
     64.7647629       0.0000000519220650
     64.8648682       0.0000000517618157
     64.9649658       0.0000000516023395
     65.0650635       0.0000000514435807
     65.1651688       0.0000000512855143
     65.2652664       0.0000000511282393
     65.3653641       0.0000000509716907
     65.4654617       0.0000000508158167
     65.5655670       0.0000000506606686
     65.6656647       0.0000000505062473
     65.7657623       0.0000000503525368
     65.8658676       0.0000000501994641
     65.9659653       0.0000000500471509
     66.0660629       0.0000000498955360
     66.1661682       0.0000000497445947
     66.2662659       0.0000000495942932
     66.3663635       0.0000000494447336
     66.4664688       0.0000000492958411
     66.5665665       0.0000000491475612
     66.6666641       0.0000000489999849
     66.7667694       0.0000000488530841
     66.8668671       0.0000000487068072
     66.9669647       0.0000000485612816
     67.0670700       0.0000000484163088
     67.1671677       0.0000000482720207
     67.2672653       0.0000000481284075
     67.3673706       0.0000000479853660
     67.4674683       0.0000000478430320
     67.5675659       0.0000000477013021
     67.6676712       0.0000000475601961
     67.7677689       0.0000000474196871
     67.8678665       0.0000000472797996
     67.9679642       0.0000000471405752
     68.0680695       0.0000000470019335
     68.1681671       0.0000000468639353
     68.2682648       0.0000000467265293
     68.3683701       0.0000000465897256
     68.4684677       0.0000000464534988
     68.5685654       0.0000000463178776
     68.6686707       0.0000000461829064
     68.7687683       0.0000000460484459
     68.8688660       0.0000000459146194
     68.9689713       0.0000000457813452
     69.0690689       0.0000000456486891
     69.1691666       0.0000000455165667
     69.2692719       0.0000000453850470
     69.3693695       0.0000000452540919
     69.4694672       0.0000000451236771
     69.5695724       0.0000000449938212
     69.6696701       0.0000000448645858
     69.7697678       0.0000000447358787
     69.8698730       0.0000000446076960
     69.9699707       0.0000000444800541
     70.0700684       0.0000000443530684
     70.1701736       0.0000000442265160
     70.2702713       0.0000000441005101
     70.3703690       0.0000000439750692
     70.4704742       0.0000000438501344
     70.5705719       0.0000000437258032
     70.6706696       0.0000000436019364
     70.7707672       0.0000000434786217
     70.8708725       0.0000000433558217
     70.9709702       0.0000000432335323
     71.0710678       0.0000000431117640
     71.1711731       0.0000000429905164
     71.2712708       0.0000000428697692
     71.3713684       0.0000000427495584
     71.4714737       0.0000000426298434
     71.5715714       0.0000000425106207
     71.6716690       0.0000000423918946
     71.7717743       0.0000000422736411
     71.8718719       0.0000000421558942
     71.9719696       0.0000000420386750
     72.0720749       0.0000000419219252
     72.1721725       0.0000000418056496
     72.2722702       0.0000000416898887
     72.3723755       0.0000000415745520
     72.4724731       0.0000000414597363
     72.5725708       0.0000000413453874
     72.6726761       0.0000000412314920
     72.7727737       0.0000000411180643
     72.8728714       0.0000000410051383
     72.9729767       0.0000000408926518
     73.0730743       0.0000000407806402
     73.1731720       0.0000000406690966
     73.2732697       0.0000000405580423
     73.3733749       0.0000000404473570
     73.4734726       0.0000000403371568
     73.5735703       0.0000000402274450
     73.6736755       0.0000000401181383
     73.7737732       0.0000000400092433
     73.8738708       0.0000000399008558
     73.9739761       0.0000000397929122
     74.0740738       0.0000000396853993
     74.1741714       0.0000000395782891
     74.2742767       0.0000000394716166
     74.3743744       0.0000000393654129
     74.4744720       0.0000000392596067
     74.5745773       0.0000000391542278
     74.6746750       0.0000000390492459
     74.7747726       0.0000000389447357
     74.8748779       0.0000000388406473
     74.9749756       0.0000000387369381
     75.0750732       0.0000000386336564
     75.1751785       0.0000000385307931
     75.2752762       0.0000000384283271
     75.3753738       0.0000000383262401
     75.4754791       0.0000000382246426
     75.5755768       0.0000000381233955
     75.6756744       0.0000000380225278
     75.7757721       0.0000000379221094
     75.8758774       0.0000000378220989
     75.9759750       0.0000000377224615
     76.0760727       0.0000000376232149
     76.1761780       0.0000000375243146
     76.2762756       0.0000000374258495
     76.3763733       0.0000000373277697
     76.4764786       0.0000000372300735
     76.5765762       0.0000000371327681
     76.6766739       0.0000000370358126
     76.7767792       0.0000000369392605
     76.8768768       0.0000000368430939
     76.9769745       0.0000000367473221
     77.0770798       0.0000000366518643
     77.1771774       0.0000000365568046
     77.2772751       0.0000000364621497
     77.3773804       0.0000000363677898
     77.4774780       0.0000000362738348
     77.5775757       0.0000000361802219
     77.6776810       0.0000000360870117
     77.7777786       0.0000000359941041
     77.8778763       0.0000000359016192
     77.9779816       0.0000000358094760
     78.0780792       0.0000000357176986
     78.1781769       0.0000000356262424
     78.2782745       0.0000000355351344
     78.3783798       0.0000000354443588
     78.4784775       0.0000000353539451
     78.5785751       0.0000000352639217
     78.6786804       0.0000000351742266
     78.7787781       0.0000000350848595
     78.8788757       0.0000000349958249
     78.9789810       0.0000000349071218
     79.0790787       0.0000000348187659
     79.1791763       0.0000000347307499
     79.2792816       0.0000000346430674
     79.3793793       0.0000000345557154
     79.4794769       0.0000000344686918
     79.5795822       0.0000000343819967
     79.6796799       0.0000000342955960
     79.7797775       0.0000000342095741
     79.8798828       0.0000000341238485
     79.9799805       0.0000000340384250
     80.0800781       0.0000000339533532
     80.1801834       0.0000000338685811
     80.2802811       0.0000000337841443
     80.3803787       0.0000000337000285
     80.4804840       0.0000000336162010
     80.5805817       0.0000000335327119
     80.6806793       0.0000000334495516
     80.7807770       0.0000000333666529
     80.8808823       0.0000000332840834
     80.9809799       0.0000000332018011
     81.0810776       0.0000000331198193
     81.1811829       0.0000000330381821
     81.2812805       0.0000000329568261
     81.3813782       0.0000000328757579
     81.4814835       0.0000000327950089
     81.5815811       0.0000000327145508
     81.6816788       0.0000000326343681
     81.7817841       0.0000000325544826
     81.8818817       0.0000000324748882
     81.9819794       0.0000000323956097
     82.0820847       0.0000000323166386
     82.1821823       0.0000000322379297
     82.2822800       0.0000000321594961
     82.3823853       0.0000000320813658
     82.4824829       0.0000000320035081
     82.5825806       0.0000000319259351
     82.6826859       0.0000000318486558
     82.7827835       0.0000000317716594
     82.8828812       0.0000000316949282
     82.9829865       0.0000000316184875
     83.0830841       0.0000000315423101
     83.1831818       0.0000000314663962
     83.2832794       0.0000000313907591
     83.3833847       0.0000000313154136
     83.4834824       0.0000000312403496
     83.5835800       0.0000000311655038
     83.6836853       0.0000000310910091
     83.7837830       0.0000000310167048
     83.8838806       0.0000000309427111
     83.9839859       0.0000000308689654
     84.0840836       0.0000000307954575
     84.1841812       0.0000000307222586
     84.2842865       0.0000000306493162
     84.3843842       0.0000000305766056
     84.4844818       0.0000000305041451
     84.5845871       0.0000000304319789
     84.6846848       0.0000000303600559
     84.7847824       0.0000000302883770
     84.8848877       0.0000000302169309
     84.9849854       0.0000000301457748
     85.0850830       0.0000000300748534
     85.1851883       0.0000000300041919
     85.2852859       0.0000000299337888
     85.3853836       0.0000000298636026
     85.4854889       0.0000000297936989
     85.5855865       0.0000000297240060
     85.6856842       0.0000000296546123
     85.7857895       0.0000000295854046
     85.8858871       0.0000000295164394
     85.9859848       0.0000000294477344
     86.0860825       0.0000000293792514
     86.1861877       0.0000000293110362
     86.2862854       0.0000000292430602
     86.3863831       0.0000000291752960
     86.4864883       0.0000000291077415
     86.5865860       0.0000000290404747
     86.6866837       0.0000000289734410
     86.7867889       0.0000000289066004
     86.8868866       0.0000000288400055
     86.9869843       0.0000000287736515
     87.0870895       0.0000000287075180
     87.1871872       0.0000000286415800
     87.2872849       0.0000000285759100
     87.3873901       0.0000000285104592
     87.4874878       0.0000000284452689
     87.5875854       0.0000000283802375
     87.6876907       0.0000000283154854
     87.7877884       0.0000000282509091
     87.8878860       0.0000000281865822
     87.9879913       0.0000000281224516
     88.0880890       0.0000000280585276
     88.1881866       0.0000000279948520
     88.2882919       0.0000000279314074
     88.3883896       0.0000000278681567
     88.4884872       0.0000000278051057
     88.5885849       0.0000000277422810
     88.6886902       0.0000000276796810
     88.7887878       0.0000000276172852
     88.8888855       0.0000000275550962
     88.9889908       0.0000000274931055
     89.0890884       0.0000000274313392
     89.1891861       0.0000000273697896
     89.2892914       0.0000000273084106
     89.3893890       0.0000000272472822
     89.4894867       0.0000000271863266
     89.5895920       0.0000000271256166
     89.6896896       0.0000000270650874
     89.7897873       0.0000000270047472
     89.8898926       0.0000000269446317
     89.9899902       0.0000000268846940
     90.0900879       0.0000000268249568
     90.1901932       0.0000000267654265
     90.2902908       0.0000000267060759
     90.3903885       0.0000000266469339
     90.4904938       0.0000000265880084
     90.5905914       0.0000000265292610
     90.6906891       0.0000000264707078
     90.7907944       0.0000000264123395
     90.8908920       0.0000000263541732
     90.9909897       0.0000000262961996
     91.0910873       0.0000000262384405
     91.1911926       0.0000000261808412
     91.2912903       0.0000000261234392
     91.3913879       0.0000000260662268
     91.4914932       0.0000000260091836
     91.5915909       0.0000000259523439
     91.6916885       0.0000000258957154
     91.7917938       0.0000000258392191
     91.8918915       0.0000000257829633
     91.9919891       0.0000000257268569
     92.0920944       0.0000000256709351
     92.1921921       0.0000000256152044
     92.2922897       0.0000000255596554
     92.3923950       0.0000000255042865
     92.4924927       0.0000000254490946
     92.5925903       0.0000000253940829
     92.6926956       0.0000000253392513
     92.7927933       0.0000000252845951
     92.8928909       0.0000000252301085
     92.9929962       0.0000000251758048
     93.0930939       0.0000000251216781
     93.1931915       0.0000000250677283
     93.2932968       0.0000000250139239
     93.3933945       0.0000000249603219
     93.4934921       0.0000000249068907
     93.5935898       0.0000000248536334
     93.6936951       0.0000000248005405
     93.7937927       0.0000000247476128
     93.8938904       0.0000000246948544
     93.9939957       0.0000000246422691
     94.0940933       0.0000000245898608
     94.1941910       0.0000000245375935
     94.2942963       0.0000000244854994
     94.3943939       0.0000000244335877
     94.4944916       0.0000000243818219
     94.5945969       0.0000000243302376
     94.6946945       0.0000000242788326
     94.7947922       0.0000000242275441
     94.8948975       0.0000000241764470
     94.9949951       0.0000000241255061
     95.0950928       0.0000000240747595
     95.1951981       0.0000000240241151
     95.2952957       0.0000000239736666
     95.3953934       0.0000000239233680
     95.4954987       0.0000000238732312
     95.5955963       0.0000000238232279
     95.6956940       0.0000000237734175
     95.7957993       0.0000000237237343
     95.8958969       0.0000000236742289
     95.9959946       0.0000000236248462
     96.0960999       0.0000000235756285
     96.1961975       0.0000000235265999
     96.2962952       0.0000000234777021
     96.3963928       0.0000000234289466
     96.4964981       0.0000000233803450
     96.5965958       0.0000000233319047
     96.6966934       0.0000000232836120
     96.7967987       0.0000000232354568
     96.8968964       0.0000000231874520
     96.9969940       0.0000000231395993
     97.0970993       0.0000000230919145
     97.1971970       0.0000000230443551
     97.2972946       0.0000000229969412
     97.3973999       0.0000000229496731
     97.4974976       0.0000000229025885
     97.5975952       0.0000000228556025
     97.6977005       0.0000000228087701
     97.7977982       0.0000000227620851
     97.8978958       0.0000000227155662
     97.9980011       0.0000000226691616
     98.0980988       0.0000000226229060
     98.1981964       0.0000000225767977
     98.2983017       0.0000000225308242
     98.3983994       0.0000000224849887
     98.4984970       0.0000000224392944
     98.5986023       0.0000000223937576
     98.6987000       0.0000000223483468
     98.7987976       0.0000000223030679
     98.8988953       0.0000000222579298
     98.9990005       0.0000000222129552
     99.0990982       0.0000000221680897
     99.1991959       0.0000000221233382
     99.2993011       0.0000000220787635
     99.3993988       0.0000000220343027
     99.4994965       0.0000000219899796
     99.5996017       0.0000000219457819
     99.6996994       0.0000000219017031
     99.7997971       0.0000000218578022
     99.8999023       0.0000000218139836
    100.0000000       0.0000000217703236
