# x		H(x,a)
      0.0000000       1.0000000000000000
      0.1001001       0.9900299906730652
      0.2002002       0.9607124924659729
      0.3003003       0.9137664437294006
      0.4004004       0.8518707156181335
      0.5005005       0.7784109115600586
      0.6006006       0.6971734166145325
      0.7007007       0.6120254397392273
      0.8008008       0.5266169309616089
      0.9009009       0.4441368877887726
      1.0010010       0.3671668106916364
      1.1011012       0.2975418591357448
      1.2012012       0.2363497160391588
      1.3013012       0.1840262562689268
      1.4014014       0.1404504905457333
      1.5015016       0.1050731206859825
      1.6016016       0.0770540916455394
      1.7017016       0.0553926200553535
      1.8018018       0.0390377349428495
      1.9019020       0.0269730960941261
      2.0020020       0.0182745296944109
      2.1021020       0.0121427026725146
      2.2022023       0.0079153445893363
      2.3023024       0.0050643013999445
      2.4024024       0.0031827183113964
      2.5025024       0.0019671951294714
      2.6026025       0.0011982624300440
      2.7027028       0.0007217027343605
      2.8028028       0.0004321300112812
      2.9029028       0.0002594333892610
      3.0030031       0.0001581728988406
      3.1031032       0.0000996358329639
      3.2032032       0.0000661212433018
      3.3033032       0.0000469764395484
      3.4034033       0.0000359387994252
      3.5035036       0.0000294085003094
      3.6036036       0.0000253603639518
      3.7037036       0.0000226773282763
      3.8038039       0.0000207538829478
      3.9039040       0.0000192660336297
      4.0040040       0.0000180415268574
      4.1041040       0.0000169883541819
      4.2042041       0.0000160562894310
      4.3043041       0.0000152166553890
      4.4044046       0.0000144519913055
      4.5045047       0.0000137506523093
      4.6046047       0.0000131042418216
      4.7047048       0.0000125062434548
      4.8048048       0.0000119513606471
      4.9049048       0.0000114351401126
      5.0050049       0.0000109537491378
      5.1051049       0.0000105038674583
      5.2052050       0.0000100826002162
      5.3053055       0.0000096873942430
      5.4054055       0.0000093159843819
      5.5055056       0.0000089663842903
      5.6056056       0.0000086368186896
      5.7057056       0.0000083256622153
      5.8058057       0.0000080315220661
      5.9059057       0.0000077531061909
      6.0060062       0.0000074892425863
      6.1061063       0.0000072389171557
      6.2062063       0.0000070011660026
      6.3063064       0.0000067751290022
      6.4064064       0.0000065600179317
      6.5065064       0.0000063551227560
      6.6066065       0.0000061597847995
      6.7067065       0.0000059734038285
      6.8068066       0.0000057954291498
      6.9069071       0.0000056253415692
      7.0070071       0.0000054626781125
      7.1071072       0.0000053070169767
      7.2072072       0.0000051579402577
      7.3073072       0.0000050150740982
      7.4074073       0.0000048780916013
      7.5075073       0.0000047466492984
      7.6076078       0.0000046204640908
      7.7077079       0.0000044992497521
      7.8078079       0.0000043827491148
      7.9079080       0.0000042707166082
      8.0080080       0.0000041629271396
      8.1081085       0.0000040591714301
      8.2082081       0.0000039592438267
      8.3083086       0.0000038629616363
      8.4084082       0.0000037701479292
      8.5085087       0.0000036806325696
      8.6086082       0.0000035942724356
      8.7087088       0.0000035109108106
      8.8088093       0.0000034304129548
      8.9089088       0.0000033526496971
      9.0090094       0.0000032774972292
      9.1091089       0.0000032048437035
      9.2092094       0.0000031345748834
      9.3093090       0.0000030665878036
      9.4094095       0.0000030007880071
      9.5095091       0.0000029370816291
      9.6096096       0.0000028753833380
      9.7097101       0.0000028156043652
      9.8098097       0.0000027576678338
      9.9099102       0.0000027015033591
     10.0100098       0.0000026470308193
     10.1101103       0.0000025941870318
     10.2102098       0.0000025429134885
     10.3103104       0.0000024931415730
     10.4104099       0.0000024448179583
     10.5105104       0.0000023978818093
     10.6106110       0.0000023522864959
     10.7107105       0.0000023079767510
     10.8108110       0.0000022649048628
     10.9109106       0.0000022230276259
     11.0110111       0.0000021823017145
     11.1111107       0.0000021426836916
     11.2112112       0.0000021041350504
     11.3113117       0.0000020666178913
     11.4114113       0.0000020300948160
     11.5115118       0.0000019945296413
     11.6116114       0.0000019598895082
     11.7117119       0.0000019261469257
     11.8118114       0.0000018932671321
     11.9119120       0.0000018612212700
     12.0120125       0.0000018299833236
     12.1121120       0.0000017995232451
     12.2122126       0.0000017698210077
     12.3123121       0.0000017408461774
     12.4124126       0.0000017125770487
     12.5125122       0.0000016849917314
     12.6126127       0.0000016580672257
     12.7127123       0.0000016317836054
     12.8128128       0.0000016061210435
     12.9129133       0.0000015810584941
     13.0130129       0.0000015565781940
     13.1131134       0.0000015326606845
     13.2132130       0.0000015092918068
     13.3133135       0.0000014864532480
     13.4134130       0.0000014641324935
     13.5135136       0.0000014423069804
     13.6136131       0.0000014209677537
     13.7137136       0.0000014000995209
     13.8138142       0.0000013796876277
     13.9139137       0.0000013597169267
     14.0140142       0.0000013401793749
     14.1141138       0.0000013210608999
     14.2142143       0.0000013023475734
     14.3143139       0.0000012840285490
     14.4144144       0.0000012660943236
     14.5145149       0.0000012485341702
     14.6146145       0.0000012313368481
     14.7147150       0.0000012144933742
     14.8148146       0.0000011979925867
     14.9149151       0.0000011818250299
     15.0150146       0.0000011659853849
     15.1151152       0.0000011504592825
     15.2152157       0.0000011352437876
     15.3153152       0.0000011203279400
     15.4154158       0.0000011057040638
     15.5155153       0.0000010913651492
     15.6156158       0.0000010773030682
     15.7157154       0.0000010635130207
     15.8158159       0.0000010499851325
     15.9159155       0.0000010367137302
     16.0160160       0.0000010236922933
     16.1161156       0.0000010109163226
     16.2162170       0.0000009983773798
     16.3163166       0.0000009860708608
     16.4164162       0.0000009739893927
     16.5165157       0.0000009621308252
     16.6166172       0.0000009504862375
     16.7167168       0.0000009390523748
     16.8168163       0.0000009278244480
     16.9169178       0.0000009167966077
     17.0170174       0.0000009059642705
     17.1171169       0.0000008953228021
     17.2172165       0.0000008848686128
     17.3173180       0.0000008745952916
     17.4174175       0.0000008645013937
     17.5175171       0.0000008545815597
     17.6176186       0.0000008448302410
     17.7177181       0.0000008352462582
     17.8178177       0.0000008258246052
     17.9179173       0.0000008165609956
     18.0180187       0.0000008074524341
     18.1181183       0.0000007984966823
     18.2182178       0.0000007896886118
     18.3183174       0.0000007810263340
     18.4184189       0.0000007725050005
     18.5185184       0.0000007641222833
     18.6186180       0.0000007558759095
     18.7187195       0.0000007477634994
     18.8188190       0.0000007397797278
     18.9189186       0.0000007319235729
     19.0190182       0.0000007241917904
     19.1191196       0.0000007165827419
     19.2192192       0.0000007090929855
     19.3193188       0.0000007017196095
     19.4194202       0.0000006944613801
     19.5195198       0.0000006873154597
     19.6196194       0.0000006802792214
     19.7197189       0.0000006733498438
     19.8198204       0.0000006665261787
     19.9199200       0.0000006598068377
     20.0200195       0.0000006531877968
     20.1201210       0.0000006466676146
     20.2202206       0.0000006402455732
     20.3203201       0.0000006339183558
     20.4204197       0.0000006276847453
     20.5205212       0.0000006215428833
     20.6206207       0.0000006154901335
     20.7207203       0.0000006095262993
     20.8208199       0.0000006036481038
     20.9209213       0.0000005978555398
     21.0210209       0.0000005921457707
     21.1211205       0.0000005865168021
     21.2212219       0.0000005809680591
     21.3213215       0.0000005754979875
     21.4214211       0.0000005701046185
     21.5215206       0.0000005647877458
     21.6216221       0.0000005595441562
     21.7217216       0.0000005543736981
     21.8218212       0.0000005492736111
     21.9219227       0.0000005442445249
     22.0220222       0.0000005392847074
     22.1221218       0.0000005343916241
     22.2222214       0.0000005295655022
     22.3223228       0.0000005248042647
     22.4224224       0.0000005201065817
     22.5225220       0.0000005154723824
     22.6226234       0.0000005108997267
     22.7227230       0.0000005063875758
     22.8228226       0.0000005019352873
     22.9229221       0.0000004975412007
     23.0230236       0.0000004932046733
     23.1231232       0.0000004889250845
     23.2232227       0.0000004847008267
     23.3233242       0.0000004805305668
     23.4234238       0.0000004764141591
     23.5235233       0.0000004723511273
     23.6236229       0.0000004683392958
     23.7237244       0.0000004643789603
     23.8238239       0.0000004604682085
     23.9239235       0.0000004566068109
     24.0240250       0.0000004527933179
     24.1241245       0.0000004490284040
     24.2242241       0.0000004453095329
     24.3243237       0.0000004416370720
     24.4244251       0.0000004380095261
     24.5245247       0.0000004344271405
     24.6246243       0.0000004308884449
     24.7247238       0.0000004273924134
     24.8248253       0.0000004239394950
     24.9249249       0.0000004205275037
     25.0250244       0.0000004171570074
     25.1251259       0.0000004138268115
     25.2252254       0.0000004105366552
     25.3253250       0.0000004072855786
     25.4254246       0.0000004040723516
     25.5255260       0.0000004008976530
     25.6256256       0.0000003977599277
     25.7257252       0.0000003946591227
     25.8258266       0.0000003915945439
     25.9259262       0.0000003885655276
     26.0260258       0.0000003855712432
     26.1261253       0.0000003826120378
     26.2262268       0.0000003796863686
     26.3263264       0.0000003767939903
     26.4264259       0.0000003739348914
     26.5265274       0.0000003711077635
     26.6266270       0.0000003683133509
     26.7267265       0.0000003655500791
     26.8268261       0.0000003628178223
     26.9269276       0.0000003601161466
     27.0270271       0.0000003574443388
     27.1271267       0.0000003548024192
     27.2272263       0.0000003521896009
     27.3273277       0.0000003496056399
     27.4274273       0.0000003470501760
     27.5275269       0.0000003445224501
     27.6276283       0.0000003420220998
     27.7277279       0.0000003395492573
     27.8278275       0.0000003371029627
     27.9279270       0.0000003346828939
     28.0280285       0.0000003322891663
     28.1281281       0.0000003299205777
     28.2282276       0.0000003275779592
     28.3283291       0.0000003252594251
     28.4284286       0.0000003229660566
     28.5285282       0.0000003206964776
     28.6286278       0.0000003184510021
     28.7287292       0.0000003162288870
     28.8288288       0.0000003140300326
     28.9289284       0.0000003118541231
     29.0290298       0.0000003097005534
     29.1291294       0.0000003075694178
     29.2292290       0.0000003054601949
     29.3293285       0.0000003033728537
     29.4294300       0.0000003013065903
     29.5295296       0.0000002992612845
     29.6296291       0.0000002972368202
     29.7297306       0.0000002952328730
     29.8298302       0.0000002932489747
     29.9299297       0.0000002912852424
     30.0300293       0.0000002893413975
     30.1301308       0.0000002874162671
     30.2302303       0.0000002855109721
     30.3303299       0.0000002836242036
     30.4304314       0.0000002817563612
     30.5305309       0.0000002799067449
     30.6306305       0.0000002780752358
     30.7307301       0.0000002762618883
     30.8308315       0.0000002744660444
     30.9309311       0.0000002726876728
     31.0310307       0.0000002709267354
     31.1311302       0.0000002691825606
     31.2312317       0.0000002674553071
     31.3313313       0.0000002657447770
     31.4314308       0.0000002640502928
     31.5315323       0.0000002623721716
     31.6316319       0.0000002607100673
     31.7317314       0.0000002590634329
     31.8318310       0.0000002574327593
     31.9319324       0.0000002558168681
     32.0320320       0.0000002542166325
     32.1321335       0.0000002526316188
     32.2322311       0.0000002510608711
     32.3323326       0.0000002495049914
     32.4324341       0.0000002479633220
     32.5325317       0.0000002464362057
     32.6326332       0.0000002449229982
     32.7327309       0.0000002434235369
     32.8328323       0.0000002419379422
     32.9329338       0.0000002404659009
     33.0330315       0.0000002390072829
     33.1331329       0.0000002375619537
     33.2332344       0.0000002361299743
     33.3333321       0.0000002347106007
     33.4334335       0.0000002333039276
     33.5335350       0.0000002319099501
     33.6336327       0.0000002305283527
     33.7337341       0.0000002291591024
     33.8338356       0.0000002278022308
     33.9339333       0.0000002264571291
     34.0340347       0.0000002251239616
     34.1341324       0.0000002238029706
     34.2342339       0.0000002224930097
     34.3343353       0.0000002211944971
     34.4344330       0.0000002199077277
     34.5345345       0.0000002186319619
     34.6346359       0.0000002173672009
     34.7347336       0.0000002161137168
     34.8348351       0.0000002148706916
     34.9349365       0.0000002136384991
     35.0350342       0.0000002124168881
     35.1351357       0.0000002112057545
     35.2352371       0.0000002100047393
     35.3353348       0.0000002088142039
     35.4354362       0.0000002076337117
     35.5355339       0.0000002064632690
     35.6356354       0.0000002053024452
     35.7357368       0.0000002041517663
     35.8358345       0.0000002030105792
     35.9359360       0.0000002018788394
     36.0360374       0.0000002007565504
     36.1361351       0.0000001996436413
     36.2362366       0.0000001985400874
     36.3363380       0.0000001974454437
     36.4364357       0.0000001963599062
     36.5365372       0.0000001952832797
     36.6366348       0.0000001942155552
     36.7367363       0.0000001931566999
     36.8368378       0.0000001921063175
     36.9369354       0.0000001910645366
     37.0370369       0.0000001900309917
     37.1371384       0.0000001890061310
     37.2372360       0.0000001879895338
     37.3373375       0.0000001869807665
     37.4374390       0.0000001859804333
     37.5375366       0.0000001849880839
     37.6376381       0.0000001840034348
     37.7377396       0.0000001830267696
     37.8378372       0.0000001820581917
     37.9379387       0.0000001810967262
     38.0380363       0.0000001801432029
     38.1381378       0.0000001791971121
     38.2382393       0.0000001782584080
     38.3383369       0.0000001773271183
     38.4384384       0.0000001764032409
     38.5385399       0.0000001754864124
     38.6386375       0.0000001745766148
     38.7387390       0.0000001736741533
     38.8388405       0.0000001727784082
     38.9389381       0.0000001718896454
     39.0390396       0.0000001710078311
     39.1391373       0.0000001701326184
     39.2392387       0.0000001692644086
     39.3393402       0.0000001684026540
     39.4394379       0.0000001675474008
     39.5395393       0.0000001666986458
     39.6396408       0.0000001658563467
     39.7397385       0.0000001650203731
     39.8398399       0.0000001641910613
     39.9399414       0.0000001633675877
     40.0400391       0.0000001625505351
     40.1401405       0.0000001617393347
     40.2402420       0.0000001609344633
     40.3403397       0.0000001601354747
     40.4404411       0.0000001593423330
     40.5405388       0.0000001585552139
     40.6406403       0.0000001577738427
     40.7407417       0.0000001569982848
     40.8408394       0.0000001562285441
     40.9409409       0.0000001554643068
     41.0410423       0.0000001547056473
     41.1411400       0.0000001539526106
     41.2412415       0.0000001532048857
     41.3413429       0.0000001524628336
     41.4414406       0.0000001517260690
     41.5415421       0.0000001509945485
     41.6416397       0.0000001502683422
     41.7417412       0.0000001495475002
     41.8418427       0.0000001488316878
     41.9419403       0.0000001481209947
     42.0420418       0.0000001474155519
     42.1421432       0.0000001467150291
     42.2422409       0.0000001460193677
     42.3423424       0.0000001453288792
     42.4424438       0.0000001446430896
     42.5425415       0.0000001439623161
     42.6426430       0.0000001432861905
     42.7427444       0.0000001426148128
     42.8428421       0.0000001419483311
     42.9429436       0.0000001412863378
     43.0430412       0.0000001406288918
     43.1431427       0.0000001399762450
     43.2432442       0.0000001393279929
     43.3433418       0.0000001386843435
     43.4434433       0.0000001380450804
     43.5435448       0.0000001374102343
     43.6436424       0.0000001367797934
     43.7437439       0.0000001361535077
     43.8438454       0.0000001355317468
     43.9439430       0.0000001349141066
     44.0440445       0.0000001343007614
     44.1441460       0.0000001336915698
     44.2442436       0.0000001330864235
     44.3443451       0.0000001324853936
     44.4444427       0.0000001318886799
     44.5445442       0.0000001312957462
     44.6446457       0.0000001307067098
     44.7447433       0.0000001301218733
     44.8448448       0.0000001295408608
     44.9449463       0.0000001289635915
     45.0450439       0.0000001283903928
     45.1451454       0.0000001278210740
     45.2452469       0.0000001272552580
     45.3453445       0.0000001266933604
     45.4454460       0.0000001261351791
     45.5455437       0.0000001255805583
     45.6456451       0.0000001250296413
     45.7457466       0.0000001244824529
     45.8458443       0.0000001239387091
     45.9459457       0.0000001233986496
     46.0460472       0.0000001228620220
     46.1461449       0.0000001223288569
     46.2462463       0.0000001217992090
     46.3463478       0.0000001212729890
     46.4464455       0.0000001207502420
     46.5465469       0.0000001202307733
     46.6466484       0.0000001197146589
     46.7467461       0.0000001192018876
     46.8468475       0.0000001186922849
     46.9469452       0.0000001181861850
     47.0470467       0.0000001176831925
     47.1471481       0.0000001171834011
     47.2472458       0.0000001166867317
     47.3473473       0.0000001161932845
     47.4474487       0.0000001157030104
     47.5475464       0.0000001152157406
     47.6476479       0.0000001147316257
     47.7477493       0.0000001142504435
     47.8478470       0.0000001137723427
     47.9479485       0.0000001132972167
     48.0480499       0.0000001128251169
     48.1481476       0.0000001123560215
     48.2482491       0.0000001118896969
     48.3483467       0.0000001114263186
     48.4484482       0.0000001109658717
     48.5485497       0.0000001105082422
     48.6486473       0.0000001100534942
     48.7487488       0.0000001096014878
     48.8488503       0.0000001091522144
     48.9489479       0.0000001087057794
     49.0490494       0.0000001082619823
     49.1491508       0.0000001078208771
     49.2492485       0.0000001073826844
     49.3493500       0.0000001069469665
     49.4494476       0.0000001065139816
     49.5495491       0.0000001060836606
     49.6496506       0.0000001056556605
     49.7497482       0.0000001052305412
     49.8498497       0.0000001048079227
     49.9499512       0.0000001043877871
     50.0500488       0.0000001039702792
     50.1501503       0.0000001035551431
     50.2502518       0.0000001031425289
     50.3503494       0.0000001027324307
     50.4504509       0.0000001023247246
     50.5505524       0.0000001019194966
     50.6506500       0.0000001015165640
     50.7507515       0.0000001011161089
     50.8508492       0.0000001007180585
     50.9509506       0.0000001003222544
     51.0510521       0.0000000999288230
     51.1511497       0.0000000995376996
     51.2512512       0.0000000991487397
     51.3513527       0.0000000987622273
     51.4514503       0.0000000983779264
     51.5515518       0.0000000979959109
     51.6516533       0.0000000976160806
     51.7517509       0.0000000972384364
     51.8518524       0.0000000968629811
     51.9519501       0.0000000964896818
     52.0520515       0.0000000961184821
     52.1521530       0.0000000957494755
     52.2522507       0.0000000953826799
     52.3523521       0.0000000950179744
     52.4524536       0.0000000946552226
     52.5525513       0.0000000942945867
     52.6526527       0.0000000939360572
     52.7527542       0.0000000935796707
     52.8528519       0.0000000932251907
     52.9529533       0.0000000928726260
     53.0530548       0.0000000925222627
     53.1531525       0.0000000921737209
     53.2532539       0.0000000918271967
     53.3533516       0.0000000914826840
     53.4534531       0.0000000911399583
     53.5535545       0.0000000907992752
     53.6536522       0.0000000904604674
     53.7537537       0.0000000901236522
     53.8538551       0.0000000897884518
     53.9539528       0.0000000894553619
     54.0540543       0.0000000891240238
     54.1541557       0.0000000887945975
     54.2542534       0.0000000884668817
     54.3543549       0.0000000881410580
     54.4544525       0.0000000878170539
     54.5545540       0.0000000874948320
     54.6546555       0.0000000871742188
     54.7547531       0.0000000868556100
     54.8548546       0.0000000865386099
     54.9549561       0.0000000862233419
     55.0550537       0.0000000859097497
     55.1551552       0.0000000855979372
     55.2552567       0.0000000852877849
     55.3553543       0.0000000849793708
     55.4554558       0.0000000846725922
     55.5555573       0.0000000843674459
     55.6556549       0.0000000840639993
     55.7557564       0.0000000837621806
     55.8558540       0.0000000834619399
     55.9559555       0.0000000831633838
     56.0560570       0.0000000828663849
     56.1561546       0.0000000825710478
     56.2562561       0.0000000822771520
     56.3563576       0.0000000819848023
     56.4564552       0.0000000816941826
     56.5565567       0.0000000814049088
     56.6566582       0.0000000811173658
     56.7567558       0.0000000808312165
     56.8568573       0.0000000805465582
     56.9569588       0.0000000802635005
     57.0570564       0.0000000799818462
     57.1571579       0.0000000797018305
     57.2572556       0.0000000794230586
     57.3573570       0.0000000791458392
     57.4574585       0.0000000788700876
     57.5575562       0.0000000785958086
     57.6576576       0.0000000783229614
     57.7577591       0.0000000780514556
     57.8578568       0.0000000777813574
     57.9579582       0.0000000775127270
     58.0580597       0.0000000772454715
     58.1581573       0.0000000769796078
     58.2582588       0.0000000767151141
     58.3583565       0.0000000764518853
     58.4584579       0.0000000761900738
     58.5585594       0.0000000759296489
     58.6586571       0.0000000756704776
     58.7587585       0.0000000754127279
     58.8588600       0.0000000751562610
     58.9589577       0.0000000749009713
     59.0590591       0.0000000746471602
     59.1591606       0.0000000743945590
     59.2592583       0.0000000741432482
     59.3593597       0.0000000738931776
     59.4594612       0.0000000736444290
     59.5595589       0.0000000733968690
     59.6596603       0.0000000731506162
     59.7597580       0.0000000729055981
     59.8598595       0.0000000726617322
     59.9599609       0.0000000724191952
     60.0600586       0.0000000721778108
     60.1601601       0.0000000719376279
     60.2602615       0.0000000716986635
     60.3603592       0.0000000714608776
     60.4604607       0.0000000712242468
     60.5605621       0.0000000709888333
     60.6606598       0.0000000707545945
     60.7607613       0.0000000705214482
     60.8608627       0.0000000702894541
     60.9609604       0.0000000700587068
     61.0610619       0.0000000698289774
     61.1611595       0.0000000696004756
     61.2612610       0.0000000693730613
     61.3613625       0.0000000691467679
     61.4614601       0.0000000689214903
     61.5615616       0.0000000686973422
     61.6616631       0.0000000684743688
     61.7617607       0.0000000682524359
     61.8618622       0.0000000680315584
     61.9619637       0.0000000678117587
     62.0620613       0.0000000675930630
     62.1621628       0.0000000673754419
     62.2622604       0.0000000671587031
     62.3623619       0.0000000669432301
     62.4624634       0.0000000667286268
     62.5625610       0.0000000665151447
     62.6626625       0.0000000663026043
     62.7627640       0.0000000660912231
     62.8628616       0.0000000658807077
     62.9629631       0.0000000656712756
     63.0630646       0.0000000654628176
     63.1631622       0.0000000652553943
     63.2632637       0.0000000650488720
     63.3633652       0.0000000648433743
     63.4634628       0.0000000646388428
     63.5635643       0.0000000644352996
     63.6636620       0.0000000642326696
     63.7637634       0.0000000640310053
     63.8638649       0.0000000638302829
     63.9639626       0.0000000636305324
     64.0640640       0.0000000634317840
     64.1641617       0.0000000632338856
     64.2642670       0.0000000630368370
     64.3643646       0.0000000628408244
     64.4644623       0.0000000626457118
     64.5645676       0.0000000624514819
     64.6646652       0.0000000622581300
     64.7647629       0.0000000620657418
     64.8648682       0.0000000618741858
     64.9649658       0.0000000616835573
     65.0650635       0.0000000614937785
     65.1651688       0.0000000613048372
     65.2652664       0.0000000611168339
     65.3653641       0.0000000609296999
     65.4654617       0.0000000607433718
     65.5655670       0.0000000605579148
     65.6656647       0.0000000603733273
     65.7657623       0.0000000601895917
     65.8658676       0.0000000600066091
     65.9659653       0.0000000598245414
     66.0660629       0.0000000596433005
     66.1661682       0.0000000594628729
     66.2662659       0.0000000592832058
     66.3663635       0.0000000591044250
     66.4664688       0.0000000589264523
     66.5665665       0.0000000587492025
     66.6666641       0.0000000585727892
     66.7667694       0.0000000583971929
     66.8668671       0.0000000582223455
     66.9669647       0.0000000580483804
     67.0670700       0.0000000578750929
     67.1671677       0.0000000577026132
     67.2672653       0.0000000575309444
     67.3673706       0.0000000573599595
     67.4674683       0.0000000571898095
     67.5675659       0.0000000570203933
     67.6676712       0.0000000568517259
     67.7677689       0.0000000566837626
     67.8678665       0.0000000565165451
     67.9679642       0.0000000563501243
     68.0680695       0.0000000561843941
     68.1681671       0.0000000560194398
     68.2682648       0.0000000558551825
     68.3683701       0.0000000556916555
     68.4684677       0.0000000555288196
     68.5685654       0.0000000553667016
     68.6686707       0.0000000552053558
     68.7687683       0.0000000550446283
     68.8688660       0.0000000548846652
     68.9689713       0.0000000547253499
     69.0690689       0.0000000545667787
     69.1691666       0.0000000544088420
     69.2692719       0.0000000542516345
     69.3693695       0.0000000540950847
     69.4694672       0.0000000539391959
     69.5695724       0.0000000537839688
     69.6696701       0.0000000536294926
     69.7697678       0.0000000534756366
     69.8698730       0.0000000533224138
     69.9699707       0.0000000531698337
     70.0700684       0.0000000530180393
     70.1701736       0.0000000528667642
     70.2702713       0.0000000527161387
     70.3703690       0.0000000525661941
     70.4704742       0.0000000524168489
     70.5705719       0.0000000522682283
     70.6706696       0.0000000521201633
     70.7707672       0.0000000519727571
     70.8708725       0.0000000518259691
     70.9709702       0.0000000516797872
     71.0710678       0.0000000515342298
     71.1711731       0.0000000513892935
     71.2712708       0.0000000512449571
     71.3713684       0.0000000511012637
     71.4714737       0.0000000509581602
     71.5715714       0.0000000508156445
     71.6716690       0.0000000506737254
     71.7717743       0.0000000505323690
     71.8718719       0.0000000503916188
     71.9719696       0.0000000502514978
     72.0720749       0.0000000501119396
     72.1721725       0.0000000499729480
     72.2722702       0.0000000498345694
     72.3723755       0.0000000496967003
     72.4724731       0.0000000495594567
     72.5725708       0.0000000494227671
     72.6726761       0.0000000492866211
     72.7727737       0.0000000491510328
     72.8728714       0.0000000490160444
     72.9729767       0.0000000488815854
     73.0730743       0.0000000487476919
     73.1731720       0.0000000486143542
     73.2732697       0.0000000484816036
     73.3733749       0.0000000483492944
     73.4734726       0.0000000482175646
     73.5735703       0.0000000480864214
     73.6736755       0.0000000479557570
     73.7737732       0.0000000478255874
     73.8738708       0.0000000476960240
     73.9739761       0.0000000475669957
     74.0740738       0.0000000474384757
     74.1741714       0.0000000473104415
     74.2742767       0.0000000471829299
     74.3743744       0.0000000470559784
     74.4744720       0.0000000469295015
     74.5745773       0.0000000468035366
     74.6746750       0.0000000466780428
     74.7747726       0.0000000465531160
     74.8748779       0.0000000464286921
     74.9749756       0.0000000463047242
     75.0750732       0.0000000461812623
     75.1751785       0.0000000460583069
     75.2752762       0.0000000459358232
     75.3753738       0.0000000458137927
     75.4754791       0.0000000456923441
     75.5755768       0.0000000455713201
     75.6756744       0.0000000454507464
     75.7757721       0.0000000453307042
     75.8758774       0.0000000452111582
     75.9759750       0.0000000450920533
     76.0760727       0.0000000449734142
     76.1761780       0.0000000448551983
     76.2762756       0.0000000447374938
     76.3763733       0.0000000446202524
     76.4764786       0.0000000445034732
     76.5765762       0.0000000443871566
     76.6766739       0.0000000442712545
     76.7767792       0.0000000441558445
     76.8768768       0.0000000440408913
     76.9769745       0.0000000439264088
     77.0770798       0.0000000438122983
     77.1771774       0.0000000436986679
     77.2772751       0.0000000435855237
     77.3773804       0.0000000434727333
     77.4774780       0.0000000433604198
     77.5775757       0.0000000432485201
     77.6776810       0.0000000431370959
     77.7777786       0.0000000430260419
     77.8778763       0.0000000429154869
     77.9779816       0.0000000428053387
     78.0780792       0.0000000426956345
     78.1781769       0.0000000425863110
     78.2782745       0.0000000424774008
     78.3783798       0.0000000423688920
     78.4784775       0.0000000422608170
     78.5785751       0.0000000421532045
     78.6786804       0.0000000420459859
     78.7787781       0.0000000419391579
     78.8788757       0.0000000418327309
     78.9789810       0.0000000417266979
     79.0790787       0.0000000416210841
     79.1791763       0.0000000415158699
     79.2792816       0.0000000414110609
     79.3793793       0.0000000413066417
     79.4794769       0.0000000412026198
     79.5795822       0.0000000410989825
     79.6796799       0.0000000409957025
     79.7797775       0.0000000408928762
     79.8798828       0.0000000407904056
     79.9799805       0.0000000406882933
     80.0800781       0.0000000405866016
     80.1801834       0.0000000404852658
     80.2802811       0.0000000403843310
     80.3803787       0.0000000402837865
     80.4804840       0.0000000401835800
     80.5805817       0.0000000400837838
     80.6806793       0.0000000399843726
     80.7807770       0.0000000398852794
     80.8808823       0.0000000397865810
     80.9809799       0.0000000396882200
     81.0810776       0.0000000395902251
     81.1811829       0.0000000394926405
     81.2812805       0.0000000393953872
     81.3813782       0.0000000392984811
     81.4814835       0.0000000392019568
     81.5815811       0.0000000391057797
     81.6816788       0.0000000390099344
     81.7817841       0.0000000389144395
     81.8818817       0.0000000388192983
     81.9819794       0.0000000387245292
     82.0820847       0.0000000386301326
     82.1821823       0.0000000385360427
     82.2822800       0.0000000384422876
     82.3823853       0.0000000383488951
     82.4824829       0.0000000382558253
     82.5825806       0.0000000381630967
     82.6826859       0.0000000380707211
     82.7827835       0.0000000379786811
     82.8828812       0.0000000378869632
     82.9829865       0.0000000377955825
     83.0830841       0.0000000377045280
     83.1831818       0.0000000376137810
     83.2832794       0.0000000375233698
     83.3833847       0.0000000374333065
     83.4834824       0.0000000373435749
     83.5835800       0.0000000372541089
     83.6836853       0.0000000371650553
     83.7837830       0.0000000370762373
     83.8838806       0.0000000369877886
     83.9839859       0.0000000368996351
     84.0840836       0.0000000368117635
     84.1841812       0.0000000367242661
     84.2842865       0.0000000366370753
     84.3843842       0.0000000365501603
     84.4844818       0.0000000364635431
     84.5845871       0.0000000363772755
     84.6846848       0.0000000362913044
     84.7847824       0.0000000362056217
     84.8848877       0.0000000361202160
     84.9849854       0.0000000360351589
     85.0850830       0.0000000359503841
     85.1851883       0.0000000358659185
     85.2852859       0.0000000357817555
     85.3853836       0.0000000356978630
     85.4854889       0.0000000356142992
     85.5855865       0.0000000355309943
     85.6856842       0.0000000354480431
     85.7857895       0.0000000353653110
     85.8858871       0.0000000352828774
     85.9859848       0.0000000352007477
     86.0860825       0.0000000351188871
     86.1861877       0.0000000350373440
     86.2862854       0.0000000349560867
     86.3863831       0.0000000348750830
     86.4864883       0.0000000347943329
     86.5865860       0.0000000347139229
     86.6866837       0.0000000346337925
     86.7867889       0.0000000345538972
     86.8868866       0.0000000344742878
     86.9869843       0.0000000343949726
     87.0870895       0.0000000343159183
     87.1871872       0.0000000342370986
     87.2872849       0.0000000341585986
     87.3873901       0.0000000340803614
     87.4874878       0.0000000340024375
     87.5875854       0.0000000339247027
     87.6876907       0.0000000338472951
     87.7877884       0.0000000337701058
     87.8878860       0.0000000336932118
     87.9879913       0.0000000336165553
     88.0880890       0.0000000335401380
     88.1881866       0.0000000334640268
     88.2882919       0.0000000333881903
     88.3883896       0.0000000333125797
     88.4884872       0.0000000332372100
     88.5885849       0.0000000331621099
     88.6886902       0.0000000330872844
     88.7887878       0.0000000330126978
     88.8888855       0.0000000329383586
     88.9889908       0.0000000328642563
     89.0890884       0.0000000327904213
     89.1891861       0.0000000327168494
     89.2892914       0.0000000326434780
     89.3893890       0.0000000325704028
     89.4894867       0.0000000324975451
     89.5895920       0.0000000324249751
     89.6896896       0.0000000323526151
     89.7897873       0.0000000322804890
     89.8898926       0.0000000322086299
     89.9899902       0.0000000321369811
     90.0900879       0.0000000320655736
     90.1901932       0.0000000319944162
     90.2902908       0.0000000319234683
     90.3903885       0.0000000318527750
     90.4904938       0.0000000317823344
     90.5905914       0.0000000317121109
     90.6906891       0.0000000316421160
     90.7907944       0.0000000315723467
     90.8908920       0.0000000315028206
     90.9909897       0.0000000314335180
     91.0910873       0.0000000313644742
     91.1911926       0.0000000312956258
     91.2912903       0.0000000312270061
     91.3913879       0.0000000311586151
     91.4914932       0.0000000310904285
     91.5915909       0.0000000310224824
     91.6916885       0.0000000309547946
     91.7917938       0.0000000308872605
     91.8918915       0.0000000308200143
     91.9919891       0.0000000307529449
     92.0920944       0.0000000306861014
     92.1921921       0.0000000306194835
     92.2922897       0.0000000305530818
     92.3923950       0.0000000304868930
     92.4924927       0.0000000304209205
     92.5925903       0.0000000303551609
     92.6926956       0.0000000302896144
     92.7927933       0.0000000302242809
     92.8928909       0.0000000301591523
     92.9929962       0.0000000300942386
     93.0930939       0.0000000300295379
     93.1931915       0.0000000299650472
     93.2932968       0.0000000299007315
     93.3933945       0.0000000298366606
     93.4934921       0.0000000297727901
     93.5935898       0.0000000297091265
     93.6936951       0.0000000296456602
     93.7937927       0.0000000295823928
     93.8938904       0.0000000295193273
     93.9939957       0.0000000294564688
     94.0940933       0.0000000293938234
     94.1941910       0.0000000293313442
     94.2942963       0.0000000292690732
     94.3943939       0.0000000292070200
     94.4944916       0.0000000291451394
     94.5945969       0.0000000290834778
     94.6946945       0.0000000290220305
     94.7947922       0.0000000289607221
     94.8948975       0.0000000288996401
     94.9949951       0.0000000288387494
     95.0950928       0.0000000287780897
     95.1951981       0.0000000287175492
     95.2952957       0.0000000286572474
     95.3953934       0.0000000285971199
     95.4954987       0.0000000285371877
     95.5955963       0.0000000284774152
     95.6956940       0.0000000284178773
     95.7957993       0.0000000283584883
     95.8958969       0.0000000282993112
     95.9959946       0.0000000282402786
     96.0960999       0.0000000281814475
     96.1961975       0.0000000281228401
     96.2962952       0.0000000280643891
     96.3963928       0.0000000280061065
     96.4964981       0.0000000279480097
     96.5965958       0.0000000278901072
     96.6966934       0.0000000278323785
     96.7967987       0.0000000277748168
     96.8968964       0.0000000277174370
     96.9969940       0.0000000276602327
     97.0970993       0.0000000276032303
     97.1971970       0.0000000275463817
     97.2972946       0.0000000274897072
     97.3973999       0.0000000274332019
     97.4974976       0.0000000273769160
     97.5975952       0.0000000273207518
     97.6977005       0.0000000272647700
     97.7977982       0.0000000272089669
     97.8978958       0.0000000271533574
     97.9980011       0.0000000270978896
     98.0980988       0.0000000270425974
     98.1981964       0.0000000269874826
     98.2983017       0.0000000269325258
     98.3983994       0.0000000268777351
     98.4984970       0.0000000268231122
     98.5986023       0.0000000267686825
     98.6987000       0.0000000267143997
     98.7987976       0.0000000266602720
     98.8988953       0.0000000266063152
     98.9990005       0.0000000265525563
     99.0990982       0.0000000264989285
     99.1991959       0.0000000264454307
     99.2993011       0.0000000263921480
     99.3993988       0.0000000263390030
     99.4994965       0.0000000262860195
     99.5996017       0.0000000262331880
     99.6996994       0.0000000261804977
     99.7997971       0.0000000261280189
     99.8999023       0.0000000260756390
    100.0000000       0.0000000260234502
