# x		H(x,a)
      0.0000000       1.0000000000000000
      0.1001001       0.9900299906730652
      0.2002002       0.9607124924659729
      0.3003003       0.9137664437294006
      0.4004004       0.8518707156181335
      0.5005005       0.7784109115600586
      0.6006006       0.6971734166145325
      0.7007007       0.6120254397392273
      0.8008008       0.5266169309616089
      0.9009009       0.4441368877887726
      1.0010010       0.3671558833182759
      1.1011012       0.2975109255618753
      1.2012012       0.2363011468570408
      1.3013012       0.1839656327611925
      1.4014014       0.1403834803521513
      1.5015016       0.1050043079685093
      1.6016016       0.0769867298974309
      1.7017016       0.0553287729039203
      1.8018018       0.0389785398705301
      1.9019020       0.0269190312922261
      2.0020020       0.0182256373060600
      2.1021020       0.0120987584040509
      2.2022023       0.0078759778478513
      2.3023024       0.0050290759598484
      2.4024024       0.0031511836346485
      2.5025024       0.0019389168845447
      2.6026025       0.0011728390009293
      2.7027028       0.0006987727149073
      2.8028028       0.0004113740910370
      2.9029028       0.0002405728982127
      3.0030031       0.0001409667161214
      3.1031032       0.0000838764418287
      3.2032032       0.0000516306409231
      3.3033032       0.0000336021613045
      3.4034033       0.0000235503039580
      3.5035036       0.0000178939190142
      3.6036036       0.0000146236608082
      3.7037036       0.0000126358963543
      3.8038039       0.0000113364364319
      3.9039040       0.0000104108816120
      4.0040040       0.0000096950829153
      4.1041040       0.0000091038987777
      4.2042041       0.0000085929282138
      4.3043041       0.0000081384667503
      4.4044046       0.0000077272693529
      4.5045047       0.0000073513263591
      4.6046047       0.0000070053491482
      4.7047048       0.0000066855055534
      4.8048048       0.0000063888156263
      4.9049048       0.0000061128351306
      5.0050049       0.0000058554901689
      5.1051049       0.0000056149961409
      5.2052050       0.0000053897997924
      5.3053055       0.0000051785363208
      5.4054055       0.0000049799933222
      5.5055056       0.0000047931098436
      5.6056056       0.0000046169357921
      5.7057056       0.0000044506024977
      5.8058057       0.0000042933654845
      5.9059057       0.0000041445343512
      6.0060062       0.0000040034822166
      6.1061063       0.0000038696669454
      6.2062063       0.0000037425739466
      6.3063064       0.0000036217423077
      6.4064064       0.0000035067518151
      6.5065064       0.0000033972222532
      6.6066065       0.0000032928014612
      6.7067065       0.0000031931691574
      6.8068066       0.0000030980299911
      6.9069071       0.0000030071070053
      7.0070071       0.0000029201534616
      7.1071072       0.0000028369418820
      7.2072072       0.0000027572514095
      7.3073072       0.0000026808800259
      7.4074073       0.0000026076540466
      7.5075073       0.0000025373898030
      7.6076078       0.0000024699355459
      7.7077079       0.0000024051386174
      7.8078079       0.0000023428616239
      7.9079080       0.0000022829728000
      8.0080080       0.0000022253525404
      8.1081085       0.0000021698886430
      8.2082081       0.0000021164708062
      8.3083086       0.0000020650015914
      8.4084082       0.0000020153865427
      8.5085087       0.0000019675349153
      8.6086082       0.0000019213701595
      8.7087088       0.0000018768079146
      8.8088093       0.0000018337765760
      8.9089088       0.0000017922070494
      9.0090094       0.0000017520332144
      9.1091089       0.0000017131952463
      9.2092094       0.0000016756319845
      9.3093090       0.0000016392887010
      9.4094095       0.0000016041143793
      9.5095091       0.0000015700593876
      9.6096096       0.0000015370775586
      9.7097101       0.0000015051217529
      9.8098097       0.0000014741509970
      9.9099102       0.0000014441275681
     10.0100098       0.0000014150084270
     10.1101103       0.0000013867599540
     10.2102098       0.0000013593509288
     10.3103104       0.0000013327445843
     10.4104099       0.0000013069126752
     10.5105104       0.0000012818222285
     10.6106110       0.0000012574485835
     10.7107105       0.0000012337621640
     10.8108110       0.0000012107375043
     10.9109106       0.0000011883515233
     11.0110111       0.0000011665807023
     11.1111107       0.0000011454023446
     11.2112112       0.0000011247956163
     11.3113117       0.0000011047402804
     11.4114113       0.0000010852162391
     11.5115118       0.0000010662045405
     11.6116114       0.0000010476871146
     11.7117119       0.0000010296495084
     11.8118114       0.0000010120731094
     11.9119120       0.0000009949425443
     12.0120125       0.0000009782439562
     12.1121120       0.0000009619610594
     12.2122126       0.0000009460832595
     12.3123121       0.0000009305944213
     12.4124126       0.0000009154826580
     12.5125122       0.0000009007365414
     12.6126127       0.0000008863436829
     12.7127123       0.0000008722934110
     12.8128128       0.0000008585751324
     12.9129133       0.0000008451775076
     13.0130129       0.0000008320912725
     13.1131134       0.0000008193058009
     13.2132130       0.0000008068136440
     13.3133135       0.0000007946050158
     13.4134130       0.0000007826731067
     13.5135136       0.0000007710059358
     13.6136131       0.0000007595986972
     13.7137136       0.0000007484433049
     13.8138142       0.0000007375318523
     13.9139137       0.0000007268562180
     14.0140142       0.0000007164121198
     14.1141138       0.0000007061920986
     14.2142143       0.0000006961886511
     14.3143139       0.0000006863958990
     14.4144144       0.0000006768088912
     14.5145149       0.0000006674219108
     14.6146145       0.0000006582288474
     14.7147150       0.0000006492248936
     14.8148146       0.0000006404041783
     14.9149151       0.0000006317615596
     15.0150146       0.0000006232942546
     15.1151152       0.0000006149945554
     15.2152157       0.0000006068608974
     15.3153152       0.0000005988874305
     15.4154158       0.0000005910699955
     15.5155153       0.0000005834049352
     15.6156158       0.0000005758878599
     15.7157154       0.0000005685161738
     15.8158159       0.0000005612846315
     15.9159155       0.0000005541901975
     16.0160160       0.0000005472294879
     16.1161156       0.0000005403998835
     16.2162170       0.0000005336969619
     16.3163166       0.0000005271183079
     16.4164162       0.0000005206600056
     16.5165157       0.0000005143208977
     16.6166172       0.0000005080961772
     16.7167168       0.0000005019839655
     16.8168163       0.0000004959818878
     16.9169178       0.0000004900868439
     17.0170174       0.0000004842962418
     17.1171169       0.0000004786076963
     17.2172165       0.0000004730192037
     17.3173180       0.0000004675274734
     17.4174175       0.0000004621316663
     17.5175171       0.0000004568288538
     17.6176186       0.0000004516161491
     17.7177181       0.0000004464929270
     17.8178177       0.0000004414564411
     17.9179173       0.0000004365044432
     18.0180187       0.0000004316353094
     18.1181183       0.0000004268478697
     18.2182178       0.0000004221394203
     18.3183174       0.0000004175088791
     18.4184189       0.0000004129536599
     18.5185184       0.0000004084725793
     18.6186180       0.0000004040643634
     18.7187195       0.0000003997277459
     18.8188190       0.0000003954599145
     18.9189186       0.0000003912602934
     19.0190182       0.0000003871271428
     19.1191196       0.0000003830596086
     19.2192192       0.0000003790558362
     19.3193188       0.0000003751142893
     19.4194202       0.0000003712343120
     19.5195198       0.0000003674143518
     19.6196194       0.0000003636530354
     19.7197189       0.0000003599488192
     19.8198204       0.0000003563011619
     19.9199200       0.0000003527092325
     20.0200195       0.0000003491709358
     20.1201210       0.0000003456854741
     20.2202206       0.0000003422524821
     20.3203201       0.0000003388701703
     20.4204197       0.0000003355379216
     20.5205212       0.0000003322546935
     20.6206207       0.0000003290190953
     20.7207203       0.0000003258310420
     20.8208199       0.0000003226887863
     20.9209213       0.0000003195922636
     21.0210209       0.0000003165400194
     21.1211205       0.0000003135310062
     21.2212219       0.0000003105648365
     21.3213215       0.0000003076407315
     21.4214211       0.0000003047576264
     21.5215206       0.0000003019153933
     21.6216221       0.0000002991123801
     21.7217216       0.0000002963484264
     21.8218212       0.0000002936221169
     21.9219227       0.0000002909337415
     22.0220222       0.0000002882823953
     22.1221218       0.0000002856667303
     22.2222214       0.0000002830868387
     22.3223228       0.0000002805416656
     22.4224224       0.0000002780304609
     22.5225220       0.0000002755531902
     22.6226234       0.0000002731087853
     22.7227230       0.0000002706967574
     22.8228226       0.0000002683167322
     22.9229221       0.0000002659677927
     23.0230236       0.0000002636496307
     23.1231232       0.0000002613619548
     23.2232227       0.0000002591037689
     23.3233242       0.0000002568745083
     23.4234238       0.0000002546740700
     23.5235233       0.0000002525021128
     23.6236229       0.0000002503574882
     23.7237244       0.0000002482404434
     23.8238239       0.0000002461499032
     23.9239235       0.0000002440857385
     24.0240250       0.0000002420472046
     24.1241245       0.0000002400345896
     24.2242241       0.0000002380466223
     24.3243237       0.0000002360834297
     24.4244251       0.0000002341442922
     24.5245247       0.0000002322292681
     24.6246243       0.0000002303376250
     24.7247238       0.0000002284687958
     24.8248253       0.0000002266229218
     24.9249249       0.0000002247990330
     25.0250244       0.0000002229972869
     25.1251259       0.0000002212170738
     25.2252254       0.0000002194582710
     25.3253250       0.0000002177203584
     25.4254246       0.0000002160026760
     25.5255260       0.0000002143056137
     25.6256256       0.0000002126282933
     25.7257252       0.0000002109707039
     25.8258266       0.0000002093324948
     25.9259262       0.0000002077132791
     26.0260258       0.0000002061126365
     26.1261253       0.0000002045307739
     26.2262268       0.0000002029668165
     26.3263264       0.0000002014206541
     26.4264259       0.0000001998922724
     26.5265274       0.0000001983809917
     26.6266270       0.0000001968871937
     26.7267265       0.0000001954100540
     26.8268261       0.0000001939494799
     26.9269276       0.0000001925052629
     27.0270271       0.0000001910770165
     27.1271267       0.0000001896647268
     27.2272263       0.0000001882680264
     27.3273277       0.0000001868867271
     27.4274273       0.0000001855206606
     27.5275269       0.0000001841694135
     27.6276283       0.0000001828328355
     27.7277279       0.0000001815109368
     27.8278275       0.0000001802032401
     27.9279270       0.0000001789095543
     28.0280285       0.0000001776299553
     28.1281281       0.0000001763637895
     28.2282276       0.0000001751115123
     28.3283291       0.0000001738721073
     28.4284286       0.0000001726461537
     28.5285282       0.0000001714329128
     28.6286278       0.0000001702325574
     28.7287292       0.0000001690447003
     28.8288288       0.0000001678692738
     28.9289284       0.0000001667061008
     29.0290298       0.0000001655548811
     29.1291294       0.0000001644156736
     29.2292290       0.0000001632881385
     29.3293285       0.0000001621723080
     29.4294300       0.0000001610677785
     29.5295296       0.0000001599744282
     29.6296291       0.0000001588922228
     29.7297306       0.0000001578209753
     29.8298302       0.0000001567604545
     29.9299297       0.0000001557107228
     30.0300293       0.0000001546716034
     30.1301308       0.0000001536424937
     30.2302303       0.0000001526239866
     30.3303299       0.0000001516153942
     30.4304314       0.0000001506169148
     30.5305309       0.0000001496281812
     30.6306305       0.0000001486491145
     30.7307301       0.0000001476797679
     30.8308315       0.0000001467197703
     30.9309311       0.0000001457691275
     31.0310307       0.0000001448277888
     31.1311302       0.0000001438954171
     31.2312317       0.0000001429720809
     31.3313313       0.0000001420576821
     31.4314308       0.0000001411518895
     31.5315323       0.0000001402548093
     31.6316319       0.0000001393663093
     31.7317314       0.0000001384860837
     31.8318310       0.0000001376143876
     31.9319324       0.0000001367505889
     32.0320320       0.0000001358951552
     32.1321335       0.0000001350478693
     32.2322311       0.0000001342081955
     32.3323326       0.0000001333764931
     32.4324341       0.0000001325523636
     32.5325317       0.0000001317360078
     32.6326332       0.0000001309271072
     32.7327309       0.0000001301255610
     32.8328323       0.0000001293314083
     32.9329338       0.0000001285445222
     33.0330315       0.0000001277647756
     33.1331329       0.0000001269921555
     33.2332344       0.0000001262266758
     33.3333321       0.0000001254679156
     33.4334335       0.0000001247159598
     33.5335350       0.0000001239708011
     33.6336327       0.0000001232322302
     33.7337341       0.0000001225002946
     33.8338356       0.0000001217749615
     33.9339333       0.0000001210559237
     34.0340347       0.0000001203432629
     34.1341324       0.0000001196370863
     34.2342339       0.0000001189368533
     34.3343353       0.0000001182427016
     34.4344330       0.0000001175548426
     34.5345345       0.0000001168728640
     34.6346359       0.0000001161967698
     34.7347336       0.0000001155267081
     34.8348351       0.0000001148622261
     34.9349365       0.0000001142035503
     35.0350342       0.0000001135505240
     35.1351357       0.0000001129030729
     35.2352371       0.0000001122610615
     35.3353348       0.0000001116246343
     35.4354362       0.0000001109935878
     35.5355339       0.0000001103679164
     35.6356354       0.0000001097473729
     35.7357368       0.0000001091322632
     35.8358345       0.0000001085222177
     35.9359360       0.0000001079172500
     36.0360374       0.0000001073173025
     36.1361351       0.0000001067223714
     36.2362366       0.0000001061324478
     36.3363380       0.0000001055472989
     36.4364357       0.0000001049670113
     36.5365372       0.0000001043914876
     36.6366348       0.0000001038207171
     36.7367363       0.0000001032546958
     36.8368378       0.0000001026931882
     36.9369354       0.0000001021362903
     37.0370369       0.0000001015838001
     37.1371384       0.0000001010359523
     37.2372360       0.0000001004925139
     37.3373375       0.0000000999532561
     37.4374390       0.0000000994185120
     37.5375366       0.0000000988880412
     37.6376381       0.0000000983616869
     37.7377396       0.0000000978395874
     37.8378372       0.0000000973218288
     37.9379387       0.0000000968078617
     38.0380363       0.0000000962981350
     38.1381378       0.0000000957923912
     38.2382393       0.0000000952905920
     38.3383369       0.0000000947927631
     38.4384384       0.0000000942988920
     38.5385399       0.0000000938087840
     38.6386375       0.0000000933224399
     38.7387390       0.0000000928400181
     38.8388405       0.0000000923611815
     38.9389381       0.0000000918860849
     39.0390396       0.0000000914146923
     39.1391373       0.0000000909468368
     39.2392387       0.0000000904827247
     39.3393402       0.0000000900220583
     39.4394379       0.0000000895648763
     39.5395393       0.0000000891111552
     39.6396408       0.0000000886608956
     39.7397385       0.0000000882140136
     39.8398399       0.0000000877706950
     39.9399414       0.0000000873304935
     40.0400391       0.0000000868937290
     40.1401405       0.0000000864600886
     40.2402420       0.0000000860298354
     40.3403397       0.0000000856027184
     40.4404411       0.0000000851787372
     40.5405388       0.0000000847579698
     40.6406403       0.0000000843402829
     40.7407417       0.0000000839256929
     40.8408394       0.0000000835142203
     40.9409409       0.0000000831056783
     41.0410423       0.0000000827001322
     41.1411400       0.0000000822975877
     41.2412415       0.0000000818978759
     41.3413429       0.0000000815011984
     41.4414406       0.0000000811073543
     41.5415421       0.0000000807163015
     41.6416397       0.0000000803280943
     41.7417412       0.0000000799427648
     41.8418427       0.0000000795601145
     41.9419403       0.0000000791802064
     42.0420418       0.0000000788031069
     42.1421432       0.0000000784286344
     42.2422409       0.0000000780567514
     42.3423424       0.0000000776876408
     42.4424438       0.0000000773210451
     42.5425415       0.0000000769571254
     42.6426430       0.0000000765956915
     42.7427444       0.0000000762368016
     42.8428421       0.0000000758805243
     42.9429436       0.0000000755266505
     43.0430412       0.0000000751751996
     43.1431427       0.0000000748263093
     43.2432442       0.0000000744797820
     43.3433418       0.0000000741357062
     43.4434433       0.0000000737939812
     43.5435448       0.0000000734546168
     43.6436424       0.0000000731176089
     43.7437439       0.0000000727828134
     43.8438454       0.0000000724504476
     43.9439430       0.0000000721202771
     44.0440445       0.0000000717924043
     44.1441460       0.0000000714667541
     44.2442436       0.0000000711432637
     44.3443451       0.0000000708219737
     44.4444427       0.0000000705029962
     44.5445442       0.0000000701860293
     44.6446457       0.0000000698711549
     44.7447433       0.0000000695585228
     44.8448448       0.0000000692479277
     44.9449463       0.0000000689393481
     45.0450439       0.0000000686329315
     45.1451454       0.0000000683285927
     45.2452469       0.0000000680261306
     45.3453445       0.0000000677257552
     45.4454460       0.0000000674273739
     45.5455437       0.0000000671308899
     45.6456451       0.0000000668363896
     45.7457466       0.0000000665438917
     45.8458443       0.0000000662532144
     45.9459457       0.0000000659645196
     46.0460472       0.0000000656776537
     46.1461449       0.0000000653926532
     46.2462463       0.0000000651095163
     46.3463478       0.0000000648282168
     46.4464455       0.0000000645487712
     46.5465469       0.0000000642710926
     46.6466484       0.0000000639951940
     46.7467461       0.0000000637210780
     46.8468475       0.0000000634486727
     46.9469452       0.0000000631781231
     47.0470467       0.0000000629092410
     47.1471481       0.0000000626420686
     47.2472458       0.0000000623765727
     47.3473473       0.0000000621127950
     47.4474487       0.0000000618507092
     47.5475464       0.0000000615902263
     47.6476479       0.0000000613314344
     47.7477493       0.0000000610742102
     47.8478470       0.0000000608186380
     47.9479485       0.0000000605646583
     48.0480499       0.0000000603122845
     48.1481476       0.0000000600615261
     48.2482491       0.0000000598122464
     48.3483467       0.0000000595645389
     48.4484482       0.0000000593184044
     48.5485497       0.0000000590737628
     48.6486473       0.0000000588306819
     48.7487488       0.0000000585890483
     48.8488503       0.0000000583488848
     48.9489479       0.0000000581102351
     49.0490494       0.0000000578729996
     49.1491508       0.0000000576372014
     49.2492485       0.0000000574029530
     49.3493500       0.0000000571700404
     49.4494476       0.0000000569385825
     49.5495491       0.0000000567085513
     49.6496506       0.0000000564797504
     49.7497482       0.0000000562524979
     49.8498497       0.0000000560265870
     49.9499512       0.0000000558019976
     50.0500488       0.0000000555788122
     50.1501503       0.0000000553568912
     50.2502518       0.0000000551363194
     50.3503494       0.0000000549171019
     50.4504509       0.0000000546991560
     50.5505524       0.0000000544825346
     50.6506500       0.0000000542671456
     50.7507515       0.0000000540530668
     50.8508492       0.0000000538402805
     50.9509506       0.0000000536286975
     51.0510521       0.0000000534183924
     51.1511497       0.0000000532093078
     51.2512512       0.0000000530013868
     51.3513527       0.0000000527947672
     51.4514503       0.0000000525893341
     51.5515518       0.0000000523851228
     51.6516533       0.0000000521820799
     51.7517509       0.0000000519802058
     51.8518524       0.0000000517794976
     51.9519501       0.0000000515799464
     52.0520515       0.0000000513815179
     52.1521530       0.0000000511842587
     52.2522507       0.0000000509881811
     52.3523521       0.0000000507932260
     52.4524536       0.0000000505993113
     52.5525513       0.0000000504065292
     52.6526527       0.0000000502148698
     52.7527542       0.0000000500243565
     52.8528519       0.0000000498348662
     52.9529533       0.0000000496463988
     53.0530548       0.0000000494591096
     53.1531525       0.0000000492727869
     53.2532539       0.0000000490875492
     53.3533516       0.0000000489033839
     53.4534531       0.0000000487201757
     53.5535545       0.0000000485380571
     53.6536522       0.0000000483569429
     53.7537537       0.0000000481768931
     53.8538551       0.0000000479977071
     53.9539528       0.0000000478196489
     54.0540543       0.0000000476425318
     54.1541557       0.0000000474664280
     54.2542534       0.0000000472912434
     54.3543549       0.0000000471170699
     54.4544525       0.0000000469438682
     54.5545540       0.0000000467716198
     54.6546555       0.0000000466002320
     54.7547531       0.0000000464299127
     54.8548546       0.0000000462604553
     54.9549561       0.0000000460919294
     55.0550537       0.0000000459242945
     55.1551552       0.0000000457576048
     55.2552567       0.0000000455918124
     55.3553543       0.0000000454269462
     55.4554558       0.0000000452629494
     55.5555573       0.0000000450998292
     55.6556549       0.0000000449376194
     55.7557564       0.0000000447762795
     55.8558540       0.0000000446157818
     55.9559555       0.0000000444561819
     56.0560570       0.0000000442974182
     56.1561546       0.0000000441395397
     56.2562561       0.0000000439824336
     56.3563576       0.0000000438261583
     56.4564552       0.0000000436708000
     56.5565567       0.0000000435161670
     56.6566582       0.0000000433624558
     56.7567558       0.0000000432094888
     56.8568573       0.0000000430573203
     56.9569588       0.0000000429060077
     57.0570564       0.0000000427554455
     57.1571579       0.0000000426057622
     57.2572556       0.0000000424567381
     57.3573570       0.0000000423085470
     57.4574585       0.0000000421611396
     57.5575562       0.0000000420145183
     57.6576576       0.0000000418686638
     57.7577591       0.0000000417235292
     57.8578568       0.0000000415791418
     57.9579582       0.0000000414355437
     58.0580597       0.0000000412926784
     58.1581573       0.0000000411505590
     58.2582588       0.0000000410091679
     58.3583565       0.0000000408684553
     58.4584579       0.0000000407285005
     58.5585594       0.0000000405892869
     58.6586571       0.0000000404507399
     58.7587585       0.0000000403129542
     58.8588600       0.0000000401758583
     58.9589577       0.0000000400393927
     59.0590591       0.0000000399037131
     59.1591606       0.0000000397686827
     59.2592583       0.0000000396343429
     59.3593597       0.0000000395006604
     59.4594612       0.0000000393676869
     59.5595589       0.0000000392353519
     59.6596603       0.0000000391037166
     59.7597580       0.0000000389727379
     59.8598595       0.0000000388423732
     59.9599609       0.0000000387127203
     60.0600586       0.0000000385836878
     60.1601601       0.0000000384552935
     60.2602615       0.0000000383275489
     60.3603592       0.0000000382004434
     60.4604607       0.0000000380739484
     60.5605621       0.0000000379481037
     60.6606598       0.0000000378228870
     60.7607613       0.0000000376982545
     60.8608627       0.0000000375742387
     60.9609604       0.0000000374508933
     61.0610619       0.0000000373280833
     61.1611595       0.0000000372059342
     61.2612610       0.0000000370843682
     61.3613625       0.0000000369634000
     61.4614601       0.0000000368429737
     61.5615616       0.0000000367231537
     61.6616631       0.0000000366039576
     61.7617607       0.0000000364853210
     61.8618622       0.0000000363672453
     61.9619637       0.0000000362497491
     62.0620613       0.0000000361328433
     62.1621628       0.0000000360165132
     62.2622604       0.0000000359006520
     62.3623619       0.0000000357854688
     62.4624634       0.0000000356707491
     62.5625610       0.0000000355566266
     62.6626625       0.0000000354430131
     62.7627640       0.0000000353300148
     62.8628616       0.0000000352174782
     62.9629631       0.0000000351055240
     63.0630646       0.0000000349940899
     63.1631622       0.0000000348832116
     63.2632637       0.0000000347728088
     63.3633652       0.0000000346629577
     63.4634628       0.0000000345536197
     63.5635643       0.0000000344448177
     63.6636620       0.0000000343364980
     63.7637634       0.0000000342286965
     63.8638649       0.0000000341213993
     63.9639626       0.0000000340146170
     64.0640640       0.0000000339083722
     64.1641617       0.0000000338025804
     64.2642670       0.0000000336972457
     64.3643646       0.0000000335924634
     64.4644623       0.0000000334881653
     64.5645676       0.0000000333843386
     64.6646652       0.0000000332809780
     64.7647629       0.0000000331781356
     64.8648682       0.0000000330757353
     64.9649658       0.0000000329738310
     65.0650635       0.0000000328723848
     65.1651688       0.0000000327713813
     65.2652664       0.0000000326708831
     65.3653641       0.0000000325708475
     65.4654617       0.0000000324712441
     65.5655670       0.0000000323721022
     65.6656647       0.0000000322734293
     65.7657623       0.0000000321752105
     65.8658676       0.0000000320773943
     65.9659653       0.0000000319800685
     66.0660629       0.0000000318831844
     66.1661682       0.0000000317867349
     66.2662659       0.0000000316906908
     66.3663635       0.0000000315951208
     66.4664688       0.0000000314999799
     66.5665665       0.0000000314052317
     66.6666641       0.0000000313109279
     66.7667694       0.0000000312170614
     66.8668671       0.0000000311235893
     66.9669647       0.0000000310305998
     67.0670700       0.0000000309379607
     67.1671677       0.0000000308457608
     67.2672653       0.0000000307539923
     67.3673706       0.0000000306625887
     67.4674683       0.0000000305716358
     67.5675659       0.0000000304810706
     67.6676712       0.0000000303909047
     67.7677689       0.0000000303011203
     67.8678665       0.0000000302117305
     67.9679642       0.0000000301227691
     68.0680695       0.0000000300341770
     68.1681671       0.0000000299459987
     68.2682648       0.0000000298581930
     68.3683701       0.0000000297707743
     68.4684677       0.0000000296837282
     68.5685654       0.0000000295970662
     68.6686707       0.0000000295108210
     68.7687683       0.0000000294249001
     68.8688660       0.0000000293393850
     68.9689713       0.0000000292542241
     69.0690689       0.0000000291694580
     69.1691666       0.0000000290850292
     69.2692719       0.0000000290009886
     69.3693695       0.0000000289173073
     69.4694672       0.0000000288339742
     69.5695724       0.0000000287509970
     69.6696701       0.0000000286684158
     69.7697678       0.0000000285861717
     69.8698730       0.0000000285042622
     69.9699707       0.0000000284227013
     70.0700684       0.0000000283415563
     70.1701736       0.0000000282606884
     70.2702713       0.0000000281801703
     70.3703690       0.0000000281000169
     70.4704742       0.0000000280201796
     70.5705719       0.0000000279407336
     70.6706696       0.0000000278615833
     70.7707672       0.0000000277827849
     70.8708725       0.0000000277043161
     70.9709702       0.0000000276261727
     71.0710678       0.0000000275483620
     71.1711731       0.0000000274708876
     71.2712708       0.0000000273937296
     71.3713684       0.0000000273169172
     71.4714737       0.0000000272404186
     71.5715714       0.0000000271642333
     71.6716690       0.0000000270883696
     71.7717743       0.0000000270128038
     71.8718719       0.0000000269375644
     71.9719696       0.0000000268626600
     72.0720749       0.0000000267880598
     72.1721725       0.0000000267137606
     72.2722702       0.0000000266397867
     72.3723755       0.0000000265660870
     72.4724731       0.0000000264927189
     72.5725708       0.0000000264196489
     72.6726761       0.0000000263468740
     72.7727737       0.0000000262743912
     72.8728714       0.0000000262022319
     72.9729767       0.0000000261303552
     73.0730743       0.0000000260587785
     73.1731720       0.0000000259875016
     73.2732697       0.0000000259165385
     73.3733749       0.0000000258458100
     73.4734726       0.0000000257753924
     73.5735703       0.0000000257052869
     73.6736755       0.0000000256354395
     73.7737732       0.0000000255658567
     73.8738708       0.0000000254965949
     73.9739761       0.0000000254276202
     74.0740738       0.0000000253589192
     74.1741714       0.0000000252904768
     74.2742767       0.0000000252223136
     74.3743744       0.0000000251544499
     74.4744720       0.0000000250868414
     74.5745773       0.0000000250195032
     74.6746750       0.0000000249524192
     74.7747726       0.0000000248856366
     74.8748779       0.0000000248191243
     74.9749756       0.0000000247528555
     75.0750732       0.0000000246868585
     75.1751785       0.0000000246211281
     75.2752762       0.0000000245556546
     75.3753738       0.0000000244904219
     75.4754791       0.0000000244254994
     75.5755768       0.0000000243608042
     75.6756744       0.0000000242963499
     75.7757721       0.0000000242321807
     75.8758774       0.0000000241682745
     75.9759750       0.0000000241046061
     76.0760727       0.0000000240411861
     76.1761780       0.0000000239779903
     76.2762756       0.0000000239150706
     76.3763733       0.0000000238523979
     76.4764786       0.0000000237899705
     76.5765762       0.0000000237277931
     76.6766739       0.0000000236658371
     76.7767792       0.0000000236041411
     76.8768768       0.0000000235426907
     76.9769745       0.0000000234814937
     77.0770798       0.0000000234204944
     77.1771774       0.0000000233597516
     77.2772751       0.0000000232992705
     77.3773804       0.0000000232389729
     77.4774780       0.0000000231789338
     77.5775757       0.0000000231191197
     77.6776810       0.0000000230595558
     77.7777786       0.0000000230001888
     77.8778763       0.0000000229410907
     77.9779816       0.0000000228822100
     78.0780792       0.0000000228235654
     78.1781769       0.0000000227651255
     78.2782745       0.0000000227069046
     78.3783798       0.0000000226489010
     78.4784775       0.0000000225911275
     78.5785751       0.0000000225336022
     78.6786804       0.0000000224762879
     78.7787781       0.0000000224191802
     78.8788757       0.0000000223622885
     78.9789810       0.0000000223056078
     79.0790787       0.0000000222491477
     79.1791763       0.0000000221929047
     79.2792816       0.0000000221368774
     79.3793793       0.0000000220810584
     79.4794769       0.0000000220254537
     79.5795822       0.0000000219700538
     79.6796799       0.0000000219148422
     79.7797775       0.0000000218598751
     79.8798828       0.0000000218050976
     79.9799805       0.0000000217505121
     80.0800781       0.0000000216961506
     80.1801834       0.0000000216419806
     80.2802811       0.0000000215880273
     80.3803787       0.0000000215342771
     80.4804840       0.0000000214807124
     80.5805817       0.0000000214273612
     80.6806793       0.0000000213742220
     80.7807770       0.0000000213212493
     80.8808823       0.0000000212684877
     80.9809799       0.0000000212159092
     81.0810776       0.0000000211635215
     81.1811829       0.0000000211113582
     81.2812805       0.0000000210593701
     81.3813782       0.0000000210075692
     81.4814835       0.0000000209559681
     81.5815811       0.0000000209045558
     81.6816788       0.0000000208533211
     81.7817841       0.0000000208022727
     81.8818817       0.0000000207514151
     81.9819794       0.0000000207007552
     82.0820847       0.0000000206502937
     82.1821823       0.0000000205999962
     82.2822800       0.0000000205498771
     82.3823853       0.0000000204999525
     82.4824829       0.0000000204502026
     82.5825806       0.0000000204006327
     82.6826859       0.0000000203512509
     82.7827835       0.0000000203020509
     82.8828812       0.0000000202530208
     82.9829865       0.0000000202041724
     83.0830841       0.0000000201554990
     83.1831818       0.0000000201069881
     83.2832794       0.0000000200586545
     83.3833847       0.0000000200105102
     83.4834824       0.0000000199625443
     83.5835800       0.0000000199147203
     83.6836853       0.0000000198671148
     83.7837830       0.0000000198196351
     83.8838806       0.0000000197723544
     83.9839859       0.0000000197252301
     84.0840836       0.0000000196782580
     84.1841812       0.0000000196314843
     84.2842865       0.0000000195848748
     84.3843842       0.0000000195384129
     84.4844818       0.0000000194921119
     84.5845871       0.0000000194459968
     84.6846848       0.0000000194000388
     84.7847824       0.0000000193542353
     84.8848877       0.0000000193085808
     84.9849854       0.0000000192631126
     85.0850830       0.0000000192177944
     85.1851883       0.0000000191726423
     85.2852859       0.0000000191276525
     85.3853836       0.0000000190828061
     85.4854889       0.0000000190381369
     85.5855865       0.0000000189936047
     85.6856842       0.0000000189492610
     85.7857895       0.0000000189050356
     85.8858871       0.0000000188609688
     85.9859848       0.0000000188170655
     86.0860825       0.0000000187733071
     86.1861877       0.0000000187297149
     86.2862854       0.0000000186862796
     86.3863831       0.0000000186429763
     86.4864883       0.0000000185998102
     86.5865860       0.0000000185568268
     86.6866837       0.0000000185139925
     86.7867889       0.0000000184712825
     86.8868866       0.0000000184287281
     86.9869843       0.0000000183863275
     87.0870895       0.0000000183440682
     87.1871872       0.0000000183019341
     87.2872849       0.0000000182599708
     87.3873901       0.0000000182181468
     87.4874878       0.0000000181764931
     87.5875854       0.0000000181349358
     87.6876907       0.0000000180935591
     87.7877884       0.0000000180522954
     87.8878860       0.0000000180111915
     87.9879913       0.0000000179702120
     88.0880890       0.0000000179293637
     88.1881866       0.0000000178886762
     88.2882919       0.0000000178481361
     88.3883896       0.0000000178077171
     88.4884872       0.0000000177674275
     88.5885849       0.0000000177272826
     88.6886902       0.0000000176872834
     88.7887878       0.0000000176474125
     88.8888855       0.0000000176076716
     88.9889908       0.0000000175680595
     89.0890884       0.0000000175285910
     89.1891861       0.0000000174892624
     89.2892914       0.0000000174500403
     89.3893890       0.0000000174109774
     89.4894867       0.0000000173720299
     89.5895920       0.0000000173332356
     89.6896896       0.0000000172945563
     89.7897873       0.0000000172559997
     89.8898926       0.0000000172175855
     89.9899902       0.0000000171792863
     90.0900879       0.0000000171411139
     90.1901932       0.0000000171030751
     90.2902908       0.0000000170651509
     90.3903885       0.0000000170273576
     90.4904938       0.0000000169897043
     90.5905914       0.0000000169521647
     90.6906891       0.0000000169147473
     90.7907944       0.0000000168774521
     90.8908920       0.0000000168402847
     90.9909897       0.0000000168032385
     91.0910873       0.0000000167663305
     91.1911926       0.0000000167295255
     91.2912903       0.0000000166928442
     91.3913879       0.0000000166562867
     91.4914932       0.0000000166198355
     91.5915909       0.0000000165835145
     91.6916885       0.0000000165473299
     91.7917938       0.0000000165112296
     91.8918915       0.0000000164752815
     91.9919891       0.0000000164394298
     92.0920944       0.0000000164036961
     92.1921921       0.0000000163680831
     92.2922897       0.0000000163325875
     92.3923950       0.0000000162972063
     92.4924927       0.0000000162619394
     92.5925903       0.0000000162267884
     92.6926956       0.0000000161917487
     92.7927933       0.0000000161568233
     92.8928909       0.0000000161220092
     92.9929962       0.0000000160873094
     93.0930939       0.0000000160527207
     93.1931915       0.0000000160182464
     93.2932968       0.0000000159838665
     93.3933945       0.0000000159496147
     93.4934921       0.0000000159154725
     93.5935898       0.0000000158814400
     93.6936951       0.0000000158475155
     93.7937927       0.0000000158136932
     93.8938904       0.0000000157799811
     93.9939957       0.0000000157463794
     94.0940933       0.0000000157128904
     94.1941910       0.0000000156794914
     94.2942963       0.0000000156462033
     94.3943939       0.0000000156130324
     94.4944916       0.0000000155799547
     94.5945969       0.0000000155469905
     94.6946945       0.0000000155141434
     94.7947922       0.0000000154813701
     94.8948975       0.0000000154487193
     94.9949951       0.0000000154161698
     95.0950928       0.0000000153837420
     95.1951981       0.0000000153513793
     95.2952957       0.0000000153191436
     95.3953934       0.0000000152870009
     95.4954987       0.0000000152549657
     95.5955963       0.0000000152230121
     95.6956940       0.0000000151911838
     95.7957993       0.0000000151594364
     95.8958969       0.0000000151278039
     95.9959946       0.0000000150962468
     96.0960999       0.0000000150647973
     96.1961975       0.0000000150334687
     96.2962952       0.0000000150022222
     96.3963928       0.0000000149710673
     96.4964981       0.0000000149400120
     96.5965958       0.0000000149090585
     96.6966934       0.0000000148781997
     96.7967987       0.0000000148474288
     96.8968964       0.0000000148167534
     96.9969940       0.0000000147861768
     97.0970993       0.0000000147557037
     97.1971970       0.0000000147253142
     97.2972946       0.0000000146950166
     97.3973999       0.0000000146648130
     97.4974976       0.0000000146347251
     97.5975952       0.0000000146047011
     97.6977005       0.0000000145747749
     97.7977982       0.0000000145449443
     97.8978958       0.0000000145152176
     97.9980011       0.0000000144855657
     98.0980988       0.0000000144560079
     98.1981964       0.0000000144265469
     98.2983017       0.0000000143971677
     98.3983994       0.0000000143678794
     98.4984970       0.0000000143386812
     98.5986023       0.0000000143095837
     98.6987000       0.0000000142805650
     98.7987976       0.0000000142516332
     98.8988953       0.0000000142227885
     98.9990005       0.0000000141940503
     99.0990982       0.0000000141653827
     99.1991959       0.0000000141367853
     99.2993011       0.0000000141083021
     99.3993988       0.0000000140798938
     99.4994965       0.0000000140515694
     99.5996017       0.0000000140233281
     99.6996994       0.0000000139951620
     99.7997971       0.0000000139671080
     99.8999023       0.0000000139391081
    100.0000000       0.0000000139112101
