# x		H(x,a)
      0.0000000       1.0000000000000000
      0.1001001       0.9900299906730652
      0.2002002       0.9607124924659729
      0.3003003       0.9137664437294006
      0.4004004       0.8518707156181335
      0.5005005       0.7784109115600586
      0.6006006       0.6971734166145325
      0.7007007       0.6120254397392273
      0.8008008       0.5266169309616089
      0.9009009       0.4441368877887726
      1.0010010       0.3671554154390654
      1.1011012       0.2975096010780576
      1.2012012       0.2362990672690346
      1.3013012       0.1839630370345063
      1.4014014       0.1403806111694835
      1.5015016       0.1050013615995140
      1.6016016       0.0769838456643587
      1.7017016       0.0553260391522279
      1.8018018       0.0389760053066489
      1.9019020       0.0269167163862845
      2.0020020       0.0182235438702092
      2.1021020       0.0120968768396755
      2.2022023       0.0078742922802222
      2.3023024       0.0050275677058315
      2.4024024       0.0031498334103429
      2.5025024       0.0019377060920982
      2.6026025       0.0011717504444556
      2.7027028       0.0006977909157393
      2.8028028       0.0004104853838012
      2.9029028       0.0002397653470287
      3.0030031       0.0001402299963142
      3.1031032       0.0000832016699351
      3.2032032       0.0000510101947216
      3.3033032       0.0000330295144042
      3.4034033       0.0000230198641236
      3.5035036       0.0000174008973695
      3.6036036       0.0000141639459788
      3.7037036       0.0000122059513577
      3.8038039       0.0000109332089194
      3.9039040       0.0000100317296300
      4.0040040       0.0000093377133138
      4.1041040       0.0000087663078109
      4.2042041       0.0000082733677689
      4.3043041       0.0000078353985993
      4.4044046       0.0000074393365273
      4.5045047       0.0000070773256028
      4.6046047       0.0000067442118631
      4.7047048       0.0000064362778481
      4.8048048       0.0000061506433320
      4.9049048       0.0000058849494182
      5.0050049       0.0000056371974000
      5.1051049       0.0000054056685428
      5.2052050       0.0000051888673822
      5.3053055       0.0000049854801732
      5.4054055       0.0000047943388691
      5.5055056       0.0000046144220206
      5.6056056       0.0000044448161463
      5.7057056       0.0000042846836046
      5.8058057       0.0000041333085245
      5.9059057       0.0000039900258074
      6.0060062       0.0000038542318136
      6.1061063       0.0000037254056344
      6.2062063       0.0000036030503585
      6.3063064       0.0000034867235782
      6.4064064       0.0000033760197854
      6.5065064       0.0000032705734829
      6.6066065       0.0000031700453993
      6.7067065       0.0000030741274132
      6.8068066       0.0000029825351000
      6.9069071       0.0000028950017103
      7.0070071       0.0000028112896054
      7.1071072       0.0000027311805824
      7.2072072       0.0000026544607369
      7.3073072       0.0000025809364407
      7.4074073       0.0000025104404475
      7.5075073       0.0000024427955810
      7.6076078       0.0000023778560668
      7.7077079       0.0000023154747920
      7.8078079       0.0000022555194909
      7.9079080       0.0000021978634496
      8.0080080       0.0000021423912642
      8.1081085       0.0000020889949097
      8.2082081       0.0000020375685323
      8.3083086       0.0000019880181241
      8.4084082       0.0000019402528353
      8.5085087       0.0000018941850745
      8.6086082       0.0000018497410964
      8.7087088       0.0000018068404183
      8.8088093       0.0000017654132776
      8.9089088       0.0000017253934898
      9.0090094       0.0000016867173048
      9.1091089       0.0000016493272066
      9.2092094       0.0000016131644515
      9.3093090       0.0000015781759154
      9.4094095       0.0000015443128763
      9.5095091       0.0000015115274029
      9.6096096       0.0000014797751740
      9.7097101       0.0000014490108094
      9.8098097       0.0000014191945574
      9.9099102       0.0000013902902892
     10.0100098       0.0000013622567962
     10.1101103       0.0000013350613530
     10.2102098       0.0000013086742108
     10.3103104       0.0000012830598436
     10.4104099       0.0000012581908289
     10.5105104       0.0000012340357480
     10.6106110       0.0000012105707402
     10.7107105       0.0000011877673606
     10.8108110       0.0000011656011840
     10.9109106       0.0000011440495815
     11.0110111       0.0000011230905166
     11.1111107       0.0000011027016852
     11.2112112       0.0000010828631653
     11.3113117       0.0000010635554012
     11.4114113       0.0000010447593068
     11.5115118       0.0000010264564068
     11.6116114       0.0000010086292356
     11.7117119       0.0000009912640839
     11.8118114       0.0000009743428887
     11.9119120       0.0000009578509801
     12.0120125       0.0000009417749331
     12.1121120       0.0000009260990274
     12.2122126       0.0000009108131387
     12.3123121       0.0000008959017589
     12.4124126       0.0000008813533967
     12.5125122       0.0000008671569754
     12.6126127       0.0000008533006645
     12.7127123       0.0000008397741701
     12.8128128       0.0000008265673505
     12.9129133       0.0000008136692151
     13.0130129       0.0000008010708993
     13.1131134       0.0000007887619361
     13.2132130       0.0000007767355168
     13.3133135       0.0000007649819991
     13.4134130       0.0000007534949396
     13.5135136       0.0000007422627575
     13.6136131       0.0000007312808062
     13.7137136       0.0000007205412768
     13.8138142       0.0000007100366126
     13.9139137       0.0000006997589588
     14.0140142       0.0000006897042334
     14.1141138       0.0000006798651589
     14.2142143       0.0000006702346126
     14.3143139       0.0000006608069556
     14.4144144       0.0000006515773699
     14.5145149       0.0000006425403533
     14.6146145       0.0000006336899422
     14.7147150       0.0000006250217550
     14.8148146       0.0000006165298065
     14.9149151       0.0000006082094109
     15.0150146       0.0000006000578082
     15.1151152       0.0000005920674897
     15.2152157       0.0000005842371054
     15.3153152       0.0000005765608295
     15.4154158       0.0000005690348666
     15.5155153       0.0000005616555589
     15.6156158       0.0000005544186758
     15.7157154       0.0000005473218266
     15.8158159       0.0000005403598751
     15.9159155       0.0000005335299730
     16.0160160       0.0000005268286990
     16.1161156       0.0000005202537523
     16.2162170       0.0000005138007189
     16.3163166       0.0000005074672816
     16.4164162       0.0000005012497566
     16.5165157       0.0000004951469453
     16.6166172       0.0000004891542660
     16.7167168       0.0000004832699831
     16.8168163       0.0000004774916359
     16.9169178       0.0000004718163055
     17.0170174       0.0000004662416189
     17.1171169       0.0000004607651754
     17.2172165       0.0000004553850699
     17.3173180       0.0000004500979858
     17.4174175       0.0000004449032996
     17.5175171       0.0000004397982796
     17.6176186       0.0000004347798105
     17.7177181       0.0000004298475865
     17.8178177       0.0000004249989118
     17.9179173       0.0000004202314959
     18.0180187       0.0000004155439164
     18.1181183       0.0000004109349297
     18.2182178       0.0000004064020347
     18.3183174       0.0000004019440707
     18.4184189       0.0000003975586774
     18.5185184       0.0000003932446791
     18.6186180       0.0000003890007705
     18.7187195       0.0000003848258521
     18.8188190       0.0000003807171324
     18.9189186       0.0000003766740860
     19.0190182       0.0000003726949957
     19.1191196       0.0000003687791404
     19.2192192       0.0000003649246150
     19.3193188       0.0000003611299941
     19.4194202       0.0000003573946613
     19.5195198       0.0000003537171197
     19.6196194       0.0000003500960132
     19.7197189       0.0000003465299014
     19.8198204       0.0000003430182105
     19.9199200       0.0000003395602115
     20.0200195       0.0000003361538191
     20.1201210       0.0000003327982828
     20.2202206       0.0000003294932616
     20.3203201       0.0000003262370581
     20.4204197       0.0000003230290324
     20.5205212       0.0000003198681860
     20.6206207       0.0000003167532387
     20.7207203       0.0000003136840219
     20.8208199       0.0000003106589298
     20.9209213       0.0000003076778635
     21.0210209       0.0000003047393892
     21.1211205       0.0000003018425332
     21.2212219       0.0000002989869545
     21.3213215       0.0000002961718511
     21.4214211       0.0000002933962353
     21.5215206       0.0000002906599759
     21.6216221       0.0000002879614469
     21.7217216       0.0000002853005395
     21.8218212       0.0000002826758344
     21.9219227       0.0000002800877257
     22.0220222       0.0000002775351953
     22.1221218       0.0000002750170596
     22.2222214       0.0000002725333324
     22.3223228       0.0000002700830413
     22.4224224       0.0000002676654675
     22.5225220       0.0000002652805236
     22.6226234       0.0000002629272776
     22.7227230       0.0000002606051398
     22.8228226       0.0000002583138460
     22.9229221       0.0000002560524872
     23.0230236       0.0000002538207720
     23.1231232       0.0000002516183493
     23.2232227       0.0000002494443574
     23.3233242       0.0000002472982291
     23.4234238       0.0000002451797775
     23.5235233       0.0000002430887968
     23.6236229       0.0000002410241595
     23.7237244       0.0000002389860105
     23.8238239       0.0000002369733985
     23.9239235       0.0000002349861990
     24.0240250       0.0000002330236545
     24.1241245       0.0000002310860981
     24.2242241       0.0000002291722155
     24.3243237       0.0000002272822321
     24.4244251       0.0000002254153669
     24.5245247       0.0000002235717325
     24.6246243       0.0000002217506089
     24.7247238       0.0000002199514565
     24.8248253       0.0000002181744184
     24.9249249       0.0000002164185036
     25.0250244       0.0000002146839417
     25.1251259       0.0000002129700810
     25.2252254       0.0000002112768434
     25.3253250       0.0000002096037354
     25.4254246       0.0000002079500842
     25.5255260       0.0000002063162750
     25.6256256       0.0000002047014769
     25.7257252       0.0000002031056997
     25.8258266       0.0000002015285703
     25.9259262       0.0000001999697175
     26.0260258       0.0000001984287484
     26.1261253       0.0000001969058507
     26.2262268       0.0000001954001913
     26.3263264       0.0000001939116721
     26.4264259       0.0000001924402626
     26.5265274       0.0000001909853347
     26.6266270       0.0000001895472134
     26.7267265       0.0000001881251378
     26.8268261       0.0000001867190236
     26.9269276       0.0000001853286450
     27.0270271       0.0000001839536379
     27.1271267       0.0000001825940109
     27.2272263       0.0000001812493659
     27.3273277       0.0000001799195718
     27.4274273       0.0000001786044361
     27.5275269       0.0000001773035753
     27.6276283       0.0000001760168107
     27.7277279       0.0000001747441915
     27.8278275       0.0000001734852285
     27.9279270       0.0000001722397882
     28.0280285       0.0000001710078866
     28.1281281       0.0000001697889232
     28.2282276       0.0000001685833305
     28.3283291       0.0000001673901449
     28.4284286       0.0000001662098791
     28.5285282       0.0000001650418784
     28.6286278       0.0000001638862745
     28.7287292       0.0000001627426894
     28.8288288       0.0000001616110883
     28.9289284       0.0000001604912787
     29.0290298       0.0000001593829908
     29.1291294       0.0000001582862275
     29.2292290       0.0000001572007382
     29.3293285       0.0000001561265118
     29.4294300       0.0000001550631530
     29.5295296       0.0000001540105645
     29.6296291       0.0000001529686932
     29.7297306       0.0000001519374014
     29.8298302       0.0000001509164141
     29.9299297       0.0000001499058090
     30.0300293       0.0000001489054342
     30.1301308       0.0000001479146790
     30.2302303       0.0000001469341473
     30.3303299       0.0000001459631707
     30.4304314       0.0000001450019093
     30.5305309       0.0000001440500181
     30.6306305       0.0000001431074524
     30.7307301       0.0000001421742574
     30.8308315       0.0000001412500474
     30.9309311       0.0000001403348353
     31.0310307       0.0000001394285919
     31.1311302       0.0000001385309757
     31.2312317       0.0000001376420719
     31.3313313       0.0000001367617573
     31.4314308       0.0000001358897227
     31.5315323       0.0000001350261115
     31.6316319       0.0000001341707096
     31.7317314       0.0000001333233147
     31.8318310       0.0000001324841073
     31.9319324       0.0000001316525223
     32.0320320       0.0000001308289600
     32.1321335       0.0000001300132654
     32.2322311       0.0000001292049093
     32.3323326       0.0000001284041945
     32.4324341       0.0000001276107961
     32.5325317       0.0000001268248679
     32.6326332       0.0000001260461337
     32.7327309       0.0000001252744594
     32.8328323       0.0000001245099246
     32.9329338       0.0000001237523694
     33.0330315       0.0000001230016917
     33.1331329       0.0000001222578757
     33.2332344       0.0000001215209182
     33.3333321       0.0000001207904741
     33.4334335       0.0000001200665342
     33.5335350       0.0000001193491738
     33.6336327       0.0000001186381297
     33.7337341       0.0000001179334660
     33.8338356       0.0000001172351740
     33.9339333       0.0000001165429305
     34.0340347       0.0000001158568477
     34.1341324       0.0000001151770014
     34.2342339       0.0000001145028683
     34.3343353       0.0000001138346142
     34.4344330       0.0000001131723803
     34.5345345       0.0000001125158264
     34.6346359       0.0000001118649424
     34.7347336       0.0000001112198567
     34.8348351       0.0000001105801526
     34.9349365       0.0000001099460230
     35.0350342       0.0000001093173398
     35.1351357       0.0000001086940271
     35.2352371       0.0000001080759528
     35.3353348       0.0000001074632660
     35.4354362       0.0000001068557440
     35.5355339       0.0000001062533917
     35.6356354       0.0000001056559783
     35.7357368       0.0000001050637993
     35.8358345       0.0000001044765080
     35.9359360       0.0000001038940719
     36.0360374       0.0000001033165061
     36.1361351       0.0000001027437632
     36.2362366       0.0000001021758322
     36.3363380       0.0000001016124924
     36.4364357       0.0000001010538263
     36.5365372       0.0000001004997612
     36.6366348       0.0000000999502741
     36.7367363       0.0000000994053449
     36.8368378       0.0000000988647825
     36.9369354       0.0000000983286418
     37.0370369       0.0000000977967433
     37.1371384       0.0000000972693183
     37.2372360       0.0000000967461396
     37.3373375       0.0000000962269916
     37.4374390       0.0000000957121807
     37.5375366       0.0000000952014814
     37.6376381       0.0000000946947510
     37.7377396       0.0000000941921225
     37.8378372       0.0000000936936641
     37.9379387       0.0000000931988504
     38.0380363       0.0000000927081331
     38.1381378       0.0000000922212472
     38.2382393       0.0000000917381499
     38.3383369       0.0000000912588825
     38.4384384       0.0000000907834192
     38.5385399       0.0000000903115880
     38.6386375       0.0000000898433664
     38.7387390       0.0000000893789333
     38.8388405       0.0000000889179515
     38.9389381       0.0000000884605638
     39.0390396       0.0000000880067497
     39.1391373       0.0000000875563245
     39.2392387       0.0000000871095150
     39.3393402       0.0000000866660338
     39.4394379       0.0000000862258928
     39.5395393       0.0000000857890855
     39.6396408       0.0000000853556107
     39.7397385       0.0000000849253818
     39.8398399       0.0000000844985933
     39.9399414       0.0000000840748088
     40.0400391       0.0000000836543230
     40.1401405       0.0000000832368447
     40.2402420       0.0000000828226325
     40.3403397       0.0000000824114381
     40.4404411       0.0000000820032706
     40.5405388       0.0000000815981817
     40.6406403       0.0000000811960642
     40.7407417       0.0000000807969331
     40.8408394       0.0000000804008028
     40.9409409       0.0000000800074893
     41.0410423       0.0000000796170624
     41.1411400       0.0000000792295204
     41.2412415       0.0000000788447110
     41.3413429       0.0000000784628272
     41.4414406       0.0000000780836703
     41.5415421       0.0000000777071955
     41.6416397       0.0000000773334631
     41.7417412       0.0000000769624949
     41.8418427       0.0000000765940995
     41.9419403       0.0000000762283554
     42.0420418       0.0000000758653185
     42.1421432       0.0000000755048009
     42.2422409       0.0000000751467910
     42.3423424       0.0000000747914382
     42.4424438       0.0000000744385121
     42.5425415       0.0000000740881563
     42.6426430       0.0000000737401964
     42.7427444       0.0000000733946896
     42.8428421       0.0000000730516943
     42.9429436       0.0000000727110079
     43.0430412       0.0000000723726609
     43.1431427       0.0000000720367781
     43.2432442       0.0000000717031636
     43.3433418       0.0000000713719193
     43.4434433       0.0000000710429348
     43.5435448       0.0000000707162196
     43.6436424       0.0000000703917747
     43.7437439       0.0000000700694662
     43.8438454       0.0000000697494783
     43.9439430       0.0000000694316283
     44.0440445       0.0000000691159759
     44.1441460       0.0000000688024673
     44.2442436       0.0000000684910347
     44.3443451       0.0000000681817222
     44.4444427       0.0000000678746322
     44.5445442       0.0000000675694902
     44.6446457       0.0000000672663504
     44.7447433       0.0000000669653690
     44.8448448       0.0000000666663593
     44.9449463       0.0000000663692812
     45.0450439       0.0000000660742895
     45.1451454       0.0000000657812942
     45.2452469       0.0000000654901014
     45.3453445       0.0000000652009313
     45.4454460       0.0000000649136749
     45.5455437       0.0000000646282454
     45.6456451       0.0000000643447244
     45.7457466       0.0000000640631241
     45.8458443       0.0000000637832865
     45.9459457       0.0000000635053611
     46.0460472       0.0000000632291866
     46.1461449       0.0000000629548044
     46.2462463       0.0000000626822304
     46.3463478       0.0000000624114195
     46.4464455       0.0000000621423884
     46.5465469       0.0000000618750575
     46.6466484       0.0000000616094399
     46.7467461       0.0000000613455556
     46.8468475       0.0000000610832973
     46.9469452       0.0000000608228423
     47.0470467       0.0000000605639826
     47.1471481       0.0000000603067658
     47.2472458       0.0000000600511649
     47.3473473       0.0000000597972254
     47.4474487       0.0000000595449096
     47.5475464       0.0000000592941437
     47.6476479       0.0000000590449931
     47.7477493       0.0000000587973630
     47.8478470       0.0000000585513169
     47.9479485       0.0000000583068014
     48.0480499       0.0000000580638362
     48.1481476       0.0000000578224297
     48.2482491       0.0000000575824433
     48.3483467       0.0000000573439670
     48.4484482       0.0000000571070070
     48.5485497       0.0000000568714855
     48.6486473       0.0000000566374677
     48.7487488       0.0000000564048438
     48.8488503       0.0000000561736290
     48.9489479       0.0000000559438837
     49.0490494       0.0000000557154866
     49.1491508       0.0000000554884782
     49.2492485       0.0000000552629724
     49.3493500       0.0000000550387319
     49.4494476       0.0000000548159019
     49.5495491       0.0000000545944544
     49.6496506       0.0000000543741812
     49.7497482       0.0000000541554017
     49.8498497       0.0000000539379091
     49.9499512       0.0000000537216905
     50.0500488       0.0000000535068243
     50.1501503       0.0000000532931822
     50.2502518       0.0000000530808389
     50.3503494       0.0000000528697815
     50.4504509       0.0000000526599596
     50.5505524       0.0000000524514178
     50.6506500       0.0000000522440588
     50.7507515       0.0000000520379647
     50.8508492       0.0000000518331102
     50.9509506       0.0000000516294208
     51.0510521       0.0000000514269494
     51.1511497       0.0000000512256622
     51.2512512       0.0000000510254857
     51.3513527       0.0000000508265730
     51.4514503       0.0000000506288018
     51.5515518       0.0000000504321989
     51.6516533       0.0000000502367281
     51.7517509       0.0000000500423776
     51.8518524       0.0000000498491557
     51.9519501       0.0000000496570420
     52.0520515       0.0000000494660086
     52.1521530       0.0000000492761064
     52.2522507       0.0000000490873384
     52.3523521       0.0000000488996463
     52.4524536       0.0000000487129633
     52.5525513       0.0000000485273661
     52.6526527       0.0000000483428538
     52.7527542       0.0000000481594422
     52.8528519       0.0000000479770161
     52.9529533       0.0000000477955773
     53.0530548       0.0000000476152667
     53.1531525       0.0000000474358920
     53.2532539       0.0000000472575610
     53.3533516       0.0000000470802613
     53.4534531       0.0000000469038810
     53.5535545       0.0000000467285512
     53.6536522       0.0000000465541957
     53.7537537       0.0000000463808563
     53.8538551       0.0000000462083486
     53.9539528       0.0000000460369271
     54.0540543       0.0000000458664113
     54.1541557       0.0000000456968738
     54.2542534       0.0000000455282207
     54.3543549       0.0000000453605429
     54.4544525       0.0000000451937997
     54.5545540       0.0000000450279693
     54.6546555       0.0000000448629718
     54.7547531       0.0000000446990014
     54.8548546       0.0000000445358614
     54.9549561       0.0000000443736154
     55.0550537       0.0000000442122311
     55.1551552       0.0000000440517594
     55.2552567       0.0000000438921452
     55.3553543       0.0000000437334255
     55.4554558       0.0000000435755449
     55.5555573       0.0000000434185045
     55.6556549       0.0000000432623394
     55.7557564       0.0000000431070163
     55.8558540       0.0000000429525028
     55.9559555       0.0000000427988513
     56.0560570       0.0000000426460058
     56.1561546       0.0000000424940167
     56.2562561       0.0000000423427682
     56.3563576       0.0000000421923140
     56.4564552       0.0000000420427489
     56.5565567       0.0000000418938786
     56.6566582       0.0000000417458984
     56.7567558       0.0000000415986313
     56.8568573       0.0000000414521410
     56.9569588       0.0000000413064675
     57.0570564       0.0000000411615158
     57.1571579       0.0000000410174112
     57.2572556       0.0000000408739463
     57.3573570       0.0000000407312778
     57.4574585       0.0000000405893682
     57.5575562       0.0000000404482136
     57.6576576       0.0000000403077972
     57.7577591       0.0000000401680716
     57.8578568       0.0000000400290684
     57.9579582       0.0000000398908252
     58.0580597       0.0000000397532843
     58.1581573       0.0000000396164612
     58.2582588       0.0000000394803417
     58.3583565       0.0000000393448717
     58.4584579       0.0000000392101363
     58.5585594       0.0000000390761134
     58.6586571       0.0000000389427312
     58.7587585       0.0000000388100864
     58.8588600       0.0000000386781011
     58.9589577       0.0000000385467209
     59.0590591       0.0000000384160982
     59.1591606       0.0000000382861044
     59.2592583       0.0000000381567707
     59.3593597       0.0000000380280695
     59.4594612       0.0000000379000548
     59.5595589       0.0000000377726552
     59.6596603       0.0000000376459257
     59.7597580       0.0000000375198287
     59.8598595       0.0000000373943253
     59.9599609       0.0000000372695067
     60.0600586       0.0000000371452820
     60.1601601       0.0000000370216767
     60.2602615       0.0000000368986962
     60.3603592       0.0000000367763237
     60.4604607       0.0000000366545469
     60.5605621       0.0000000365333948
     60.6606598       0.0000000364128456
     60.7607613       0.0000000362928603
     60.8608627       0.0000000361734668
     60.9609604       0.0000000360547167
     61.0610619       0.0000000359364892
     61.1611595       0.0000000358188957
     61.2612610       0.0000000357018579
     61.3613625       0.0000000355854024
     61.4614601       0.0000000354694657
     61.5615616       0.0000000353541130
     61.6616631       0.0000000352393579
     61.7617607       0.0000000351251443
     61.8618622       0.0000000350114736
     61.9619637       0.0000000348983543
     62.0620613       0.0000000347858092
     62.1621628       0.0000000346738143
     62.2622604       0.0000000345622703
     62.3623619       0.0000000344513811
     62.4624634       0.0000000343409399
     62.5625610       0.0000000342310728
     62.6626625       0.0000000341216943
     62.7627640       0.0000000340129066
     62.8628616       0.0000000339045682
     62.9629631       0.0000000337967853
     63.0630646       0.0000000336895076
     63.1631622       0.0000000335827602
     63.2632637       0.0000000334764744
     63.3633652       0.0000000333707205
     63.4634628       0.0000000332654586
     63.5635643       0.0000000331607101
     63.6636620       0.0000000330564296
     63.7637634       0.0000000329526481
     63.8638649       0.0000000328493495
     63.9639626       0.0000000327465467
     64.0640640       0.0000000326442644
     64.1641617       0.0000000325424184
     64.2642670       0.0000000324410119
     64.3643646       0.0000000323401310
     64.4644623       0.0000000322397251
     64.5645676       0.0000000321397631
     64.6646652       0.0000000320402616
     64.7647629       0.0000000319412521
     64.8648682       0.0000000318426703
     64.9649658       0.0000000317445652
     65.0650635       0.0000000316468970
     65.1651688       0.0000000315496595
     65.2652664       0.0000000314529044
     65.3653641       0.0000000313565995
     65.4654617       0.0000000312607123
     65.5655670       0.0000000311652705
     65.6656647       0.0000000310702727
     65.7657623       0.0000000309757133
     65.8658676       0.0000000308815453
     65.9659653       0.0000000307878448
     66.0660629       0.0000000306945764
     66.1661682       0.0000000306017210
     66.2662659       0.0000000305092570
     66.3663635       0.0000000304172530
     66.4664688       0.0000000303256593
     66.5665665       0.0000000302344383
     66.6666641       0.0000000301436547
     66.7667694       0.0000000300532831
     66.8668671       0.0000000299632976
     66.9669647       0.0000000298737736
     67.0670700       0.0000000297845899
     67.1671677       0.0000000296958291
     67.2672653       0.0000000296074806
     67.3673706       0.0000000295194856
     67.4674683       0.0000000294319214
     67.5675659       0.0000000293447361
     67.6676712       0.0000000292579315
     67.7677689       0.0000000291714906
     67.8678665       0.0000000290854351
     67.9679642       0.0000000289997881
     68.0680695       0.0000000289144984
     68.1681671       0.0000000288296096
     68.2682648       0.0000000287450783
     68.3683701       0.0000000286609183
     68.4684677       0.0000000285771192
     68.5685654       0.0000000284936852
     68.6686707       0.0000000284106541
     68.7687683       0.0000000283279368
     68.8688660       0.0000000282456119
     68.9689713       0.0000000281636198
     69.0690689       0.0000000280820158
     69.1691666       0.0000000280007376
     69.2692719       0.0000000279198310
     69.3693695       0.0000000278392685
     69.4694672       0.0000000277590424
     69.5695724       0.0000000276791565
     69.6696701       0.0000000275996530
     69.7697678       0.0000000275204779
     69.8698730       0.0000000274416191
     69.9699707       0.0000000273631001
     70.0700684       0.0000000272849788
     70.1701736       0.0000000272071310
     70.2702713       0.0000000271296110
     70.3703690       0.0000000270524428
     70.4704742       0.0000000269755849
     70.5705719       0.0000000268991013
     70.6706696       0.0000000268228990
     70.7707672       0.0000000267470422
     70.8708725       0.0000000266714960
     70.9709702       0.0000000265962665
     71.0710678       0.0000000265213572
     71.1711731       0.0000000264467681
     71.2712708       0.0000000263724864
     71.3713684       0.0000000262985390
     71.4714737       0.0000000262248928
     71.5715714       0.0000000261515480
     71.6716690       0.0000000260785124
     71.7717743       0.0000000260057641
     71.8718719       0.0000000259333282
     71.9719696       0.0000000258612185
     72.0720749       0.0000000257893978
     72.1721725       0.0000000257178661
     72.2722702       0.0000000256466527
     72.3723755       0.0000000255757007
     72.4724731       0.0000000255050700
     72.5725708       0.0000000254347238
     72.6726761       0.0000000253646572
     72.7727737       0.0000000252948800
     72.8728714       0.0000000252254112
     72.9729767       0.0000000251562131
     73.0730743       0.0000000250873039
     73.1731720       0.0000000250186868
     73.2732697       0.0000000249503685
     73.3733749       0.0000000248822758
     73.4734726       0.0000000248144825
     73.5735703       0.0000000247469926
     73.6736755       0.0000000246797477
     73.7737732       0.0000000246127588
     73.8738708       0.0000000245460804
     73.9739761       0.0000000244796760
     74.0740738       0.0000000244135379
     74.1741714       0.0000000243476453
     74.2742767       0.0000000242820220
     74.3743744       0.0000000242166901
     74.4744720       0.0000000241516013
     74.5745773       0.0000000240867749
     74.6746750       0.0000000240221912
     74.7747726       0.0000000239578997
     74.8748779       0.0000000238938644
     74.9749756       0.0000000238300673
     75.0750732       0.0000000237665295
     75.1751785       0.0000000237032516
     75.2752762       0.0000000236402170
     75.3753738       0.0000000235774161
     75.4754791       0.0000000235149140
     75.5755768       0.0000000234526311
     75.6756744       0.0000000233905791
     75.7757721       0.0000000233288030
     75.8758774       0.0000000232672785
     75.9759750       0.0000000232059833
     76.0760727       0.0000000231449288
     76.1761780       0.0000000230840883
     76.2762756       0.0000000230235152
     76.3763733       0.0000000229631783
     76.4764786       0.0000000229030788
     76.5765762       0.0000000228432199
     76.6766739       0.0000000227835723
     76.7767792       0.0000000227241761
     76.8768768       0.0000000226650162
     76.9769745       0.0000000226061012
     77.0770798       0.0000000225473776
     77.1771774       0.0000000224888975
     77.2772751       0.0000000224306704
     77.3773804       0.0000000223726222
     77.4774780       0.0000000223148224
     77.5775757       0.0000000222572354
     77.6776810       0.0000000221998931
     77.7777786       0.0000000221427396
     77.8778763       0.0000000220858444
     77.9779816       0.0000000220291588
     78.0780792       0.0000000219727015
     78.1781769       0.0000000219164402
     78.2782745       0.0000000218603902
     78.3783798       0.0000000218045469
     78.4784775       0.0000000217489286
     78.5785751       0.0000000216935483
     78.6786804       0.0000000216383697
     78.7787781       0.0000000215833922
     78.8788757       0.0000000215286197
     78.9789810       0.0000000214740521
     79.0790787       0.0000000214196972
     79.1791763       0.0000000213655531
     79.2792816       0.0000000213116134
     79.3793793       0.0000000212578746
     79.4794769       0.0000000212043407
     79.5795822       0.0000000211510069
     79.6796799       0.0000000210978543
     79.7797775       0.0000000210449373
     79.8798828       0.0000000209922025
     79.9799805       0.0000000209396509
     80.0800781       0.0000000208873165
     80.1801834       0.0000000208351660
     80.2802811       0.0000000207832226
     80.3803787       0.0000000207314774
     80.4804840       0.0000000206799088
     80.5805817       0.0000000206285471
     80.6806793       0.0000000205773892
     80.7807770       0.0000000205263926
     80.8808823       0.0000000204755971
     80.9809799       0.0000000204249775
     81.0810776       0.0000000203745441
     81.1811829       0.0000000203243261
     81.2812805       0.0000000202742747
     81.3813782       0.0000000202244045
     81.4814835       0.0000000201747289
     81.5815811       0.0000000201252328
     81.6816788       0.0000000200759071
     81.7817841       0.0000000200267628
     81.8818817       0.0000000199778001
     81.9819794       0.0000000199290299
     82.0820847       0.0000000198804481
     82.1821823       0.0000000198320266
     82.2822800       0.0000000197837757
     82.3823853       0.0000000197357127
     82.4824829       0.0000000196878169
     82.5825806       0.0000000196400949
     82.6826859       0.0000000195925543
     82.7827835       0.0000000195451894
     82.8828812       0.0000000194979852
     82.9829865       0.0000000194509593
     83.0830841       0.0000000194040994
     83.1831818       0.0000000193573976
     83.2832794       0.0000000193108684
     83.3833847       0.0000000192645185
     83.4834824       0.0000000192183390
     83.5835800       0.0000000191722979
     83.6836853       0.0000000191264673
     83.7837830       0.0000000190807579
     83.8838806       0.0000000190352387
     83.9839859       0.0000000189898731
     84.0840836       0.0000000189446495
     84.1841812       0.0000000188996216
     84.2842865       0.0000000188547501
     84.3843842       0.0000000188100206
     84.4844818       0.0000000187654430
     84.5845871       0.0000000187210472
     84.6846848       0.0000000186768024
     84.7847824       0.0000000186327064
     84.8848877       0.0000000185887564
     84.9849854       0.0000000185449828
     85.0850830       0.0000000185013532
     85.1851883       0.0000000184578832
     85.2852859       0.0000000184145707
     85.3853836       0.0000000183713961
     85.4854889       0.0000000183283929
     85.5855865       0.0000000182855215
     85.6856842       0.0000000182428294
     85.7857895       0.0000000182002538
     85.8858871       0.0000000181578306
     85.9859848       0.0000000181155627
     86.0860825       0.0000000180734354
     86.1861877       0.0000000180314704
     86.2862854       0.0000000179896530
     86.3863831       0.0000000179479635
     86.4864883       0.0000000179064084
     86.5865860       0.0000000178650272
     86.6866837       0.0000000178237889
     86.7867889       0.0000000177826724
     86.8868866       0.0000000177417035
     86.9869843       0.0000000177008820
     87.0870895       0.0000000176602003
     87.1871872       0.0000000176196368
     87.2872849       0.0000000175792369
     87.3873901       0.0000000175389732
     87.4874878       0.0000000174988713
     87.5875854       0.0000000174588643
     87.6876907       0.0000000174190299
     87.7877884       0.0000000173793037
     87.8878860       0.0000000173397319
     87.9879913       0.0000000173002802
     88.0880890       0.0000000172609555
     88.1881866       0.0000000172217844
     88.2882919       0.0000000171827557
     88.3883896       0.0000000171438442
     88.4884872       0.0000000171050576
     88.5885849       0.0000000170664075
     88.6886902       0.0000000170278997
     88.7887878       0.0000000169895143
     88.8888855       0.0000000169512557
     88.9889908       0.0000000169131215
     89.0890884       0.0000000168751228
     89.1891861       0.0000000168372622
     89.2892914       0.0000000167995011
     89.3893890       0.0000000167618951
     89.4894867       0.0000000167243989
     89.5895920       0.0000000166870503
     89.6896896       0.0000000166498142
     89.7897873       0.0000000166126933
     89.8898926       0.0000000165757125
     89.9899902       0.0000000165388396
     90.0900879       0.0000000165020904
     90.1901932       0.0000000164654696
     90.2902908       0.0000000164289595
     90.3903885       0.0000000163925768
     90.4904938       0.0000000163563272
     90.5905914       0.0000000163201857
     90.6906891       0.0000000162841648
     90.7907944       0.0000000162482598
     90.8908920       0.0000000162124764
     90.9909897       0.0000000161768126
     91.0910873       0.0000000161412802
     91.1911926       0.0000000161058466
     91.2912903       0.0000000160705336
     91.3913879       0.0000000160353381
     91.4914932       0.0000000160002462
     91.5915909       0.0000000159652794
     91.6916885       0.0000000159304438
     91.7917938       0.0000000158956889
     91.8918915       0.0000000158610818
     91.9919891       0.0000000158265674
     92.0920944       0.0000000157921644
     92.1921921       0.0000000157578805
     92.2922897       0.0000000157237079
     92.3923950       0.0000000156896448
     92.4924927       0.0000000156556930
     92.5925903       0.0000000156218524
     92.6926956       0.0000000155881183
     92.7927933       0.0000000155544954
     92.8928909       0.0000000155209779
     92.9929962       0.0000000154875728
     93.0930939       0.0000000154542742
     93.1931915       0.0000000154210852
     93.2932968       0.0000000153879849
     93.3933945       0.0000000153550121
     93.4934921       0.0000000153221427
     93.5935898       0.0000000152893798
     93.6936951       0.0000000152567171
     93.7937927       0.0000000152241569
     93.8938904       0.0000000151917022
     93.9939957       0.0000000151593529
     94.0940933       0.0000000151271116
     94.1941910       0.0000000150949593
     94.2942963       0.0000000150629114
     94.3943939       0.0000000150309772
     94.4944916       0.0000000149991320
     94.5945969       0.0000000149673968
     94.6946945       0.0000000149357752
     94.7947922       0.0000000149042238
     94.8948975       0.0000000148727893
     94.9949951       0.0000000148414519
     95.0950928       0.0000000148102336
     95.1951981       0.0000000147790772
     95.2952957       0.0000000147480437
     95.3953934       0.0000000147171004
     95.4954987       0.0000000146862581
     95.5955963       0.0000000146554981
     95.6956940       0.0000000146248562
     95.7957993       0.0000000145942913
     95.8958969       0.0000000145638376
     95.9959946       0.0000000145334585
     96.0960999       0.0000000145031804
     96.1961975       0.0000000144730210
     96.2962952       0.0000000144429363
     96.3963928       0.0000000144129451
     96.4964981       0.0000000143830468
     96.5965958       0.0000000143532474
     96.6966934       0.0000000143235395
     96.7967987       0.0000000142939149
     96.8968964       0.0000000142643828
     96.9969940       0.0000000142349464
     97.0970993       0.0000000142056112
     97.1971970       0.0000000141763526
     97.2972946       0.0000000141471857
     97.3973999       0.0000000141181065
     97.4974976       0.0000000140891424
     97.5975952       0.0000000140602367
     97.6977005       0.0000000140314256
     97.7977982       0.0000000140027085
     97.8978958       0.0000000139740902
     97.9980011       0.0000000139455439
     98.0980988       0.0000000139170870
     98.1981964       0.0000000138887237
     98.2983017       0.0000000138604407
     98.3983994       0.0000000138322440
     98.4984970       0.0000000138041342
     98.5986023       0.0000000137761215
     98.6987000       0.0000000137481849
     98.7987976       0.0000000137203306
     98.8988953       0.0000000136925618
     98.9990005       0.0000000136648956
     99.0990982       0.0000000136372960
     99.1991959       0.0000000136097656
     99.2993011       0.0000000135823436
     99.3993988       0.0000000135549940
     99.4994965       0.0000000135277251
     99.5996017       0.0000000135005377
     99.6996994       0.0000000134734213
     99.7997971       0.0000000134464130
     99.8999023       0.0000000134194565
    100.0000000       0.0000000133925984
