# x		H(x,a)
      0.0000000       1.0000000000000000
      0.1001001       0.9900299906730652
      0.2002002       0.9607124924659729
      0.3003003       0.9137664437294006
      0.4004004       0.8518707156181335
      0.5005005       0.7784109115600586
      0.6006006       0.6971734166145325
      0.7007007       0.6120254397392273
      0.8008008       0.5266169309616089
      0.9009009       0.4441368877887726
      1.0010010       0.3671516535866490
      1.1011012       0.2974989519007533
      1.2012012       0.2362823468628460
      1.3013012       0.1839421668126465
      1.4014014       0.1403575422719808
      1.5015016       0.1049776721645690
      1.6016016       0.0769606557424311
      1.7017016       0.0553040591619060
      1.8018018       0.0389556268370996
      1.9019020       0.0268981040618397
      2.0020020       0.0182067121974001
      2.1021020       0.0120817486020456
      2.2022023       0.0078607399016619
      2.3023024       0.0050154410100708
      2.4024024       0.0031389772981359
      2.5025024       0.0019279710356301
      2.6026025       0.0011629981840171
      2.7027028       0.0006898970381542
      2.8028028       0.0004033399603571
      2.9029028       0.0002332724406818
      3.0030031       0.0001343066056440
      3.1031032       0.0000777763500551
      3.2032032       0.0000460216670144
      3.3033032       0.0000284252916911
      3.4034033       0.0000187550071352
      3.5035036       0.0000134368915346
      3.6036036       0.0000104677339821
      3.7037036       0.0000087490917501
      3.8038039       0.0000076911635141
      3.9039040       0.0000069832586088
      4.0040040       0.0000064643699983
      4.1041040       0.0000060520094351
      4.2042041       0.0000057040346149
      4.3043041       0.0000053986652751
      4.4044046       0.0000051242872841
      4.5045047       0.0000048742967561
      4.6046047       0.0000046446100909
      4.7047048       0.0000044324340160
      4.8048048       0.0000042356842465
      4.9049048       0.0000040526950863
      5.0050049       0.0000038820733865
      5.1051049       0.0000037226275466
      5.2052050       0.0000035733262232
      5.3053055       0.0000034332623797
      5.4054055       0.0000033016327690
      5.5055056       0.0000031777322187
      5.6056056       0.0000030609329472
      5.7057056       0.0000029506573188
      5.8058057       0.0000028464122978
      5.9059057       0.0000027477403303
      6.0060062       0.0000026542258654
      6.1061063       0.0000025655090913
      6.2062063       0.0000024812491240
      6.3063064       0.0000024011402073
      6.4064064       0.0000023249038884
      6.5065064       0.0000022522879613
      6.6066065       0.0000021830590287
      6.7067065       0.0000021170049335
      6.8068066       0.0000020539296689
      6.9069071       0.0000019936496668
      7.0070071       0.0000019360010782
      7.1071072       0.0000018808339103
      7.2072072       0.0000018280006255
      7.3073072       0.0000017773678867
      7.4074073       0.0000017288205663
      7.5075073       0.0000016822368698
      7.6076078       0.0000016375160043
      7.7077079       0.0000015945570243
      7.8078079       0.0000015532686668
      7.9079080       0.0000015135636806
      8.0080080       0.0000014753626331
      8.1081085       0.0000014385912652
      8.2082081       0.0000014031763269
      8.3083086       0.0000013690531880
      8.4084082       0.0000013361595791
      8.5085087       0.0000013044348929
      8.6086082       0.0000012738285453
      8.7087088       0.0000012442848059
      8.8088093       0.0000012157558963
      8.9089088       0.0000011881961445
      9.0090094       0.0000011615617643
      9.1091089       0.0000011358129010
      9.2092094       0.0000011109093341
      9.3093090       0.0000010868144686
      9.4094095       0.0000010634946298
      9.5095091       0.0000010409167834
      9.6096096       0.0000010190505674
      9.7097101       0.0000009978645471
      9.8098097       0.0000009773315921
      9.9099102       0.0000009574265921
     10.0100098       0.0000009381213315
     10.1101103       0.0000009193931081
     10.2102098       0.0000009012215970
     10.3103104       0.0000008835821159
     10.4104099       0.0000008664559628
     10.5105104       0.0000008498216242
     10.6106110       0.0000008336623032
     10.7107105       0.0000008179587617
     10.8108110       0.0000008026939120
     10.9109106       0.0000007878524035
     11.0110111       0.0000007734188638
     11.1111107       0.0000007593780638
     11.2112112       0.0000007457162205
     11.3113117       0.0000007324199227
     11.4114113       0.0000007194759029
     11.5115118       0.0000007068715689
     11.6116114       0.0000006945948604
     11.7117119       0.0000006826362643
     11.8118114       0.0000006709834900
     11.9119120       0.0000006596263208
     12.0120125       0.0000006485554904
     12.1121120       0.0000006377602462
     12.2122126       0.0000006272335816
     12.3123121       0.0000006169648206
     12.4124126       0.0000006069460758
     12.5125122       0.0000005971697094
     12.6126127       0.0000005876274909
     12.7127123       0.0000005783124558
     12.8128128       0.0000005692175238
     12.9129133       0.0000005603352158
     13.0130129       0.0000005516592651
     13.1131134       0.0000005431827587
     13.2132130       0.0000005349007586
     13.3133135       0.0000005268066408
     13.4134130       0.0000005188960610
     13.5135136       0.0000005111609590
     13.6136131       0.0000005035981867
     13.7137136       0.0000004962023752
     13.8138142       0.0000004889683544
     13.9139137       0.0000004818906278
     14.0140142       0.0000004749664316
     14.1141138       0.0000004681907263
     14.2142143       0.0000004615585988
     14.3143139       0.0000004550662763
     14.4144144       0.0000004487103248
     14.5145149       0.0000004424869109
     14.6146145       0.0000004363920812
     14.7147150       0.0000004304226689
     14.8148146       0.0000004245747111
     14.9149151       0.0000004188448366
     15.0150146       0.0000004132312095
     15.1151152       0.0000004077286661
     15.2152157       0.0000004023362097
     15.3153152       0.0000003970499426
     15.4154158       0.0000003918671724
     15.5155153       0.0000003867853858
     15.6156158       0.0000003818016926
     15.7157154       0.0000003769144486
     15.8158159       0.0000003721200958
     15.9159155       0.0000003674166215
     16.0160160       0.0000003628018129
     16.1161156       0.0000003582739340
     16.2162170       0.0000003538300531
     16.3163166       0.0000003494685399
     16.4164162       0.0000003451868149
     16.5165157       0.0000003409840743
     16.6166172       0.0000003368572113
     16.7167168       0.0000003328049692
     16.8168163       0.0000003288257136
     16.9169178       0.0000003249174083
     17.0170174       0.0000003210783871
     17.1171169       0.0000003173069788
     17.2172165       0.0000003136019702
     17.3173180       0.0000003099610508
     17.4174175       0.0000003063837019
     17.5175171       0.0000003028680747
     17.6176186       0.0000002994121585
     17.7177181       0.0000002960155541
     17.8178177       0.0000002926764945
     17.9179173       0.0000002893933779
     18.0180187       0.0000002861652694
     18.1181183       0.0000002829913147
     18.2182178       0.0000002798696806
     18.3183174       0.0000002767997223
     18.4184189       0.0000002737797166
     18.5185184       0.0000002708088573
     18.6186180       0.0000002678862838
     18.7187195       0.0000002650111974
     18.8188190       0.0000002621817438
     18.9189186       0.0000002593974865
     19.0190182       0.0000002566572735
     19.1191196       0.0000002539606040
     19.2192192       0.0000002513061557
     19.3193188       0.0000002486930075
     19.4194202       0.0000002461206629
     19.5195198       0.0000002435881197
     19.6196194       0.0000002410944216
     19.7197189       0.0000002386386204
     19.8198204       0.0000002362202878
     19.9199200       0.0000002338389323
     20.0200195       0.0000002314931042
     20.1201210       0.0000002291823093
     20.2202206       0.0000002269063018
     20.3203201       0.0000002246639067
     20.4204197       0.0000002224546863
     20.5205212       0.0000002202779933
     20.6206207       0.0000002181328537
     20.7207203       0.0000002160192236
     20.8208199       0.0000002139359802
     20.9209213       0.0000002118830611
     21.0210209       0.0000002098594906
     21.1211205       0.0000002078645461
     21.2212219       0.0000002058980638
     21.3213215       0.0000002039594196
     21.4214211       0.0000002020480008
     21.5215206       0.0000002001636589
     21.6216221       0.0000001983053195
     21.7217216       0.0000001964728733
     21.8218212       0.0000001946653789
     21.9219227       0.0000001928830538
     22.0220222       0.0000001911252510
     22.1221218       0.0000001893911304
     22.2222214       0.0000001876807221
     22.3223228       0.0000001859933117
     22.4224224       0.0000001843284444
     22.5225220       0.0000001826860457
     22.6226234       0.0000001810654698
     22.7227230       0.0000001794663419
     22.8228226       0.0000001778884275
     22.9229221       0.0000001763311363
     23.0230236       0.0000001747942500
     23.1231232       0.0000001732775610
     23.2232227       0.0000001717804430
     23.3233242       0.0000001703024788
     23.4234238       0.0000001688436270
     23.5235233       0.0000001674036672
     23.6236229       0.0000001659818357
     23.7237244       0.0000001645782621
     23.8238239       0.0000001631922809
     23.9239235       0.0000001618237919
     24.0240250       0.0000001604722753
     24.1241245       0.0000001591379612
     24.2242241       0.0000001578199723
     24.3243237       0.0000001565184401
     24.4244251       0.0000001552328289
     24.5245247       0.0000001539631919
     24.6246243       0.0000001527090706
     24.7247238       0.0000001514700710
     24.8248253       0.0000001502463258
     24.9249249       0.0000001490371054
     25.0250244       0.0000001478425899
     25.1251259       0.0000001466623448
     25.2252254       0.0000001454962921
     25.3253250       0.0000001443440892
     25.4254246       0.0000001432053054
     25.5255260       0.0000001420801776
     25.6256256       0.0000001409681550
     25.7257252       0.0000001398692043
     25.8258266       0.0000001387831165
     25.9259262       0.0000001377096094
     26.0260258       0.0000001366484236
     26.1261253       0.0000001355996541
     26.2262268       0.0000001345628013
     26.3263264       0.0000001335377181
     26.4264259       0.0000001325244261
     26.5265274       0.0000001315224777
     26.6266270       0.0000001305321376
     26.7267265       0.0000001295528210
     26.8268261       0.0000001285844858
     26.9269276       0.0000001276270134
     27.0270271       0.0000001266800978
     27.1271267       0.0000001257437897
     27.2272263       0.0000001248178039
     27.3273277       0.0000001239020349
     27.4274273       0.0000001229963543
     27.5275269       0.0000001221005197
     27.6276283       0.0000001212143730
     27.7277279       0.0000001203379900
     27.8278275       0.0000001194710085
     27.9279270       0.0000001186133375
     28.0280285       0.0000001177649816
     28.1281281       0.0000001169255312
     28.2282276       0.0000001160953083
     28.3283291       0.0000001152736132
     28.4284286       0.0000001144608210
     28.5285282       0.0000001136564785
     28.6286278       0.0000001128606746
     28.7287292       0.0000001120731274
     28.8288288       0.0000001112938447
     28.9289284       0.0000001105226836
     29.0290298       0.0000001097594568
     29.1291294       0.0000001090041865
     29.2292290       0.0000001082566463
     29.3293285       0.0000001075168861
     29.4294300       0.0000001067846004
     29.5295296       0.0000001060597287
     29.6296291       0.0000001053422392
     29.7297306       0.0000001046320443
     29.8298302       0.0000001039289369
     29.9299297       0.0000001032329760
     30.0300293       0.0000001025440668
     30.1301308       0.0000001018617924
     30.2302303       0.0000001011865373
     30.3303299       0.0000001005178677
     30.4304314       0.0000000998558916
     30.5305309       0.0000000992003817
     30.6306305       0.0000000985512810
     30.7307301       0.0000000979086324
     30.8308315       0.0000000972721690
     30.9309311       0.0000000966419104
     31.0310307       0.0000000960178207
     31.1311302       0.0000000953996778
     31.2312317       0.0000000947875267
     31.3313313       0.0000000941813020
     31.4314308       0.0000000935807754
     31.5315323       0.0000000929860373
     31.6316319       0.0000000923969752
     31.7317314       0.0000000918134043
     31.8318310       0.0000000912354892
     31.9319324       0.0000000906628061
     32.0320320       0.0000000900956734
     32.1321335       0.0000000895339378
     32.2322311       0.0000000889772546
     32.3323326       0.0000000884258510
     32.4324341       0.0000000878794707
     32.5325317       0.0000000873382445
     32.6326332       0.0000000868019608
     32.7327309       0.0000000862705505
     32.8328323       0.0000000857440553
     32.9329338       0.0000000852223499
     33.0330315       0.0000000847054072
     33.1331329       0.0000000841931646
     33.2332344       0.0000000836856744
     33.3333321       0.0000000831826345
     33.4334335       0.0000000826841009
     33.5335350       0.0000000821900827
     33.6336327       0.0000000817004267
     33.7337341       0.0000000812151555
     33.8338356       0.0000000807342740
     33.9339333       0.0000000802575661
     34.0340347       0.0000000797850832
     34.1341324       0.0000000793169128
     34.2342339       0.0000000788526673
     34.3343353       0.0000000783924665
     34.4344330       0.0000000779364216
     34.5345345       0.0000000774842876
     34.6346359       0.0000000770360506
     34.7347336       0.0000000765918085
     34.8348351       0.0000000761512751
     34.9349365       0.0000000757145819
     35.0350342       0.0000000752816413
     35.1351357       0.0000000748523974
     35.2352371       0.0000000744267499
     35.3353348       0.0000000740048296
     35.4354362       0.0000000735864537
     35.5355339       0.0000000731716410
     35.6356354       0.0000000727602376
     35.7357368       0.0000000723524297
     35.8358345       0.0000000719479865
     35.9359360       0.0000000715468961
     36.0360374       0.0000000711491489
     36.1361351       0.0000000707547258
     36.2362366       0.0000000703636185
     36.3363380       0.0000000699756787
     36.4364357       0.0000000695909492
     36.5365372       0.0000000692093940
     36.6366348       0.0000000688309895
     36.7367363       0.0000000684557181
     36.8368378       0.0000000680834588
     36.9369354       0.0000000677142482
     37.0370369       0.0000000673479562
     37.1371384       0.0000000669847424
     37.2372360       0.0000000666244521
     37.3373375       0.0000000662669376
     37.4374390       0.0000000659124155
     37.5375366       0.0000000655607242
     37.6376381       0.0000000652117592
     37.7377396       0.0000000648656229
     37.8378372       0.0000000645223594
     37.9379387       0.0000000641816043
     38.0380363       0.0000000638436740
     38.1381378       0.0000000635083703
     38.2382393       0.0000000631756887
     38.3383369       0.0000000628456438
     38.4384384       0.0000000625182065
     38.5385399       0.0000000621932847
     38.6386375       0.0000000618708439
     38.7387390       0.0000000615510094
     38.8388405       0.0000000612335535
     38.9389381       0.0000000609185705
     39.0390396       0.0000000606060486
     39.1391373       0.0000000602958668
     39.2392387       0.0000000599881741
     39.3393402       0.0000000596827646
     39.4394379       0.0000000593796537
     39.5395393       0.0000000590788526
     39.6396408       0.0000000587803343
     39.7397385       0.0000000584840642
     39.8398399       0.0000000581901504
     39.9399414       0.0000000578983118
     40.0400391       0.0000000576087395
     40.1401405       0.0000000573212485
     40.2402420       0.0000000570359989
     40.3403397       0.0000000567528261
     40.4404411       0.0000000564717421
     40.5405388       0.0000000561927780
     40.6406403       0.0000000559158574
     40.7407417       0.0000000556409954
     40.8408394       0.0000000553681952
     40.9409409       0.0000000550973389
     41.0410423       0.0000000548284759
     41.1411400       0.0000000545615954
     41.2412415       0.0000000542965915
     41.3413429       0.0000000540336061
     41.4414406       0.0000000537724956
     41.5415421       0.0000000535132442
     41.6416397       0.0000000532558653
     41.7417412       0.0000000530003984
     41.8418427       0.0000000527467099
     41.9419403       0.0000000524948332
     42.0420418       0.0000000522448256
     42.1421432       0.0000000519965584
     42.2422409       0.0000000517500107
     42.3423424       0.0000000515052955
     42.4424438       0.0000000512622511
     42.5425415       0.0000000510209772
     42.6426430       0.0000000507813599
     42.7427444       0.0000000505434212
     42.8428421       0.0000000503072188
     42.9429436       0.0000000500726006
     43.0430412       0.0000000498396012
     43.1431427       0.0000000496082971
     43.2432442       0.0000000493785512
     43.3433418       0.0000000491504375
     43.4434433       0.0000000489238809
     43.5435448       0.0000000486988909
     43.6436424       0.0000000484754575
     43.7437439       0.0000000482534985
     43.8438454       0.0000000480331445
     43.9439430       0.0000000478142534
     44.0440445       0.0000000475968744
     44.1441460       0.0000000473809804
     44.2442436       0.0000000471665090
     44.3443451       0.0000000469534993
     44.4444427       0.0000000467420228
     44.5445442       0.0000000465318842
     44.6446457       0.0000000463231263
     44.7447433       0.0000000461158578
     44.8448448       0.0000000459099424
     44.9449463       0.0000000457053596
     45.0450439       0.0000000455022124
     45.1451454       0.0000000453004389
     45.2452469       0.0000000450999111
     45.3453445       0.0000000449007731
     45.4454460       0.0000000447029531
     45.5455437       0.0000000445063902
     45.6456451       0.0000000443111456
     45.7457466       0.0000000441172191
     45.8458443       0.0000000439245110
     45.9459457       0.0000000437331110
     46.0460472       0.0000000435429231
     46.1461449       0.0000000433539749
     46.2462463       0.0000000431662619
     46.3463478       0.0000000429797666
     46.4464455       0.0000000427944980
     46.5465469       0.0000000426104044
     46.6466484       0.0000000424274863
     46.7467461       0.0000000422457556
     46.8468475       0.0000000420651551
     46.9469452       0.0000000418857874
     47.0470467       0.0000000417075254
     47.1471481       0.0000000415303941
     47.2472458       0.0000000413543744
     47.3473473       0.0000000411795000
     47.4474487       0.0000000410057380
     47.5475464       0.0000000408330481
     47.6476479       0.0000000406614718
     47.7477493       0.0000000404909389
     47.8478470       0.0000000403215012
     47.9479485       0.0000000401531127
     48.0480499       0.0000000399857970
     48.1481476       0.0000000398195466
     48.2482491       0.0000000396542814
     48.3483467       0.0000000394900592
     48.4484482       0.0000000393268731
     48.5485497       0.0000000391646846
     48.6486473       0.0000000390035197
     48.7487488       0.0000000388433263
     48.8488503       0.0000000386841016
     48.9489479       0.0000000385258829
     49.0490494       0.0000000383686000
     49.1491508       0.0000000382122702
     49.2492485       0.0000000380569713
     49.3493500       0.0000000379025518
     49.4494476       0.0000000377490990
     49.5495491       0.0000000375965931
     49.6496506       0.0000000374449049
     49.7497482       0.0000000372942454
     49.8498497       0.0000000371444658
     49.9499512       0.0000000369955675
     50.0500488       0.0000000368475999
     50.1501503       0.0000000367004713
     50.2502518       0.0000000365542380
     50.3503494       0.0000000364088993
     50.4504509       0.0000000362644053
     50.5505524       0.0000000361207922
     50.6506500       0.0000000359779896
     50.7507515       0.0000000358360644
     50.8508492       0.0000000356949905
     50.9509506       0.0000000355547170
     51.0510521       0.0000000354152881
     51.1511497       0.0000000352766698
     51.2512512       0.0000000351388193
     51.3513527       0.0000000350018370
     51.4514503       0.0000000348656418
     51.5515518       0.0000000347302538
     51.6516533       0.0000000345956365
     51.7517509       0.0000000344617976
     51.8518524       0.0000000343287359
     51.9519501       0.0000000341964373
     52.0520515       0.0000000340648811
     52.1521530       0.0000000339341054
     52.2522507       0.0000000338041090
     52.3523521       0.0000000336748569
     52.4524536       0.0000000335462976
     52.5525513       0.0000000334184851
     52.6526527       0.0000000332914167
     52.7527542       0.0000000331651144
     52.8528519       0.0000000330394841
     52.9529533       0.0000000329145357
     53.0530548       0.0000000327903643
     53.1531525       0.0000000326668386
     53.2532539       0.0000000325440288
     53.3533516       0.0000000324219298
     53.4534531       0.0000000323004681
     53.5535545       0.0000000321797254
     53.6536522       0.0000000320596513
     53.7537537       0.0000000319402815
     53.8538551       0.0000000318214828
     53.9539528       0.0000000317034356
     54.0540543       0.0000000315860098
     54.1541557       0.0000000314692574
     54.2542534       0.0000000313531149
     54.3543549       0.0000000312376421
     54.4544525       0.0000000311228153
     54.5545540       0.0000000310086155
     54.6546555       0.0000000308949868
     54.7547531       0.0000000307820721
     54.8548546       0.0000000306697260
     54.9549561       0.0000000305579936
     55.0550537       0.0000000304468533
     55.1551552       0.0000000303363462
     55.2552567       0.0000000302264259
     55.3553543       0.0000000301171272
     55.4554558       0.0000000300083967
     55.5555573       0.0000000299002528
     55.6556549       0.0000000297927074
     55.7557564       0.0000000296857461
     55.8558540       0.0000000295793393
     55.9559555       0.0000000294735276
     56.0560570       0.0000000293682705
     56.1561546       0.0000000292635992
     56.2562561       0.0000000291594420
     56.3563576       0.0000000290558368
     56.4564552       0.0000000289528374
     56.5565567       0.0000000288503156
     56.6566582       0.0000000287484101
     56.7567558       0.0000000286469949
     56.8568573       0.0000000285461130
     56.9569588       0.0000000284457932
     57.0570564       0.0000000283459749
     57.1571579       0.0000000282467360
     57.2572556       0.0000000281479372
     57.3573570       0.0000000280496872
     57.4574585       0.0000000279519627
     57.5575562       0.0000000278547562
     57.6576576       0.0000000277580556
     57.7577591       0.0000000276618330
     57.8578568       0.0000000275661096
     57.9579582       0.0000000274709071
     58.0580597       0.0000000273761922
     58.1581573       0.0000000272819672
     58.2582588       0.0000000271882258
     58.3583565       0.0000000270949368
     58.4584579       0.0000000270021530
     58.5585594       0.0000000269098580
     58.6586571       0.0000000268180035
     58.7587585       0.0000000267266542
     58.8588600       0.0000000266357649
     58.9589577       0.0000000265452867
     59.0590591       0.0000000264553374
     59.1591606       0.0000000263658137
     59.2592583       0.0000000262767474
     59.3593597       0.0000000261881182
     59.4594612       0.0000000260999607
     59.5595589       0.0000000260122247
     59.6596603       0.0000000259249541
     59.7597580       0.0000000258381176
     59.8598595       0.0000000257516875
     59.9599609       0.0000000256657317
     60.0600586       0.0000000255801871
     60.1601601       0.0000000254950627
     60.2602615       0.0000000254103725
     60.3603592       0.0000000253261011
     60.4604607       0.0000000252422394
     60.5605621       0.0000000251588055
     60.6606598       0.0000000250757901
     60.7607613       0.0000000249931619
     60.8608627       0.0000000249109415
     60.9609604       0.0000000248291665
     61.0610619       0.0000000247477470
     61.1611595       0.0000000246667649
     61.2612610       0.0000000245861679
     61.3613625       0.0000000245059678
     61.4614601       0.0000000244261298
     61.5615616       0.0000000243466912
     61.6616631       0.0000000242676653
     61.7617607       0.0000000241890125
     61.8618622       0.0000000241107327
     61.9619637       0.0000000240328328
     62.0620613       0.0000000239553261
     62.1621628       0.0000000238782032
     62.2622604       0.0000000238013884
     62.3623619       0.0000000237250227
     62.4624634       0.0000000236489678
     62.5625610       0.0000000235733078
     62.6626625       0.0000000234979822
     62.7627640       0.0000000234230674
     62.8628616       0.0000000233484597
     62.9629631       0.0000000232742359
     63.0630646       0.0000000232003563
     63.1631622       0.0000000231268462
     63.2632637       0.0000000230536532
     63.3633652       0.0000000229808253
     63.4634628       0.0000000229083338
     63.5635643       0.0000000228362007
     63.6636620       0.0000000227643855
     63.7637634       0.0000000226929163
     63.8638649       0.0000000226217792
     63.9639626       0.0000000225509863
     64.0640640       0.0000000224805486
     64.1641617       0.0000000224104119
     64.2642670       0.0000000223405781
     64.3643646       0.0000000222711082
     64.4644623       0.0000000222019611
     64.5645676       0.0000000221331231
     64.6646652       0.0000000220646000
     64.7647629       0.0000000219964177
     64.8648682       0.0000000219285276
     64.9649658       0.0000000218609660
     65.0650635       0.0000000217937104
     65.1651688       0.0000000217267468
     65.2652664       0.0000000216601174
     65.3653641       0.0000000215937954
     65.4654617       0.0000000215277612
     65.5655670       0.0000000214620350
     65.6656647       0.0000000213966163
     65.7657623       0.0000000213314967
     65.8658676       0.0000000212666482
     65.9659653       0.0000000212021229
     66.0660629       0.0000000211378905
     66.1661682       0.0000000210739452
     66.2662659       0.0000000210102704
     66.3663635       0.0000000209469115
     66.4664688       0.0000000208838345
     66.5665665       0.0000000208210179
     66.6666641       0.0000000207584980
     66.7667694       0.0000000206962644
     66.8668671       0.0000000206342965
     66.9669647       0.0000000205726438
     67.0670700       0.0000000205112280
     67.1671677       0.0000000204501014
     67.2672653       0.0000000203892602
     67.3673706       0.0000000203286619
     67.4674683       0.0000000202683608
     67.5675659       0.0000000202083198
     67.6676712       0.0000000201485424
     67.7677689       0.0000000200890153
     67.8678665       0.0000000200297523
     67.9679642       0.0000000199707722
     68.0680695       0.0000000199120368
     68.1681671       0.0000000198535762
     68.2682648       0.0000000197953634
     68.3683701       0.0000000197374066
     68.4684677       0.0000000196796978
     68.5685654       0.0000000196222418
     68.6686707       0.0000000195650621
     68.7687683       0.0000000195080992
     68.8688660       0.0000000194514047
     68.9689713       0.0000000193949428
     69.0690689       0.0000000193387461
     69.1691666       0.0000000192827728
     69.2692719       0.0000000192270540
     69.3693695       0.0000000191715753
     69.4694672       0.0000000191163278
     69.5695724       0.0000000190613160
     69.6696701       0.0000000190065644
     69.7697678       0.0000000189520382
     69.8698730       0.0000000188977350
     69.9699707       0.0000000188436633
     70.0700684       0.0000000187898649
     70.1701736       0.0000000187362521
     70.2702713       0.0000000186828704
     70.3703690       0.0000000186297292
     70.4704742       0.0000000185768002
     70.5705719       0.0000000185241279
     70.6706696       0.0000000184716533
     70.7707672       0.0000000184194113
     70.8708725       0.0000000183673889
     70.9709702       0.0000000183155815
     71.0710678       0.0000000182639937
     71.1711731       0.0000000182126291
     71.2712708       0.0000000181614739
     71.3713684       0.0000000181105496
     71.4714737       0.0000000180598324
     71.5715714       0.0000000180093241
     71.6716690       0.0000000179590281
     71.7717743       0.0000000179089293
     71.8718719       0.0000000178590464
     71.9719696       0.0000000178093884
     72.0720749       0.0000000177599274
     72.1721725       0.0000000177106677
     72.2722702       0.0000000176616280
     72.3723755       0.0000000176127643
     72.4724731       0.0000000175641253
     72.5725708       0.0000000175156819
     72.6726761       0.0000000174674312
     72.7727737       0.0000000174193783
     72.8728714       0.0000000173715374
     72.9729767       0.0000000173238833
     73.0730743       0.0000000172764308
     73.1731720       0.0000000172291761
     73.2732697       0.0000000171821273
     73.3733749       0.0000000171352363
     73.4734726       0.0000000170885519
     73.5735703       0.0000000170420728
     73.6736755       0.0000000169957649
     73.7737732       0.0000000169496329
     73.8738708       0.0000000169037143
     73.9739761       0.0000000168579866
     74.0740738       0.0000000168124382
     74.1741714       0.0000000167670612
     74.2742767       0.0000000167218719
     74.3743744       0.0000000166768797
     74.4744720       0.0000000166320550
     74.5745773       0.0000000165874126
     74.6746750       0.0000000165429371
     74.7747726       0.0000000164986619
     74.8748779       0.0000000164545664
     74.9749756       0.0000000164106307
     75.0750732       0.0000000163668742
     75.1751785       0.0000000163232990
     75.2752762       0.0000000162798909
     75.3753738       0.0000000162366408
     75.4754791       0.0000000161936005
     75.5755768       0.0000000161507081
     75.6756744       0.0000000161079770
     75.7757721       0.0000000160654337
     75.8758774       0.0000000160230662
     75.9759750       0.0000000159808537
     76.0760727       0.0000000159388084
     76.1761780       0.0000000158969111
     76.2762756       0.0000000158551971
     76.3763733       0.0000000158136464
     76.4764786       0.0000000157722575
     76.5765762       0.0000000157310360
     76.6766739       0.0000000156899594
     76.7767792       0.0000000156490566
     76.8768768       0.0000000156083171
     76.9769745       0.0000000155677437
     77.0770798       0.0000000155273034
     77.1771774       0.0000000154870310
     77.2772751       0.0000000154469334
     77.3773804       0.0000000154069573
     77.4774780       0.0000000153671545
     77.5775757       0.0000000153274975
     77.6776810       0.0000000152880078
     77.7777786       0.0000000152486500
     77.8778763       0.0000000152094667
     77.9779816       0.0000000151704309
     78.0780792       0.0000000151315499
     78.1781769       0.0000000150928069
     78.2782745       0.0000000150542085
     78.3783798       0.0000000150157523
     78.4784775       0.0000000149774495
     78.5785751       0.0000000149393110
     78.6786804       0.0000000149013133
     78.7787781       0.0000000148634522
     78.8788757       0.0000000148257326
     78.9789810       0.0000000147881552
     79.0790787       0.0000000147507233
     79.1791763       0.0000000147134377
     79.2792816       0.0000000146762928
     79.3793793       0.0000000146392846
     79.4794769       0.0000000146024188
     79.5795822       0.0000000145656890
     79.6796799       0.0000000145290870
     79.7797775       0.0000000144926441
     79.8798828       0.0000000144563287
     79.9799805       0.0000000144201403
     80.0800781       0.0000000143840987
     80.1801834       0.0000000143481847
     80.2802811       0.0000000143124136
     80.3803787       0.0000000142767794
     80.4804840       0.0000000142412658
     80.5805817       0.0000000142058966
     80.6806793       0.0000000141706656
     80.7807770       0.0000000141355472
     80.8808823       0.0000000141005675
     80.9809799       0.0000000140657072
     81.0810776       0.0000000140309784
     81.1811829       0.0000000139963948
     81.2812805       0.0000000139619260
     81.3813782       0.0000000139275821
     81.4814835       0.0000000138933734
     81.5815811       0.0000000138592879
     81.6816788       0.0000000138253194
     81.7817841       0.0000000137914760
     81.8818817       0.0000000137577579
     81.9819794       0.0000000137241714
     82.0820847       0.0000000136907162
     82.1821823       0.0000000136573703
     82.2822800       0.0000000136241434
     82.3823853       0.0000000135910435
     82.4824829       0.0000000135580607
     82.5825806       0.0000000135251968
     82.6826859       0.0000000134924582
     82.7827835       0.0000000134598393
     82.8828812       0.0000000134273337
     82.9829865       0.0000000133949487
     83.0830841       0.0000000133626778
     83.1831818       0.0000000133305163
     83.2832794       0.0000000132984730
     83.3833847       0.0000000132665542
     83.4834824       0.0000000132347528
     83.5835800       0.0000000132030466
     83.6836853       0.0000000131714855
     83.7837830       0.0000000131400070
     83.8838806       0.0000000131086609
     83.9839859       0.0000000130774196
     84.0840836       0.0000000130462777
     84.1841812       0.0000000130152672
     84.2842865       0.0000000129843662
     84.3843842       0.0000000129535631
     84.4844818       0.0000000129228657
     84.5845871       0.0000000128922925
     84.6846848       0.0000000128618235
     84.7847824       0.0000000128314570
     84.8848877       0.0000000128011893
     84.9849854       0.0000000127710451
     85.0850830       0.0000000127410003
     85.1851883       0.0000000127110649
     85.2852859       0.0000000126812375
     85.3853836       0.0000000126515052
     85.4854889       0.0000000126218896
     85.5855865       0.0000000125923670
     85.6856842       0.0000000125629671
     85.7857895       0.0000000125336472
     85.8858871       0.0000000125044323
     85.9859848       0.0000000124753250
     86.0860825       0.0000000124463128
     86.1861877       0.0000000124174135
     86.2862854       0.0000000123886158
     86.3863831       0.0000000123599073
     86.4864883       0.0000000123312892
     86.5865860       0.0000000123027921
     86.6866837       0.0000000122743928
     86.7867889       0.0000000122460780
     86.8868866       0.0000000122178650
     86.9869843       0.0000000121897541
     87.0870895       0.0000000121617379
     87.1871872       0.0000000121338029
     87.2872849       0.0000000121059824
     87.3873901       0.0000000120782551
     87.4874878       0.0000000120506386
     87.5875854       0.0000000120230874
     87.6876907       0.0000000119956548
     87.7877884       0.0000000119682980
     87.8878860       0.0000000119410465
     87.9879913       0.0000000119138786
     88.0880890       0.0000000118867963
     88.1881866       0.0000000118598212
     88.2882919       0.0000000118329448
     88.3883896       0.0000000118061488
     88.4884872       0.0000000117794371
     88.5885849       0.0000000117528211
     88.6886902       0.0000000117263023
     88.7887878       0.0000000116998679
     88.8888855       0.0000000116735220
     88.9889908       0.0000000116472598
     89.0890884       0.0000000116210924
     89.1891861       0.0000000115950190
     89.2892914       0.0000000115690152
     89.3893890       0.0000000115431179
     89.4894867       0.0000000115172957
     89.5895920       0.0000000114915754
     89.6896896       0.0000000114659326
     89.7897873       0.0000000114403703
     89.8898926       0.0000000114149028
     89.9899902       0.0000000113895106
     90.0900879       0.0000000113642037
     90.1901932       0.0000000113389844
     90.2902908       0.0000000113138404
     90.3903885       0.0000000112887849
     90.4904938       0.0000000112638224
     90.5905914       0.0000000112389344
     90.6906891       0.0000000112141279
     90.7907944       0.0000000111894013
     90.8908920       0.0000000111647600
     90.9909897       0.0000000111401986
     91.0910873       0.0000000111157293
     91.1911926       0.0000000110913292
     91.2912903       0.0000000110670106
     91.3913879       0.0000000110427735
     91.4914932       0.0000000110186070
     91.5915909       0.0000000109945273
     91.6916885       0.0000000109705371
     91.7917938       0.0000000109466036
     91.8918915       0.0000000109227708
     91.9919891       0.0000000108990013
     92.0920944       0.0000000108753108
     92.1921921       0.0000000108517009
     92.2922897       0.0000000108281671
     92.3923950       0.0000000108047107
     92.4924927       0.0000000107813296
     92.5925903       0.0000000107580236
     92.6926956       0.0000000107347952
     92.7927933       0.0000000107116396
     92.8928909       0.0000000106885580
     92.9929962       0.0000000106655520
     93.0930939       0.0000000106426219
     93.1931915       0.0000000106197663
     93.2932968       0.0000000105969726
     93.3933945       0.0000000105742642
     93.4934921       0.0000000105516287
     93.5935898       0.0000000105290660
     93.6936951       0.0000000105065746
     93.7937927       0.0000000104841517
     93.8938904       0.0000000104618004
     93.9939957       0.0000000104395236
     94.0940933       0.0000000104173204
     94.1941910       0.0000000103951793
     94.2942963       0.0000000103731098
     94.3943939       0.0000000103511173
     94.4944916       0.0000000103291870
     94.5945969       0.0000000103073332
     94.6946945       0.0000000102855556
     94.7947922       0.0000000102638280
     94.8948975       0.0000000102421801
     94.9949951       0.0000000102206004
     95.0950928       0.0000000101991018
     95.1951981       0.0000000101776469
     95.2952957       0.0000000101562748
     95.3953934       0.0000000101349660
     95.4954987       0.0000000101137262
     95.5955963       0.0000000100925425
     95.6956940       0.0000000100714409
     95.7957993       0.0000000100503928
     95.8958969       0.0000000100294202
     95.9959946       0.0000000100084990
     96.0960999       0.0000000099876492
     96.1961975       0.0000000099668790
     96.2962952       0.0000000099461624
     96.3963928       0.0000000099255077
     96.4964981       0.0000000099049189
     96.5965958       0.0000000098843975
     96.6966934       0.0000000098639381
     96.7967987       0.0000000098435373
     96.8968964       0.0000000098232008
     96.9969940       0.0000000098029285
     97.0970993       0.0000000097827267
     97.1971970       0.0000000097625777
     97.2972946       0.0000000097424919
     97.3973999       0.0000000097224673
     97.4974976       0.0000000097025202
     97.5975952       0.0000000096826140
     97.6977005       0.0000000096627743
     97.7977982       0.0000000096429965
     97.8978958       0.0000000096232892
     97.9980011       0.0000000096036305
     98.0980988       0.0000000095840346
     98.1981964       0.0000000095645013
     98.2983017       0.0000000095450245
     98.3983994       0.0000000095256072
     98.4984970       0.0000000095062481
     98.5986023       0.0000000094869574
     98.6987000       0.0000000094677195
     98.7987976       0.0000000094485367
     98.8988953       0.0000000094294149
     98.9990005       0.0000000094103614
     99.0990982       0.0000000093913555
     99.1991959       0.0000000093723965
     99.2993011       0.0000000093535116
     99.3993988       0.0000000093346776
     99.4994965       0.0000000093158997
     99.5996017       0.0000000092971760
     99.6996994       0.0000000092785016
     99.7997971       0.0000000092599035
     99.8999023       0.0000000092413396
    100.0000000       0.0000000092228439
