# x		H(x,a)
      0.0000000       1.0000000000000000
      0.1001001       0.9900299906730652
      0.2002002       0.9607124924659729
      0.3003003       0.9137664437294006
      0.4004004       0.8518707156181335
      0.5005005       0.7784109115600586
      0.6006006       0.6971734166145325
      0.7007007       0.6120254397392273
      0.8008008       0.5266169309616089
      0.9009009       0.4441368877887726
      1.0010010       0.3671598205100915
      1.1011012       0.2975220710964624
      1.2012012       0.2363186465978775
      1.3013012       0.1839874757384177
      1.4014014       0.1404076244896504
      1.5015016       0.1050291015601799
      1.6016016       0.0770110006963275
      1.7017016       0.0553517773779732
      1.8018018       0.0389998681681466
      1.9019020       0.0269385111303556
      2.0020020       0.0182432534976530
      2.1021020       0.0121145917605782
      2.2022023       0.0078901619008535
      2.3023024       0.0050417678731465
      2.4024024       0.0031625457470594
      2.5025024       0.0019491056902608
      2.6026025       0.0011819992025518
      2.7027028       0.0007070345238784
      2.8028028       0.0004188525635854
      2.9029028       0.0002473684338173
      3.0030031       0.0001471661958081
      3.1031032       0.0000895546345368
      3.2032032       0.0000568516834203
      3.3033032       0.0000384209861379
      3.4034033       0.0000280139468160
      3.5035036       0.0000220426863989
      3.6036036       0.0000184921532319
      3.7037036       0.0000162538785777
      3.8038039       0.0000147295942806
      3.9039040       0.0000136014414599
      4.0040040       0.0000127023522936
      4.1041040       0.0000119447106371
      4.2042041       0.0000112820168445
      4.3043041       0.0000106887764816
      4.4044046       0.0000101502232739
      4.5045047       0.0000096570386046
      4.6046047       0.0000092028128364
      4.7047048       0.0000087827489640
      4.8048048       0.0000083930308461
      4.9049048       0.0000080304910451
      5.0050049       0.0000076924205473
      5.1051049       0.0000073764830015
      5.2052050       0.0000070806409954
      5.3053055       0.0000068031021527
      5.4054055       0.0000065422743756
      5.5055056       0.0000062967631486
      5.6056056       0.0000060653216836
      5.7057056       0.0000058468079013
      5.8058057       0.0000056402432416
      5.9059057       0.0000054447223828
      6.0060062       0.0000052594201077
      6.1061063       0.0000050836258581
      6.2062063       0.0000049166624915
      6.3063064       0.0000047579247399
      6.4064064       0.0000046068600143
      6.5065064       0.0000044629698128
      6.6066065       0.0000043257909471
      6.7067065       0.0000041949028241
      6.8068066       0.0000040699172135
      6.9069071       0.0000039504712097
      7.0070071       0.0000038362389222
      7.1071072       0.0000037269232881
      7.2072072       0.0000036222325763
      7.3073072       0.0000035219024470
      7.4074073       0.0000034257050287
      7.5075073       0.0000033333980581
      7.6076078       0.0000032447827320
      7.7077079       0.0000031596581042
      7.8078079       0.0000030778442043
      7.9079080       0.0000029991677159
      8.0080080       0.0000029234713484
      8.1081085       0.0000028506076239
      8.2082081       0.0000027804319083
      8.3083086       0.0000027128161559
      8.4084082       0.0000026476367235
      8.5085087       0.0000025847733509
      8.6086082       0.0000025241258151
      8.7087088       0.0000024655841197
      8.8088093       0.0000024090533331
      8.9089088       0.0000023544429814
      9.0090094       0.0000023016660703
      9.1091089       0.0000022506441645
      9.2092094       0.0000022012971941
      9.3093090       0.0000021535523418
      9.4094095       0.0000021073433077
      9.5095091       0.0000020626049893
      9.6096096       0.0000020192764425
      9.7097101       0.0000019772958376
      9.8098097       0.0000019366090995
      9.9099102       0.0000018971670274
     10.0100098       0.0000018589128064
     10.1101103       0.0000018218024470
     10.2102098       0.0000017857948498
     10.3103104       0.0000017508418413
     10.4104099       0.0000017169061251
     10.5105104       0.0000016839445003
     10.6106110       0.0000016519245405
     10.7107105       0.0000016208074522
     10.8108110       0.0000015905597583
     10.9109106       0.0000015611509403
     11.0110111       0.0000015325504569
     11.1111107       0.0000015047282466
     11.2112112       0.0000014776569613
     11.3113117       0.0000014513099192
     11.4114113       0.0000014256611013
     11.5115118       0.0000014006852170
     11.6116114       0.0000013763585858
     11.7117119       0.0000013526624022
     11.8118114       0.0000013295720305
     11.9119120       0.0000013070674814
     12.0120125       0.0000012851303081
     12.1121120       0.0000012637392246
     12.2122126       0.0000012428803762
     12.3123121       0.0000012225325605
     12.4124126       0.0000012026801050
     12.5125122       0.0000011833079428
     12.6126127       0.0000011643999209
     12.7127123       0.0000011459417832
     12.8128128       0.0000011279200352
     12.9129133       0.0000011103195021
     13.0130129       0.0000010931278753
     13.1131134       0.0000010763314739
     13.2132130       0.0000010599203617
     13.3133135       0.0000010438816285
     13.4134130       0.0000010282065259
     13.5135136       0.0000010128793112
     13.6136131       0.0000009978935283
     13.7137136       0.0000009832385010
     13.8138142       0.0000009689040526
     13.9139137       0.0000009548793558
     14.0140142       0.0000009411588271
     14.1141138       0.0000009277326493
     14.2142143       0.0000009145909842
     14.3143139       0.0000009017260726
     14.4144144       0.0000008891315704
     14.5145149       0.0000008767997907
     14.6146145       0.0000008647227206
     14.7147150       0.0000008528941838
     14.8148146       0.0000008413062484
     14.9149151       0.0000008299523392
     15.0150146       0.0000008188288397
     15.1151152       0.0000008079254419
     15.2152157       0.0000007972401934
     15.3153152       0.0000007867653069
     15.4154158       0.0000007764954720
     15.5155153       0.0000007664257403
     15.6156158       0.0000007565504161
     15.7157154       0.0000007468662327
     15.8158159       0.0000007373660791
     15.9159155       0.0000007280460550
     16.0160160       0.0000007189016288
     16.1161156       0.0000007099294972
     16.2162170       0.0000007011238470
     16.3163166       0.0000006924813562
     16.4164162       0.0000006839970534
     16.5165157       0.0000006756692070
     16.6166172       0.0000006674917104
     16.7167168       0.0000006594620820
     16.8168163       0.0000006515770876
     16.9169178       0.0000006438326525
     17.0170174       0.0000006362255325
     17.1171169       0.0000006287524284
     17.2172165       0.0000006214108038
     17.3173180       0.0000006141962351
     17.4174175       0.0000006071076142
     17.5175171       0.0000006001413413
     17.6176186       0.0000005932933024
     17.7177181       0.0000005865628220
     17.8178177       0.0000005799464148
     17.9179173       0.0000005734408791
     18.0180187       0.0000005670442369
     18.1181183       0.0000005607549626
     18.2182178       0.0000005545693934
     18.3183174       0.0000005484861818
     18.4184189       0.0000005425019330
     18.5185184       0.0000005366150766
     18.6186180       0.0000005308239773
     18.7187195       0.0000005251269338
     18.8188190       0.0000005195202036
     18.9189186       0.0000005140031391
     19.0190182       0.0000005085733398
     19.1191196       0.0000005032298407
     19.2192192       0.0000004979700039
     19.3193188       0.0000004927919847
     19.4194202       0.0000004876947789
     19.5195198       0.0000004826764329
     19.6196194       0.0000004777351279
     19.7197189       0.0000004728689220
     19.8198204       0.0000004680768994
     19.9199200       0.0000004633581675
     20.0200195       0.0000004587098864
     20.1201210       0.0000004541309630
     20.2202206       0.0000004496209941
     20.3203201       0.0000004451776363
     20.4204197       0.0000004408000066
     20.5205212       0.0000004364868093
     20.6206207       0.0000004322361490
     20.7207203       0.0000004280479746
     20.8208199       0.0000004239199509
     20.9209213       0.0000004198520382
     21.0210209       0.0000004158422921
     21.1211205       0.0000004118892679
     21.2212219       0.0000004079925807
     21.3213215       0.0000004041511764
     21.4214211       0.0000004003636133
     21.5215206       0.0000003966297307
     21.6216221       0.0000003929473637
     21.7217216       0.0000003893163359
     21.8218212       0.0000003857347223
     21.9219227       0.0000003822029928
     22.0220222       0.0000003787198804
     22.1221218       0.0000003752836624
     22.2222214       0.0000003718944624
     22.3223228       0.0000003685508058
     22.4224224       0.0000003652518097
     22.5225220       0.0000003619973400
     22.6226234       0.0000003587861345
     22.7227230       0.0000003556174420
     22.8228226       0.0000003524907411
     22.9229221       0.0000003494049514
     23.0230236       0.0000003463595362
     23.1231232       0.0000003433541744
     23.2232227       0.0000003403876173
     23.3233242       0.0000003374589808
     23.4234238       0.0000003345682276
     23.5235233       0.0000003317148889
     23.6236229       0.0000003288974930
     23.7237244       0.0000003261163138
     23.8238239       0.0000003233699559
     23.9239235       0.0000003206582121
     24.0240250       0.0000003179801689
     24.1241245       0.0000003153362039
     24.2242241       0.0000003127245727
     24.3243237       0.0000003101455300
     24.4244251       0.0000003075980574
     24.5245247       0.0000003050822551
     24.6246243       0.0000003025971613
     24.7247238       0.0000003001420623
     24.8248253       0.0000002977171427
     24.9249249       0.0000002953210504
     25.0250244       0.0000002929540879
     25.1251259       0.0000002906154133
     25.2252254       0.0000002883048445
     25.3253250       0.0000002860217216
     25.4254246       0.0000002837652116
     25.5255260       0.0000002815357293
     25.6256256       0.0000002793322300
     25.7257252       0.0000002771546418
     25.8258266       0.0000002750024982
     25.9259262       0.0000002728753340
     26.0260258       0.0000002707725579
     26.1261253       0.0000002686944273
     26.2262268       0.0000002666398257
     26.3263264       0.0000002646086307
     26.4264259       0.0000002626007820
     26.5265274       0.0000002606153891
     26.6266270       0.0000002586529753
     26.7267265       0.0000002567124244
     26.8268261       0.0000002547936513
     26.9269276       0.0000002528963677
     27.0270271       0.0000002510200632
     27.1271267       0.0000002491647366
     27.2272263       0.0000002473298436
     27.3273277       0.0000002455152460
     27.4274273       0.0000002437206375
     27.5275269       0.0000002419454613
     27.6276283       0.0000002401895973
     27.7277279       0.0000002384529962
     27.8278275       0.0000002367350612
     27.9279270       0.0000002350355352
     28.0280285       0.0000002333544975
     28.1281281       0.0000002316911346
     28.2282276       0.0000002300460085
     28.3283291       0.0000002284177789
     28.4284286       0.0000002268072107
     28.5285282       0.0000002252133802
     28.6286278       0.0000002236364844
     28.7287292       0.0000002220759625
     28.8288288       0.0000002205317798
     28.9289284       0.0000002190037231
     29.0290298       0.0000002174913457
     29.1291294       0.0000002159947392
     29.2292290       0.0000002145135014
     29.3293285       0.0000002130476308
     29.4294300       0.0000002115965936
     29.5295296       0.0000002101602437
     29.6296291       0.0000002087385403
     29.7297306       0.0000002073312339
     29.8298302       0.0000002059380112
     29.9299297       0.0000002045589501
     30.0300293       0.0000002031938482
     30.1301308       0.0000002018419147
     30.2302303       0.0000002005038853
     30.3303299       0.0000001991788860
     30.4304314       0.0000001978671660
     30.5305309       0.0000001965682490
     30.6306305       0.0000001952820446
     30.7307301       0.0000001940086117
     30.8308315       0.0000001927474439
     30.9309311       0.0000001914985670
     31.0310307       0.0000001902619200
     31.1311302       0.0000001890370615
     31.2312317       0.0000001878240665
     31.3313313       0.0000001866228163
     31.4314308       0.0000001854328454
     31.5315323       0.0000001842543673
     31.6316319       0.0000001830871095
     31.7317314       0.0000001819307529
     31.8318310       0.0000001807855981
     31.9319324       0.0000001796508156
     32.0320320       0.0000001785270238
     32.1321335       0.0000001774139289
     32.2322311       0.0000001763108472
     32.3323326       0.0000001752182271
     32.4324341       0.0000001741355599
     32.5325317       0.0000001730631038
     32.6326332       0.0000001720004372
     32.7327309       0.0000001709474358
     32.8328323       0.0000001699041675
     32.9329338       0.0000001688703954
     33.0330315       0.0000001678460531
     33.1331329       0.0000001668310392
     33.2332344       0.0000001658254320
     33.3333321       0.0000001648286443
     33.4334335       0.0000001638407855
     33.5335350       0.0000001628618725
     33.6336327       0.0000001618916141
     33.7337341       0.0000001609300279
     33.8338356       0.0000001599771483
     33.9339333       0.0000001590325458
     34.0340347       0.0000001580963089
     34.1341324       0.0000001571686103
     34.2342339       0.0000001562486929
     34.3343353       0.0000001553368056
     34.4344330       0.0000001544331311
     34.5345345       0.0000001535372075
     34.6346359       0.0000001526490310
     34.7347336       0.0000001517687456
     34.8348351       0.0000001508958322
     34.9349365       0.0000001500305011
     35.0350342       0.0000001491726035
     35.1351357       0.0000001483220642
     35.2352371       0.0000001474786216
     35.3353348       0.0000001466425717
     35.4354362       0.0000001458135512
     35.5355339       0.0000001449915970
     35.6356354       0.0000001441763774
     35.7357368       0.0000001433682990
     35.8358345       0.0000001425669035
     35.9359360       0.0000001417721167
     36.0360374       0.0000001409839683
     36.1361351       0.0000001402024201
     36.2362366       0.0000001394274301
     36.3363380       0.0000001386586910
     36.4364357       0.0000001378963743
     36.5365372       0.0000001371402959
     36.6366348       0.0000001363904708
     36.7367363       0.0000001356468750
     36.8368378       0.0000001349092192
     36.9369354       0.0000001341776251
     37.0370369       0.0000001334517963
     37.1371384       0.0000001327320865
     37.2372360       0.0000001320181630
     37.3373375       0.0000001313097451
     37.4374390       0.0000001306072490
     37.5375366       0.0000001299103544
     37.6376381       0.0000001292188653
     37.7377396       0.0000001285329846
     37.8378372       0.0000001278527988
     37.9379387       0.0000001271775975
     38.0380363       0.0000001265079583
     38.1381378       0.0000001258435613
     38.2382393       0.0000001251843480
     38.3383369       0.0000001245303344
     38.4384384       0.0000001238815366
     38.5385399       0.0000001232376723
     38.6386375       0.0000001225987475
     38.7387390       0.0000001219649969
     38.8388405       0.0000001213359443
     38.9389381       0.0000001207118012
     39.0390396       0.0000001200925308
     39.1391373       0.0000001194778931
     39.2392387       0.0000001188681828
     39.3393402       0.0000001182630164
     39.4394379       0.0000001176623991
     39.5395393       0.0000001170663525
     39.6396408       0.0000001164748350
     39.7397385       0.0000001158877657
     39.8398399       0.0000001153053578
     39.9399414       0.0000001147270790
     40.0400391       0.0000001141532825
     40.1401405       0.0000001135836141
     40.2402420       0.0000001130183775
     40.3403397       0.0000001124572718
     40.4404411       0.0000001119002823
     40.5405388       0.0000001113475208
     40.6406403       0.0000001107987976
     40.7407417       0.0000001102541422
     40.8408394       0.0000001097135736
     40.9409409       0.0000001091768817
     41.0410423       0.0000001086441027
     41.1411400       0.0000001081152769
     41.2412415       0.0000001075901812
     41.3413429       0.0000001070690593
     41.4414406       0.0000001065516641
     41.5415421       0.0000001060379382
     41.6416397       0.0000001055279457
     41.7417412       0.0000001050217270
     41.8418427       0.0000001045190358
     41.9419403       0.0000001040199379
     42.0420418       0.0000001035245340
     42.1421432       0.0000001030325936
     42.2422409       0.0000001025440506
     42.3423424       0.0000001020591464
     42.4424438       0.0000001015775482
     42.5425415       0.0000001010994601
     42.6426430       0.0000001006246363
     42.7427444       0.0000001001531582
     42.8428421       0.0000000996851149
     42.9429436       0.0000000992202229
     43.0430412       0.0000000987585198
     43.1431427       0.0000000983001877
     43.2432442       0.0000000978449363
     43.3433418       0.0000000973929243
     43.4434433       0.0000000969440023
     43.5435448       0.0000000964981707
     43.6436424       0.0000000960554401
     43.7437439       0.0000000956156164
     43.8438454       0.0000000951789766
     43.9439430       0.0000000947452393
     44.0440445       0.0000000943145012
     44.1441460       0.0000000938866902
     44.2442436       0.0000000934617194
     44.3443451       0.0000000930396348
     44.4444427       0.0000000926205844
     44.5445442       0.0000000922041931
     44.6446457       0.0000000917905395
     44.7447433       0.0000000913798261
     44.8448448       0.0000000909717953
     44.9449463       0.0000000905664057
     45.0450439       0.0000000901638682
     45.1451454       0.0000000897640528
     45.2452469       0.0000000893666998
     45.3453445       0.0000000889721012
     45.4454460       0.0000000885801139
     45.5455437       0.0000000881906234
     45.6456451       0.0000000878037318
     45.7457466       0.0000000874194703
     45.8458443       0.0000000870376033
     45.9459457       0.0000000866583454
     46.0460472       0.0000000862814882
     46.1461449       0.0000000859070734
     46.2462463       0.0000000855351167
     46.3463478       0.0000000851655769
     46.4464455       0.0000000847984657
     46.5465469       0.0000000844336678
     46.6466484       0.0000000840712152
     46.7467461       0.0000000837111127
     46.8468475       0.0000000833532466
     46.9469452       0.0000000829978265
     47.0470467       0.0000000826445938
     47.1471481       0.0000000822935979
     47.2472458       0.0000000819448134
     47.3473473       0.0000000815982882
     47.4474487       0.0000000812539817
     47.5475464       0.0000000809117953
     47.6476479       0.0000000805718112
     47.7477493       0.0000000802339021
     47.8478470       0.0000000798981462
     47.9479485       0.0000000795644888
     48.0480499       0.0000000792329397
     48.1481476       0.0000000789035150
     48.2482491       0.0000000785760369
     48.3483467       0.0000000782506199
     48.4484482       0.0000000779272687
     48.5485497       0.0000000776058819
     48.6486473       0.0000000772865361
     48.7487488       0.0000000769691090
     48.8488503       0.0000000766536011
     48.9489479       0.0000000763400864
     49.0490494       0.0000000760284192
     49.1491508       0.0000000757186524
     49.2492485       0.0000000754109272
     49.3493500       0.0000000751049377
     49.4494476       0.0000000748008625
     49.5495491       0.0000000744986746
     49.6496506       0.0000000741980994
     49.7497482       0.0000000738995612
     49.8498497       0.0000000736027648
     49.9499512       0.0000000733077191
     50.0500488       0.0000000730145155
     50.1501503       0.0000000727229787
     50.2502518       0.0000000724332198
     50.3503494       0.0000000721452188
     50.4504509       0.0000000718589016
     50.5505524       0.0000000715743272
     50.6506500       0.0000000712913624
     50.7507515       0.0000000710101395
     50.8508492       0.0000000707306004
     50.9509506       0.0000000704526442
     51.0510521       0.0000000701763582
     51.1511497       0.0000000699016815
     51.2512512       0.0000000696285288
     51.3513527       0.0000000693570866
     51.4514503       0.0000000690872129
     51.5515518       0.0000000688189346
     51.6516533       0.0000000685521921
     51.7517509       0.0000000682869878
     51.8518524       0.0000000680233195
     51.9519501       0.0000000677611652
     52.0520515       0.0000000675004836
     52.1521530       0.0000000672413504
     52.2522507       0.0000000669837569
     52.3523521       0.0000000667276394
     52.4524536       0.0000000664728961
     52.5525513       0.0000000662196277
     52.6526527       0.0000000659678475
     52.7527542       0.0000000657175676
     52.8528519       0.0000000654686389
     52.9529533       0.0000000652210436
     53.0530548       0.0000000649749948
     53.1531525       0.0000000647302262
     53.2532539       0.0000000644868768
     53.3533516       0.0000000642449362
     53.4534531       0.0000000640042525
     53.5535545       0.0000000637650061
     53.6536522       0.0000000635270725
     53.7537537       0.0000000632905406
     53.8538551       0.0000000630551341
     53.9539528       0.0000000628212230
     54.0540543       0.0000000625885365
     54.1541557       0.0000000623571904
     54.2542534       0.0000000621270524
     54.3543549       0.0000000618982411
     54.4544525       0.0000000616707028
     54.5545540       0.0000000614444126
     54.6546555       0.0000000612192593
     54.7547531       0.0000000609955077
     54.8548546       0.0000000607728882
     54.9549561       0.0000000605514898
     55.0550537       0.0000000603312699
     55.1551552       0.0000000601122972
     55.2552567       0.0000000598944797
     55.3553543       0.0000000596779052
     55.4554558       0.0000000594624611
     55.5555573       0.0000000592481657
     55.6556549       0.0000000590350608
     55.7557564       0.0000000588231179
     55.8558540       0.0000000586122657
     55.9559555       0.0000000584025972
     56.0560570       0.0000000581940255
     56.1561546       0.0000000579866191
     56.2562561       0.0000000577802293
     56.3563576       0.0000000575749248
     56.4564552       0.0000000573708312
     56.5565567       0.0000000571676878
     56.6566582       0.0000000569657571
     56.7567558       0.0000000567647954
     56.8568573       0.0000000565648942
     56.9569588       0.0000000563661167
     57.0570564       0.0000000561683182
     57.1571579       0.0000000559716772
     57.2572556       0.0000000557759055
     57.3573570       0.0000000555812246
     57.4574585       0.0000000553875761
     57.5575562       0.0000000551949572
     57.6576576       0.0000000550033500
     57.7577591       0.0000000548126809
     57.8578568       0.0000000546229976
     57.9579582       0.0000000544343496
     58.0580597       0.0000000542466644
     58.1581573       0.0000000540599591
     58.2582588       0.0000000538742085
     58.3583565       0.0000000536893574
     58.4584579       0.0000000535054973
     58.5585594       0.0000000533226147
     58.6586571       0.0000000531406013
     58.7587585       0.0000000529595977
     58.8588600       0.0000000527794894
     58.9589577       0.0000000526002104
     59.0590591       0.0000000524219630
     59.1591606       0.0000000522445769
     59.2592583       0.0000000520680901
     59.3593597       0.0000000518924683
     59.4594612       0.0000000517177833
     59.5595589       0.0000000515439327
     59.6596603       0.0000000513709996
     59.7597580       0.0000000511989321
     59.8598595       0.0000000510276684
     59.9599609       0.0000000508573464
     60.0600586       0.0000000506878348
     60.1601601       0.0000000505191606
     60.2602615       0.0000000503513423
     60.3603592       0.0000000501843585
     60.4604607       0.0000000500181818
     60.5605621       0.0000000498528573
     60.6606598       0.0000000496883607
     60.7607613       0.0000000495246293
     60.8608627       0.0000000493617076
     60.9609604       0.0000000491996663
     61.0610619       0.0000000490383310
     61.1611595       0.0000000488778634
     61.2612610       0.0000000487181569
     61.3613625       0.0000000485592414
     61.4614601       0.0000000484010379
     61.5615616       0.0000000482436301
     61.6616631       0.0000000480870379
     61.7617607       0.0000000479311858
     61.8618622       0.0000000477760705
     61.9619637       0.0000000476217122
     62.0620613       0.0000000474681336
     62.1621628       0.0000000473153067
     62.2622604       0.0000000471630976
     62.3623619       0.0000000470117787
     62.4624634       0.0000000468610733
     62.5625610       0.0000000467111479
     62.6626625       0.0000000465618916
     62.7627640       0.0000000464134437
     62.8628616       0.0000000462656048
     62.9629631       0.0000000461185300
     63.0630646       0.0000000459721376
     63.1631622       0.0000000458264745
     63.2632637       0.0000000456814401
     63.3633652       0.0000000455371261
     63.4634628       0.0000000453934884
     63.5635643       0.0000000452505513
     63.6636620       0.0000000451082508
     63.7637634       0.0000000449666295
     63.8638649       0.0000000448256693
     63.9639626       0.0000000446853914
     64.0640640       0.0000000445458201
     64.1641617       0.0000000444068392
     64.2642670       0.0000000442684612
     64.3643646       0.0000000441308072
     64.4644623       0.0000000439937927
     64.5645676       0.0000000438573873
     64.6646652       0.0000000437216026
     64.7647629       0.0000000435864957
     64.8648682       0.0000000434519738
     64.9649658       0.0000000433180993
     65.0650635       0.0000000431848276
     65.1651688       0.0000000430521402
     65.2652664       0.0000000429201115
     65.3653641       0.0000000427886944
     65.4654617       0.0000000426578438
     65.5655670       0.0000000425276029
     65.6656647       0.0000000423979739
     65.7657623       0.0000000422689399
     65.8658676       0.0000000421404455
     65.9659653       0.0000000420125815
     66.0660629       0.0000000418853063
     66.1661682       0.0000000417585992
     66.2662659       0.0000000416324243
     66.3663635       0.0000000415068743
     66.4664688       0.0000000413818849
     66.5665665       0.0000000412574108
     66.6666641       0.0000000411335267
     66.7667694       0.0000000410102089
     66.8668671       0.0000000408874165
     66.9669647       0.0000000407652538
     67.0670700       0.0000000406435532
     67.1671677       0.0000000405224307
     67.2672653       0.0000000404018728
     67.3673706       0.0000000402817947
     67.4674683       0.0000000401623105
     67.5675659       0.0000000400433344
     67.6676712       0.0000000399248823
     67.7677689       0.0000000398069280
     67.8678665       0.0000000396894989
     67.9679642       0.0000000395726289
     68.0680695       0.0000000394562422
     68.1681671       0.0000000393403986
     68.2682648       0.0000000392250511
     68.3683701       0.0000000391102091
     68.4684677       0.0000000389958540
     68.5685654       0.0000000388820046
     68.6686707       0.0000000387687039
     68.7687683       0.0000000386558284
     68.8688660       0.0000000385434861
     68.9689713       0.0000000384316092
     69.0690689       0.0000000383202500
     69.1691666       0.0000000382093349
     69.2692719       0.0000000380989315
     69.3693695       0.0000000379889992
     69.4694672       0.0000000378795232
     69.5695724       0.0000000377705154
     69.6696701       0.0000000376620246
     69.7697678       0.0000000375539816
     69.8698730       0.0000000374463724
     69.9699707       0.0000000373392293
     70.0700684       0.0000000372326259
     70.1701736       0.0000000371263913
     70.2702713       0.0000000370206158
     70.3703690       0.0000000369153149
     70.4704742       0.0000000368104324
     70.5705719       0.0000000367060627
     70.6706696       0.0000000366020795
     70.7707672       0.0000000364985645
     70.8708725       0.0000000363954763
     70.9709702       0.0000000362928212
     71.0710678       0.0000000361906025
     71.1711731       0.0000000360888173
     71.2712708       0.0000000359874573
     71.3713684       0.0000000358865465
     71.4714737       0.0000000357860499
     71.5715714       0.0000000356859650
     71.6716690       0.0000000355863017
     71.7717743       0.0000000354870295
     71.8718719       0.0000000353881864
     71.9719696       0.0000000352897862
     72.0720749       0.0000000351917804
     72.1721725       0.0000000350941710
     72.2722702       0.0000000349969918
     72.3723755       0.0000000349001716
     72.4724731       0.0000000348037909
     72.5725708       0.0000000347077955
     72.6726761       0.0000000346121884
     72.7727737       0.0000000345169710
     72.8728714       0.0000000344221708
     72.9729767       0.0000000343277477
     73.0730743       0.0000000342337151
     73.1731720       0.0000000341400782
     73.2732697       0.0000000340468530
     73.3733749       0.0000000339539343
     73.4734726       0.0000000338614288
     73.5735703       0.0000000337693337
     73.6736755       0.0000000336775687
     73.7737732       0.0000000335861558
     73.8738708       0.0000000334951725
     73.9739761       0.0000000334045581
     74.0740738       0.0000000333143026
     74.1741714       0.0000000332243903
     74.2742767       0.0000000331348406
     74.3743744       0.0000000330456881
     74.4744720       0.0000000329568708
     74.5745773       0.0000000328684086
     74.6746750       0.0000000327802806
     74.7747726       0.0000000326925466
     74.8748779       0.0000000326051687
     74.9749756       0.0000000325181109
     75.0750732       0.0000000324314081
     75.1751785       0.0000000323450616
     75.2752762       0.0000000322590433
     75.3753738       0.0000000321733443
     75.4754791       0.0000000320880579
     75.5755768       0.0000000320030679
     75.6756744       0.0000000319183913
     75.7757721       0.0000000318340930
     75.8758774       0.0000000317501400
     75.9759750       0.0000000316664972
     76.0760727       0.0000000315831825
     76.1761780       0.0000000315001610
     76.2762756       0.0000000314175028
     76.3763733       0.0000000313351679
     76.4764786       0.0000000312531568
     76.5765762       0.0000000311714739
     76.6766739       0.0000000310900814
     76.7767792       0.0000000310090300
     76.8768768       0.0000000309283050
     76.9769745       0.0000000308479060
     77.0770798       0.0000000307677735
     77.1771774       0.0000000306879734
     77.2772751       0.0000000306085166
     77.3773804       0.0000000305293063
     77.4774780       0.0000000304504330
     77.5775757       0.0000000303718516
     77.6776810       0.0000000302936012
     77.7777786       0.0000000302156119
     77.8778763       0.0000000301379712
     77.9779816       0.0000000300606225
     78.0780792       0.0000000299835802
     78.1781769       0.0000000299068048
     78.2782745       0.0000000298303217
     78.3783798       0.0000000297541201
     78.4784775       0.0000000296782250
     78.5785751       0.0000000296026521
     78.6786804       0.0000000295273544
     78.7787781       0.0000000294523335
     78.8788757       0.0000000293775954
     78.9789810       0.0000000293031325
     79.0790787       0.0000000292289605
     79.1791763       0.0000000291550749
     79.2792816       0.0000000290814704
     79.3793793       0.0000000290081397
     79.4794769       0.0000000289350873
     79.5795822       0.0000000288623102
     79.6796799       0.0000000287897825
     79.7797775       0.0000000287175697
     79.8798828       0.0000000286456089
     79.9799805       0.0000000285738992
     80.0800781       0.0000000285024827
     80.1801834       0.0000000284313184
     80.2802811       0.0000000283604400
     80.3803787       0.0000000282898290
     80.4804840       0.0000000282194562
     80.5805817       0.0000000281493722
     80.6806793       0.0000000280795612
     80.7807770       0.0000000280099695
     80.8808823       0.0000000279406549
     80.9809799       0.0000000278715827
     81.0810776       0.0000000278027639
     81.1811829       0.0000000277342352
     81.2812805       0.0000000276659365
     81.3813782       0.0000000275978812
     81.4814835       0.0000000275300963
     81.5815811       0.0000000274625547
     81.6816788       0.0000000273952472
     81.7817841       0.0000000273281869
     81.8818817       0.0000000272613706
     81.9819794       0.0000000271948178
     82.0820847       0.0000000271285270
     82.1821823       0.0000000270624524
     82.2822800       0.0000000269966124
     82.3823853       0.0000000269310232
     82.4824829       0.0000000268656682
     82.5825806       0.0000000268005449
     82.6826859       0.0000000267356722
     82.7827835       0.0000000266710356
     82.8828812       0.0000000266066257
     82.9829865       0.0000000265424538
     83.0830841       0.0000000264785071
     83.1831818       0.0000000264147793
     83.2832794       0.0000000263512847
     83.3833847       0.0000000262880375
     83.4834824       0.0000000262250249
     83.5835800       0.0000000261621954
     83.6836853       0.0000000260996569
     83.7837830       0.0000000260372813
     83.8838806       0.0000000259751668
     83.9839859       0.0000000259132620
     84.0840836       0.0000000258515532
     84.1841812       0.0000000257901068
     84.2842865       0.0000000257288747
     84.3843842       0.0000000256678387
     84.4844818       0.0000000256070096
     84.5845871       0.0000000255464268
     84.6846848       0.0000000254860526
     84.7847824       0.0000000254258805
     84.8848877       0.0000000253659060
     84.9849854       0.0000000253061718
     85.0850830       0.0000000252466367
     85.1851883       0.0000000251873188
     85.2852859       0.0000000251282168
     85.3853836       0.0000000250692990
     85.4854889       0.0000000250106190
     85.5855865       0.0000000249521159
     85.6856842       0.0000000248938610
     85.7857895       0.0000000248357617
     85.8858871       0.0000000247778708
     85.9859848       0.0000000247201952
     86.0860825       0.0000000246627083
     86.1861877       0.0000000246054420
     86.2862854       0.0000000245483793
     86.3863831       0.0000000244914918
     86.4864883       0.0000000244347852
     86.5865860       0.0000000243783156
     86.6866837       0.0000000243220433
     86.7867889       0.0000000242659339
     86.8868866       0.0000000242100312
     86.9869843       0.0000000241543279
     87.0870895       0.0000000240988141
     87.1871872       0.0000000240434614
     87.2872849       0.0000000239883327
     87.3873901       0.0000000239333903
     87.4874878       0.0000000238786679
     87.5875854       0.0000000238240732
     87.6876907       0.0000000237697154
     87.7877884       0.0000000237155080
     87.8878860       0.0000000236615079
     87.9879913       0.0000000236076735
     88.0880890       0.0000000235540106
     88.1881866       0.0000000235005601
     88.2882919       0.0000000234473007
     88.3883896       0.0000000233942037
     88.4884872       0.0000000233412741
     88.5885849       0.0000000232885342
     88.6886902       0.0000000232359852
     88.7887878       0.0000000231836070
     88.8888855       0.0000000231314010
     88.9889908       0.0000000230793622
     89.0890884       0.0000000230275117
     89.1891861       0.0000000229758459
     89.2892914       0.0000000229243179
     89.3893890       0.0000000228730011
     89.4894867       0.0000000228218349
     89.5895920       0.0000000227708704
     89.6896896       0.0000000227200580
     89.7897873       0.0000000226694036
     89.8898926       0.0000000226189402
     89.9899902       0.0000000225686243
     90.0900879       0.0000000225184776
     90.1901932       0.0000000224685045
     90.2902908       0.0000000224186820
     90.3903885       0.0000000223690349
     90.4904938       0.0000000223195705
     90.5905914       0.0000000222702523
     90.6906891       0.0000000222210985
     90.7907944       0.0000000221721029
     90.8908920       0.0000000221232747
     90.9909897       0.0000000220746066
     91.0910873       0.0000000220261207
     91.1911926       0.0000000219777705
     91.2912903       0.0000000219295831
     91.3913879       0.0000000218815539
     91.4914932       0.0000000218336678
     91.5915909       0.0000000217859535
     91.6916885       0.0000000217384165
     91.7917938       0.0000000216909900
     91.8918915       0.0000000216437663
     91.9919891       0.0000000215966678
     92.0920944       0.0000000215497241
     92.1921921       0.0000000215029386
     92.2922897       0.0000000214563082
     92.3923950       0.0000000214098281
     92.4924927       0.0000000213634968
     92.5925903       0.0000000213173175
     92.6926956       0.0000000212712869
     92.7927933       0.0000000212254052
     92.8928909       0.0000000211796669
     92.9929962       0.0000000211340812
     93.0930939       0.0000000210886428
     93.1931915       0.0000000210433547
     93.2932968       0.0000000209981876
     93.3933945       0.0000000209531941
     93.4934921       0.0000000209083384
     93.5935898       0.0000000208636299
     93.6936951       0.0000000208190624
     93.7937927       0.0000000207746323
     93.8938904       0.0000000207303435
     93.9939957       0.0000000206861989
     94.0940933       0.0000000206422032
     94.1941910       0.0000000205983288
     94.2942963       0.0000000205545974
     94.3943939       0.0000000205110200
     94.4944916       0.0000000204675640
     94.5945969       0.0000000204242608
     94.6946945       0.0000000203811082
     94.7947922       0.0000000203380531
     94.8948975       0.0000000202951587
     94.9949951       0.0000000202523975
     95.0950928       0.0000000202097982
     95.1951981       0.0000000201672837
     95.2952957       0.0000000201249329
     95.3953934       0.0000000200827088
     95.4954987       0.0000000200406227
     95.5955963       0.0000000199986474
     95.6956940       0.0000000199568345
     95.7957993       0.0000000199151257
     95.8958969       0.0000000198735692
     95.9959946       0.0000000198321143
     96.0960999       0.0000000197907973
     96.1961975       0.0000000197496392
     96.2962952       0.0000000197085903
     96.3963928       0.0000000196676636
     96.4964981       0.0000000196268653
     96.5965958       0.0000000195862019
     96.6966934       0.0000000195456610
     96.7967987       0.0000000195052374
     96.8968964       0.0000000194649391
     96.9969940       0.0000000194247694
     97.0970993       0.0000000193847373
     97.1971970       0.0000000193448141
     97.2972946       0.0000000193050126
     97.3973999       0.0000000192653319
     97.4974976       0.0000000192258061
     97.5975952       0.0000000191863638
     97.6977005       0.0000000191470498
     97.7977982       0.0000000191078597
     97.8978958       0.0000000190688073
     97.9980011       0.0000000190298537
     98.0980988       0.0000000189910241
     98.1981964       0.0000000189523198
     98.2983017       0.0000000189137252
     98.3983994       0.0000000188752498
     98.4984970       0.0000000188368907
     98.5986023       0.0000000187986652
     98.6987000       0.0000000187605424
     98.7987976       0.0000000187225328
     98.8988953       0.0000000186846420
     98.9990005       0.0000000186468876
     99.0990982       0.0000000186092255
     99.1991959       0.0000000185716575
     99.2993011       0.0000000185342389
     99.3993988       0.0000000184969174
     99.4994965       0.0000000184597068
     99.5996017       0.0000000184226074
     99.6996994       0.0000000183856038
     99.7997971       0.0000000183487509
     99.8999023       0.0000000183119653
    100.0000000       0.0000000182753159
