# x		H(x,a)
      0.0000000       1.0000000000000000
      0.1001001       0.9900299906730652
      0.2002002       0.9607124924659729
      0.3003003       0.9137664437294006
      0.4004004       0.8518707156181335
      0.5005005       0.7784109115600586
      0.6006006       0.6971734166145325
      0.7007007       0.6120254397392273
      0.8008008       0.5266169309616089
      0.9009009       0.4441368877887726
      1.0010010       0.3671541138855903
      1.1011012       0.2975059165970821
      1.2012012       0.2362932822183643
      1.3013012       0.1839558162053823
      1.4014014       0.1403726296207623
      1.5015016       0.1049931653576038
      1.6016016       0.0769758222488157
      1.7017016       0.0553184343546328
      1.8018018       0.0389689546140841
      1.9019020       0.0269102767590128
      2.0020020       0.0182177203205014
      2.1021020       0.0120916426587875
      2.2022023       0.0078696033282613
      2.3023024       0.0050233720218003
      2.4024024       0.0031460773336027
      2.5025024       0.0019343378829988
      2.6026025       0.0011687222708475
      2.7027028       0.0006950597338146
      2.8028028       0.0004080131569139
      2.9029028       0.0002375188818542
      3.0030031       0.0001381805783407
      3.1031032       0.0000813245777990
      3.2032032       0.0000492842278563
      3.3033032       0.0000314365116552
      3.4034033       0.0000215442776049
      3.5035036       0.0000160294019540
      3.6036036       0.0000128851030469
      3.7037036       0.0000110099218707
      3.8038039       0.0000098115021003
      3.9039040       0.0000089769975185
      4.0040040       0.0000083435723207
      4.1041040       0.0000078271950612
      4.2042041       0.0000073844109789
      4.3043041       0.0000069923195877
      4.4044046       0.0000066383585465
      4.5045047       0.0000063151051064
      4.6046047       0.0000060177765347
      4.7047048       0.0000057429732494
      4.8048048       0.0000054880914494
      4.9049048       0.0000052510125331
      5.0050049       0.0000050299465279
      5.1051049       0.0000048233573661
      5.2052050       0.0000046299105791
      5.3053055       0.0000044484319699
      5.4054055       0.0000042778812534
      5.5055056       0.0000041173451958
      5.6056056       0.0000039660098489
      5.7057056       0.0000038231271147
      5.8058057       0.0000036880583602
      5.9059057       0.0000035602104954
      6.0060062       0.0000034390448872
      6.1061063       0.0000033240959682
      6.2062063       0.0000032149212356
      6.3063064       0.0000031111254924
      6.4064064       0.0000030123469506
      6.5065064       0.0000029182593872
      6.6066065       0.0000028285606420
      6.7067065       0.0000027429752462
      6.8068066       0.0000026612492005
      6.9069071       0.0000025831452052
      7.0070071       0.0000025084510417
      7.1071072       0.0000024369712946
      7.2072072       0.0000023685159447
      7.3073072       0.0000023029116904
      7.4074073       0.0000022400097540
      7.5075073       0.0000021796519055
      7.6076078       0.0000021217076695
      7.7077079       0.0000020660463407
      7.8078079       0.0000020125495375
      7.9079080       0.0000019611043850
      8.0080080       0.0000019116078160
      8.1081085       0.0000018639633817
      8.2082081       0.0000018180768482
      8.3083086       0.0000017738640566
      8.4084082       0.0000017312442697
      8.5085087       0.0000016901389328
      8.6086082       0.0000016504826259
      8.7087088       0.0000016122031871
      8.8088093       0.0000015752387873
      8.9089088       0.0000015395299191
      9.0090094       0.0000015050199946
      9.1091089       0.0000014716577964
      9.2092094       0.0000014393904740
      9.3093090       0.0000014081710197
      9.4094095       0.0000013779557263
      9.5095091       0.0000013487020145
      9.6096096       0.0000013203703492
      9.7097101       0.0000012929199018
      9.8098097       0.0000012663155641
      9.9099102       0.0000012405249448
     10.0100098       0.0000012155112712
     10.1101103       0.0000011912453806
     10.2102098       0.0000011677006653
     10.3103104       0.0000011448455291
     10.4104099       0.0000011226555268
     10.5105104       0.0000011011024587
     10.6106110       0.0000010801651841
     10.7107105       0.0000010598183121
     10.8108110       0.0000010400397796
     10.9109106       0.0000010208099154
     11.0110111       0.0000010021084202
     11.1111107       0.0000009839160108
     11.2112112       0.0000009662145354
     11.3113117       0.0000009489866539
     11.4114113       0.0000009322153202
     11.5115118       0.0000009158840021
     11.6116114       0.0000008999772884
     11.7117119       0.0000008844827227
     11.8118114       0.0000008693843723
     11.9119120       0.0000008546690234
     12.0120125       0.0000008403246974
     12.1121120       0.0000008263374042
     12.2122126       0.0000008126981442
     12.3123121       0.0000007993931309
     12.4124126       0.0000007864118391
     12.5125122       0.0000007737448318
     12.6126127       0.0000007613811296
     12.7127123       0.0000007493117428
     12.8128128       0.0000007375275616
     12.9129133       0.0000007260188918
     13.0130129       0.0000007147775980
     13.1131134       0.0000007037946755
     13.2132130       0.0000006930637683
     13.3133135       0.0000006825763228
     13.4134130       0.0000006723267142
     13.5135136       0.0000006623044622
     13.6136131       0.0000006525054443
     13.7137136       0.0000006429228857
     13.8138142       0.0000006335497426
     13.9139137       0.0000006243792476
     14.0140142       0.0000006154076796
     14.1141138       0.0000006066285022
     14.2142143       0.0000005980353716
     14.3143139       0.0000005896232468
     14.4144144       0.0000005813879158
     14.5145149       0.0000005733243953
     14.6146145       0.0000005654274032
     14.7147150       0.0000005576929230
     14.8148146       0.0000005501157502
     14.9149151       0.0000005426916936
     15.0150146       0.0000005354181804
     15.1151152       0.0000005282885675
     15.2152157       0.0000005213016686
     15.3153152       0.0000005144523344
     15.4154158       0.0000005077370767
     15.5155153       0.0000005011526690
     15.6156158       0.0000004946954107
     15.7157154       0.0000004883630268
     15.8158159       0.0000004821510811
     15.9159155       0.0000004760568263
     16.0160160       0.0000004700774915
     16.1161156       0.0000004642107538
     16.2162170       0.0000004584528829
     16.3163166       0.0000004528017231
     16.4164162       0.0000004472539586
     16.5165157       0.0000004418085208
     16.6166172       0.0000004364614498
     16.7167168       0.0000004312109755
     16.8168163       0.0000004260550980
     16.9169178       0.0000004209911604
     17.0170174       0.0000004160169759
     17.1171169       0.0000004111304330
     17.2172165       0.0000004063298842
     17.3173180       0.0000004016124062
     17.4174175       0.0000003969773001
     17.5175171       0.0000003924221132
     17.6176186       0.0000003879443298
     17.7177181       0.0000003835434000
     17.8178177       0.0000003792170175
     17.9179173       0.0000003749631457
     18.0180187       0.0000003707805208
     18.1181183       0.0000003666680424
     18.2182178       0.0000003626234333
     18.3183174       0.0000003586457334
     18.4184189       0.0000003547327082
     18.5185184       0.0000003508834230
     18.6186180       0.0000003470967017
     18.7187195       0.0000003433714946
     18.8188190       0.0000003397053751
     18.9189186       0.0000003360978349
     19.0190182       0.0000003325474169
     19.1191196       0.0000003290533499
     19.2192192       0.0000003256140533
     19.3193188       0.0000003222282210
     19.4194202       0.0000003188952649
     19.5195198       0.0000003156138782
     19.6196194       0.0000003123828290
     19.7197189       0.0000003092008901
     19.8198204       0.0000003060674684
     19.9199200       0.0000003029819765
     20.0200195       0.0000002999425206
     20.1201210       0.0000002969484489
     20.2202206       0.0000002939994737
     20.3203201       0.0000002910940258
     20.4204197       0.0000002882315704
     20.5205212       0.0000002854112176
     20.6206207       0.0000002826318231
     20.7207203       0.0000002798932398
     20.8208199       0.0000002771939930
     20.9209213       0.0000002745340569
     21.0210209       0.0000002719121526
     21.1211205       0.0000002693273336
     21.2212219       0.0000002667793558
     21.3213215       0.0000002642675169
     21.4214211       0.0000002617908900
     21.5215206       0.0000002593493879
     21.6216221       0.0000002569415550
     21.7217216       0.0000002545672720
     21.8218212       0.0000002522253458
     21.9219227       0.0000002499159818
     22.0220222       0.0000002476384526
     22.1221218       0.0000002453915531
     22.2222214       0.0000002431754091
     22.3223228       0.0000002409890499
     22.4224224       0.0000002388318982
     22.5225220       0.0000002367038841
     22.6226234       0.0000002346041159
     22.7227230       0.0000002325321399
     22.8228226       0.0000002304876601
     22.9229221       0.0000002284699111
     23.0230236       0.0000002264785803
     23.1231232       0.0000002245134082
     23.2232227       0.0000002225736411
     23.3233242       0.0000002206586560
     23.4234238       0.0000002187684312
     23.5235233       0.0000002169027063
     23.6236229       0.0000002150604608
     23.7237244       0.0000002132418559
     23.8238239       0.0000002114460627
     23.9239235       0.0000002096729263
     24.0240250       0.0000002079217937
     24.1241245       0.0000002061929449
     24.2242241       0.0000002044852344
     24.3243237       0.0000002027988459
     24.4244251       0.0000002011331058
     24.5245247       0.0000001994880601
     24.6246243       0.0000001978631098
     24.7247238       0.0000001962577479
     24.8248253       0.0000001946721402
     24.9249249       0.0000001931053736
     25.0250244       0.0000001915576665
     25.1251259       0.0000001900284365
     25.2252254       0.0000001885176171
     25.3253250       0.0000001870247083
     25.4254246       0.0000001855492048
     25.5255260       0.0000001840913987
     25.6256256       0.0000001826505588
     25.7257252       0.0000001812266748
     25.8258266       0.0000001798194286
     25.9259262       0.0000001784284952
     26.0260258       0.0000001770535267
     26.1261253       0.0000001756946696
     26.2262268       0.0000001743512243
     26.3263264       0.0000001730230435
     26.4264259       0.0000001717101370
     26.5265274       0.0000001704119425
     26.6266270       0.0000001691287424
     26.7267265       0.0000001678598523
     26.8268261       0.0000001666052017
     26.9269276       0.0000001653646121
     27.0270271       0.0000001641377113
     27.1271267       0.0000001629245531
     27.2272263       0.0000001617247573
     27.3273277       0.0000001605382050
     27.4274273       0.0000001593647414
     27.5275269       0.0000001582039978
     27.6276283       0.0000001570558594
     27.7277279       0.0000001559203341
     27.8278275       0.0000001547969926
     27.9279270       0.0000001536857028
     28.0280285       0.0000001525865130
     28.1281281       0.0000001514988551
     28.2282276       0.0000001504231344
     28.3283291       0.0000001493584785
     28.4284286       0.0000001483053676
     28.5285282       0.0000001472631711
     28.6286278       0.0000001462320501
     28.7287292       0.0000001452116636
     28.8288288       0.0000001442019660
     28.9289284       0.0000001432027810
     29.0290298       0.0000001422138669
     29.1291294       0.0000001412352692
     29.2292290       0.0000001402666965
     29.3293285       0.0000001393081943
     29.4294300       0.0000001383593776
     29.5295296       0.0000001374201736
     29.6296291       0.0000001364905480
     29.7297306       0.0000001355703387
     29.8298302       0.0000001346593351
     29.9299297       0.0000001337576014
     30.0300293       0.0000001328649863
     30.1301308       0.0000001319809741
     30.2302303       0.0000001311060479
     30.3303299       0.0000001302396665
     30.4304314       0.0000001293819406
     30.5305309       0.0000001285326149
     30.6306305       0.0000001276915865
     30.7307301       0.0000001268589158
     30.8308315       0.0000001260342575
     30.9309311       0.0000001252176345
     31.0310307       0.0000001244090090
     31.1311302       0.0000001236080861
     31.2312317       0.0000001228149409
     31.3313313       0.0000001220294613
     31.4314308       0.0000001212513661
     31.5315323       0.0000001204807754
     31.6316319       0.0000001197175262
     31.7317314       0.0000001189614162
     31.8318310       0.0000001182126028
     31.9319324       0.0000001174705946
     32.0320320       0.0000001167357669
     32.1321335       0.0000001160079281
     32.2322311       0.0000001152866392
     32.3323326       0.0000001145721987
     32.4324341       0.0000001138642644
     32.5325317       0.0000001131630000
     32.6326332       0.0000001124681429
     32.7327309       0.0000001117795959
     32.8328323       0.0000001110974248
     32.9329338       0.0000001104214693
     33.0330315       0.0000001097516523
     33.1331329       0.0000001090879628
     33.2332344       0.0000001084304095
     33.3333321       0.0000001077786237
     33.4334335       0.0000001071326875
     33.5335350       0.0000001064925895
     33.6336327       0.0000001058581517
     33.7337341       0.0000001052293903
     33.8338356       0.0000001046063199
     33.9339333       0.0000001039886599
     34.0340347       0.0000001033764664
     34.1341324       0.0000001027698599
     34.2342339       0.0000001021683454
     34.3343353       0.0000001015720765
     34.4344330       0.0000001009811776
     34.5345345       0.0000001003953556
     34.6346359       0.0000000998145823
     34.7347336       0.0000000992389796
     34.8348351       0.0000000986681979
     34.9349365       0.0000000981023759
     35.0350342       0.0000000975414198
     35.1351357       0.0000000969852564
     35.2352371       0.0000000964337498
     35.3353348       0.0000000958870712
     35.4354362       0.0000000953449829
     35.5355339       0.0000000948075149
     35.6356354       0.0000000942744728
     35.7357368       0.0000000937460856
     35.8358345       0.0000000932220484
     35.9359360       0.0000000927023580
     36.0360374       0.0000000921870067
     36.1361351       0.0000000916759584
     36.2362366       0.0000000911692093
     36.3363380       0.0000000906665487
     36.4364357       0.0000000901680662
     36.5365372       0.0000000896736890
     36.6366348       0.0000000891833937
     36.7367363       0.0000000886971691
     36.8368378       0.0000000882148255
     36.9369354       0.0000000877364504
     37.0370369       0.0000000872618441
     37.1371384       0.0000000867912357
     37.2372360       0.0000000863244146
     37.3373375       0.0000000858611904
     37.4374390       0.0000000854018424
     37.5375366       0.0000000849461569
     37.6376381       0.0000000844940082
     37.7377396       0.0000000840455208
     37.8378372       0.0000000836007603
     37.9379387       0.0000000831592508
     38.0380363       0.0000000827213866
     38.1381378       0.0000000822869486
     38.2382393       0.0000000818558985
     38.3383369       0.0000000814282620
     38.4384384       0.0000000810040125
     38.5385399       0.0000000805830068
     38.6386375       0.0000000801652270
     38.7387390       0.0000000797508227
     38.8388405       0.0000000793394964
     38.9389381       0.0000000789313763
     39.0390396       0.0000000785264507
     39.1391373       0.0000000781245486
     39.2392387       0.0000000777258738
     39.3393402       0.0000000773301548
     39.4394379       0.0000000769374356
     39.5395393       0.0000000765476863
     39.6396408       0.0000000761609011
     39.7397385       0.0000000757770153
     39.8398399       0.0000000753962018
     39.9399414       0.0000000750180693
     40.0400391       0.0000000746428767
     40.1401405       0.0000000742703775
     40.2402420       0.0000000739007755
     40.3403397       0.0000000735338845
     40.4404411       0.0000000731696811
     40.5405388       0.0000000728082306
     40.6406403       0.0000000724494301
     40.7407417       0.0000000720932965
     40.8408394       0.0000000717398322
     40.9409409       0.0000000713888921
     41.0410423       0.0000000710405225
     41.1411400       0.0000000706947309
     41.2412415       0.0000000703513705
     41.3413429       0.0000000700106290
     41.4414406       0.0000000696723059
     41.5415421       0.0000000693363869
     41.6416397       0.0000000690029184
     41.7417412       0.0000000686719050
     41.8418427       0.0000000683432064
     41.9419403       0.0000000680168609
     42.0420418       0.0000000676929254
     42.1421432       0.0000000673712468
     42.2422409       0.0000000670517982
     42.3423424       0.0000000667347243
     42.4424438       0.0000000664198173
     42.5425415       0.0000000661072068
     42.6426430       0.0000000657967284
     42.7427444       0.0000000654884359
     42.8428421       0.0000000651823891
     42.9429436       0.0000000648784039
     43.0430412       0.0000000645765068
     43.1431427       0.0000000642768039
     43.2432442       0.0000000639791279
     43.3433418       0.0000000636835719
     43.4434433       0.0000000633900209
     43.5435448       0.0000000630985021
     43.6436424       0.0000000628090013
     43.7437439       0.0000000625214198
     43.8438454       0.0000000622359077
     43.9439430       0.0000000619522850
     44.0440445       0.0000000616706407
     44.1441460       0.0000000613909032
     44.2442436       0.0000000611130149
     44.3443451       0.0000000608370242
     44.4444427       0.0000000605630114
     44.5445442       0.0000000602907449
     44.6446457       0.0000000600202592
     44.7447433       0.0000000597517055
     44.8448448       0.0000000594848958
     44.9449463       0.0000000592198277
     45.0450439       0.0000000589566041
     45.1451454       0.0000000586951764
     45.2452469       0.0000000584353517
     45.3453445       0.0000000581773336
     45.4454460       0.0000000579210191
     45.5455437       0.0000000576663380
     45.6456451       0.0000000574133580
     45.7457466       0.0000000571620917
     45.8458443       0.0000000569124009
     45.9459457       0.0000000566644051
     46.0460472       0.0000000564179882
     46.1461449       0.0000000561731630
     46.2462463       0.0000000559299477
     46.3463478       0.0000000556883108
     46.4464455       0.0000000554482620
     46.5465469       0.0000000552097313
     46.6466484       0.0000000549727316
     46.7467461       0.0000000547372615
     46.8468475       0.0000000545032629
     46.9469452       0.0000000542708542
     47.0470467       0.0000000540398863
     47.1471481       0.0000000538103792
     47.2472458       0.0000000535823118
     47.3473473       0.0000000533557234
     47.4474487       0.0000000531305913
     47.5475464       0.0000000529068304
     47.6476479       0.0000000526845269
     47.7477493       0.0000000524635706
     47.8478470       0.0000000522440281
     47.9479485       0.0000000520258558
     48.0480499       0.0000000518090663
     48.1481476       0.0000000515936597
     48.2482491       0.0000000513795243
     48.3483467       0.0000000511667383
     48.4484482       0.0000000509553041
     48.5485497       0.0000000507451576
     48.6486473       0.0000000505363443
     48.7487488       0.0000000503287822
     48.8488503       0.0000000501224711
     48.9489479       0.0000000499174782
     49.0490494       0.0000000497136817
     49.1491508       0.0000000495111277
     49.2492485       0.0000000493099104
     49.3493500       0.0000000491098334
     49.4494476       0.0000000489110065
     49.5495491       0.0000000487134073
     49.6496506       0.0000000485168632
     49.7497482       0.0000000483216532
     49.8498497       0.0000000481275873
     49.9499512       0.0000000479346648
     50.0500488       0.0000000477429404
     50.1501503       0.0000000475523120
     50.2502518       0.0000000473628406
     50.3503494       0.0000000471745247
     50.4504509       0.0000000469873080
     50.5505524       0.0000000468012258
     50.6506500       0.0000000466162046
     50.7507515       0.0000000464323096
     50.8508492       0.0000000462495270
     50.9509506       0.0000000460677756
     51.0510521       0.0000000458871156
     51.1511497       0.0000000457075123
     51.2512512       0.0000000455289005
     51.3513527       0.0000000453514151
     51.4514503       0.0000000451749460
     51.5515518       0.0000000449995247
     51.6516533       0.0000000448251049
     51.7517509       0.0000000446516935
     51.8518524       0.0000000444792864
     51.9519501       0.0000000443078663
     52.0520515       0.0000000441374140
     52.1521530       0.0000000439679666
     52.2522507       0.0000000437995329
     52.3523521       0.0000000436320605
     52.4524536       0.0000000434654868
     52.5525513       0.0000000432998839
     52.6526527       0.0000000431352491
     52.7527542       0.0000000429715950
     52.8528519       0.0000000428088190
     52.9529533       0.0000000426469236
     53.0530548       0.0000000424860348
     53.1531525       0.0000000423259866
     53.2532539       0.0000000421668644
     53.3533516       0.0000000420086625
     53.4534531       0.0000000418512851
     53.5535545       0.0000000416948446
     53.6536522       0.0000000415392661
     53.7537537       0.0000000413845965
     53.8538551       0.0000000412306733
     53.9539528       0.0000000410777223
     54.0540543       0.0000000409255730
     54.1541557       0.0000000407743003
     54.2542534       0.0000000406238136
     54.3543549       0.0000000404741980
     54.4544525       0.0000000403254146
     54.5545540       0.0000000401774477
     54.6546555       0.0000000400302237
     54.7547531       0.0000000398839189
     54.8548546       0.0000000397383523
     54.9549561       0.0000000395935832
     55.0550537       0.0000000394495840
     55.1551552       0.0000000393063999
     55.2552567       0.0000000391639791
     55.3553543       0.0000000390223576
     55.4554558       0.0000000388814838
     55.5555573       0.0000000387413597
     55.6556549       0.0000000386020186
     55.7557564       0.0000000384634261
     55.8558540       0.0000000383255574
     55.9559555       0.0000000381884564
     56.0560570       0.0000000380520766
     56.1561546       0.0000000379164578
     56.2562561       0.0000000377815022
     56.3563576       0.0000000376472561
     56.4564552       0.0000000375138032
     56.5565567       0.0000000373809723
     56.6566582       0.0000000372489335
     56.7567558       0.0000000371175297
     56.8568573       0.0000000369868184
     56.9569588       0.0000000368568389
     57.0570564       0.0000000367275007
     57.1571579       0.0000000365989179
     57.2572556       0.0000000364709057
     57.3573570       0.0000000363436093
     57.4574585       0.0000000362169877
     57.5575562       0.0000000360910369
     57.6576576       0.0000000359657447
     57.7577591       0.0000000358410685
     57.8578568       0.0000000357170434
     57.9579582       0.0000000355936870
     58.0580597       0.0000000354709636
     58.1581573       0.0000000353488830
     58.2582588       0.0000000352274254
     58.3583565       0.0000000351065518
     58.4584579       0.0000000349863280
     58.5585594       0.0000000348667430
     58.6586571       0.0000000347477302
     58.7587585       0.0000000346293708
     58.8588600       0.0000000345116046
     58.9589577       0.0000000343943770
     59.0590591       0.0000000342778220
     59.1591606       0.0000000341618346
     59.2592583       0.0000000340464315
     59.3593597       0.0000000339315988
     59.4594612       0.0000000338173727
     59.5595589       0.0000000337036942
     59.6596603       0.0000000335906195
     59.7597580       0.0000000334781044
     59.8598595       0.0000000333661187
     59.9599609       0.0000000332547494
     60.0600586       0.0000000331439065
     60.1601601       0.0000000330336146
     60.2602615       0.0000000329238787
     60.3603592       0.0000000328146919
     60.4604607       0.0000000327060343
     60.5605621       0.0000000325979308
     60.6606598       0.0000000324903679
     60.7607613       0.0000000323833075
     60.8608627       0.0000000322767765
     60.9609604       0.0000000321708212
     61.0610619       0.0000000320653273
     61.1611595       0.0000000319603996
     61.2612610       0.0000000318559671
     61.3613625       0.0000000317520547
     61.4614601       0.0000000316486106
     61.5615616       0.0000000315456832
     61.6616631       0.0000000314432905
     61.7617607       0.0000000313413823
     61.8618622       0.0000000312399531
     61.9619637       0.0000000311390192
     62.0620613       0.0000000310385955
     62.1621628       0.0000000309386674
     62.2622604       0.0000000308391415
     62.3623619       0.0000000307401957
     62.4624634       0.0000000306416541
     62.5625610       0.0000000305436204
     62.6626625       0.0000000304460230
     62.7627640       0.0000000303489561
     62.8628616       0.0000000302522852
     62.9629631       0.0000000301561177
     63.0630646       0.0000000300603919
     63.1631622       0.0000000299651479
     63.2632637       0.0000000298703082
     63.3633652       0.0000000297759473
     63.4634628       0.0000000296820239
     63.5635643       0.0000000295885622
     63.6636620       0.0000000294955130
     63.7637634       0.0000000294029079
     63.8638649       0.0000000293107377
     63.9639626       0.0000000292190117
     64.0640640       0.0000000291277468
     64.1641617       0.0000000290368701
     64.2642670       0.0000000289463865
     64.3643646       0.0000000288563765
     64.4644623       0.0000000287667855
     64.5645676       0.0000000286775936
     64.6646652       0.0000000285888075
     64.7647629       0.0000000285004665
     64.8648682       0.0000000284125003
     64.9649658       0.0000000283249624
     65.0650635       0.0000000282378194
     65.1651688       0.0000000281510558
     65.2652664       0.0000000280647245
     65.3653641       0.0000000279787937
     65.4654617       0.0000000278932338
     65.5655670       0.0000000278080708
     65.6656647       0.0000000277233116
     65.7657623       0.0000000276389376
     65.8658676       0.0000000275549144
     65.9659653       0.0000000274713090
     66.0660629       0.0000000273880826
     66.1661682       0.0000000273052318
     66.2662659       0.0000000272227271
     66.3663635       0.0000000271406342
     66.4664688       0.0000000270589078
     66.5665665       0.0000000269775152
     66.6666641       0.0000000268965084
     66.7667694       0.0000000268158748
     66.8668671       0.0000000267355836
     66.9669647       0.0000000266557007
     67.0670700       0.0000000265761239
     67.1671677       0.0000000264969218
     67.2672653       0.0000000264180927
     67.3673706       0.0000000263395768
     67.4674683       0.0000000262614464
     67.5675659       0.0000000261836497
     67.6676712       0.0000000261061962
     67.7677689       0.0000000260290688
     67.8678665       0.0000000259522831
     67.9679642       0.0000000258758625
     68.0680695       0.0000000257997601
     68.1681671       0.0000000257240150
     68.2682648       0.0000000256485898
     68.3683701       0.0000000255734954
     68.4684677       0.0000000254987211
     68.5685654       0.0000000254242777
     68.6686707       0.0000000253501907
     68.7687683       0.0000000252763843
     68.8688660       0.0000000252029252
     68.9689713       0.0000000251297708
     69.0690689       0.0000000250569546
     69.1691666       0.0000000249844312
     69.2692719       0.0000000249122392
     69.3693695       0.0000000248403552
     69.4694672       0.0000000247687699
     69.5695724       0.0000000246974906
     69.6696701       0.0000000246265517
     69.7697678       0.0000000245559039
     69.8698730       0.0000000244855440
     69.9699707       0.0000000244154814
     70.0700684       0.0000000243457770
     70.1701736       0.0000000242763124
     70.2702713       0.0000000242071459
     70.3703690       0.0000000241382909
     70.4704742       0.0000000240697116
     70.5705719       0.0000000240014650
     70.6706696       0.0000000239334742
     70.7707672       0.0000000238657854
     70.8708725       0.0000000237983790
     70.9709702       0.0000000237312534
     71.0710678       0.0000000236644134
     71.1711731       0.0000000235978612
     71.2712708       0.0000000235315817
     71.3713684       0.0000000234655978
     71.4714737       0.0000000233998853
     71.5715714       0.0000000233344414
     71.6716690       0.0000000232692722
     71.7717743       0.0000000232043620
     71.8718719       0.0000000231397283
     71.9719696       0.0000000230753870
     72.0720749       0.0000000230113030
     72.1721725       0.0000000229474768
     72.2722702       0.0000000228839333
     72.3723755       0.0000000228206241
     72.4724731       0.0000000227576038
     72.5725708       0.0000000226948347
     72.6726761       0.0000000226323174
     72.7727737       0.0000000225700548
     72.8728714       0.0000000225080699
     72.9729767       0.0000000224463257
     73.0730743       0.0000000223848408
     73.1731720       0.0000000223236135
     73.2732697       0.0000000222626544
     73.3733749       0.0000000222018980
     73.4734726       0.0000000221414084
     73.5735703       0.0000000220811884
     73.6736755       0.0000000220211863
     73.7737732       0.0000000219614131
     73.8738708       0.0000000219019184
     73.9739761       0.0000000218426683
     74.0740738       0.0000000217836515
     74.1741714       0.0000000217248592
     74.2742767       0.0000000216663069
     74.3743744       0.0000000216080103
     74.4744720       0.0000000215499332
     74.5745773       0.0000000214920887
     74.6746750       0.0000000214344643
     74.7747726       0.0000000213770972
     74.8748779       0.0000000213199613
     74.9749756       0.0000000212630366
     75.0750732       0.0000000212063428
     75.1751785       0.0000000211498811
     75.2752762       0.0000000210936359
     75.3753738       0.0000000210376018
     75.4754791       0.0000000209818309
     75.5755768       0.0000000209262592
     75.6756744       0.0000000208708895
     75.7757721       0.0000000208157689
     75.8758774       0.0000000207608719
     75.9759750       0.0000000207061801
     76.0760727       0.0000000206517008
     76.1761780       0.0000000205974163
     76.2762756       0.0000000205433668
     76.3763733       0.0000000204895303
     76.4764786       0.0000000204359044
     76.5765762       0.0000000203824926
     76.6766739       0.0000000203292712
     76.7767792       0.0000000202762736
     76.8768768       0.0000000202234874
     76.9769745       0.0000000201709184
     77.0770798       0.0000000201185208
     77.1771774       0.0000000200663405
     77.2772751       0.0000000200143844
     77.3773804       0.0000000199625898
     77.4774780       0.0000000199110164
     77.5775757       0.0000000198596336
     77.6776810       0.0000000198084664
     77.7777786       0.0000000197574713
     77.8778763       0.0000000197067043
     77.9779816       0.0000000196561267
     78.0780792       0.0000000196057493
     78.1781769       0.0000000195555497
     78.2782745       0.0000000195055365
     78.3783798       0.0000000194557091
     78.4784775       0.0000000194060823
     78.5785751       0.0000000193566678
     78.6786804       0.0000000193074331
     78.7787781       0.0000000192583765
     78.8788757       0.0000000192095049
     78.9789810       0.0000000191608177
     79.0790787       0.0000000191123167
     79.1791763       0.0000000190640045
     79.2792816       0.0000000190158753
     79.3793793       0.0000000189679262
     79.4794769       0.0000000189201586
     79.5795822       0.0000000188725708
     79.6796799       0.0000000188251444
     79.7797775       0.0000000187779269
     79.8798828       0.0000000187308708
     79.9799805       0.0000000186839829
     80.0800781       0.0000000186372850
     80.1801834       0.0000000185907533
     80.2802811       0.0000000185444041
     80.3803787       0.0000000184982328
     80.4804840       0.0000000184522188
     80.5805817       0.0000000184063920
     80.6806793       0.0000000183607444
     80.7807770       0.0000000183152394
     80.8808823       0.0000000182699162
     80.9809799       0.0000000182247507
     81.0810776       0.0000000181797510
     81.1811829       0.0000000181349401
     81.2812805       0.0000000180902807
     81.3813782       0.0000000180457832
     81.4814835       0.0000000180014594
     81.5815811       0.0000000179572959
     81.6816788       0.0000000179132819
     81.7817841       0.0000000178694321
     81.8818817       0.0000000178257450
     81.9819794       0.0000000177822261
     82.0820847       0.0000000177388795
     82.1821823       0.0000000176956727
     82.2822800       0.0000000176526224
     82.3823853       0.0000000176097339
     82.4824829       0.0000000175669981
     82.5825806       0.0000000175244157
     82.6826859       0.0000000174819965
     82.7827835       0.0000000174397342
     82.8828812       0.0000000173976180
     82.9829865       0.0000000173556556
     83.0830841       0.0000000173138445
     83.1831818       0.0000000172721723
     83.2832794       0.0000000172306555
     83.3833847       0.0000000171892986
     83.4834824       0.0000000171480950
     83.5835800       0.0000000171070108
     83.6836853       0.0000000170661198
     83.7837830       0.0000000170253330
     83.8838806       0.0000000169847161
     83.9839859       0.0000000169442381
     84.0840836       0.0000000169038886
     84.1841812       0.0000000168637098
     84.2842865       0.0000000168236702
     84.3843842       0.0000000167837607
     84.4844818       0.0000000167439850
     84.5845871       0.0000000167043711
     84.6846848       0.0000000166648921
     84.7847824       0.0000000166255470
     84.8848877       0.0000000165863317
     84.9849854       0.0000000165472721
     85.0850830       0.0000000165083449
     85.1851883       0.0000000164695561
     85.2852859       0.0000000164309107
     85.3853836       0.0000000163923863
     85.4854889       0.0000000163540147
     85.5855865       0.0000000163157606
     85.6856842       0.0000000162776696
     85.7857895       0.0000000162396800
     85.8858871       0.0000000162018256
     85.9859848       0.0000000161641114
     86.0860825       0.0000000161265216
     86.1861877       0.0000000160890766
     86.2862854       0.0000000160517635
     86.3863831       0.0000000160145676
     86.4864883       0.0000000159774868
     86.5865860       0.0000000159405629
     86.6866837       0.0000000159037680
     86.7867889       0.0000000158670793
     86.8868866       0.0000000158305243
     86.9869843       0.0000000157941031
     87.0870895       0.0000000157578014
     87.1871872       0.0000000157216065
     87.2872849       0.0000000156855601
     87.3873901       0.0000000156496342
     87.4874878       0.0000000156138525
     87.5875854       0.0000000155781531
     87.6876907       0.0000000155426108
     87.7877884       0.0000000155071632
     87.8878860       0.0000000154718540
     87.9879913       0.0000000154366533
     88.0880890       0.0000000154015641
     88.1881866       0.0000000153666119
     88.2882919       0.0000000153317885
     88.3883896       0.0000000152970685
     88.4884872       0.0000000152624586
     88.5885849       0.0000000152279751
     88.6886902       0.0000000151936140
     88.7887878       0.0000000151593637
     88.8888855       0.0000000151252262
     88.9889908       0.0000000150911982
     89.0890884       0.0000000150572940
     89.1891861       0.0000000150235128
     89.2892914       0.0000000149898197
     89.3893890       0.0000000149562649
     89.4894867       0.0000000149228077
     89.5895920       0.0000000148894814
     89.6896896       0.0000000148562567
     89.7897873       0.0000000148231355
     89.8898926       0.0000000147901387
     89.9899902       0.0000000147572374
     90.0900879       0.0000000147244472
     90.1901932       0.0000000146917706
     90.2902908       0.0000000146591921
     90.3903885       0.0000000146267293
     90.4904938       0.0000000145943839
     90.5905914       0.0000000145621372
     90.6906891       0.0000000145299955
     90.7907944       0.0000000144979572
     90.8908920       0.0000000144660294
     90.9909897       0.0000000144342072
     91.0910873       0.0000000144025022
     91.1911926       0.0000000143708867
     91.2912903       0.0000000143393778
     91.3913879       0.0000000143079738
     91.4914932       0.0000000142766616
     91.5915909       0.0000000142454629
     91.6916885       0.0000000142143795
     91.7917938       0.0000000141833676
     91.8918915       0.0000000141524877
     91.9919891       0.0000000141216918
     92.0920944       0.0000000140909958
     92.1921921       0.0000000140604032
     92.2922897       0.0000000140299108
     92.3923950       0.0000000139995186
     92.4924927       0.0000000139692236
     92.5925903       0.0000000139390288
     92.6926956       0.0000000139089312
     92.7927933       0.0000000138789290
     92.8928909       0.0000000138490205
     92.9929962       0.0000000138192127
     93.0930939       0.0000000137895035
     93.1931915       0.0000000137598882
     93.2932968       0.0000000137303554
     93.3933945       0.0000000137009345
     93.4934921       0.0000000136716044
     93.5935898       0.0000000136423714
     93.6936951       0.0000000136132277
     93.7937927       0.0000000135841746
     93.8938904       0.0000000135552147
     93.9939957       0.0000000135263514
     94.0940933       0.0000000134975837
     94.1941910       0.0000000134688939
     94.2942963       0.0000000134402983
     94.3943939       0.0000000134118047
     94.4944916       0.0000000133833908
     94.5945969       0.0000000133550742
     94.6946945       0.0000000133268580
     94.7947922       0.0000000132987056
     94.8948975       0.0000000132706570
     94.9949951       0.0000000132426951
     95.0950928       0.0000000132148408
     95.1951981       0.0000000131870411
     95.2952957       0.0000000131593496
     95.3953934       0.0000000131317395
     95.4954987       0.0000000131042195
     95.5955963       0.0000000130767724
     95.6956940       0.0000000130494318
     95.7957993       0.0000000130221602
     95.8958969       0.0000000129949857
     95.9959946       0.0000000129678795
     96.0960999       0.0000000129408634
     96.1961975       0.0000000129139520
     96.2962952       0.0000000128871098
     96.3963928       0.0000000128603475
     96.4964981       0.0000000128336705
     96.5965958       0.0000000128070813
     96.6966934       0.0000000127805728
     96.7967987       0.0000000127541397
     96.8968964       0.0000000127277896
     96.9969940       0.0000000127015234
     97.0970993       0.0000000126753477
     97.1971970       0.0000000126492429
     97.2972946       0.0000000126232173
     97.3973999       0.0000000125972708
     97.4974976       0.0000000125714255
     97.5975952       0.0000000125456344
     97.6977005       0.0000000125199277
     97.7977982       0.0000000124943025
     97.8978958       0.0000000124687669
     97.9980011       0.0000000124432961
     98.0980988       0.0000000124179052
     98.1981964       0.0000000123925971
     98.2983017       0.0000000123673606
     98.3983994       0.0000000123422017
     98.4984970       0.0000000123171196
     98.5986023       0.0000000122921253
     98.6987000       0.0000000122671975
     98.7987976       0.0000000122423443
     98.8988953       0.0000000122175678
     98.9990005       0.0000000121928802
     99.0990982       0.0000000121682541
     99.1991959       0.0000000121436894
     99.2993011       0.0000000121192208
     99.3993988       0.0000000120948166
     99.4994965       0.0000000120704868
     99.5996017       0.0000000120462275
     99.6996994       0.0000000120220313
     99.7997971       0.0000000119979340
     99.8999023       0.0000000119738805
    100.0000000       0.0000000119499160
