# x		H(x,a)
      0.0000000       1.0000000000000000
      0.1001001       0.9900299906730652
      0.2002002       0.9607124924659729
      0.3003003       0.9137664437294006
      0.4004004       0.8518707156181335
      0.5005005       0.7784109115600586
      0.6006006       0.6971734166145325
      0.7007007       0.6120254397392273
      0.8008008       0.5266169309616089
      0.9009009       0.4441368877887726
      1.0010010       0.3671564294858238
      1.1011012       0.2975124716759533
      1.2012012       0.2363035744237354
      1.3013012       0.1839686628248306
      1.4014014       0.1403868296320546
      1.5015016       0.1050077473454405
      1.6016016       0.0769900967518418
      1.7017016       0.0553319640855992
      1.8018018       0.0389814985376208
      1.9019020       0.0269217335415263
      2.0020020       0.0182280810232012
      2.1021020       0.0121009548120080
      2.2022023       0.0078779454650359
      2.3023024       0.0050308365860699
      2.4024024       0.0031527597884004
      2.5025024       0.0019403302798112
      2.6026025       0.0011741097044958
      2.7027028       0.0006999187952030
      2.8028028       0.0004124115079759
      2.9029028       0.0002415155758960
      3.0030031       0.0001418267105065
      3.1031032       0.0000846641226267
      3.2032032       0.0000523549053878
      3.3033032       0.0000342706304592
      3.4034033       0.0000241695029725
      3.5035036       0.0000184694366124
      3.6036036       0.0000151602981876
      3.7037036       0.0000131377839266
      3.8038039       0.0000118071363811
      3.9039040       0.0000108534769864
      4.0040040       0.0000101122534212
      4.1041040       0.0000094979765827
      4.2042041       0.0000089659589789
      4.3043041       0.0000084922462912
      4.4044046       0.0000080633826762
      4.5045047       0.0000076711754606
      4.6046047       0.0000073101821693
      4.7047048       0.0000069764355178
      4.8048048       0.0000066668407952
      4.9049048       0.0000063788529550
      5.0050049       0.0000061103098518
      5.1051049       0.0000058593497297
      5.2052050       0.0000056243536421
      5.3053055       0.0000054038964549
      5.4054055       0.0000051967137113
      5.5055056       0.0000050016965958
      5.6056056       0.0000048178565047
      5.7057056       0.0000046442846874
      5.8058057       0.0000044802049052
      5.9059057       0.0000043248969025
      6.0060062       0.0000041777063327
      6.1061063       0.0000040380680816
      6.2062063       0.0000039054437974
      6.3063064       0.0000037793542978
      6.4064064       0.0000036593590662
      6.5065064       0.0000035450632004
      6.6066065       0.0000034360980504
      6.7067065       0.0000033321299162
      6.8068066       0.0000032328505190
      6.9069071       0.0000031379707569
      7.0070071       0.0000030472330305
      7.1071072       0.0000029604004844
      7.2072072       0.0000028772420201
      7.3073072       0.0000027975468246
      7.4074073       0.0000027211340618
      7.5075073       0.0000026478121664
      7.6076078       0.0000025774224997
      7.7077079       0.0000025098056286
      7.8078079       0.0000024448185415
      7.9079080       0.0000023823236898
      8.0080080       0.0000023221958619
      8.1081085       0.0000022643180044
      8.2082081       0.0000022085757147
      8.3083086       0.0000021548665740
      8.4084082       0.0000021030924815
      8.5085087       0.0000020531583435
      8.6086082       0.0000020049845794
      8.7087088       0.0000019584831214
      8.8088093       0.0000019135792403
      8.9089088       0.0000018702005822
      9.0090094       0.0000018282784537
      9.1091089       0.0000017877503379
      9.2092094       0.0000017485525620
      9.3093090       0.0000017106275264
      9.4094095       0.0000016739224843
      9.5095091       0.0000016383852893
      9.6096096       0.0000016039682964
      9.7097101       0.0000015706219221
      9.8098097       0.0000015383032859
      9.9099102       0.0000015069731584
     10.0100098       0.0000014765871212
     10.1101103       0.0000014471091858
     10.2102098       0.0000014185074012
     10.3103104       0.0000013907431670
     10.4104099       0.0000013637871044
     10.5105104       0.0000013376047735
     10.6106110       0.0000013121703930
     10.7107105       0.0000012874532414
     10.8108110       0.0000012634265530
     10.9109106       0.0000012400662658
     11.0110111       0.0000012173480681
     11.1111107       0.0000011952481477
     11.2112112       0.0000011737446500
     11.3113117       0.0000011528164541
     11.4114113       0.0000011324428587
     11.5115118       0.0000011126037798
     11.6116114       0.0000010932805007
     11.7117119       0.0000010744578941
     11.8118114       0.0000010561166472
     11.9119120       0.0000010382405515
     12.0120125       0.0000010208152761
     12.1121120       0.0000010038238162
     12.2122126       0.0000009872550741
     12.3123121       0.0000009710922131
     12.4124126       0.0000009553228101
     12.5125122       0.0000009399349362
     12.6126127       0.0000009249157628
     12.7127123       0.0000009102539969
     12.8128128       0.0000008959387149
     12.9129133       0.0000008819581562
     13.0130129       0.0000008683023170
     13.1131134       0.0000008549604303
     13.2132130       0.0000008419246204
     13.3133135       0.0000008291846522
     13.4134130       0.0000008167335637
     13.5135136       0.0000008045586938
     13.6136131       0.0000007926550194
     13.7137136       0.0000007810141473
     13.8138142       0.0000007696278771
     13.9139137       0.0000007584876462
     14.0140142       0.0000007475890928
     14.1141138       0.0000007369242608
     14.2142143       0.0000007264854573
     14.3143139       0.0000007162665787
     14.4144144       0.0000007062623723
     14.5145149       0.0000006964668706
     14.6146145       0.0000006868737298
     14.7147150       0.0000006774779639
     14.8148146       0.0000006682733536
     14.9149151       0.0000006592546366
     15.0150146       0.0000006504188871
     15.1151152       0.0000006417580011
     15.2152157       0.0000006332704131
     15.3153152       0.0000006249498698
     15.4154158       0.0000006167922802
     15.5155153       0.0000006087936668
     15.6156158       0.0000006009493920
     15.7157154       0.0000005932569493
     15.8158159       0.0000005857107469
     15.9159155       0.0000005783075232
     16.0160160       0.0000005710438904
     16.1161156       0.0000005639171094
     16.2162170       0.0000005569224651
     16.3163166       0.0000005500574989
     16.4164162       0.0000005433181573
     16.5165157       0.0000005367031982
     16.6166172       0.0000005302075352
     16.7167168       0.0000005238293917
     16.8168163       0.0000005175661060
     16.9169178       0.0000005114144928
     17.0170174       0.0000005053719341
     17.1171169       0.0000004994358253
     17.2172165       0.0000004936041666
     17.3173180       0.0000004878734519
     17.4174175       0.0000004822427332
     17.5175171       0.0000004767092176
     17.6176186       0.0000004712696254
     17.7177181       0.0000004659234516
     17.8178177       0.0000004606678512
     17.9179173       0.0000004555002830
     18.0180187       0.0000004504192622
     18.1181183       0.0000004454235059
     18.2182178       0.0000004405101530
     18.3183174       0.0000004356781100
     18.4184189       0.0000004309246341
     18.5185184       0.0000004262485138
     18.6186180       0.0000004216484633
     18.7187195       0.0000004171231261
     18.8188190       0.0000004126695653
     18.9189186       0.0000004082872344
     19.0190182       0.0000004039742032
     19.1191196       0.0000003997296829
     19.2192192       0.0000003955516494
     19.3193188       0.0000003914386008
     19.4194202       0.0000003873897515
     19.5195198       0.0000003834035400
     19.6196194       0.0000003794785533
     19.7197189       0.0000003756131427
     19.8198204       0.0000003718067091
     19.9199200       0.0000003680585152
     20.0200195       0.0000003643662333
     20.1201210       0.0000003607290707
     20.2202206       0.0000003571466421
     20.3203201       0.0000003536171590
     20.4204197       0.0000003501398860
     20.5205212       0.0000003467138099
     20.6206207       0.0000003433374029
     20.7207203       0.0000003400105973
     20.8208199       0.0000003367315972
     20.9209213       0.0000003335003298
     21.0210209       0.0000003303152439
     21.1211205       0.0000003271752662
     21.2212219       0.0000003240800400
     21.3213215       0.0000003210286884
     21.4214211       0.0000003180201411
     21.5215206       0.0000003150541817
     21.6216221       0.0000003121292001
     21.7217216       0.0000003092449876
     21.8218212       0.0000003064000083
     21.9219227       0.0000003035946494
     22.0220222       0.0000003008279231
     22.1221218       0.0000002980984356
     22.2222214       0.0000002954062651
     22.3223228       0.0000002927503215
     22.4224224       0.0000002901298463
     22.5225220       0.0000002875447412
     22.6226234       0.0000002849939944
     22.7227230       0.0000002824769750
     22.8228226       0.0000002799933707
     22.9229221       0.0000002775422311
     23.0230236       0.0000002751231838
     23.1231232       0.0000002727359258
     23.2232227       0.0000002703794948
     23.3233242       0.0000002680532320
     23.4234238       0.0000002657569978
     23.5235233       0.0000002634905127
     23.6236229       0.0000002612525792
     23.7237244       0.0000002590434055
     23.8238239       0.0000002568618855
     23.9239235       0.0000002547078887
     24.0240250       0.0000002525806328
     24.1241245       0.0000002504804631
     24.2242241       0.0000002484059753
     24.3243237       0.0000002463573735
     24.4244251       0.0000002443338501
     24.5245247       0.0000002423354621
     24.6246243       0.0000002403614863
     24.7247238       0.0000002384113280
     24.8248253       0.0000002364851548
     24.9249249       0.0000002345818663
     25.0250244       0.0000002327016991
     25.1251259       0.0000002308440350
     25.2252254       0.0000002290087079
     25.3253250       0.0000002271951462
     25.4254246       0.0000002254027251
     25.5255260       0.0000002236317950
     25.6256256       0.0000002218814757
     25.7257252       0.0000002201517752
     25.8258266       0.0000002184422666
     25.9259262       0.0000002167525835
     26.0260258       0.0000002150822778
     26.1261253       0.0000002134315665
     26.2262268       0.0000002117995548
     26.3263264       0.0000002101861203
     26.4264259       0.0000002085912065
     26.5265274       0.0000002070141531
     26.6266270       0.0000002054553649
     26.7267265       0.0000002039139274
     26.8268261       0.0000002023898011
     26.9269276       0.0000002008827347
     27.0270271       0.0000001993923170
     27.1271267       0.0000001979185761
     27.2272263       0.0000001964610877
     27.3273277       0.0000001950196936
     27.4274273       0.0000001935941758
     27.5275269       0.0000001921841394
     27.6276283       0.0000001907893765
     27.7277279       0.0000001894099591
     27.8278275       0.0000001880453457
     27.9279270       0.0000001866953618
     28.0280285       0.0000001853600836
     28.1281281       0.0000001840388141
     28.2282276       0.0000001827320355
     28.3283291       0.0000001814386983
     28.4284286       0.0000001801593790
     28.5285282       0.0000001788933627
     28.6286278       0.0000001776407793
     28.7287292       0.0000001764012188
     28.8288288       0.0000001751746304
     28.9289284       0.0000001739608405
     29.0290298       0.0000001727595177
     29.1291294       0.0000001715707412
     29.2292290       0.0000001703941306
     29.3293285       0.0000001692297378
     29.4294300       0.0000001680771497
     29.5295296       0.0000001669362198
     29.6296291       0.0000001658069091
     29.7297306       0.0000001646890553
     29.8298302       0.0000001635823715
     29.9299297       0.0000001624869678
     30.0300293       0.0000001614026181
     30.1301308       0.0000001603287249
     30.2302303       0.0000001592658991
     30.3303299       0.0000001582134180
     30.4304314       0.0000001571714708
     30.5305309       0.0000001561397157
     30.6306305       0.0000001551180401
     30.7307301       0.0000001541065192
     30.8308315       0.0000001531047451
     30.9309311       0.0000001521127298
     31.0310307       0.0000001511304140
     31.1311302       0.0000001501574759
     31.2312317       0.0000001491939566
     31.3313313       0.0000001482397708
     31.4314308       0.0000001472945508
     31.5315323       0.0000001463584424
     31.6316319       0.0000001454312707
     31.7317314       0.0000001445127368
     31.8318310       0.0000001436031107
     31.9319324       0.0000001427017152
     32.0320320       0.0000001418090635
     32.1321335       0.0000001409249009
     32.2322311       0.0000001400486942
     32.3323326       0.0000001391807883
     32.4324341       0.0000001383207959
     32.5325317       0.0000001374689166
     32.6326332       0.0000001366248018
     32.7327309       0.0000001357883701
     32.8328323       0.0000001349596717
     32.9329338       0.0000001341385252
     33.0330315       0.0000001333248652
     33.1331329       0.0000001325186076
     33.2332344       0.0000001317198213
     33.3333321       0.0000001309280569
     33.4334335       0.0000001301433706
     33.5335350       0.0000001293657975
     33.6336327       0.0000001285950813
     33.7337341       0.0000001278312668
     33.8338356       0.0000001270743838
     33.9339333       0.0000001263240409
     34.0340347       0.0000001255803645
     34.1341324       0.0000001248434817
     34.2342339       0.0000001241127578
     34.3343353       0.0000001233884028
     34.4344330       0.0000001226706006
     34.5345345       0.0000001219589517
     34.6346359       0.0000001212534377
     34.7347336       0.0000001205542146
     34.8348351       0.0000001198608171
     34.9349365       0.0000001191734690
     35.0350342       0.0000001184920221
     35.1351357       0.0000001178164034
     35.2352371       0.0000001171464368
     35.3353348       0.0000001164823376
     35.4354362       0.0000001158238211
     35.5355339       0.0000001151709216
     35.6356354       0.0000001145233745
     35.7357368       0.0000001138815104
     35.8358345       0.0000001132449226
     35.9359360       0.0000001126135907
     36.0360374       0.0000001119875583
     36.1361351       0.0000001113667475
     36.2362366       0.0000001107511516
     36.3363380       0.0000001101405185
     36.4364357       0.0000001095349770
     36.5365372       0.0000001089344048
     36.6366348       0.0000001083388163
     36.7367363       0.0000001077481370
     36.8368378       0.0000001071622040
     36.9369354       0.0000001065810739
     37.0370369       0.0000001060045405
     37.1371384       0.0000001054328497
     37.2372360       0.0000001048657616
     37.3373375       0.0000001043030332
     37.4374390       0.0000001037450267
     37.5375366       0.0000001031914666
     37.6376381       0.0000001026422064
     37.7377396       0.0000001020973910
     37.8378372       0.0000001015570938
     37.9379387       0.0000001010207572
     38.0380363       0.0000001004888490
     38.1381378       0.0000000999611055
     38.2382393       0.0000000994374616
     38.3383369       0.0000000989179655
     38.4384384       0.0000000984025989
     38.5385399       0.0000000978911753
     38.6386375       0.0000000973836563
     38.7387390       0.0000000968802436
     38.8388405       0.0000000963805675
     38.9389381       0.0000000958847949
     39.0390396       0.0000000953928943
     39.1391373       0.0000000949046714
     39.2392387       0.0000000944203637
     39.3393402       0.0000000939396552
     39.4394379       0.0000000934625746
     39.5395393       0.0000000929891064
     39.6396408       0.0000000925192531
     39.7397385       0.0000000920529209
     39.8398399       0.0000000915903131
     39.9399414       0.0000000911309522
     40.0400391       0.0000000906751795
     40.1401405       0.0000000902226710
     40.2402420       0.0000000897736899
     40.3403397       0.0000000893279874
     40.4404411       0.0000000888855599
     40.5405388       0.0000000884464752
     40.6406403       0.0000000880106105
     40.7407417       0.0000000875779842
     40.8408394       0.0000000871485978
     40.9409409       0.0000000867222863
     41.0410423       0.0000000862990857
     41.1411400       0.0000000858790218
     41.2412415       0.0000000854619208
     41.3413429       0.0000000850479820
     41.4414406       0.0000000846370008
     41.5415421       0.0000000842289320
     41.6416397       0.0000000838238305
     41.7417412       0.0000000834217265
     41.8418427       0.0000000830224196
     41.9419403       0.0000000826259766
     42.0420418       0.0000000822324685
     42.1421432       0.0000000818417010
     42.2422409       0.0000000814536350
     42.3423424       0.0000000810684632
     42.4424438       0.0000000806859124
     42.5425415       0.0000000803061559
     42.6426430       0.0000000799289992
     42.7427444       0.0000000795544833
     42.8428421       0.0000000791827063
     42.9429436       0.0000000788134328
     43.0430412       0.0000000784466898
     43.1431427       0.0000000780826169
     43.2432442       0.0000000777209946
     43.3433418       0.0000000773619488
     43.4434433       0.0000000770053631
     43.5435448       0.0000000766512227
     43.6436424       0.0000000762995496
     43.7437439       0.0000000759501892
     43.8438454       0.0000000756033555
     43.9439430       0.0000000752588174
     44.0440445       0.0000000749166772
     44.1441460       0.0000000745768505
     44.2442436       0.0000000742392854
     44.3443451       0.0000000739040070
     44.4444427       0.0000000735711505
     44.5445442       0.0000000732403974
     44.6446457       0.0000000729118139
     44.7447433       0.0000000725855759
     44.8448448       0.0000000722614709
     44.9449463       0.0000000719394583
     45.0450439       0.0000000716197044
     45.1451454       0.0000000713021221
     45.2452469       0.0000000709864961
     45.3453445       0.0000000706730583
     45.4454460       0.0000000703616884
     45.5455437       0.0000000700522982
     45.6456451       0.0000000697449858
     45.7457466       0.0000000694397574
     45.8458443       0.0000000691364317
     45.9459457       0.0000000688351718
     46.0460472       0.0000000685358243
     46.1461449       0.0000000682384211
     46.2462463       0.0000000679429621
     46.3463478       0.0000000676494268
     46.4464455       0.0000000673578196
     46.5465469       0.0000000670680520
     46.6466484       0.0000000667801436
     46.7467461       0.0000000664941042
     46.8468475       0.0000000662098408
     46.9469452       0.0000000659275174
     47.0470467       0.0000000656469394
     47.1471481       0.0000000653681313
     47.2472458       0.0000000650910790
     47.3473473       0.0000000648158265
     47.4474487       0.0000000645423403
     47.5475464       0.0000000642705221
     47.6476479       0.0000000640004706
     47.7477493       0.0000000637320522
     47.8478470       0.0000000634653601
     47.9479485       0.0000000632003158
     48.0480499       0.0000000629369708
     48.1481476       0.0000000626752914
     48.2482491       0.0000000624151676
     48.3483467       0.0000000621566777
     48.4484482       0.0000000618998304
     48.5485497       0.0000000616445425
     48.6486473       0.0000000613908785
     48.7487488       0.0000000611387400
     48.8488503       0.0000000608881197
     48.9489479       0.0000000606390889
     49.0490494       0.0000000603915253
     49.1491508       0.0000000601454660
     49.2492485       0.0000000599010294
     49.3493500       0.0000000596579735
     49.4494476       0.0000000594164414
     49.5495491       0.0000000591763991
     49.6496506       0.0000000589376420
     49.7497482       0.0000000587005073
     49.8498497       0.0000000584647563
     49.9499512       0.0000000582303989
     50.0500488       0.0000000579974974
     50.1501503       0.0000000577659187
     50.2502518       0.0000000575357586
     50.3503494       0.0000000573069898
     50.4504509       0.0000000570795596
     50.5505524       0.0000000568535111
     50.6506500       0.0000000566287471
     50.7507515       0.0000000564053576
     50.8508492       0.0000000561833164
     50.9509506       0.0000000559625258
     51.0510521       0.0000000557430638
     51.1511497       0.0000000555248831
     51.2512512       0.0000000553079061
     51.3513527       0.0000000550922968
     51.4514503       0.0000000548779278
     51.5515518       0.0000000546648250
     51.6516533       0.0000000544529422
     51.7517509       0.0000000542422829
     51.8518524       0.0000000540328486
     51.9519501       0.0000000538246071
     52.0520515       0.0000000536175465
     52.1521530       0.0000000534116995
     52.2522507       0.0000000532070940
     52.3523521       0.0000000530036483
     52.4524536       0.0000000528012988
     52.5525513       0.0000000526001254
     52.6526527       0.0000000524001282
     52.7527542       0.0000000522013228
     52.8528519       0.0000000520035869
     52.9529533       0.0000000518069183
     53.0530548       0.0000000516114756
     53.1531525       0.0000000514170479
     53.2532539       0.0000000512237497
     53.3533516       0.0000000510315685
     53.4534531       0.0000000508403877
     53.5535545       0.0000000506503452
     53.6536522       0.0000000504613494
     53.7537537       0.0000000502734604
     53.8538551       0.0000000500864790
     53.9539528       0.0000000499006737
     54.0540543       0.0000000497158448
     54.1541557       0.0000000495320767
     54.2542534       0.0000000493492715
     54.3543549       0.0000000491675197
     54.4544525       0.0000000489867801
     54.5545540       0.0000000488070340
     54.6546555       0.0000000486281882
     54.7547531       0.0000000484504562
     54.8548546       0.0000000482736265
     54.9549561       0.0000000480977625
     55.0550537       0.0000000479228311
     55.1551552       0.0000000477488934
     55.2552567       0.0000000475758832
     55.3553543       0.0000000474038435
     55.4554558       0.0000000472327127
     55.5555573       0.0000000470624886
     55.6556549       0.0000000468932193
     55.7557564       0.0000000467248602
     55.8558540       0.0000000465573759
     55.9559555       0.0000000463908314
     56.0560570       0.0000000462251595
     56.1561546       0.0000000460604110
     56.2562561       0.0000000458964695
     56.3563576       0.0000000457333920
     56.4564552       0.0000000455712695
     56.5565567       0.0000000454099080
     56.6566582       0.0000000452495102
     56.7567558       0.0000000450898839
     56.8568573       0.0000000449310967
     56.9569588       0.0000000447731982
     57.0570564       0.0000000446160815
     57.1571579       0.0000000444598857
     57.2572556       0.0000000443043771
     57.3573570       0.0000000441497350
     57.4574585       0.0000000439959170
     57.5575562       0.0000000438429133
     57.6576576       0.0000000436907114
     57.7577591       0.0000000435392580
     57.8578568       0.0000000433885889
     57.9579582       0.0000000432387420
     58.0580597       0.0000000430896613
     58.1581573       0.0000000429413544
     58.2582588       0.0000000427938101
     58.3583565       0.0000000426469727
     58.4584579       0.0000000425009292
     58.5585594       0.0000000423556588
     58.6586571       0.0000000422110835
     58.7587585       0.0000000420673032
     58.8588600       0.0000000419242399
     58.9589577       0.0000000417818313
     59.0590591       0.0000000416402473
     59.1591606       0.0000000414993451
     59.2592583       0.0000000413591575
     59.3593597       0.0000000412196551
     59.4594612       0.0000000410808970
     59.5595589       0.0000000409428004
     59.6596603       0.0000000408054363
     59.7597580       0.0000000406687593
     59.8598595       0.0000000405327193
     59.9599609       0.0000000403974249
     60.0600586       0.0000000402627772
     60.1601601       0.0000000401287956
     60.2602615       0.0000000399954950
     60.3603592       0.0000000398628552
     60.4604607       0.0000000397308562
     60.5605621       0.0000000395995364
     60.6606598       0.0000000394688695
     60.7607613       0.0000000393388132
     60.8608627       0.0000000392094015
     60.9609604       0.0000000390806876
     61.0610619       0.0000000389525340
     61.1611595       0.0000000388250685
     61.2612610       0.0000000386982102
     61.3613625       0.0000000385719778
     61.4614601       0.0000000384463129
     61.5615616       0.0000000383212771
     61.6616631       0.0000000381968914
     61.7617607       0.0000000380730925
     61.8618622       0.0000000379498819
     61.9619637       0.0000000378272725
     62.0620613       0.0000000377052793
     62.1621628       0.0000000375838873
     62.2622604       0.0000000374629784
     62.3623619       0.0000000373427841
     62.4624634       0.0000000372230711
     62.5625610       0.0000000371039850
     62.6626625       0.0000000369854250
     62.7627640       0.0000000368675082
     62.8628616       0.0000000367500773
     62.9629631       0.0000000366332530
     63.0630646       0.0000000365169666
     63.1631622       0.0000000364012648
     63.2632637       0.0000000362860582
     63.3633652       0.0000000361714264
     63.4634628       0.0000000360573321
     63.5635643       0.0000000359437932
     63.6636620       0.0000000358307600
     63.7637634       0.0000000357182675
     63.8638649       0.0000000356062941
     63.9639626       0.0000000354948708
     64.0640640       0.0000000353840019
     64.1641617       0.0000000352736089
     64.2642670       0.0000000351636902
     64.3643646       0.0000000350543480
     64.4644623       0.0000000349455116
     64.5645676       0.0000000348371615
     64.6646652       0.0000000347293049
     64.7647629       0.0000000346219867
     64.8648682       0.0000000345151309
     64.9649658       0.0000000344087905
     65.0650635       0.0000000343029294
     65.1651688       0.0000000341975321
     65.2652664       0.0000000340926571
     65.3653641       0.0000000339882696
     65.4654617       0.0000000338843285
     65.5655670       0.0000000337808778
     65.6656647       0.0000000336779083
     65.7657623       0.0000000335754149
     65.8658676       0.0000000334733446
     65.9659653       0.0000000333717816
     66.0660629       0.0000000332706821
     66.1661682       0.0000000331700327
     66.2662659       0.0000000330698088
     66.3663635       0.0000000329700827
     66.4664688       0.0000000328708044
     66.5665665       0.0000000327719292
     66.6666641       0.0000000326735242
     66.7667694       0.0000000325755695
     66.8668671       0.0000000324780297
     66.9669647       0.0000000323809908
     67.0670700       0.0000000322843245
     67.1671677       0.0000000321881138
     67.2672653       0.0000000320923508
     67.3673706       0.0000000319969700
     67.4674683       0.0000000319020598
     67.5675659       0.0000000318075524
     67.6676712       0.0000000317134630
     67.7677689       0.0000000316197664
     67.8678665       0.0000000315264893
     67.9679642       0.0000000314336574
     68.0680695       0.0000000313412067
     68.1681671       0.0000000312491922
     68.2682648       0.0000000311575685
     68.3683701       0.0000000310663441
     68.4684677       0.0000000309755075
     68.5685654       0.0000000308850736
     68.6686707       0.0000000307950772
     68.7687683       0.0000000307054181
     68.8688660       0.0000000306161817
     68.9689713       0.0000000305273114
     69.0690689       0.0000000304388583
     69.1691666       0.0000000303507570
     69.2692719       0.0000000302630605
     69.3693695       0.0000000301757352
     69.4694672       0.0000000300887733
     69.5695724       0.0000000300021860
     69.6696701       0.0000000299160082
     69.7697678       0.0000000298301889
     69.8698730       0.0000000297447129
     69.9699707       0.0000000296596037
     70.0700684       0.0000000295749289
     70.1701736       0.0000000294905408
     70.2702713       0.0000000294065213
     70.3703690       0.0000000293228763
     70.4704742       0.0000000292395656
     70.5705719       0.0000000291566636
     70.6706696       0.0000000290740679
     70.7707672       0.0000000289918405
     70.8708725       0.0000000289099582
     70.9709702       0.0000000288284132
     71.0710678       0.0000000287472165
     71.1711731       0.0000000286663661
     71.2712708       0.0000000285858533
     71.3713684       0.0000000285056992
     71.4714737       0.0000000284258684
     71.5715714       0.0000000283463689
     71.6716690       0.0000000282672067
     71.7717743       0.0000000281883512
     71.8718719       0.0000000281098346
     71.9719696       0.0000000280316759
     72.0720749       0.0000000279538240
     72.1721725       0.0000000278762912
     72.2722702       0.0000000277991006
     72.3723755       0.0000000277221918
     72.4724731       0.0000000276456344
     72.5725708       0.0000000275693841
     72.6726761       0.0000000274934382
     72.7727737       0.0000000274178041
     72.8728714       0.0000000273425055
     72.9729767       0.0000000272674999
     73.0730743       0.0000000271928099
     73.1731720       0.0000000271184308
     73.2732697       0.0000000270443789
     73.3733749       0.0000000269705721
     73.4734726       0.0000000268970907
     73.5735703       0.0000000268239349
     73.6736755       0.0000000267510440
     73.7737732       0.0000000266784337
     73.8738708       0.0000000266061587
     73.9739761       0.0000000265341838
     74.0740738       0.0000000264624929
     74.1741714       0.0000000263910705
     74.2742767       0.0000000263199419
     74.3743744       0.0000000262491243
     74.4744720       0.0000000261785738
     74.5745773       0.0000000261083061
     74.6746750       0.0000000260383025
     74.7747726       0.0000000259686145
     74.8748779       0.0000000258992076
     74.9749756       0.0000000258300541
     75.0750732       0.0000000257611834
     75.1751785       0.0000000256925954
     75.2752762       0.0000000256242717
     75.3753738       0.0000000255561986
     75.4754791       0.0000000254884523
     75.5755768       0.0000000254209412
     75.6756744       0.0000000253536809
     75.7757721       0.0000000252867197
     75.8758774       0.0000000252200314
     75.9759750       0.0000000251535924
     76.0760727       0.0000000250874144
     76.1761780       0.0000000250214673
     76.2762756       0.0000000249558098
     76.3763733       0.0000000248904103
     76.4764786       0.0000000248252654
     76.5765762       0.0000000247603831
     76.6766739       0.0000000246957305
     76.7767792       0.0000000246313484
     76.8768768       0.0000000245672242
     76.9769745       0.0000000245033649
     77.0770798       0.0000000244397113
     77.1771774       0.0000000243763256
     77.2772751       0.0000000243132103
     77.3773804       0.0000000242502907
     77.4774780       0.0000000241876383
     77.5775757       0.0000000241252199
     77.6776810       0.0000000240630652
     77.7777786       0.0000000240011152
     77.8778763       0.0000000239394451
     77.9779816       0.0000000238780017
     78.0780792       0.0000000238168053
     78.1781769       0.0000000237558204
     78.2782745       0.0000000236950687
     78.3783798       0.0000000236345401
     78.4784775       0.0000000235742529
     78.5785751       0.0000000235142227
     78.6786804       0.0000000234544129
     78.7787781       0.0000000233948212
     78.8788757       0.0000000233354534
     78.9789810       0.0000000232763060
     79.0790787       0.0000000232173885
     79.1791763       0.0000000231587007
     79.2792816       0.0000000231002337
     79.3793793       0.0000000230419855
     79.4794769       0.0000000229839593
     79.5795822       0.0000000229261490
     79.6796799       0.0000000228685371
     79.7797775       0.0000000228111755
     79.8798828       0.0000000227540158
     79.9799805       0.0000000226970548
     80.0800781       0.0000000226403283
     80.1801834       0.0000000225838005
     80.2802811       0.0000000225274978
     80.3803787       0.0000000224714091
     80.4804840       0.0000000224155116
     80.5805817       0.0000000223598407
     80.6806793       0.0000000223043885
     80.7807770       0.0000000222491107
     80.8808823       0.0000000221940529
     80.9809799       0.0000000221391850
     81.0810776       0.0000000220845205
     81.1811829       0.0000000220300863
     81.2812805       0.0000000219758360
     81.3813782       0.0000000219217785
     81.4814835       0.0000000218679343
     81.5815811       0.0000000218142846
     81.6816788       0.0000000217608201
     81.7817841       0.0000000217075495
     81.8818817       0.0000000216544777
     81.9819794       0.0000000216016118
     82.0820847       0.0000000215489545
     82.1821823       0.0000000214964694
     82.2822800       0.0000000214441704
     82.3823853       0.0000000213920726
     82.4824829       0.0000000213401586
     82.5825806       0.0000000212884307
     82.6826859       0.0000000212368976
     82.7827835       0.0000000211855589
     82.8828812       0.0000000211343943
     82.9829865       0.0000000210834212
     83.0830841       0.0000000210326275
     83.1831818       0.0000000209820067
     83.2832794       0.0000000209315710
     83.3833847       0.0000000208813318
     83.4834824       0.0000000208312787
     83.5835800       0.0000000207813711
     83.6836853       0.0000000207316949
     83.7837830       0.0000000206821488
     83.8838806       0.0000000206328107
     83.9839859       0.0000000205836365
     84.0840836       0.0000000205346198
     84.1841812       0.0000000204858106
     84.2842865       0.0000000204371719
     84.3843842       0.0000000203886877
     84.4844818       0.0000000203403718
     84.5845871       0.0000000202922495
     84.6846848       0.0000000202442915
     84.7847824       0.0000000201964956
     84.8848877       0.0000000201488544
     84.9849854       0.0000000201014082
     85.0850830       0.0000000200541179
     85.1851883       0.0000000200070003
     85.2852859       0.0000000199600529
     85.3853836       0.0000000199132527
     85.4854889       0.0000000198666403
     85.5855865       0.0000000198201715
     85.6856842       0.0000000197738976
     85.7857895       0.0000000197277482
     85.8858871       0.0000000196817635
     85.9859848       0.0000000196359492
     86.0860825       0.0000000195902855
     86.1861877       0.0000000195447983
     86.2862854       0.0000000194994710
     86.3863831       0.0000000194542844
     86.4864883       0.0000000194092392
     86.5865860       0.0000000193643859
     86.6866837       0.0000000193196878
     86.7867889       0.0000000192751180
     86.8868866       0.0000000192307115
     86.9869843       0.0000000191864656
     87.0870895       0.0000000191423688
     87.1871872       0.0000000190984007
     87.2872849       0.0000000190546108
     87.3873901       0.0000000190109680
     87.4874878       0.0000000189674994
     87.5875854       0.0000000189241347
     87.6876907       0.0000000188809557
     87.7877884       0.0000000188378975
     87.8878860       0.0000000187950046
     87.9879913       0.0000000187522435
     88.0880890       0.0000000187096160
     88.1881866       0.0000000186671583
     88.2882919       0.0000000186248530
     88.3883896       0.0000000185826760
     88.4884872       0.0000000185406342
     88.5885849       0.0000000184987406
     88.6886902       0.0000000184570010
     88.7887878       0.0000000184153939
     88.8888855       0.0000000183739262
     88.9889908       0.0000000183325901
     89.0890884       0.0000000182914027
     89.1891861       0.0000000182503634
     89.2892914       0.0000000182094341
     89.3893890       0.0000000181686714
     89.4894867       0.0000000181280296
     89.5895920       0.0000000180875453
     89.6896896       0.0000000180471831
     89.7897873       0.0000000180069480
     89.8898926       0.0000000179668636
     89.9899902       0.0000000179268968
     90.0900879       0.0000000178870631
     90.1901932       0.0000000178473679
     90.2902908       0.0000000178077946
     90.3903885       0.0000000177683572
     90.4904938       0.0000000177290651
     90.5905914       0.0000000176898908
     90.6906891       0.0000000176508465
     90.7907944       0.0000000176119275
     90.8908920       0.0000000175731426
     90.9909897       0.0000000175344836
     91.0910873       0.0000000174959713
     91.1911926       0.0000000174575629
     91.2912903       0.0000000174192876
     91.3913879       0.0000000173811360
     91.4914932       0.0000000173430999
     91.5915909       0.0000000173052006
     91.6916885       0.0000000172674383
     91.7917938       0.0000000172297683
     91.8918915       0.0000000171922551
     91.9919891       0.0000000171548435
     92.0920944       0.0000000171175549
     92.1921921       0.0000000170803917
     92.2922897       0.0000000170433523
     92.3923950       0.0000000170064319
     92.4924927       0.0000000169696289
     92.5925903       0.0000000169329466
     92.6926956       0.0000000168963833
     92.7927933       0.0000000168599406
     92.8928909       0.0000000168236074
     92.9929962       0.0000000167873981
     93.0930939       0.0000000167513063
     93.1931915       0.0000000167153320
     93.2932968       0.0000000166794545
     93.3933945       0.0000000166437136
     93.4934921       0.0000000166080839
     93.5935898       0.0000000165725717
     93.6936951       0.0000000165371691
     93.7937927       0.0000000165018777
     93.8938904       0.0000000164666966
     93.9939957       0.0000000164316324
     94.0940933       0.0000000163966872
     94.1941910       0.0000000163618345
     94.2942963       0.0000000163270978
     94.3943939       0.0000000162924832
     94.4944916       0.0000000162579659
     94.5945969       0.0000000162235675
     94.6946945       0.0000000161892896
     94.7947922       0.0000000161550905
     94.8948975       0.0000000161210195
     94.9949951       0.0000000160870511
     95.0950928       0.0000000160532132
     95.1951981       0.0000000160194435
     95.2952957       0.0000000159858033
     95.3953934       0.0000000159522636
     95.4954987       0.0000000159188333
     95.5955963       0.0000000158854899
     95.6956940       0.0000000158522762
     95.7957993       0.0000000158191473
     95.8958969       0.0000000157861369
     95.9959946       0.0000000157532088
     96.0960999       0.0000000157203902
     96.1961975       0.0000000156876966
     96.2962952       0.0000000156550908
     96.3963928       0.0000000156225809
     96.4964981       0.0000000155901724
     96.5965958       0.0000000155578722
     96.6966934       0.0000000155256697
     96.7967987       0.0000000154935610
     96.8968964       0.0000000154615510
     96.9969940       0.0000000154296430
     97.0970993       0.0000000153978436
     97.1971970       0.0000000153661321
     97.2972946       0.0000000153345171
     97.3973999       0.0000000153029978
     97.4974976       0.0000000152716012
     97.5975952       0.0000000152402705
     97.6977005       0.0000000152090426
     97.7977982       0.0000000151779135
     97.8978958       0.0000000151468935
     97.9980011       0.0000000151159509
     98.0980988       0.0000000150851070
     98.1981964       0.0000000150543619
     98.2983017       0.0000000150237061
     98.3983994       0.0000000149931444
     98.4984970       0.0000000149626742
     98.5986023       0.0000000149323101
     98.6987000       0.0000000149020289
     98.7987976       0.0000000148718377
     98.8988953       0.0000000148417383
     98.9990005       0.0000000148117495
     99.0990982       0.0000000147818335
     99.1991959       0.0000000147519918
     99.2993011       0.0000000147222701
     99.3993988       0.0000000146926244
     99.4994965       0.0000000146630673
     99.5996017       0.0000000146335964
     99.6996994       0.0000000146042047
     99.7997971       0.0000000145749312
     99.8999023       0.0000000145457104
    100.0000000       0.0000000145166001
