# x		H(x,a)
      0.0000000       1.0000000000000000
      0.1001001       0.9900299906730652
      0.2002002       0.9607124924659729
      0.3003003       0.9137664437294006
      0.4004004       0.8518707156181335
      0.5005005       0.7784109115600586
      0.6006006       0.6971734166145325
      0.7007007       0.6120254397392273
      0.8008008       0.5266169309616089
      0.9009009       0.4441368877887726
      1.0010010       0.3671635937372503
      1.1011012       0.2975327524754615
      1.2012012       0.2363354175567144
      1.3013012       0.1840084090640093
      1.4014014       0.1404307631335255
      1.5015016       0.1050528626249235
      1.6016016       0.0770342607514298
      1.7017016       0.0553738238460317
      1.8018018       0.0390203082671868
      1.9019020       0.0269571797352257
      2.0020020       0.0182601360647843
      2.1021020       0.0121297657455968
      2.2022023       0.0079037552579261
      2.3023024       0.0050539312442545
      2.4024024       0.0031734346891146
      2.5025024       0.0019588701858188
      2.6026025       0.0011907779262523
      2.7027028       0.0007149522699064
      2.8028028       0.0004260195939441
      2.9029028       0.0002538809732688
      3.0030031       0.0001531074997830
      3.1031032       0.0000949963618052
      3.2032032       0.0000618552943276
      3.3033032       0.0000430391301563
      3.4034033       0.0000322917003113
      3.5035036       0.0000260186770872
      3.6036036       0.0000221995415786
      3.7037036       0.0000197211897727
      3.8038039       0.0000179814413048
      3.9039040       0.0000166591301326
      4.0040040       0.0000155843830438
      4.1041040       0.0000146672177345
      4.2042041       0.0000138591197772
      4.3043041       0.0000131328790632
      4.4044046       0.0000124722734169
      4.5045047       0.0000118667285331
      4.6046047       0.0000113087641459
      4.7047048       0.0000107926513559
      4.8048048       0.0000103137796424
      4.9049048       0.0000098682852234
      5.0050049       0.0000094528520423
      5.1051049       0.0000090646127879
      5.2052050       0.0000087010677559
      5.3053055       0.0000083600129666
      5.4054055       0.0000080394944163
      5.5055056       0.0000077377971274
      5.6056056       0.0000074533896153
      5.7057056       0.0000071848678850
      5.8058057       0.0000069310309256
      5.9059057       0.0000066907640574
      6.0060062       0.0000064630547570
      6.1061063       0.0000062470299746
      6.2062063       0.0000060418558659
      6.3063064       0.0000058467906268
      6.4064064       0.0000056611547052
      6.5065064       0.0000054843346711
      6.6066065       0.0000053157616090
      6.7067065       0.0000051549189484
      6.8068066       0.0000050013308880
      6.9069071       0.0000048545485072
      7.0070071       0.0000047141742416
      7.1071072       0.0000045798412482
      7.2072072       0.0000044511918960
      7.3073072       0.0000043279011171
      7.4074073       0.0000042096881676
      7.5075073       0.0000040962564416
      7.6076078       0.0000039873612206
      7.7077079       0.0000038827559681
      7.8078079       0.0000037822184239
      7.9079080       0.0000036855366823
      8.0080080       0.0000035925166328
      8.1081085       0.0000035029779074
      8.2082081       0.0000034167427129
      8.3083086       0.0000033336525799
      8.4084082       0.0000032535566287
      8.5085087       0.0000031763066311
      8.6086082       0.0000031017802383
      8.7087088       0.0000030298406343
      8.8088093       0.0000029603727462
      8.9089088       0.0000028932645699
      9.0090094       0.0000028284096012
      9.1091089       0.0000027657112057
      9.2092094       0.0000027050709059
      9.3093090       0.0000026463994731
      9.4094095       0.0000025896155113
      9.5095091       0.0000025346385448
      9.6096096       0.0000024813941192
      9.7097101       0.0000024298062301
      9.8098097       0.0000023798082051
      9.9099102       0.0000023313395090
     10.0100098       0.0000022843309480
     10.1101103       0.0000022387276755
     10.2102098       0.0000021944797895
     10.3103104       0.0000021515275107
     10.4104099       0.0000021098254434
     10.5105104       0.0000020693204090
     10.6106110       0.0000020299725865
     10.7107105       0.0000019917343348
     10.8108110       0.0000019545644157
     10.9109106       0.0000019184250440
     11.0110111       0.0000018832792882
     11.1111107       0.0000018490899344
     11.2112112       0.0000018158234179
     11.3113117       0.0000017834466561
     11.4114113       0.0000017519280396
     11.5115118       0.0000017212362701
     11.6116114       0.0000016913425799
     11.7117119       0.0000016622233985
     11.8118114       0.0000016338487231
     11.9119120       0.0000016061938499
     12.0120125       0.0000015792363594
     12.1121120       0.0000015529500022
     12.2122126       0.0000015273174541
     12.3123121       0.0000015023129525
     12.4124126       0.0000014779172273
     12.5125122       0.0000014541116872
     12.6126127       0.0000014308764469
     12.7127123       0.0000014081941517
     12.8128128       0.0000013860479777
     12.9129133       0.0000013644196054
     13.0130129       0.0000013432936304
     13.1131134       0.0000013226531855
     13.2132130       0.0000013024864230
     13.3133135       0.0000012827771877
     13.4134130       0.0000012635149112
     13.5135136       0.0000012446799166
     13.6136131       0.0000012262645756
     13.7137136       0.0000012082557285
     13.8138142       0.0000011906407674
     13.9139137       0.0000011734064621
     14.0140142       0.0000011565460075
     14.1141138       0.0000011400472108
     14.2142143       0.0000011238979322
     14.3143139       0.0000011080890587
     14.4144144       0.0000010926121688
     14.5145149       0.0000010774581397
     14.6146145       0.0000010626173218
     14.7147150       0.0000010480817211
     14.8148146       0.0000010338418962
     14.9149151       0.0000010198896792
     15.0150146       0.0000010062204385
     15.1151152       0.0000009928217066
     15.2152157       0.0000009796910414
     15.3153152       0.0000009668189610
     15.4154158       0.0000009541988896
     15.5155153       0.0000009418247122
     15.6156158       0.0000009296894166
     15.7157154       0.0000009177888975
     15.8158159       0.0000009061146063
     15.9159155       0.0000008946615729
     16.0160160       0.0000008834245293
     16.1161156       0.0000008723991377
     16.2162170       0.0000008615782436
     16.3163166       0.0000008509578863
     16.4164162       0.0000008405318960
     16.5165157       0.0000008302982665
     16.6166172       0.0000008202492733
     16.7167168       0.0000008103820993
     16.8168163       0.0000008006925427
     16.9169178       0.0000007911757886
     17.0170174       0.0000007818277443
     17.1171169       0.0000007726444285
     17.2172165       0.0000007636226142
     17.3173180       0.0000007547569425
     17.4174175       0.0000007460461072
     17.5175171       0.0000007374855536
     17.6176186       0.0000007290703253
     17.7177181       0.0000007207995795
     17.8178177       0.0000007126689495
     17.9179173       0.0000007046745686
     18.0180187       0.0000006968140918
     18.1181183       0.0000006890854852
     18.2182178       0.0000006814843704
     18.3183174       0.0000006740089322
     18.4184189       0.0000006666551624
     18.5185184       0.0000006594211455
     18.6186180       0.0000006523046826
     18.7187195       0.0000006453038437
     18.8188190       0.0000006384140446
     18.9189186       0.0000006316343815
     19.0190182       0.0000006249619850
     19.1191196       0.0000006183955501
     19.2192192       0.0000006119320243
     19.3193188       0.0000006055689143
     19.4194202       0.0000005993052411
     19.5195198       0.0000005931384602
     19.6196194       0.0000005870663771
     19.7197189       0.0000005810864612
     19.8198204       0.0000005751977725
     19.9199200       0.0000005693991812
     20.0200195       0.0000005636870906
     20.1201210       0.0000005580602723
     20.2202206       0.0000005525181320
     20.3203201       0.0000005470579245
     20.4204197       0.0000005416784682
     20.5205212       0.0000005363781645
     20.6206207       0.0000005311547635
     20.7207203       0.0000005260080658
     20.8208199       0.0000005209353738
     20.9209213       0.0000005159364911
     21.0210209       0.0000005110090630
     21.1211205       0.0000005061513937
     21.2212219       0.0000005013629219
     21.3213215       0.0000004966423914
     21.4214211       0.0000004919880578
     21.5215206       0.0000004873996692
     21.6216221       0.0000004828745818
     21.7217216       0.0000004784125955
     21.8218212       0.0000004740113312
     21.9219227       0.0000004696713758
     22.0220222       0.0000004653911033
     22.1221218       0.0000004611684953
     22.2222214       0.0000004570036235
     22.3223228       0.0000004528948160
     22.4224224       0.0000004488408404
     22.5225220       0.0000004448415749
     22.6226234       0.0000004408955193
     22.7227230       0.0000004370016103
     22.8228226       0.0000004331593214
     22.9229221       0.0000004293673872
     23.0230236       0.0000004256250154
     23.1231232       0.0000004219318513
     23.2232227       0.0000004182863739
     23.3233242       0.0000004146875251
     23.4234238       0.0000004111351829
     23.5235233       0.0000004076288937
     23.6236229       0.0000004041667236
     23.7237244       0.0000004007490603
     23.8238239       0.0000003973741486
     23.9239235       0.0000003940418677
     24.0240250       0.0000003907509191
     24.1241245       0.0000003875018823
     24.2242241       0.0000003842925745
     24.3243237       0.0000003811232967
     24.4244251       0.0000003779928335
     24.5245247       0.0000003749012961
     24.6246243       0.0000003718474729
     24.7247238       0.0000003688305048
     24.8248253       0.0000003658506362
     24.9249249       0.0000003629062162
     25.0250244       0.0000003599975363
     25.1251259       0.0000003571236474
     25.2252254       0.0000003542843306
     25.3253250       0.0000003514786893
     25.4254246       0.0000003487057705
     25.5255260       0.0000003459660772
     25.6256256       0.0000003432582591
     25.7257252       0.0000003405823492
     25.8258266       0.0000003379376924
     25.9259262       0.0000003353236975
     26.0260258       0.0000003327397011
     26.1261253       0.0000003301859678
     26.2262268       0.0000003276611944
     26.3263264       0.0000003251651113
     26.4264259       0.0000003226977659
     26.5265274       0.0000003202580256
     26.6266270       0.0000003178464988
     26.7267265       0.0000003154618564
     26.8268261       0.0000003131039707
     26.9269276       0.0000003107724958
     27.0270271       0.0000003084667894
     27.1271267       0.0000003061868448
     27.2272263       0.0000003039320667
     27.3273277       0.0000003017021559
     27.4274273       0.0000002994968527
     27.5275269       0.0000002973154591
     27.6276283       0.0000002951577359
     27.7277279       0.0000002930237187
     27.8278275       0.0000002909126089
     27.9279270       0.0000002888241565
     28.0280285       0.0000002867584035
     28.1281281       0.0000002847143816
     28.2282276       0.0000002826927642
     28.3283291       0.0000002806919091
     28.4284286       0.0000002787127692
     28.5285282       0.0000002767541691
     28.6286278       0.0000002748163863
     28.7287292       0.0000002728987388
     28.8288288       0.0000002710011741
     28.9289284       0.0000002691233802
     29.0290298       0.0000002672649388
     29.1291294       0.0000002654258237
     29.2292290       0.0000002636055833
     29.3293285       0.0000002618042424
     29.4294300       0.0000002600211518
     29.5295296       0.0000002582560674
     29.6296291       0.0000002565089764
     29.7297306       0.0000002547796287
     29.8298302       0.0000002530675687
     29.9299297       0.0000002513729241
     30.0300293       0.0000002496953926
     30.1301308       0.0000002480340627
     30.2302303       0.0000002463898288
     30.3303299       0.0000002447615879
     30.4304314       0.0000002431496723
     30.5305309       0.0000002415535251
     30.6306305       0.0000002399729322
     30.7307301       0.0000002384080910
     30.8308315       0.0000002368582896
     30.9309311       0.0000002353236087
     31.0310307       0.0000002338039637
     31.1311302       0.0000002322987870
     31.2312317       0.0000002308081818
     31.3313313       0.0000002293320210
     31.4314308       0.0000002278697458
     31.5315323       0.0000002264215361
     31.6316319       0.0000002249871787
     31.7317314       0.0000002235661823
     31.8318310       0.0000002221589501
     31.9319324       0.0000002207644739
     32.0320320       0.0000002193834792
     32.1321335       0.0000002180156580
     32.2322311       0.0000002166601356
     32.3323326       0.0000002153174798
     32.4324341       0.0000002139870385
     32.5325317       0.0000002126691368
     32.6326332       0.0000002113632880
     32.7327309       0.0000002100692845
     32.8328323       0.0000002087872569
     32.9329338       0.0000002075169089
     33.0330315       0.0000002062581485
     33.1331329       0.0000002050108470
     33.2332344       0.0000002037750953
     33.3333321       0.0000002025501949
     33.4334335       0.0000002013362645
     33.5335350       0.0000002001333315
     33.6336327       0.0000001989410130
     33.7337341       0.0000001977593682
     33.8338356       0.0000001965884369
     33.9339333       0.0000001954276449
     34.0340347       0.0000001942771476
     34.1341324       0.0000001931371438
     34.2342339       0.0000001920067028
     34.3343353       0.0000001908861198
     34.4344330       0.0000001897756324
     34.5345345       0.0000001886746835
     34.6346359       0.0000001875832356
     34.7347336       0.0000001865015010
     34.8348351       0.0000001854288108
     34.9349365       0.0000001843654559
     35.0350342       0.0000001833112342
     35.1351357       0.0000001822660320
     35.2352371       0.0000001812295744
     35.3353348       0.0000001802021823
     35.4354362       0.0000001791834336
     35.5355339       0.0000001781733699
     35.6356354       0.0000001771716013
     35.7357368       0.0000001761786066
     35.8358345       0.0000001751937804
     35.9359360       0.0000001742171083
     36.0360374       0.0000001732485832
     36.1361351       0.0000001722881817
     36.2362366       0.0000001713358406
     36.3363380       0.0000001703911802
     36.4364357       0.0000001694543806
     36.5365372       0.0000001685252832
     36.6366348       0.0000001676038537
     36.7367363       0.0000001666900722
     36.8368378       0.0000001657836286
     36.9369354       0.0000001648845886
     37.0370369       0.0000001639926622
     37.1371384       0.0000001631082312
     37.2372360       0.0000001622309405
     37.3373375       0.0000001613603789
     37.4374390       0.0000001604971149
     37.5375366       0.0000001596407331
     37.6376381       0.0000001587910116
     37.7377396       0.0000001579481593
     37.8378372       0.0000001571123179
     37.9379387       0.0000001562825844
     38.0380363       0.0000001554597034
     38.1381378       0.0000001546432629
     38.2382393       0.0000001538331665
     38.3383369       0.0000001530295062
     38.4384384       0.0000001522322148
     38.5385399       0.0000001514410169
     38.6386375       0.0000001506558681
     38.7387390       0.0000001498770635
     38.8388405       0.0000001491040541
     38.9389381       0.0000001483370693
     39.0390396       0.0000001475760758
     39.1391373       0.0000001468207886
     39.2392387       0.0000001460715367
     39.3393402       0.0000001453278798
     39.4394379       0.0000001445898136
     39.5395393       0.0000001438573482
     39.6396408       0.0000001431304676
     39.7397385       0.0000001424090267
     39.8398399       0.0000001416933562
     39.9399414       0.0000001409827185
     40.0400391       0.0000001402776205
     40.1401405       0.0000001395775701
     40.2402420       0.0000001388829952
     40.3403397       0.0000001381934732
     40.4404411       0.0000001375090119
     40.5405388       0.0000001368297371
     40.6406403       0.0000001361554346
     40.7407417       0.0000001354861464
     40.8408394       0.0000001348218777
     40.9409409       0.0000001341623587
     41.0410423       0.0000001335076643
     41.1411400       0.0000001328578067
     41.2412415       0.0000001322125165
     41.3413429       0.0000001315721446
     41.4414406       0.0000001309363513
     41.5415421       0.0000001303050504
     41.6416397       0.0000001296783338
     41.7417412       0.0000001290562869
     41.8418427       0.0000001284385494
     41.9419403       0.0000001278252258
     42.0420418       0.0000001272164563
     42.1421432       0.0000001266119259
     42.2422409       0.0000001260115839
     42.3423424       0.0000001254156963
     42.4424438       0.0000001248238829
     42.5425415       0.0000001242363885
     42.6426430       0.0000001236529072
     42.7427444       0.0000001230735304
     42.8428421       0.0000001224983667
     42.9429436       0.0000001219270914
     43.0430412       0.0000001213597162
     43.1431427       0.0000001207964965
     43.2432442       0.0000001202370581
     43.3433418       0.0000001196815971
     43.4434433       0.0000001191299289
     43.5435448       0.0000001185820691
     43.6436424       0.0000001180380241
     43.7437439       0.0000001174975446
     43.8438454       0.0000001169609836
     43.9439430       0.0000001164279782
     44.0440445       0.0000001158986792
     44.1441460       0.0000001153729504
     44.2442436       0.0000001148507183
     44.3443451       0.0000001143320464
     44.4444427       0.0000001138170980
     44.5445442       0.0000001133054093
     44.6446457       0.0000001127970922
     44.7447433       0.0000001122923938
     44.8448448       0.0000001117909684
     44.9449463       0.0000001112928236
     45.0450439       0.0000001107981506
     45.1451454       0.0000001103068318
     45.2452469       0.0000001098185508
     45.3453445       0.0000001093336414
     45.4454460       0.0000001088519421
     45.5455437       0.0000001083733219
     45.6456451       0.0000001078978908
     45.7457466       0.0000001074256860
     45.8458443       0.0000001069564450
     45.9459457       0.0000001064903892
     46.0460472       0.0000001060272758
     46.1461449       0.0000001055671762
     46.2462463       0.0000001051100982
     46.3463478       0.0000001046559795
     46.4464455       0.0000001042048519
     46.5465469       0.0000001037565845
     46.6466484       0.0000001033111782
     46.7467461       0.0000001028686649
     46.8468475       0.0000001024289024
     46.9469452       0.0000001019921377
     47.0470467       0.0000001015580686
     47.1471481       0.0000001011267518
     47.2472458       0.0000001006981443
     47.3473473       0.0000001002723185
     47.4474487       0.0000000998492132
     47.5475464       0.0000000994287090
     47.6476479       0.0000000990109242
     47.7477493       0.0000000985956729
     47.8478470       0.0000000981830885
     47.9479485       0.0000000977730653
     48.0480499       0.0000000973656466
     48.1481476       0.0000000969608300
     48.2482491       0.0000000965584105
     48.3483467       0.0000000961585224
     48.4484482       0.0000000957611614
     48.5485497       0.0000000953662309
     48.6486473       0.0000000949738088
     48.7487488       0.0000000945837278
     48.8488503       0.0000000941960095
     48.9489479       0.0000000938107510
     49.0490494       0.0000000934277617
     49.1491508       0.0000000930471051
     49.2492485       0.0000000926689497
     49.3493500       0.0000000922929374
     49.4494476       0.0000000919192740
     49.5495491       0.0000000915479273
     49.6496506       0.0000000911785652
     49.7497482       0.0000000908117023
     49.8498497       0.0000000904469879
     49.9499512       0.0000000900844169
     50.0500488       0.0000000897241193
     50.1501503       0.0000000893658608
     50.2502518       0.0000000890097901
     50.3503494       0.0000000886558811
     50.4504509       0.0000000883040372
     50.5505524       0.0000000879543417
     50.6506500       0.0000000876066154
     50.7507515       0.0000000872610247
     50.8508492       0.0000000869175156
     50.9509506       0.0000000865759509
     51.0510521       0.0000000862364298
     51.1511497       0.0000000858989010
     51.2512512       0.0000000855632265
     51.3513527       0.0000000852296767
     51.4514503       0.0000000848980345
     51.5515518       0.0000000845683611
     51.6516533       0.0000000842405818
     51.7517509       0.0000000839146857
     51.8518524       0.0000000835906738
     51.9519501       0.0000000832685211
     52.0520515       0.0000000829481882
     52.1521530       0.0000000826297451
     52.2522507       0.0000000823132027
     52.3523521       0.0000000819984713
     52.4524536       0.0000000816854208
     52.5525513       0.0000000813742062
     52.6526527       0.0000000810648017
     52.7527542       0.0000000807572416
     52.8528519       0.0000000804513335
     52.9529533       0.0000000801470861
     53.0530548       0.0000000798447303
     53.1531525       0.0000000795439417
     53.2532539       0.0000000792448969
     53.3533516       0.0000000789475845
     53.4534531       0.0000000786518298
     53.5535545       0.0000000783578253
     53.6536522       0.0000000780654423
     53.7537537       0.0000000777747730
     53.8538551       0.0000000774855049
     53.9539528       0.0000000771980578
     54.0540543       0.0000000769121258
     54.1541557       0.0000000766278328
     54.2542534       0.0000000763450194
     54.3543549       0.0000000760638380
     54.4544525       0.0000000757842341
     54.5545540       0.0000000755061577
     54.6546555       0.0000000752294769
     54.7547531       0.0000000749545235
     54.8548546       0.0000000746809544
     54.9549561       0.0000000744088931
     55.0550537       0.0000000741382703
     55.1551552       0.0000000738691806
     55.2552567       0.0000000736015260
     55.3553543       0.0000000733353749
     55.4554558       0.0000000730706282
     55.5555573       0.0000000728072899
     55.6556549       0.0000000725454222
     55.7557564       0.0000000722849649
     55.8558540       0.0000000720258660
     55.9559555       0.0000000717682113
     56.0560570       0.0000000715119144
     56.1561546       0.0000000712570438
     56.2562561       0.0000000710034195
     56.3563576       0.0000000707511290
     56.4564552       0.0000000705003232
     56.5565567       0.0000000702506913
     56.6566582       0.0000000700025457
     56.7567558       0.0000000697555983
     56.8568573       0.0000000695099484
     56.9569588       0.0000000692656772
     57.0570564       0.0000000690226144
     57.1571579       0.0000000687809643
     57.2572556       0.0000000685403958
     57.3573570       0.0000000683011594
     57.4574585       0.0000000680631980
     57.5575562       0.0000000678264971
     57.6576576       0.0000000675910370
     57.7577591       0.0000000673567340
     57.8578568       0.0000000671236401
     57.9579582       0.0000000668918173
     58.0580597       0.0000000666611879
     58.1581573       0.0000000664317505
     58.2582588       0.0000000662034972
     58.3583565       0.0000000659763309
     58.4584579       0.0000000657503978
     58.5585594       0.0000000655256596
     58.6586571       0.0000000653019970
     58.7587585       0.0000000650795607
     58.8588600       0.0000000648582442
     58.9589577       0.0000000646379323
     59.0590591       0.0000000644188931
     59.1591606       0.0000000642009122
     59.2592583       0.0000000639840334
     59.3593597       0.0000000637682211
     59.4594612       0.0000000635535574
     59.5595589       0.0000000633399183
     59.6596603       0.0000000631274143
     59.7597580       0.0000000629159630
     59.8598595       0.0000000627055123
     59.9599609       0.0000000624962075
     60.0600586       0.0000000622879036
     60.1601601       0.0000000620806268
     60.2602615       0.0000000618744060
     60.3603592       0.0000000616692026
     60.4604607       0.0000000614649970
     60.5605621       0.0000000612618420
     60.6606598       0.0000000610596993
     60.7607613       0.0000000608584971
     60.8608627       0.0000000606582914
     60.9609604       0.0000000604591630
     61.0610619       0.0000000602609089
     61.1611595       0.0000000600637192
     61.2612610       0.0000000598674597
     61.3613625       0.0000000596721717
     61.4614601       0.0000000594777697
     61.5615616       0.0000000592843371
     61.6616631       0.0000000590919080
     61.7617607       0.0000000589003876
     61.8618622       0.0000000587097706
     61.9619637       0.0000000585200883
     62.0620613       0.0000000583313622
     62.1621628       0.0000000581435636
     62.2622604       0.0000000579565174
     62.3623619       0.0000000577705754
     62.4624634       0.0000000575853760
     62.5625610       0.0000000574011390
     62.6626625       0.0000000572177284
     62.7627640       0.0000000570353093
     62.8628616       0.0000000568536351
     62.9629631       0.0000000566728998
     63.0630646       0.0000000564930063
     63.1631622       0.0000000563140061
     63.2632637       0.0000000561357822
     63.3633652       0.0000000559584439
     63.4634628       0.0000000557819327
     63.5635643       0.0000000556062804
     63.6636620       0.0000000554314194
     63.7637634       0.0000000552573827
     63.8638649       0.0000000550841675
     63.9639626       0.0000000549117829
     64.0640640       0.0000000547402673
     64.1641617       0.0000000545694895
     64.2642670       0.0000000543994389
     64.3643646       0.0000000542302741
     64.4644623       0.0000000540619040
     64.5645676       0.0000000538942841
     64.6646652       0.0000000537274335
     64.7647629       0.0000000535614074
     64.8648682       0.0000000533960907
     64.9649658       0.0000000532315791
     65.0650635       0.0000000530678090
     65.1651688       0.0000000529047555
     65.2652664       0.0000000527425137
     65.3653641       0.0000000525810200
     65.4654617       0.0000000524202244
     65.5655670       0.0000000522601804
     65.6656647       0.0000000521008849
     65.7657623       0.0000000519423190
     65.8658676       0.0000000517844144
     65.9659653       0.0000000516272925
     66.0660629       0.0000000514708877
     66.1661682       0.0000000513151814
     66.2662659       0.0000000511601345
     66.3663635       0.0000000510058505
     66.4664688       0.0000000508522586
     66.5665665       0.0000000506992987
     66.6666641       0.0000000505470620
     66.7667694       0.0000000503955264
     66.8668671       0.0000000502446290
     66.9669647       0.0000000500945107
     67.0670700       0.0000000499449610
     67.1671677       0.0000000497961185
     67.2672653       0.0000000496479704
     67.3673706       0.0000000495004081
     67.4674683       0.0000000493535797
     67.5675659       0.0000000492073764
     67.6676712       0.0000000490618159
     67.7677689       0.0000000489168697
     67.8678665       0.0000000487725637
     67.9679642       0.0000000486289440
     68.0680695       0.0000000484859250
     68.1681671       0.0000000483435752
     68.2682648       0.0000000482018263
     68.3683701       0.0000000480607046
     68.4684677       0.0000000479201779
     68.5685654       0.0000000477802723
     68.6686707       0.0000000476410406
     68.7687683       0.0000000475023357
     68.8688660       0.0000000473642849
     68.9689713       0.0000000472268012
     69.0690689       0.0000000470899582
     69.1691666       0.0000000469536631
     69.2692719       0.0000000468179907
     69.3693695       0.0000000466829012
     69.4694672       0.0000000465483699
     69.5695724       0.0000000464144130
     69.6696701       0.0000000462810937
     69.7697678       0.0000000461483238
     69.8698730       0.0000000460160933
     69.9699707       0.0000000458844279
     70.0700684       0.0000000457534282
     70.1701736       0.0000000456228835
     70.2702713       0.0000000454928947
     70.3703690       0.0000000453634996
     70.4704742       0.0000000452346163
     70.5705719       0.0000000451063603
     70.6706696       0.0000000449785823
     70.7707672       0.0000000448513728
     70.8708725       0.0000000447246966
     70.9709702       0.0000000445985492
     71.0710678       0.0000000444729322
     71.1711731       0.0000000443478553
     71.2712708       0.0000000442232969
     71.3713684       0.0000000440992943
     71.4714737       0.0000000439757968
     71.5715714       0.0000000438528097
     71.6716690       0.0000000437303349
     71.7717743       0.0000000436083476
     71.8718719       0.0000000434868826
     71.9719696       0.0000000433659652
     72.0720749       0.0000000432455292
     72.1721725       0.0000000431255791
     72.2722702       0.0000000430061637
     72.3723755       0.0000000428871863
     72.4724731       0.0000000427687467
     72.5725708       0.0000000426507859
     72.6726761       0.0000000425332973
     72.7727737       0.0000000424162851
     72.8728714       0.0000000422997946
     72.9729767       0.0000000421837586
     73.0730743       0.0000000420682100
     73.1731720       0.0000000419531419
     73.2732697       0.0000000418385831
     73.3733749       0.0000000417244002
     73.4734726       0.0000000416107217
     73.5735703       0.0000000414975485
     73.6736755       0.0000000413847854
     73.7737732       0.0000000412724547
     73.8738708       0.0000000411606458
     73.9739761       0.0000000410492938
     74.0740738       0.0000000409383877
     74.1741714       0.0000000408278955
     74.2742767       0.0000000407178540
     74.3743744       0.0000000406082977
     74.4744720       0.0000000404991506
     74.5745773       0.0000000403904466
     74.6746750       0.0000000402821508
     74.7747726       0.0000000401743411
     74.8748779       0.0000000400669625
     74.9749756       0.0000000399599837
     75.0750732       0.0000000398534388
     75.1751785       0.0000000397473285
     75.2752762       0.0000000396416273
     75.3753738       0.0000000395363166
     75.4754791       0.0000000394315106
     75.5755768       0.0000000393270722
     75.6756744       0.0000000392230151
     75.7757721       0.0000000391194246
     75.8758774       0.0000000390162582
     75.9759750       0.0000000389134733
     76.0760727       0.0000000388110916
     76.1761780       0.0000000387090737
     76.2762756       0.0000000386074985
     76.3763733       0.0000000385063211
     76.4764786       0.0000000384055398
     76.5765762       0.0000000383051650
     76.6766739       0.0000000382051451
     76.7767792       0.0000000381055423
     76.8768768       0.0000000380063437
     76.9769745       0.0000000379075499
     77.0770798       0.0000000378090746
     77.1771774       0.0000000377110137
     77.2772751       0.0000000376133711
     77.3773804       0.0000000375160339
     77.4774780       0.0000000374191088
     77.5775757       0.0000000373225442
     77.6776810       0.0000000372263896
     77.7777786       0.0000000371305483
     77.8778763       0.0000000370351409
     77.9779816       0.0000000369400908
     78.0780792       0.0000000368454158
     78.1781769       0.0000000367510736
     78.2782745       0.0000000366570857
     78.3783798       0.0000000365634453
     78.4784775       0.0000000364701799
     78.5785751       0.0000000363773121
     78.6786804       0.0000000362847850
     78.7787781       0.0000000361925943
     78.8788757       0.0000000361007487
     78.9789810       0.0000000360092470
     79.0790787       0.0000000359180988
     79.1791763       0.0000000358273062
     79.2792816       0.0000000357368568
     79.3793793       0.0000000356467438
     79.4794769       0.0000000355569748
     79.5795822       0.0000000354675405
     79.6796799       0.0000000353784122
     79.7797775       0.0000000352896767
     79.8798828       0.0000000352012432
     79.9799805       0.0000000351131234
     80.0800781       0.0000000350253656
     80.1801834       0.0000000349379164
     80.2802811       0.0000000348508123
     80.3803787       0.0000000347640418
     80.4804840       0.0000000346775686
     80.5805817       0.0000000345914404
     80.6806793       0.0000000345056572
     80.7807770       0.0000000344201403
     80.8808823       0.0000000343349630
     80.9809799       0.0000000342500813
     81.0810776       0.0000000341655094
     81.1811829       0.0000000340813025
     81.2812805       0.0000000339973726
     81.3813782       0.0000000339137457
     81.4814835       0.0000000338304452
     81.5815811       0.0000000337474477
     81.6816788       0.0000000336647375
     81.7817841       0.0000000335823246
     81.8818817       0.0000000335002215
     81.9819794       0.0000000334184380
     82.0820847       0.0000000333369753
     82.1821823       0.0000000332557796
     82.2822800       0.0000000331748687
     82.3823853       0.0000000330942708
     82.4824829       0.0000000330139576
     82.5825806       0.0000000329339354
     82.6826859       0.0000000328542137
     82.7827835       0.0000000327747873
     82.8828812       0.0000000326956381
     82.9829865       0.0000000326167768
     83.0830841       0.0000000325381972
     83.1831818       0.0000000324598868
     83.2832794       0.0000000323818625
     83.3833847       0.0000000323041371
     83.4834824       0.0000000322267058
     83.5835800       0.0000000321494975
     83.6836853       0.0000000320726425
     83.7837830       0.0000000319959945
     83.8838806       0.0000000319196678
     83.9839859       0.0000000318435949
     84.0840836       0.0000000317677620
     84.1841812       0.0000000316922520
     84.2842865       0.0000000316170111
     84.3843842       0.0000000315420041
     84.4844818       0.0000000314672563
     84.5845871       0.0000000313928071
     84.6846848       0.0000000313186133
     84.7847824       0.0000000312446724
     84.8848877       0.0000000311709702
     84.9849854       0.0000000310975683
     85.0850830       0.0000000310244101
     85.1851883       0.0000000309515184
     85.2852859       0.0000000308788883
     85.3853836       0.0000000308064898
     85.4854889       0.0000000307343751
     85.5855865       0.0000000306624856
     85.6856842       0.0000000305909002
     85.7857895       0.0000000305195053
     85.8858871       0.0000000304483622
     85.9859848       0.0000000303774891
     86.0860825       0.0000000303068439
     86.1861877       0.0000000302364737
     86.2862854       0.0000000301663520
     86.3863831       0.0000000300964475
     86.4864883       0.0000000300267617
     86.5865860       0.0000000299573713
     86.6866837       0.0000000298882200
     86.7867889       0.0000000298192704
     86.8868866       0.0000000297505728
     86.9869843       0.0000000296821228
     87.0870895       0.0000000296139027
     87.1871872       0.0000000295458831
     87.2872849       0.0000000294781390
     87.3873901       0.0000000294106203
     87.4874878       0.0000000293433756
     87.5875854       0.0000000292762875
     87.6876907       0.0000000292094904
     87.7877884       0.0000000291428767
     87.8878860       0.0000000290765164
     87.9879913       0.0000000290103645
     88.0880890       0.0000000289444215
     88.1881866       0.0000000288787344
     88.2882919       0.0000000288132913
     88.3883896       0.0000000287480381
     88.4884872       0.0000000286829967
     88.5885849       0.0000000286181882
     88.6886902       0.0000000285536143
     88.7887878       0.0000000284892505
     88.8888855       0.0000000284250933
     88.9889908       0.0000000283611467
     89.0890884       0.0000000282974312
     89.1891861       0.0000000282339389
     89.2892914       0.0000000281706223
     89.3893890       0.0000000281075608
     89.4894867       0.0000000280446837
     89.5895920       0.0000000279820534
     89.6896896       0.0000000279196124
     89.7897873       0.0000000278573664
     89.8898926       0.0000000277953553
     89.9899902       0.0000000277335242
     90.0900879       0.0000000276719031
     90.1901932       0.0000000276104925
     90.2902908       0.0000000275492670
     90.3903885       0.0000000274882567
     90.4904938       0.0000000274274731
     90.5905914       0.0000000273668699
     90.6906891       0.0000000273064673
     90.7907944       0.0000000272462589
     90.8908920       0.0000000271862557
     90.9909897       0.0000000271264514
     91.0910873       0.0000000270668672
     91.1911926       0.0000000270074513
     91.2912903       0.0000000269482358
     91.3913879       0.0000000268892146
     91.4914932       0.0000000268303717
     91.5915909       0.0000000267717389
     91.6916885       0.0000000267133228
     91.7917938       0.0000000266550436
     91.8918915       0.0000000265970096
     91.9919891       0.0000000265391301
     92.0920944       0.0000000264814465
     92.1921921       0.0000000264239541
     92.2922897       0.0000000263666496
     92.3923950       0.0000000263095346
     92.4924927       0.0000000262525997
     92.5925903       0.0000000261958529
     92.6926956       0.0000000261392877
     92.7927933       0.0000000260829057
     92.8928909       0.0000000260266994
     92.9929962       0.0000000259706809
     93.0930939       0.0000000259148456
     93.1931915       0.0000000258591921
     93.2932968       0.0000000258036893
     93.3933945       0.0000000257483977
     93.4934921       0.0000000256932783
     93.5935898       0.0000000256383375
     93.6936951       0.0000000255835706
     93.7937927       0.0000000255289716
     93.8938904       0.0000000254745451
     93.9939957       0.0000000254202998
     94.0940933       0.0000000253662363
     94.1941910       0.0000000253123208
     94.2942963       0.0000000252585820
     94.3943939       0.0000000252050307
     94.4944916       0.0000000251516309
     94.5945969       0.0000000250984164
     94.6946945       0.0000000250453878
     94.7947922       0.0000000249924806
     94.8948975       0.0000000249397690
     94.9949951       0.0000000248872226
     95.0950928       0.0000000248348731
     95.1951981       0.0000000247826288
     95.2952957       0.0000000247305877
     95.3953934       0.0000000246787009
     95.4954987       0.0000000246269809
     95.5955963       0.0000000245753996
     95.6956940       0.0000000245240173
     95.7957993       0.0000000244727659
     95.8958969       0.0000000244216976
     95.9959946       0.0000000243707558
     96.0960999       0.0000000243199824
     96.1961975       0.0000000242694069
     96.2962952       0.0000000242189631
     96.3963928       0.0000000241686677
     96.4964981       0.0000000241185342
     96.5965958       0.0000000240685637
     96.6966934       0.0000000240187469
     96.7967987       0.0000000239690705
     96.8968964       0.0000000239195508
     96.9969940       0.0000000238701879
     97.0970993       0.0000000238209950
     97.1971970       0.0000000237719347
     97.2972946       0.0000000237230247
     97.3973999       0.0000000236742652
     97.4974976       0.0000000236256933
     97.5975952       0.0000000235772218
     97.6977005       0.0000000235289120
     97.7977982       0.0000000234807528
     97.8978958       0.0000000234327650
     97.9980011       0.0000000233848957
     98.0980988       0.0000000233371800
     98.1981964       0.0000000232896166
     98.2983017       0.0000000232421908
     98.3983994       0.0000000231949077
     98.4984970       0.0000000231477721
     98.5986023       0.0000000231007979
     98.6987000       0.0000000230539505
     98.7987976       0.0000000230072443
     98.8988953       0.0000000229606806
     98.9990005       0.0000000229142861
     99.0990982       0.0000000228680045
     99.1991959       0.0000000228218391
     99.2993011       0.0000000227758567
     99.3993988       0.0000000227299938
     99.4994965       0.0000000226842702
     99.5996017       0.0000000226386782
     99.6996994       0.0000000225932060
     99.7997971       0.0000000225479193
     99.8999023       0.0000000225027167
    100.0000000       0.0000000224576782
