# x		H(x,a)
      0.0000000       1.0000000000000000
      0.1001001       0.9900299906730652
      0.2002002       0.9607124924659729
      0.3003003       0.9137664437294006
      0.4004004       0.8518707156181335
      0.5005005       0.7784109115600586
      0.6006006       0.6971734166145325
      0.7007007       0.6120254397392273
      0.8008008       0.5266169309616089
      0.9009009       0.4441368877887726
      1.0010010       0.3671575941613631
      1.1011012       0.2975157686770426
      1.2012012       0.2363087510915897
      1.3013012       0.1839751242764823
      1.4014014       0.1403939718009256
      1.5015016       0.1050150816302400
      1.6016016       0.0769972763871942
      1.7017016       0.0553387691284882
      1.8018018       0.0389878077447732
      1.9019020       0.0269274959447339
      2.0020020       0.0182332921405261
      2.1021020       0.0121056385345062
      2.2022023       0.0078821412994681
      2.3023024       0.0050345910300966
      2.4024024       0.0031561208605062
      2.5025024       0.0019433442654853
      2.6026025       0.0011768194183342
      2.7027028       0.0007023627500393
      2.8028028       0.0004146237432897
      2.9029028       0.0002435257878876
      3.0030031       0.0001436606009339
      3.1031032       0.0000863438116633
      3.2032032       0.0000538993620732
      3.3033032       0.0000356961048488
      3.4034033       0.0000254899088017
      3.5035036       0.0000196966988084
      3.6036036       0.0000163046522724
      3.7037036       0.0000142080330009
      3.8038039       0.0000128108789414
      3.9039040       0.0000117972881999
      4.0040040       0.0000110018437817
      4.1041040       0.0000103383271614
      4.2042041       0.0000097614274851
      4.3043041       0.0000092466627110
      4.4044046       0.0000087801254376
      4.5045047       0.0000083532370926
      4.6046047       0.0000079602220519
      4.7047048       0.0000075968286413
      4.8048048       0.0000072597149260
      4.9049048       0.0000069461216669
      5.0050049       0.0000066536988382
      5.1051049       0.0000063804218566
      5.2052050       0.0000061245280342
      5.3053055       0.0000058844651438
      5.4054055       0.0000056588574297
      5.5055056       0.0000054464976785
      5.6056056       0.0000052463087638
      5.7057056       0.0000050573008392
      5.8058057       0.0000048786299147
      5.9059057       0.0000047095101196
      6.0060062       0.0000045492295484
      6.1061063       0.0000043971732058
      6.2062063       0.0000042527555012
      6.3063064       0.0000041154524587
      6.4064064       0.0000039847863574
      6.5065064       0.0000038603257653
      6.6066065       0.0000037416706715
      6.7067065       0.0000036284562831
      6.8068066       0.0000035203480506
      6.9069071       0.0000034170308229
      7.0070071       0.0000033182237068
      7.1071072       0.0000032236690953
      7.2072072       0.0000031331153036
      7.3073072       0.0000030463328617
      7.4074073       0.0000029631249297
      7.5075073       0.0000028832822070
      7.6076078       0.0000028066329701
      7.7077079       0.0000027330029551
      7.8078079       0.0000026622364332
      7.9079080       0.0000025941838100
      8.0080080       0.0000025287089385
      8.1081085       0.0000024656840434
      8.2082081       0.0000024049846014
      8.3083086       0.0000023464990285
      8.4084082       0.0000022901207425
      8.5085087       0.0000022357460148
      8.6086082       0.0000021832879762
      8.7087088       0.0000021326511226
      8.8088093       0.0000020837539808
      8.9089088       0.0000020365176363
      9.0090094       0.0000019908673684
      9.1091089       0.0000019467352014
      9.2092094       0.0000019040514900
      9.3093090       0.0000018627536076
      9.4094095       0.0000018227843920
      9.5095091       0.0000017840870162
      9.6096096       0.0000017466092076
      9.7097101       0.0000017102974836
      9.8098097       0.0000016751047960
      9.9099102       0.0000016409883827
     10.0100098       0.0000016078999682
     10.1101103       0.0000015758006790
     10.2102098       0.0000015446553478
     10.3103104       0.0000015144222254
     10.4104099       0.0000014850688285
     10.5105104       0.0000014565580364
     10.6106110       0.0000014288616711
     10.7107105       0.0000014019465270
     10.8108110       0.0000013757831460
     10.9109106       0.0000013503454971
     11.0110111       0.0000013256069616
     11.1111107       0.0000013015416441
     11.2112112       0.0000012781258889
     11.3113117       0.0000012553365138
     11.4114113       0.0000012331511271
     11.5115118       0.0000012115477851
     11.6116114       0.0000011905060782
     11.7117119       0.0000011700095942
     11.8118114       0.0000011500371090
     11.9119120       0.0000011305714130
     12.0120125       0.0000011115964664
     12.1121120       0.0000010930939378
     12.2122126       0.0000010750516856
     12.3123121       0.0000010574514848
     12.4124126       0.0000010402796961
     12.5125122       0.0000010235234191
     12.6126127       0.0000010071686084
     12.7127123       0.0000009912029350
     12.8128128       0.0000009756145711
     12.9129133       0.0000009603906562
     13.0130129       0.0000009455205509
     13.1131134       0.0000009309921297
     13.2132130       0.0000009167970566
     13.3133135       0.0000009029241198
     13.4134130       0.0000008893657138
     13.5135136       0.0000008761081788
     13.6136131       0.0000008631459067
     13.7137136       0.0000008504698112
     13.8138142       0.0000008380708843
     13.9139137       0.0000008259400587
     14.0140142       0.0000008140722393
     14.1141138       0.0000008024590380
     14.2142143       0.0000007910918334
     14.3143139       0.0000007799642236
     14.4144144       0.0000007690703674
     14.5145149       0.0000007584037131
     14.6146145       0.0000007479574100
     14.7147150       0.0000007377261750
     14.8148146       0.0000007277029553
     14.9149151       0.0000007178822105
     15.0150146       0.0000007082606999
     15.1151152       0.0000006988295647
     15.2152157       0.0000006895871692
     15.3153152       0.0000006805267313
     15.4154158       0.0000006716436954
     15.5155153       0.0000006629337325
     15.6156158       0.0000006543918543
     15.7157154       0.0000006460153693
     15.8158159       0.0000006377980371
     15.9159155       0.0000006297364808
     16.0160160       0.0000006218268399
     16.1161156       0.0000006140662387
     16.2162170       0.0000006064496583
     16.3163166       0.0000005989741826
     16.4164162       0.0000005916354837
     16.5165157       0.0000005844322101
     16.6166172       0.0000005773589013
     16.7167168       0.0000005704135174
     16.8168163       0.0000005635932562
     16.9169178       0.0000005568945732
     17.0170174       0.0000005503147065
     17.1171169       0.0000005438507102
     17.2172165       0.0000005375004563
     17.3173180       0.0000005312600044
     17.4174175       0.0000005251286757
     17.5175171       0.0000005191029951
     17.6176186       0.0000005131796582
     17.7177181       0.0000005073580759
     17.8178177       0.0000005016350624
     17.9179173       0.0000004960079672
     18.0180187       0.0000004904750644
     18.1181183       0.0000004850350397
     18.2182178       0.0000004796847641
     18.3183174       0.0000004744229819
     18.4184189       0.0000004692467801
     18.5185184       0.0000004641548446
     18.6186180       0.0000004591456796
     18.7187195       0.0000004542179434
     18.8188190       0.0000004493683474
     18.9189186       0.0000004445962186
     19.0190182       0.0000004398996784
     19.1191196       0.0000004352776414
     19.2192192       0.0000004307281017
     19.3193188       0.0000004262492196
     19.4194202       0.0000004218403633
     19.5195198       0.0000004174996637
     19.6196194       0.0000004132256052
     19.7197189       0.0000004090164246
     19.8198204       0.0000004048714840
     19.9199200       0.0000004007899716
     20.0200195       0.0000003967693301
     20.1201210       0.0000003928087330
     20.2202206       0.0000003889077344
     20.3203201       0.0000003850643513
     20.4204197       0.0000003812778814
     20.5205212       0.0000003775470806
     20.6206207       0.0000003738704346
     20.7207203       0.0000003702477710
     20.8208199       0.0000003666771689
     20.9209213       0.0000003631585694
     21.0210209       0.0000003596902238
     21.1211205       0.0000003562710077
     21.2212219       0.0000003529004843
     21.3213215       0.0000003495777740
     21.4214211       0.0000003463016743
     21.5215206       0.0000003430719896
     21.6216221       0.0000003398868741
     21.7217216       0.0000003367461478
     21.8218212       0.0000003336481760
     21.9219227       0.0000003305933522
     22.0220222       0.0000003275805463
     22.1221218       0.0000003246083426
     22.2222214       0.0000003216767476
     22.3223228       0.0000003187846232
     22.4224224       0.0000003159311204
     22.5225220       0.0000003131160905
     22.6226234       0.0000003103385102
     22.7227230       0.0000003075976843
     22.8228226       0.0000003048931832
     22.9229221       0.0000003022240854
     23.0230236       0.0000002995899157
     23.1231232       0.0000002969903739
     23.2232227       0.0000002944243689
     23.3233242       0.0000002918912238
     23.4234238       0.0000002893908015
     23.5235233       0.0000002869227519
     23.6236229       0.0000002844858009
     23.7237244       0.0000002820801319
     23.8238239       0.0000002797046219
     23.9239235       0.0000002773590919
     24.0240250       0.0000002750426334
     24.1241245       0.0000002727557105
     24.2242241       0.0000002704967219
     24.3243237       0.0000002682659555
     24.4244251       0.0000002660624510
     24.5245247       0.0000002638863628
     24.6246243       0.0000002617368627
     24.7247238       0.0000002596132510
     24.8248253       0.0000002575157759
     24.9249249       0.0000002554432429
     25.0250244       0.0000002533959044
     25.1251259       0.0000002513730264
     25.2252254       0.0000002493744538
     25.3253250       0.0000002473996101
     25.4254246       0.0000002454478166
     25.5255260       0.0000002435193738
     25.6256256       0.0000002416134184
     25.7257252       0.0000002397298759
     25.8258266       0.0000002378683631
     25.9259262       0.0000002360284070
     26.0260258       0.0000002342095769
     26.1261253       0.0000002324120637
     26.2262268       0.0000002306349057
     26.3263264       0.0000002288779560
     26.4264259       0.0000002271412480
     26.5265274       0.0000002254239372
     26.6266270       0.0000002237265266
     26.7267265       0.0000002220479924
     26.8268261       0.0000002203883542
     26.9269276       0.0000002187472502
     27.0270271       0.0000002171242928
     27.1271267       0.0000002155195095
     27.2272263       0.0000002139324111
     27.3273277       0.0000002123628135
     27.4274273       0.0000002108105349
     27.5275269       0.0000002092750685
     27.6276283       0.0000002077563018
     27.7277279       0.0000002062541971
     27.8278275       0.0000002047682306
     27.9279270       0.0000002032982007
     28.0280285       0.0000002018441606
     28.1281281       0.0000002004053979
     28.2282276       0.0000001989824150
     28.3283291       0.0000001975740550
     28.4284286       0.0000001961809802
     28.5285282       0.0000001948023590
     28.6286278       0.0000001934383859
     28.7287292       0.0000001920885798
     28.8288288       0.0000001907529240
     28.9289284       0.0000001894311909
     29.0290298       0.0000001881230472
     29.1291294       0.0000001868285276
     29.2292290       0.0000001855472933
     29.3293285       0.0000001842793626
     29.4294300       0.0000001830242526
     29.5295296       0.0000001817818541
     29.6296291       0.0000001805521321
     29.7297306       0.0000001793348746
     29.8298302       0.0000001781297814
     29.9299297       0.0000001769369361
     30.0300293       0.0000001757561739
     30.1301308       0.0000001745867824
     30.2302303       0.0000001734294241
     30.3303299       0.0000001722833534
     30.4304314       0.0000001711487557
     30.5305309       0.0000001700252272
     30.6306305       0.0000001689126999
     30.7307301       0.0000001678112319
     30.8308315       0.0000001667203652
     30.9309311       0.0000001656401251
     31.0310307       0.0000001645704601
     31.1311302       0.0000001635109791
     31.2312317       0.0000001624617929
     31.3313313       0.0000001614227432
     31.4314308       0.0000001603934742
     31.5315323       0.0000001593741143
     31.6316319       0.0000001583644759
     31.7317314       0.0000001573642740
     31.8318310       0.0000001563737484
     31.9319324       0.0000001553921904
     32.0320320       0.0000001544201578
     32.1321335       0.0000001534573706
     32.2322311       0.0000001525032357
     32.3323326       0.0000001515581463
     32.4324341       0.0000001506216738
     32.5325317       0.0000001496940422
     32.6326332       0.0000001487748658
     32.7327309       0.0000001478640527
     32.8328323       0.0000001469616515
     32.9329338       0.0000001460674825
     33.0330315       0.0000001451814428
     33.1331329       0.0000001443035049
     33.2332344       0.0000001434336872
     33.3333321       0.0000001425714936
     33.4334335       0.0000001417170356
     33.5335350       0.0000001408702971
     33.6336327       0.0000001400310386
     33.7337341       0.0000001391993128
     33.8338356       0.0000001383751141
     33.9339333       0.0000001375580540
     34.0340347       0.0000001367482388
     34.1341324       0.0000001359458111
     34.2342339       0.0000001351501190
     34.3343353       0.0000001343613571
     34.4344330       0.0000001335797056
     34.5345345       0.0000001328047638
     34.6346359       0.0000001320365185
     34.7347336       0.0000001312751057
     34.8348351       0.0000001305200454
     34.9349365       0.0000001297715701
     35.0350342       0.0000001290295350
     35.1351357       0.0000001282938212
     35.2352371       0.0000001275642816
     35.3353348       0.0000001268411261
     35.4354362       0.0000001261240557
     35.5355339       0.0000001254130724
     35.6356354       0.0000001247079513
     35.7357368       0.0000001240089868
     35.8358345       0.0000001233157834
     35.9359360       0.0000001226283277
     36.0360374       0.0000001219466050
     36.1361351       0.0000001212706002
     36.2362366       0.0000001206002497
     36.3363380       0.0000001199353238
     36.4364357       0.0000001192759368
     36.5365372       0.0000001186219542
     36.6366348       0.0000001179733782
     36.7367363       0.0000001173301927
     36.8368378       0.0000001166921549
     36.9369354       0.0000001160593434
     37.0370369       0.0000001154315300
     37.1371384       0.0000001148089847
     37.2372360       0.0000001141914778
     37.3373375       0.0000001135787117
     37.4374390       0.0000001129710841
     37.5375366       0.0000001123682917
     37.6376381       0.0000001117701837
     37.7377396       0.0000001111769124
     37.8378372       0.0000001105885642
     37.9379387       0.0000001100045375
     38.0380363       0.0000001094253337
     38.1381378       0.0000001088506453
     38.2382393       0.0000001082804463
     38.3383369       0.0000001077147499
     38.4384384       0.0000001071535573
     38.5385399       0.0000001065966415
     38.6386375       0.0000001060440038
     38.7387390       0.0000001054958162
     38.8388405       0.0000001049516974
     38.9389381       0.0000001044118338
     39.0390396       0.0000001038761840
     39.1391373       0.0000001033445547
     39.2392387       0.0000001028171719
     39.3393402       0.0000001022937193
     39.4394379       0.0000001017742054
     39.5395393       0.0000001012586377
     39.6396408       0.0000001007470040
     39.7397385       0.0000001002391958
     39.8398399       0.0000000997354414
     39.9399414       0.0000000992352416
     40.0400391       0.0000000987389324
     40.1401405       0.0000000982461787
     40.2402420       0.0000000977572709
     40.3403397       0.0000000972719377
     40.4404411       0.0000000967901575
     40.5405388       0.0000000963120277
     40.6406403       0.0000000958374027
     40.7407417       0.0000000953662988
     40.8408394       0.0000000948987294
     40.9409409       0.0000000944345039
     41.0410423       0.0000000939736751
     41.1411400       0.0000000935162530
     41.2412415       0.0000000930620533
     41.3413429       0.0000000926113093
     41.4414406       0.0000000921637706
     41.5415421       0.0000000917194171
     41.6416397       0.0000000912782861
     41.7417412       0.0000000908404302
     41.8418427       0.0000000904056123
     41.9419403       0.0000000899739137
     42.0420418       0.0000000895454094
     42.1421432       0.0000000891198905
     42.2422409       0.0000000886973150
     42.3423424       0.0000000882778905
     42.4424438       0.0000000878613171
     42.5425415       0.0000000874477931
     42.6426430       0.0000000870370839
     42.7427444       0.0000000866292711
     42.8428421       0.0000000862244314
     42.9429436       0.0000000858223127
     43.0430412       0.0000000854229583
     43.1431427       0.0000000850265058
     43.2432442       0.0000000846327343
     43.3433418       0.0000000842417582
     43.4434433       0.0000000838534478
     43.5435448       0.0000000834678205
     43.6436424       0.0000000830848695
     43.7437439       0.0000000827044436
     43.8438454       0.0000000823267635
     43.9439430       0.0000000819515914
     44.0440445       0.0000000815790239
     44.1441460       0.0000000812089826
     44.2442436       0.0000000808413872
     44.3443451       0.0000000804763012
     44.4444427       0.0000000801138371
     44.5445442       0.0000000797536675
     44.6446457       0.0000000793958649
     44.7447433       0.0000000790406209
     44.8448448       0.0000000786876886
     44.9449463       0.0000000783370397
     45.0450439       0.0000000779888537
     45.1451454       0.0000000776430270
     45.2452469       0.0000000772993269
     45.3453445       0.0000000769580183
     45.4454460       0.0000000766189629
     45.5455437       0.0000000762820634
     45.6456451       0.0000000759474113
     45.7457466       0.0000000756150376
     45.8458443       0.0000000752847429
     45.9459457       0.0000000749566930
     46.0460472       0.0000000746307223
     46.1461449       0.0000000743068659
     46.2462463       0.0000000739851332
     46.3463478       0.0000000736654907
     46.4464455       0.0000000733479555
     46.5465469       0.0000000730324178
     46.6466484       0.0000000727189032
     46.7467461       0.0000000724074241
     46.8468475       0.0000000720978889
     46.9469452       0.0000000717904563
     47.0470467       0.0000000714849246
     47.1471481       0.0000000711813266
     47.2472458       0.0000000708796361
     47.3473473       0.0000000705799090
     47.4474487       0.0000000702820907
     47.5475464       0.0000000699861075
     47.6476479       0.0000000696920361
     47.7477493       0.0000000693997534
     47.8478470       0.0000000691093330
     47.9479485       0.0000000688207272
     48.0480499       0.0000000685339507
     48.1481476       0.0000000682490158
     48.2482491       0.0000000679657581
     48.3483467       0.0000000676842767
     48.4484482       0.0000000674045894
     48.5485497       0.0000000671266006
     48.6486473       0.0000000668503810
     48.7487488       0.0000000665758116
     48.8488503       0.0000000663029001
     48.9489479       0.0000000660317293
     49.0490494       0.0000000657621440
     49.1491508       0.0000000654942033
     49.2492485       0.0000000652280315
     49.3493500       0.0000000649633603
     49.4494476       0.0000000647003454
     49.5495491       0.0000000644389590
     49.6496506       0.0000000641789789
     49.7497482       0.0000000639207453
     49.8498497       0.0000000636640291
     49.9499512       0.0000000634088254
     50.0500488       0.0000000631552190
     50.1501503       0.0000000629030456
     50.2502518       0.0000000626524105
     50.3503494       0.0000000624033037
     50.4504509       0.0000000621556440
     50.5505524       0.0000000619094990
     50.6506500       0.0000000616647486
     50.7507515       0.0000000614214892
     50.8508492       0.0000000611796961
     50.9509506       0.0000000609392725
     51.0510521       0.0000000607002976
     51.1511497       0.0000000604627133
     51.2512512       0.0000000602264434
     51.3513527       0.0000000599916557
     51.4514503       0.0000000597582217
     51.5515518       0.0000000595261741
     51.6516533       0.0000000592954496
     51.7517509       0.0000000590660576
     51.8518524       0.0000000588379900
     51.9519501       0.0000000586112306
     52.0520515       0.0000000583857554
     52.1521530       0.0000000581616076
     52.2522507       0.0000000579388028
     52.3523521       0.0000000577172695
     52.4524536       0.0000000574969248
     52.5525513       0.0000000572778557
     52.6526527       0.0000000570600732
     52.7527542       0.0000000568435896
     52.8528519       0.0000000566282712
     52.9529533       0.0000000564141150
     53.0530548       0.0000000562012896
     53.1531525       0.0000000559895694
     53.2532539       0.0000000557790775
     53.3533516       0.0000000555698103
     53.4534531       0.0000000553616266
     53.5535545       0.0000000551546853
     53.6536522       0.0000000549488813
     53.7537537       0.0000000547442846
     53.8538551       0.0000000545406698
     53.9539528       0.0000000543383441
     54.0540543       0.0000000541370774
     54.1541557       0.0000000539369730
     54.2542534       0.0000000537379027
     54.3543549       0.0000000535399894
     54.4544525       0.0000000533431753
     54.5545540       0.0000000531474416
     54.6546555       0.0000000529526931
     54.7547531       0.0000000527591588
     54.8548546       0.0000000525666011
     54.9549561       0.0000000523750994
     55.0550537       0.0000000521846133
     55.1551552       0.0000000519952054
     55.2552567       0.0000000518068101
     55.3553543       0.0000000516194711
     55.4554558       0.0000000514331200
     55.5555573       0.0000000512477634
     55.6556549       0.0000000510634350
     55.7557564       0.0000000508801071
     55.8558540       0.0000000506977309
     55.9559555       0.0000000505163729
     56.0560570       0.0000000503359694
     56.1561546       0.0000000501565689
     56.2562561       0.0000000499780440
     56.3563576       0.0000000498004621
     56.4564552       0.0000000496239300
     56.5565567       0.0000000494482145
     56.6566582       0.0000000492735531
     56.7567558       0.0000000490997300
     56.8568573       0.0000000489268239
     56.9569588       0.0000000487548818
     57.0570564       0.0000000485837933
     57.1571579       0.0000000484137037
     57.2572556       0.0000000482443659
     57.3573570       0.0000000480759747
     57.4574585       0.0000000479084760
     57.5575562       0.0000000477418664
     57.6576576       0.0000000475761318
     57.7577591       0.0000000474112086
     57.8578568       0.0000000472471412
     57.9579582       0.0000000470839650
     58.0580597       0.0000000469216246
     58.1581573       0.0000000467601330
     58.2582588       0.0000000465994659
     58.3583565       0.0000000464395718
     58.4584579       0.0000000462805405
     58.5585594       0.0000000461223495
     58.6586571       0.0000000459649166
     58.7587585       0.0000000458083494
     58.8588600       0.0000000456525628
     58.9589577       0.0000000454974951
     59.0590591       0.0000000453433171
     59.1591606       0.0000000451898827
     59.2592583       0.0000000450372266
     59.3593597       0.0000000448853238
     59.4594612       0.0000000447342233
     59.5595589       0.0000000445838491
     59.6596603       0.0000000444342672
     59.7597580       0.0000000442854328
     59.8598595       0.0000000441372971
     59.9599609       0.0000000439899715
     60.0600586       0.0000000438433481
     60.1601601       0.0000000436974500
     60.2602615       0.0000000435522954
     60.3603592       0.0000000434078604
     60.4604607       0.0000000432641238
     60.5605621       0.0000000431211208
     60.6606598       0.0000000429788365
     60.7607613       0.0000000428372183
     60.8608627       0.0000000426962946
     60.9609604       0.0000000425561359
     61.0610619       0.0000000424165838
     61.1611595       0.0000000422777840
     61.2612610       0.0000000421396457
     61.3613625       0.0000000420021863
     61.4614601       0.0000000418653455
     61.5615616       0.0000000417291946
     61.6616631       0.0000000415937470
     61.7617607       0.0000000414589403
     61.8618622       0.0000000413247672
     61.9619637       0.0000000411912546
     62.0620613       0.0000000410584127
     62.1621628       0.0000000409262232
     62.2622604       0.0000000407945667
     62.3623619       0.0000000406636794
     62.4624634       0.0000000405333246
     62.5625610       0.0000000404036467
     62.6626625       0.0000000402745415
     62.7627640       0.0000000401461389
     62.8628616       0.0000000400182672
     62.9629631       0.0000000398910505
     63.0630646       0.0000000397644229
     63.1631622       0.0000000396384283
     63.2632637       0.0000000395129805
     63.3633652       0.0000000393881540
     63.4634628       0.0000000392639133
     63.5635643       0.0000000391402765
     63.6636620       0.0000000390171889
     63.7637634       0.0000000388946934
     63.8638649       0.0000000387727686
     63.9639626       0.0000000386514326
     64.0640640       0.0000000385307071
     64.1641617       0.0000000384104934
     64.2642670       0.0000000382908010
     64.3643646       0.0000000381717302
     64.4644623       0.0000000380532182
     64.5645676       0.0000000379352311
     64.6646652       0.0000000378177863
     64.7647629       0.0000000377009232
     64.8648682       0.0000000375845633
     64.9649658       0.0000000374687671
     65.0650635       0.0000000373534923
     65.1651688       0.0000000372387204
     65.2652664       0.0000000371245173
     65.3653641       0.0000000370108483
     65.4654617       0.0000000368976668
     65.5655670       0.0000000367850143
     65.6656647       0.0000000366728867
     65.7657623       0.0000000365612789
     65.8658676       0.0000000364501320
     65.9659653       0.0000000363395355
     66.0660629       0.0000000362294464
     66.1661682       0.0000000361198478
     66.2662659       0.0000000360107111
     66.3663635       0.0000000359021168
     66.4664688       0.0000000357940017
     66.5665665       0.0000000356863384
     66.6666641       0.0000000355791811
     66.7667694       0.0000000354725159
     66.8668671       0.0000000353663066
     66.9669647       0.0000000352606381
     67.0670700       0.0000000351553709
     67.1671677       0.0000000350506042
     67.2672653       0.0000000349463243
     67.3673706       0.0000000348424612
     67.4674683       0.0000000347391119
     67.5675659       0.0000000346361983
     67.6676712       0.0000000345337433
     67.7677689       0.0000000344317161
     67.8678665       0.0000000343301425
     67.9679642       0.0000000342290542
     68.0680695       0.0000000341283832
     68.1681671       0.0000000340281842
     68.2682648       0.0000000339284119
     68.3683701       0.0000000338290765
     68.4684677       0.0000000337301650
     68.5685654       0.0000000336316874
     68.6686707       0.0000000335336855
     68.7687683       0.0000000334360531
     68.8688660       0.0000000333388805
     68.9689713       0.0000000332421100
     69.0690689       0.0000000331457862
     69.1691666       0.0000000330498521
     69.2692719       0.0000000329543533
     69.3693695       0.0000000328592653
     69.4694672       0.0000000327645705
     69.5695724       0.0000000326702846
     69.6696701       0.0000000325764421
     69.7697678       0.0000000324829878
     69.8698730       0.0000000323899132
     69.9699707       0.0000000322972354
     70.0700684       0.0000000322050292
     70.1701736       0.0000000321131381
     70.2702713       0.0000000320216435
     70.3703690       0.0000000319305621
     70.4704742       0.0000000318398451
     70.5705719       0.0000000317495684
     70.6706696       0.0000000316596290
     70.7707672       0.0000000315700868
     70.8708725       0.0000000314809212
     70.9709702       0.0000000313921290
     71.0710678       0.0000000313037103
     71.1711731       0.0000000312156701
     71.2712708       0.0000000311279946
     71.3713684       0.0000000310407132
     71.4714737       0.0000000309537833
     71.5715714       0.0000000308672146
     71.6716690       0.0000000307810082
     71.7717743       0.0000000306951418
     71.8718719       0.0000000306096485
     71.9719696       0.0000000305245342
     72.0720749       0.0000000304397632
     72.1721725       0.0000000303553319
     72.2722702       0.0000000302712762
     72.3723755       0.0000000301875301
     72.4724731       0.0000000301041628
     72.5725708       0.0000000300211295
     72.6726761       0.0000000299384318
     72.7727737       0.0000000298560729
     72.8728714       0.0000000297740768
     72.9729767       0.0000000296924007
     73.0730743       0.0000000296110682
     73.1731720       0.0000000295300749
     73.2732697       0.0000000294494360
     73.3733749       0.0000000293690687
     73.4734726       0.0000000292890499
     73.5735703       0.0000000292093872
     73.6736755       0.0000000291300151
     73.7737732       0.0000000290509496
     73.8738708       0.0000000289722477
     73.9739761       0.0000000288938720
     74.0740738       0.0000000288158043
     74.1741714       0.0000000287380308
     74.2742767       0.0000000286605773
     74.3743744       0.0000000285834625
     74.4744720       0.0000000285066354
     74.5745773       0.0000000284301193
     74.6746750       0.0000000283538918
     74.7747726       0.0000000282780049
     74.8748779       0.0000000282024242
     74.9749756       0.0000000281271211
     75.0750732       0.0000000280521260
     75.1751785       0.0000000279774412
     75.2752762       0.0000000279030399
     75.3753738       0.0000000278289121
     75.4754791       0.0000000277551398
     75.5755768       0.0000000276816293
     75.6756744       0.0000000276083831
     75.7757721       0.0000000275354687
     75.8758774       0.0000000274628534
     75.9759750       0.0000000273905057
     76.0760727       0.0000000273184392
     76.1761780       0.0000000272466295
     76.2762756       0.0000000271751352
     76.3763733       0.0000000271039174
     76.4764786       0.0000000270329794
     76.5765762       0.0000000269623258
     76.6766739       0.0000000268919232
     76.7767792       0.0000000268218167
     76.8768768       0.0000000267519900
     76.9769745       0.0000000266824495
     77.0770798       0.0000000266131349
     77.1771774       0.0000000265441161
     77.2772751       0.0000000264753837
     77.3773804       0.0000000264068710
     77.4774780       0.0000000263386479
     77.5775757       0.0000000262706780
     77.6776810       0.0000000262029943
     77.7777786       0.0000000261355356
     77.8778763       0.0000000260683803
     77.9779816       0.0000000260014750
     78.0780792       0.0000000259348355
     78.1781769       0.0000000258684291
     78.2782745       0.0000000258022728
     78.3783798       0.0000000257363592
     78.4784775       0.0000000256707112
     78.5785751       0.0000000256053442
     78.6786804       0.0000000255402163
     78.7787781       0.0000000254753251
     78.8788757       0.0000000254106763
     78.9789810       0.0000000253462698
     79.0790787       0.0000000252821136
     79.1791763       0.0000000252182060
     79.2792816       0.0000000251545387
     79.3793793       0.0000000250911112
     79.4794769       0.0000000250279245
     79.5795822       0.0000000249649723
     79.6796799       0.0000000249022355
     79.7797775       0.0000000248397770
     79.8798828       0.0000000247775317
     79.9799805       0.0000000247155052
     80.0800781       0.0000000246537339
     80.1801834       0.0000000245921790
     80.2802811       0.0000000245308690
     80.3803787       0.0000000244697935
     80.4804840       0.0000000244089238
     80.5805817       0.0000000243483034
     80.6806793       0.0000000242879199
     80.7807770       0.0000000242277252
     80.8808823       0.0000000241677727
     80.9809799       0.0000000241080254
     81.0810776       0.0000000240484988
     81.1811829       0.0000000239892240
     81.2812805       0.0000000239301484
     81.3813782       0.0000000238712835
     81.4814835       0.0000000238126511
     81.5815811       0.0000000237542293
     81.6816788       0.0000000236960105
     81.7817841       0.0000000236380046
     81.8818817       0.0000000235802130
     81.9819794       0.0000000235226454
     82.0820847       0.0000000234653069
     82.1821823       0.0000000234081520
     82.2822800       0.0000000233512021
     82.3823853       0.0000000232944715
     82.4824829       0.0000000232379393
     82.5825806       0.0000000231816122
     82.6826859       0.0000000231254979
     82.7827835       0.0000000230695903
     82.8828812       0.0000000230138780
     82.9829865       0.0000000229583723
     83.0830841       0.0000000229030606
     83.1831818       0.0000000228479382
     83.2832794       0.0000000227930179
     83.3833847       0.0000000227383102
     83.4834824       0.0000000226838058
     83.5835800       0.0000000226294597
     83.6836853       0.0000000225753652
     83.7837830       0.0000000225214135
     83.8838806       0.0000000224676867
     83.9839859       0.0000000224141416
     84.0840836       0.0000000223607647
     84.1841812       0.0000000223076152
     84.2842865       0.0000000222546503
     84.3843842       0.0000000222018553
     84.4844818       0.0000000221492420
     84.5845871       0.0000000220968404
     84.6846848       0.0000000220446178
     84.7847824       0.0000000219925707
     84.8848877       0.0000000219406946
     84.9849854       0.0000000218890276
     85.0850830       0.0000000218375315
     85.1851883       0.0000000217862244
     85.2852859       0.0000000217351018
     85.3853836       0.0000000216841401
     85.4854889       0.0000000216333815
     85.5855865       0.0000000215827812
     85.6856842       0.0000000215323915
     85.7857895       0.0000000214821387
     85.8858871       0.0000000214320647
     85.9859848       0.0000000213821759
     86.0860825       0.0000000213324510
     86.1861877       0.0000000212829184
     86.2862854       0.0000000212335614
     86.3863831       0.0000000211843543
     86.4864883       0.0000000211353050
     86.5865860       0.0000000210864611
     86.6866837       0.0000000210377880
     86.7867889       0.0000000209892557
     86.8868866       0.0000000209409006
     86.9869843       0.0000000208927197
     87.0870895       0.0000000208447002
     87.1871872       0.0000000207968229
     87.2872849       0.0000000207491385
     87.3873901       0.0000000207016153
     87.4874878       0.0000000206542806
     87.5875854       0.0000000206070598
     87.6876907       0.0000000205600428
     87.7877884       0.0000000205131543
     87.8878860       0.0000000204664451
     87.9879913       0.0000000204198812
     88.0880890       0.0000000203734650
     88.1881866       0.0000000203272302
     88.2882919       0.0000000202811629
     88.3883896       0.0000000202352362
     88.4884872       0.0000000201894533
     88.5885849       0.0000000201438366
     88.6886902       0.0000000200983827
     88.7887878       0.0000000200530761
     88.8888855       0.0000000200079197
     88.9889908       0.0000000199629069
     89.0890884       0.0000000199180576
     89.1891861       0.0000000198733695
     89.2892914       0.0000000198288002
     89.3893890       0.0000000197844140
     89.4894867       0.0000000197401565
     89.5895920       0.0000000196960712
     89.6896896       0.0000000196521206
     89.7897873       0.0000000196083074
     89.8898926       0.0000000195646589
     89.9899902       0.0000000195211358
     90.0900879       0.0000000194777616
     90.1901932       0.0000000194345359
     90.2902908       0.0000000193914433
     90.3903885       0.0000000193484981
     90.4904938       0.0000000193057124
     90.5905914       0.0000000192630554
     90.6906891       0.0000000192205379
     90.7907944       0.0000000191781565
     90.8908920       0.0000000191359236
     90.9909897       0.0000000190938274
     91.0910873       0.0000000190518887
     91.1911926       0.0000000190100666
     91.2912903       0.0000000189683854
     91.3913879       0.0000000189268436
     91.4914932       0.0000000188854243
     91.5915909       0.0000000188441519
     91.6916885       0.0000000188030338
     91.7917938       0.0000000187620113
     91.8918915       0.0000000187211641
     91.9919891       0.0000000186804258
     92.0920944       0.0000000186398206
     92.1921921       0.0000000185993533
     92.2922897       0.0000000185590176
     92.3923950       0.0000000185188150
     92.4924927       0.0000000184787393
     92.5925903       0.0000000184387952
     92.6926956       0.0000000183989811
     92.7927933       0.0000000183592954
     92.8928909       0.0000000183197341
     92.9929962       0.0000000182803022
     93.0930939       0.0000000182410018
     93.1931915       0.0000000182018268
     93.2932968       0.0000000181627597
     93.3933945       0.0000000181238400
     93.4934921       0.0000000180850409
     93.5935898       0.0000000180463719
     93.6936951       0.0000000180078203
     93.7937927       0.0000000179693901
     93.8938904       0.0000000179310811
     93.9939957       0.0000000178928977
     94.0940933       0.0000000178548443
     94.1941910       0.0000000178168928
     94.2942963       0.0000000177790675
     94.3943939       0.0000000177413744
     94.4944916       0.0000000177037881
     94.5945969       0.0000000176663315
     94.6946945       0.0000000176290056
     94.7947922       0.0000000175917650
     94.8948975       0.0000000175546625
     94.9949951       0.0000000175176744
     95.0950928       0.0000000174808267
     95.1951981       0.0000000174440531
     95.2952957       0.0000000174074222
     95.3953934       0.0000000173709004
     95.4954987       0.0000000173344950
     95.5955963       0.0000000172981885
     95.6956940       0.0000000172620222
     95.7957993       0.0000000172259450
     95.8958969       0.0000000171900002
     95.9959946       0.0000000171541436
     96.0960999       0.0000000171184049
     96.1961975       0.0000000170828057
     96.2962952       0.0000000170472992
     96.3963928       0.0000000170118975
     96.4964981       0.0000000169766088
     96.5965958       0.0000000169414362
     96.6966934       0.0000000169063690
     96.7967987       0.0000000168714045
     96.8968964       0.0000000168365482
     96.9969940       0.0000000168018015
     97.0970993       0.0000000167671775
     97.1971970       0.0000000167326446
     97.2972946       0.0000000166982176
     97.3973999       0.0000000166638957
     97.4974976       0.0000000166297064
     97.5975952       0.0000000165955897
     97.6977005       0.0000000165615844
     97.7977982       0.0000000165276872
     97.8978958       0.0000000164939083
     97.9980011       0.0000000164602133
     98.0980988       0.0000000164266280
     98.1981964       0.0000000163931483
     98.2983017       0.0000000163597652
     98.3983994       0.0000000163264840
     98.4984970       0.0000000162933053
     98.5986023       0.0000000162602418
     98.6987000       0.0000000162272678
     98.7987976       0.0000000161943899
     98.8988953       0.0000000161616150
     98.9990005       0.0000000161289603
     99.0990982       0.0000000160963844
     99.1991959       0.0000000160638893
     99.2993011       0.0000000160315215
     99.3993988       0.0000000159992409
     99.4994965       0.0000000159670552
     99.5996017       0.0000000159349636
     99.6996994       0.0000000159029578
     99.7997971       0.0000000158710805
     99.8999023       0.0000000158392627
    100.0000000       0.0000000158075615
