# x		H(x,a)
      0.0000000       1.0000000000000000
      0.1001001       0.9900299906730652
      0.2002002       0.9607124924659729
      0.3003003       0.9137664437294006
      0.4004004       0.8518707156181335
      0.5005005       0.7784109115600586
      0.6006006       0.6971734166145325
      0.7007007       0.6120254397392273
      0.8008008       0.5266169309616089
      0.9009009       0.4441368877887726
      1.0010010       0.3671533020621348
      1.1011012       0.2975036184578511
      1.2012012       0.2362896738846173
      1.3013012       0.1839513123185664
      1.4014014       0.1403676512496325
      1.5015016       0.1049880530806638
      1.6016016       0.0769708177605609
      1.7017016       0.0553136909816718
      1.8018018       0.0389645568528686
      1.9019020       0.0269062601385899
      2.0020020       0.0182140879758866
      2.1021020       0.0120883779229223
      2.2022023       0.0078666786672006
      2.3023024       0.0050207550302650
      2.4024024       0.0031437345406499
      2.5025024       0.0019322370189329
      2.6026025       0.0011668334967379
      2.7027028       0.0006933562016996
      2.8028028       0.0004064711448620
      2.9029028       0.0002361176864093
      3.0030031       0.0001369022856839
      3.1031032       0.0000801537701150
      3.2032032       0.0000482076818196
      3.3033032       0.0000304429007786
      3.4034033       0.0000206239031883
      3.5035036       0.0000151739523690
      3.6036036       0.0000120874448991
      3.7037036       0.0000102639167999
      3.8038039       0.0000091118549042
      3.9039040       0.0000083191242627
      4.0040040       0.0000077234926965
      4.1041040       0.0000072414381905
      4.2042041       0.0000068299382891
      4.3043041       0.0000064664622368
      4.4044046       0.0000061387611503
      4.5045047       0.0000058396826986
      4.6046047       0.0000055646732610
      4.7047048       0.0000053105352652
      4.8048048       0.0000050748356129
      4.9049048       0.0000048556041583
      5.0050049       0.0000046511836927
      5.1051049       0.0000044601501153
      5.2052050       0.0000042812699021
      5.3053055       0.0000041134568437
      5.4054055       0.0000039557490878
      5.5055056       0.0000038073016879
      5.6056056       0.0000036673622820
      5.7057056       0.0000035352386990
      5.8058057       0.0000034103411373
      5.9059057       0.0000032921200685
      6.0060062       0.0000031800785241
      6.1061063       0.0000030737854703
      6.2062063       0.0000029728318590
      6.3063064       0.0000028768519480
      6.4064064       0.0000027855117126
      6.5065064       0.0000026985089997
      6.6066065       0.0000026155647418
      6.7067065       0.0000025364242049
      6.8068066       0.0000024608522292
      6.9069071       0.0000023886297355
      7.0070071       0.0000023195599027
      7.1071072       0.0000022534629960
      7.2072072       0.0000021901623892
      7.3073072       0.0000021294982161
      7.4074073       0.0000020713329835
      7.5075073       0.0000020155200900
      7.6076078       0.0000019619394103
      7.7077079       0.0000019104693158
      7.8078079       0.0000018610008508
      7.9079080       0.0000018134294930
      8.0080080       0.0000017676601739
      8.1081085       0.0000017236035373
      8.2082081       0.0000016811723438
      8.3083086       0.0000016402888395
      8.4084082       0.0000016008782751
      8.5085087       0.0000015628684186
      8.6086082       0.0000015261983557
      8.7087088       0.0000014908012720
      8.8088093       0.0000014566203853
      8.9089088       0.0000014236003686
      9.0090094       0.0000013916893445
      9.1091089       0.0000013608391685
      9.2092094       0.0000013310016938
      9.3093090       0.0000013021330759
      9.4094095       0.0000012741931435
      9.5095091       0.0000012471423522
      9.6096096       0.0000012209439924
      9.7097101       0.0000011955605797
      9.8098097       0.0000011709596269
      9.9099102       0.0000011471111031
     10.0100098       0.0000011239810425
     10.1101103       0.0000011015424808
     10.2102098       0.0000010797707762
     10.3103104       0.0000010586365317
     10.4104099       0.0000010381174020
     10.5105104       0.0000010181873970
     10.6106110       0.0000009988267204
     10.7107105       0.0000009800120108
     10.8108110       0.0000009617229022
     10.9109106       0.0000009439410267
     11.0110111       0.0000009266478519
     11.1111107       0.0000009098252478
     11.2112112       0.0000008934568201
     11.3113117       0.0000008775262509
     11.4114113       0.0000008620178032
     11.5115118       0.0000008469163379
     11.6116114       0.0000008322073731
     11.7117119       0.0000008178796040
     11.8118114       0.0000008039181513
     11.9119120       0.0000007903109242
     12.0120125       0.0000007770467042
     12.1121120       0.0000007641127625
     12.2122126       0.0000007515005452
     12.3123121       0.0000007391973189
     12.4124126       0.0000007271936376
     12.5125122       0.0000007154804112
     12.6126127       0.0000007040477759
     12.7127123       0.0000006928871780
     12.8128128       0.0000006819903692
     12.9129133       0.0000006713483348
     13.0130129       0.0000006609535501
     13.1131134       0.0000006507976331
     13.2132130       0.0000006408748259
     13.3133135       0.0000006311771127
     13.4134130       0.0000006216992835
     13.5135136       0.0000006124317407
     13.6136131       0.0000006033706442
     13.7137136       0.0000005945096128
     13.8138142       0.0000005858423205
     13.9139137       0.0000005773623632
     14.0140142       0.0000005690663724
     14.1141138       0.0000005609482810
     14.2142143       0.0000005530022380
     14.3143139       0.0000005452235649
     14.4144144       0.0000005376083416
     14.5145149       0.0000005301519848
     14.6146145       0.0000005228496560
     14.7147150       0.0000005156976545
     14.8148146       0.0000005086910660
     14.9149151       0.0000005018259732
     15.0150146       0.0000004951002070
     15.1151152       0.0000004885074603
     15.2152157       0.0000004820466910
     15.3153152       0.0000004757131198
     15.4154158       0.0000004695035324
     15.5155153       0.0000004634149489
     15.6156158       0.0000004574439000
     15.7157154       0.0000004515884009
     15.8158159       0.0000004458441822
     15.9159155       0.0000004402088837
     16.0160160       0.0000004346798113
     16.1161156       0.0000004292548229
     16.2162170       0.0000004239305329
     16.3163166       0.0000004187048987
     16.4164162       0.0000004135749286
     16.5165157       0.0000004085395415
     16.6166172       0.0000004035950769
     16.7167168       0.0000003987399683
     16.8168163       0.0000003939723857
     16.9169178       0.0000003892897528
     17.0170174       0.0000003846901357
     17.1171169       0.0000003801715620
     17.2172165       0.0000003757324982
     17.3173180       0.0000003713702247
     17.4174175       0.0000003670841832
     17.5175171       0.0000003628720034
     17.6176186       0.0000003587314250
     17.7177181       0.0000003546618858
     17.8178177       0.0000003506612751
     17.9179173       0.0000003467277569
     18.0180187       0.0000003428600981
     18.1181183       0.0000003390572967
     18.2182178       0.0000003353172392
     18.3183174       0.0000003316390552
     18.4184189       0.0000003280206964
     18.5185184       0.0000003244612712
     18.6186180       0.0000003209596693
     18.7187195       0.0000003175149892
     18.8188190       0.0000003141249301
     18.9189186       0.0000003107890724
     19.0190182       0.0000003075059810
     19.1191196       0.0000003042750392
     19.2192192       0.0000003010947282
     19.3193188       0.0000002979638463
     19.4194202       0.0000002948818688
     19.5195198       0.0000002918475499
     19.6196194       0.0000002888598381
     19.7197189       0.0000002859174947
     19.8198204       0.0000002830200143
     19.9199200       0.0000002801668739
     20.0200195       0.0000002773563109
     20.1201210       0.0000002745876785
     20.2202206       0.0000002718607676
     20.3203201       0.0000002691741158
     20.4204197       0.0000002665271971
     20.5205212       0.0000002639192589
     20.6206207       0.0000002613491327
     20.7207203       0.0000002588167549
     20.8208199       0.0000002563207839
     20.9209213       0.0000002538611581
     21.0210209       0.0000002514366346
     21.1211205       0.0000002490464870
     21.2212219       0.0000002466903772
     21.3213215       0.0000002443676774
     21.4214211       0.0000002420775654
     21.5215206       0.0000002398199059
     21.6216221       0.0000002375933857
     21.7217216       0.0000002353978977
     21.8218212       0.0000002332323079
     21.9219227       0.0000002310968466
     22.0220222       0.0000002289908253
     22.1221218       0.0000002269131198
     22.2222214       0.0000002248638528
     22.3223228       0.0000002228421430
     22.4224224       0.0000002208474253
     22.5225220       0.0000002188796289
     22.6226234       0.0000002169380087
     22.7227230       0.0000002150220560
     22.8228226       0.0000002131315039
     22.9229221       0.0000002112656979
     23.0230236       0.0000002094243367
     23.1231232       0.0000002076071416
     23.2232227       0.0000002058134298
     23.3233242       0.0000002040426589
     23.4234238       0.0000002022947766
     23.5235233       0.0000002005695279
     23.6236229       0.0000001988660018
     23.7237244       0.0000001971843577
     23.8238239       0.0000001955237882
     23.9239235       0.0000001938841650
     24.0240250       0.0000001922648916
     24.1241245       0.0000001906662359
     24.2242241       0.0000001890871292
     24.3243237       0.0000001875277135
     24.4244251       0.0000001859874100
     24.5245247       0.0000001844662430
     24.6246243       0.0000001829636478
     24.7247238       0.0000001814791837
     24.8248253       0.0000001800129773
     24.9249249       0.0000001785641883
     25.0250244       0.0000001771330146
     25.1251259       0.0000001757189475
     25.2252254       0.0000001743218883
     25.3253250       0.0000001729414138
     25.4254246       0.0000001715770026
     25.5255260       0.0000001702289697
     25.6256256       0.0000001688966354
     25.7257252       0.0000001675799618
     25.8258266       0.0000001662786955
     25.9259262       0.0000001649925177
     26.0260258       0.0000001637210730
     26.1261253       0.0000001624645363
     26.2262268       0.0000001612222495
     26.3263264       0.0000001599940902
     26.4264259       0.0000001587800518
     26.5265274       0.0000001575796100
     26.6266270       0.0000001563930375
     26.7267265       0.0000001552196994
     26.8268261       0.0000001540595305
     26.9269276       0.0000001529123438
     27.0270271       0.0000001517778461
     27.1271267       0.0000001506560416
     27.2272263       0.0000001495465854
     27.3273277       0.0000001484493880
     27.4274273       0.0000001473642827
     27.5275269       0.0000001462909470
     27.6276283       0.0000001452292724
     27.7277279       0.0000001441792483
     27.8278275       0.0000001431404923
     27.9279270       0.0000001421128903
     28.0280285       0.0000001410964719
     28.1281281       0.0000001400907093
     28.2282276       0.0000001390960052
     28.3283291       0.0000001381115112
     28.4284286       0.0000001371376937
     28.5285282       0.0000001361739848
     28.6286278       0.0000001352205179
     28.7287292       0.0000001342769549
     28.8288288       0.0000001333432930
     28.9289284       0.0000001324193379
     29.0290298       0.0000001315049074
     29.1291294       0.0000001305999858
     29.2292290       0.0000001297043609
     29.3293285       0.0000001288180304
     29.4294300       0.0000001279406726
     29.5295296       0.0000001270721901
     29.6296291       0.0000001262125619
     29.7297306       0.0000001253616507
     29.8298302       0.0000001245192428
     29.9299297       0.0000001236854112
     30.0300293       0.0000001228600049
     30.1301308       0.0000001220425615
     30.2302303       0.0000001212335191
     30.3303299       0.0000001204323701
     30.4304314       0.0000001196392513
     30.5305309       0.0000001188538629
     30.6306305       0.0000001180761710
     30.7307301       0.0000001173061973
     30.8308315       0.0000001165436390
     30.9309311       0.0000001157885220
     31.0310307       0.0000001150407784
     31.1311302       0.0000001143001765
     31.2312317       0.0000001135667404
     31.3313313       0.0000001128404187
     31.4314308       0.0000001121209108
     31.5315323       0.0000001114083394
     31.6316319       0.0000001107025747
     31.7317314       0.0000001100033851
     31.8318310       0.0000001093109802
     31.9319324       0.0000001086248495
     32.0320320       0.0000001079453372
     32.1321335       0.0000001072723266
     32.2322311       0.0000001066053497
     32.3323326       0.0000001059447085
     32.4324341       0.0000001052900687
     32.5325317       0.0000001046416140
     32.6326332       0.0000001039990905
     32.7327309       0.0000001033623897
     32.8328323       0.0000001027315860
     32.9329338       0.0000001021065266
     33.0330315       0.0000001014871594
     33.1331329       0.0000001008734375
     33.2332344       0.0000001002653986
     33.3333321       0.0000000996626983
     33.4334335       0.0000000990653934
     33.5335350       0.0000000984735023
     33.6336327       0.0000000978868363
     33.7337341       0.0000000973054224
     33.8338356       0.0000000967292738
     33.9339333       0.0000000961581252
     34.0340347       0.0000000955920333
     34.1341324       0.0000000950311015
     34.2342339       0.0000000944748826
     34.3343353       0.0000000939235090
     34.4344330       0.0000000933771088
     34.5345345       0.0000000928354009
     34.6346359       0.0000000922983659
     34.7347336       0.0000000917661075
     34.8348351       0.0000000912383011
     34.9349365       0.0000000907150894
     35.0350342       0.0000000901963726
     35.1351357       0.0000000896820869
     35.2352371       0.0000000891721149
     35.3353348       0.0000000886665956
     35.4354362       0.0000000881653262
     35.5355339       0.0000000876683390
     35.6356354       0.0000000871754283
     35.7357368       0.0000000866868298
     35.8358345       0.0000000862022568
     35.9359360       0.0000000857217012
     36.0360374       0.0000000852451527
     36.1361351       0.0000000847725932
     36.2362366       0.0000000843039967
     36.3363380       0.0000000838391878
     36.4364357       0.0000000833782488
     36.5365372       0.0000000829211005
     36.6366348       0.0000000824677196
     36.7367363       0.0000000820181071
     36.8368378       0.0000000815720920
     36.9369354       0.0000000811297305
     37.0370369       0.0000000806908666
     37.1371384       0.0000000802556942
     37.2372360       0.0000000798240313
     37.3373375       0.0000000793956811
     37.4374390       0.0000000789709228
     37.5375366       0.0000000785495581
     37.6376381       0.0000000781314516
     37.7377396       0.0000000777167432
     37.8378372       0.0000000773054647
     37.9379387       0.0000000768972080
     38.0380363       0.0000000764923211
     38.1381378       0.0000000760905938
     38.2382393       0.0000000756919969
     38.3383369       0.0000000752965568
     38.4384384       0.0000000749042582
     38.5385399       0.0000000745149586
     38.6386375       0.0000000741286426
     38.7387390       0.0000000737454354
     38.8388405       0.0000000733650916
     38.9389381       0.0000000729876991
     39.0390396       0.0000000726132650
     39.1391373       0.0000000722416305
     39.2392387       0.0000000718729691
     39.3393402       0.0000000715070578
     39.4394379       0.0000000711439001
     39.5395393       0.0000000707835004
     39.6396408       0.0000000704258501
     39.7397385       0.0000000700708717
     39.8398399       0.0000000697187333
     39.9399414       0.0000000693690716
     40.0400391       0.0000000690221358
     40.1401405       0.0000000686776829
     40.2402420       0.0000000683359169
     40.3403397       0.0000000679966485
     40.4404411       0.0000000676598741
     40.5405388       0.0000000673256375
     40.6406403       0.0000000669938569
     40.7407417       0.0000000666645405
     40.8408394       0.0000000663376908
     40.9409409       0.0000000660131802
     41.0410423       0.0000000656910392
     41.1411400       0.0000000653712860
     41.2412415       0.0000000650537875
     41.3413429       0.0000000647386972
     41.4414406       0.0000000644258546
     41.5415421       0.0000000641152343
     41.6416397       0.0000000638068697
     41.7417412       0.0000000635007896
     41.8418427       0.0000000631968413
     41.9419403       0.0000000628950634
     42.0420418       0.0000000625955247
     42.1421432       0.0000000622980696
     42.2422409       0.0000000620026794
     42.3423424       0.0000000617094780
     42.4424438       0.0000000614182781
     42.5425415       0.0000000611292128
     42.6426430       0.0000000608421117
     42.7427444       0.0000000605570389
     42.8428421       0.0000000602740346
     42.9429436       0.0000000599929390
     43.0430412       0.0000000597137760
     43.1431427       0.0000000594366461
     43.2432442       0.0000000591613837
     43.3433418       0.0000000588880788
     43.4434433       0.0000000586166336
     43.5435448       0.0000000583470685
     43.6436424       0.0000000580793739
     43.7437439       0.0000000578134387
     43.8438454       0.0000000575494306
     43.9439430       0.0000000572871707
     44.0440445       0.0000000570267265
     44.1441460       0.0000000567680557
     44.2442436       0.0000000565110909
     44.3443451       0.0000000562558815
     44.4444427       0.0000000560025080
     44.5445442       0.0000000557507351
     44.6446457       0.0000000555006243
     44.7447433       0.0000000552522906
     44.8448448       0.0000000550055759
     44.9449463       0.0000000547604653
     45.0450439       0.0000000545170712
     45.1451454       0.0000000542753230
     45.2452469       0.0000000540350647
     45.3453445       0.0000000537964731
     45.4454460       0.0000000535594618
     45.5455437       0.0000000533239542
     45.6456451       0.0000000530900284
     45.7457466       0.0000000528576845
     45.8458443       0.0000000526267928
     45.9459457       0.0000000523974744
     46.0460472       0.0000000521696095
     46.1461449       0.0000000519432242
     46.2462463       0.0000000517183186
     46.3463478       0.0000000514948805
     46.4464455       0.0000000512729069
     46.5465469       0.0000000510523391
     46.6466484       0.0000000508331807
     46.7467461       0.0000000506154472
     46.8468475       0.0000000503990650
     46.9469452       0.0000000501841622
     47.0470467       0.0000000499705831
     47.1471481       0.0000000497583590
     47.2472458       0.0000000495474651
     47.3473473       0.0000000493379432
     47.4474487       0.0000000491297568
     47.5475464       0.0000000489228531
     47.6476479       0.0000000487172872
     47.7477493       0.0000000485129671
     47.8478470       0.0000000483099588
     47.9479485       0.0000000481082126
     48.0480499       0.0000000479077469
     48.1481476       0.0000000477085603
     48.2482491       0.0000000475105516
     48.3483467       0.0000000473137901
     48.4484482       0.0000000471182764
     48.5485497       0.0000000469239535
     48.6486473       0.0000000467308659
     48.7487488       0.0000000465389341
     48.8488503       0.0000000463481592
     48.9489479       0.0000000461585984
     49.0490494       0.0000000459701513
     49.1491508       0.0000000457828491
     49.2492485       0.0000000455967838
     49.3493500       0.0000000454117729
     49.4494476       0.0000000452279176
     49.5495491       0.0000000450451984
     49.6496506       0.0000000448634552
     49.7497482       0.0000000446829443
     49.8498497       0.0000000445034926
     49.9499512       0.0000000443250947
     50.0500488       0.0000000441478110
     50.1501503       0.0000000439715356
     50.2502518       0.0000000437963320
     50.3503494       0.0000000436221969
     50.4504509       0.0000000434490731
     50.5505524       0.0000000432770075
     50.6506500       0.0000000431059152
     50.7507515       0.0000000429358715
     50.8508492       0.0000000427668531
     50.9509506       0.0000000425987889
     51.0510521       0.0000000424317307
     51.1511497       0.0000000422656535
     51.2512512       0.0000000421004920
     51.3513527       0.0000000419363668
     51.4514503       0.0000000417731898
     51.5515518       0.0000000416109783
     51.6516533       0.0000000414496924
     51.7517509       0.0000000412893392
     51.8518524       0.0000000411299157
     51.9519501       0.0000000409714035
     52.0520515       0.0000000408137860
     52.1521530       0.0000000406570976
     52.2522507       0.0000000405013468
     52.3523521       0.0000000403464860
     52.4524536       0.0000000401924574
     52.5525513       0.0000000400393249
     52.6526527       0.0000000398870847
     52.7527542       0.0000000397357538
     52.8528519       0.0000000395852374
     52.9529533       0.0000000394355333
     53.0530548       0.0000000392867613
     53.1531525       0.0000000391387650
     53.2532539       0.0000000389916215
     53.3533516       0.0000000388453316
     53.4534531       0.0000000386998058
     53.5535545       0.0000000385551453
     53.6536522       0.0000000384112835
     53.7537537       0.0000000382682623
     53.8538551       0.0000000381259280
     53.9539528       0.0000000379844965
     54.0540543       0.0000000378438015
     54.1541557       0.0000000377039194
     54.2542534       0.0000000375647656
     54.3543549       0.0000000374264148
     54.4544525       0.0000000372888372
     54.5545540       0.0000000371520109
     54.6546555       0.0000000370158744
     54.7547531       0.0000000368805876
     54.8548546       0.0000000367459845
     54.9549561       0.0000000366121135
     55.0550537       0.0000000364789594
     55.1551552       0.0000000363465556
     55.2552567       0.0000000362148604
     55.3553543       0.0000000360839011
     55.4554558       0.0000000359536380
     55.5555573       0.0000000358240640
     55.6556549       0.0000000356952125
     55.7557564       0.0000000355670600
     55.8558540       0.0000000354395685
     55.9559555       0.0000000353127957
     56.0560570       0.0000000351866832
     56.1561546       0.0000000350612806
     56.2562561       0.0000000349364832
     56.3563576       0.0000000348123500
     56.4564552       0.0000000346889456
     56.5565567       0.0000000345661139
     56.6566582       0.0000000344440178
     56.7567558       0.0000000343225126
     56.8568573       0.0000000342016406
     56.9569588       0.0000000340814480
     57.0570564       0.0000000339618512
     57.1571579       0.0000000338429532
     57.2572556       0.0000000337245822
     57.3573570       0.0000000336068703
     57.4574585       0.0000000334897804
     57.5575562       0.0000000333733144
     57.6576576       0.0000000332574593
     57.7577591       0.0000000331421742
     57.8578568       0.0000000330274812
     57.9579582       0.0000000329134202
     58.0580597       0.0000000327999342
     58.1581573       0.0000000326870475
     58.2582588       0.0000000325747341
     58.3583565       0.0000000324629619
     58.4584579       0.0000000323517933
     58.5585594       0.0000000322412125
     58.6586571       0.0000000321311610
     58.7587585       0.0000000320217157
     58.8588600       0.0000000319128150
     58.9589577       0.0000000318044176
     59.0590591       0.0000000316966398
     59.1591606       0.0000000315893853
     59.2592583       0.0000000314826728
     59.3593597       0.0000000313764842
     59.4594612       0.0000000312708635
     59.5595589       0.0000000311657462
     59.6596603       0.0000000310611804
     59.7597580       0.0000000309571412
     59.8598595       0.0000000308535904
     59.9599609       0.0000000307506024
     60.0600586       0.0000000306481091
     60.1601601       0.0000000305461201
     60.2602615       0.0000000304446528
     60.3603592       0.0000000303436849
     60.4604607       0.0000000302432067
     60.5605621       0.0000000301432475
     60.6606598       0.0000000300437850
     60.7607613       0.0000000299447870
     60.8608627       0.0000000298462749
     60.9609604       0.0000000297482975
     61.0610619       0.0000000296507458
     61.1611595       0.0000000295537225
     61.2612610       0.0000000294571551
     61.3613625       0.0000000293610705
     61.4614601       0.0000000292654108
     61.5615616       0.0000000291702355
     61.6616631       0.0000000290755522
     61.7617607       0.0000000289813173
     61.8618622       0.0000000288875281
     61.9619637       0.0000000287941937
     62.0620613       0.0000000287013342
     62.1621628       0.0000000286089319
     62.2622604       0.0000000285168979
     62.3623619       0.0000000284254018
     62.4624634       0.0000000283342814
     62.5625610       0.0000000282436292
     62.6626625       0.0000000281533781
     62.7627640       0.0000000280636220
     62.8628616       0.0000000279742364
     62.9629631       0.0000000278853070
     63.0630646       0.0000000277967894
     63.1631622       0.0000000277087151
     63.2632637       0.0000000276210203
     63.3633652       0.0000000275337647
     63.4634628       0.0000000274469136
     63.5635643       0.0000000273604886
     63.6636620       0.0000000272744471
     63.7637634       0.0000000271888145
     63.8638649       0.0000000271035835
     63.9639626       0.0000000270187676
     64.0640640       0.0000000269343764
     64.1641617       0.0000000268503423
     64.2642670       0.0000000267666722
     64.3643646       0.0000000266834413
     64.4644623       0.0000000266005953
     64.5645676       0.0000000265181183
     64.6646652       0.0000000264360168
     64.7647629       0.0000000263543272
     64.8648682       0.0000000262729880
     64.9649658       0.0000000261920402
     65.0650635       0.0000000261114602
     65.1651688       0.0000000260312310
     65.2652664       0.0000000259514010
     65.3653641       0.0000000258719388
     65.4654617       0.0000000257928214
     65.5655670       0.0000000257140733
     65.6656647       0.0000000256356917
     65.7657623       0.0000000255576749
     65.8658676       0.0000000254799782
     65.9659653       0.0000000254026663
     66.0660629       0.0000000253257098
     66.1661682       0.0000000252490978
     66.2662659       0.0000000251728068
     66.3663635       0.0000000250968935
     66.4664688       0.0000000250213216
     66.5665665       0.0000000249460585
     66.6666641       0.0000000248711521
     66.7667694       0.0000000247965899
     66.8668671       0.0000000247223439
     66.9669647       0.0000000246484775
     67.0670700       0.0000000245748929
     67.1671677       0.0000000245016571
     67.2672653       0.0000000244287621
     67.3673706       0.0000000243561588
     67.4674683       0.0000000242839111
     67.5675659       0.0000000242119731
     67.6676712       0.0000000241403518
     67.7677689       0.0000000240690317
     67.8678665       0.0000000239980286
     67.9679642       0.0000000239273621
     68.0680695       0.0000000238569915
     68.1681671       0.0000000237869490
     68.2682648       0.0000000237172040
     68.3683701       0.0000000236477649
     68.4684677       0.0000000235786218
     68.5685654       0.0000000235097831
     68.6686707       0.0000000234412745
     68.7687683       0.0000000233730269
     68.8688660       0.0000000233050998
     68.9689713       0.0000000232374533
     69.0690689       0.0000000231701191
     69.1691666       0.0000000231030577
     69.2692719       0.0000000230363011
     69.3693695       0.0000000229698313
     69.4694672       0.0000000229036362
     69.5695724       0.0000000228377252
     69.6696701       0.0000000227721264
     69.7697678       0.0000000227067993
     69.8698730       0.0000000226417375
     69.9699707       0.0000000225769505
     70.0700684       0.0000000225124955
     70.1701736       0.0000000224482595
     70.2702713       0.0000000223843031
     70.3703690       0.0000000223206339
     70.4704742       0.0000000222572177
     70.5705719       0.0000000221941100
     70.6706696       0.0000000221312402
     70.7707672       0.0000000220686482
     70.8708725       0.0000000220063182
     70.9709702       0.0000000219442481
     71.0710678       0.0000000218824401
     71.1711731       0.0000000218208973
     71.2712708       0.0000000217596092
     71.3713684       0.0000000216985957
     71.4714737       0.0000000216378300
     71.5715714       0.0000000215773151
     71.6716690       0.0000000215170532
     71.7717743       0.0000000214570321
     71.8718719       0.0000000213972643
     71.9719696       0.0000000213377669
     72.0720749       0.0000000212785103
     72.1721725       0.0000000212194890
     72.2722702       0.0000000211607317
     72.3723755       0.0000000211021892
     72.4724731       0.0000000210439136
     72.5725708       0.0000000209858729
     72.6726761       0.0000000209280621
     72.7727737       0.0000000208704881
     72.8728714       0.0000000208131700
     72.9729767       0.0000000207560761
     73.0730743       0.0000000206992212
     73.1731720       0.0000000206426035
     73.2732697       0.0000000205862353
     73.3733749       0.0000000205300543
     73.4734726       0.0000000204741190
     73.5735703       0.0000000204184345
     73.6736755       0.0000000203629507
     73.7737732       0.0000000203076787
     73.8738708       0.0000000202526640
     73.9739761       0.0000000201978760
     74.0740738       0.0000000201433034
     74.1741714       0.0000000200889364
     74.2742767       0.0000000200347931
     74.3743744       0.0000000199808859
     74.4744720       0.0000000199271836
     74.5745773       0.0000000198736965
     74.6746750       0.0000000198204091
     74.7747726       0.0000000197673628
     74.8748779       0.0000000197145304
     74.9749756       0.0000000196618889
     75.0750732       0.0000000196094659
     75.1751785       0.0000000195572569
     75.2752762       0.0000000195052464
     75.3753738       0.0000000194534298
     75.4754791       0.0000000194018618
     75.5755768       0.0000000193504733
     75.6756744       0.0000000192992742
     75.7757721       0.0000000192483032
     75.8758774       0.0000000191975411
     75.9759750       0.0000000191469668
     76.0760727       0.0000000190965910
     76.1761780       0.0000000190463927
     76.2762756       0.0000000189964139
     76.3763733       0.0000000189466309
     76.4764786       0.0000000188970429
     76.5765762       0.0000000188476548
     76.6766739       0.0000000187984400
     76.7767792       0.0000000187494333
     76.8768768       0.0000000187006209
     76.9769745       0.0000000186520109
     77.0770798       0.0000000186035589
     77.1771774       0.0000000185553092
     77.2772751       0.0000000185072653
     77.3773804       0.0000000184593716
     77.4774780       0.0000000184116805
     77.5775757       0.0000000183641651
     77.6776810       0.0000000183168544
     77.7777786       0.0000000182696961
     77.8778763       0.0000000182227544
     77.9779816       0.0000000181759834
     78.0780792       0.0000000181294000
     78.1781769       0.0000000180829802
     78.2782745       0.0000000180367344
     78.3783798       0.0000000179906593
     78.4784775       0.0000000179447685
     78.5785751       0.0000000178990731
     78.6786804       0.0000000178535480
     78.7787781       0.0000000178081868
     78.8788757       0.0000000177629949
     78.9789810       0.0000000177179719
     79.0790787       0.0000000176731240
     79.1791763       0.0000000176284493
     79.2792816       0.0000000175839445
     79.3793793       0.0000000175396064
     79.4794769       0.0000000174954372
     79.5795822       0.0000000174514307
     79.6796799       0.0000000174075774
     79.7797775       0.0000000173639139
     79.8798828       0.0000000173204015
     79.9799805       0.0000000172770446
     80.0800781       0.0000000172338638
     80.1801834       0.0000000171908343
     80.2802811       0.0000000171479757
     80.3803787       0.0000000171052823
     80.4804840       0.0000000170627330
     80.5805817       0.0000000170203576
     80.6806793       0.0000000169781452
     80.7807770       0.0000000169360679
     80.8808823       0.0000000168941586
     80.9809799       0.0000000168523927
     81.0810776       0.0000000168107817
     81.1811829       0.0000000167693465
     81.2812805       0.0000000167280516
     81.3813782       0.0000000166869037
     81.4814835       0.0000000166459156
     81.5815811       0.0000000166050775
     81.6816788       0.0000000165643801
     81.7817841       0.0000000165238313
     81.8818817       0.0000000164834328
     81.9819794       0.0000000164431923
     82.0820847       0.0000000164031089
     82.1821823       0.0000000163631563
     82.2822800       0.0000000163233460
     82.3823853       0.0000000162836890
     82.4824829       0.0000000162441713
     82.5825806       0.0000000162047960
     82.6826859       0.0000000161655708
     82.7827835       0.0000000161264902
     82.8828812       0.0000000160875436
     82.9829865       0.0000000160487439
     83.0830841       0.0000000160100805
     83.1831818       0.0000000159715456
     83.2832794       0.0000000159331553
     83.3833847       0.0000000158949126
     83.4834824       0.0000000158568123
     83.5835800       0.0000000158188222
     83.6836853       0.0000000157810083
     83.7837830       0.0000000157432937
     83.8838806       0.0000000157057363
     83.9839859       0.0000000156683059
     84.0840836       0.0000000156309942
     84.1841812       0.0000000155938405
     84.2842865       0.0000000155568166
     84.3843842       0.0000000155199115
     84.4844818       0.0000000154831329
     84.5845871       0.0000000154465017
     84.6846848       0.0000000154099968
     84.7847824       0.0000000153736122
     84.8848877       0.0000000153373502
     84.9849854       0.0000000153012335
     85.0850830       0.0000000152652355
     85.1851883       0.0000000152293691
     85.2852859       0.0000000151936335
     85.3853836       0.0000000151580093
     85.4854889       0.0000000151225282
     85.5855865       0.0000000150871537
     85.6856842       0.0000000150519308
     85.7857895       0.0000000150168021
     85.8858871       0.0000000149817978
     85.9859848       0.0000000149469252
     86.0860825       0.0000000149121651
     86.1861877       0.0000000148775406
     86.2862854       0.0000000148430374
     86.3863831       0.0000000148086413
     86.4864883       0.0000000147743532
     86.5865860       0.0000000147402108
     86.6866837       0.0000000147061849
     86.7867889       0.0000000146722585
     86.8868866       0.0000000146384565
     86.9869843       0.0000000146047767
     87.0870895       0.0000000145712103
     87.1871872       0.0000000145377412
     87.2872849       0.0000000145044081
     87.3873901       0.0000000144711892
     87.4874878       0.0000000144380992
     87.5875854       0.0000000144050913
     87.6876907       0.0000000143722236
     87.7877884       0.0000000143394464
     87.8878860       0.0000000143067958
     87.9879913       0.0000000142742447
     88.0880890       0.0000000142417984
     88.1881866       0.0000000142094781
     88.2882919       0.0000000141772765
     88.3883896       0.0000000141451717
     88.4884872       0.0000000141131666
     88.5885849       0.0000000140812795
     88.6886902       0.0000000140495063
     88.7887878       0.0000000140178353
     88.8888855       0.0000000139862691
     88.9889908       0.0000000139548051
     89.0890884       0.0000000139234535
     89.1891861       0.0000000138922134
     89.2892914       0.0000000138610583
     89.3893890       0.0000000138300304
     89.4894867       0.0000000137990918
     89.5895920       0.0000000137682763
     89.6896896       0.0000000137375525
     89.7897873       0.0000000137069248
     89.8898926       0.0000000136764127
     89.9899902       0.0000000136459894
     90.0900879       0.0000000136156694
     90.1901932       0.0000000135854530
     90.2902908       0.0000000135553277
     90.3903885       0.0000000135253085
     90.4904938       0.0000000134954008
     90.5905914       0.0000000134655819
     90.6906891       0.0000000134358602
     90.7907944       0.0000000134062356
     90.8908920       0.0000000133767121
     90.9909897       0.0000000133472848
     91.0910873       0.0000000133179674
     91.1911926       0.0000000132887328
     91.2912903       0.0000000132595969
     91.3913879       0.0000000132305565
     91.4914932       0.0000000132016038
     91.5915909       0.0000000131727529
     91.6916885       0.0000000131440102
     91.7917938       0.0000000131153339
     91.8918915       0.0000000130867799
     91.9919891       0.0000000130583018
     92.0920944       0.0000000130299177
     92.1921921       0.0000000130016292
     92.2922897       0.0000000129734338
     92.3923950       0.0000000129453301
     92.4924927       0.0000000129173164
     92.5925903       0.0000000128893944
     92.6926956       0.0000000128615625
     92.7927933       0.0000000128338206
     92.8928909       0.0000000128061650
     92.9929962       0.0000000127786017
     93.0930939       0.0000000127511284
     93.1931915       0.0000000127237444
     93.2932968       0.0000000126964345
     93.3933945       0.0000000126692283
     93.4934921       0.0000000126421068
     93.5935898       0.0000000126150753
     93.6936951       0.0000000125881276
     93.7937927       0.0000000125612616
     93.8938904       0.0000000125344834
     93.9939957       0.0000000125077918
     94.0940933       0.0000000124811911
     94.1941910       0.0000000124546622
     94.2942963       0.0000000124282201
     94.3943939       0.0000000124018708
     94.4944916       0.0000000123755958
     94.5945969       0.0000000123494126
     94.6946945       0.0000000123233207
     94.7947922       0.0000000122972874
     94.8948975       0.0000000122713517
     94.9949951       0.0000000122454971
     95.0950928       0.0000000122197392
     95.1951981       0.0000000121940327
     95.2952957       0.0000000121684259
     95.3953934       0.0000000121428957
     95.4954987       0.0000000121174479
     95.5955963       0.0000000120920674
     95.6956940       0.0000000120667861
     95.7957993       0.0000000120415674
     95.8958969       0.0000000120164400
     95.9959946       0.0000000119913738
     96.0960999       0.0000000119663925
     96.1961975       0.0000000119415075
     96.2962952       0.0000000119166870
     96.3963928       0.0000000118919400
     96.4964981       0.0000000118672715
     96.5965958       0.0000000118426845
     96.6966934       0.0000000118181720
     96.7967987       0.0000000117937305
     96.8968964       0.0000000117693643
     96.9969940       0.0000000117450757
     97.0970993       0.0000000117208712
     97.1971970       0.0000000116967315
     97.2972946       0.0000000116726655
     97.3973999       0.0000000116486739
     97.4974976       0.0000000116247742
     97.5975952       0.0000000116009252
     97.6977005       0.0000000115771545
     97.7977982       0.0000000115534584
     97.8978958       0.0000000115298462
     97.9980011       0.0000000115062926
     98.0980988       0.0000000114828143
     98.1981964       0.0000000114594113
     98.2983017       0.0000000114360756
     98.3983994       0.0000000114128120
     98.4984970       0.0000000113896182
     98.5986023       0.0000000113665058
     98.6987000       0.0000000113434553
     98.7987976       0.0000000113204724
     98.8988953       0.0000000112975614
     98.9990005       0.0000000112747340
     99.0990982       0.0000000112519618
     99.1991959       0.0000000112292471
     99.2993011       0.0000000112066211
     99.3993988       0.0000000111840551
     99.4994965       0.0000000111615572
     99.5996017       0.0000000111391235
     99.6996994       0.0000000111167506
     99.7997971       0.0000000110944670
     99.8999023       0.0000000110722251
    100.0000000       0.0000000110500649
