# x		H(x,a)
      0.0000000       1.0000000000000000
      0.1001001       0.9900299906730652
      0.2002002       0.9607124924659729
      0.3003003       0.9137664437294006
      0.4004004       0.8518707156181335
      0.5005005       0.7784109115600586
      0.6006006       0.6971734166145325
      0.7007007       0.6120254397392273
      0.8008008       0.5266169309616089
      0.9009009       0.4441368877887726
      1.0010010       0.3671553046677082
      1.1011012       0.2975092875056825
      1.2012012       0.2362985749191818
      1.3013012       0.1839624224930973
      1.4014014       0.1403799318847395
      1.5015016       0.1050006640492735
      1.6016016       0.0769831628191799
      1.7017016       0.0553253919362307
      1.8018018       0.0389754052451149
      1.9019020       0.0269161683287450
      2.0020020       0.0182230482470018
      2.1021020       0.0120964313761594
      2.2022023       0.0078738932175447
      2.3023024       0.0050272106248195
      2.4024024       0.0031495137432988
      2.5025024       0.0019374194339207
      2.6026025       0.0011714927243318
      2.7027028       0.0006975584734442
      2.8028028       0.0004102749807761
      2.9029028       0.0002395741563406
      3.0030031       0.0001400555772940
      3.1031032       0.0000830419162199
      3.2032032       0.0000508633029843
      3.3033032       0.0000328939379128
      3.4034033       0.0000228942813821
      3.5035036       0.0000172841735571
      3.6036036       0.0000140551079088
      3.7037036       0.0000121041608700
      3.8038039       0.0000108377441727
      3.9039040       0.0000099419645784
      4.0040040       0.0000092531045066
      4.1041040       0.0000086863831975
      4.2042041       0.0000081977114029
      4.3043041       0.0000077636477077
      4.4044046       0.0000073711676103
      4.5045047       0.0000070124554605
      4.6046047       0.0000066823873968
      4.7047048       0.0000063772731036
      4.8048048       0.0000060942556298
      4.9049048       0.0000058309971614
      5.0050049       0.0000055855162804
      5.1051049       0.0000053561096987
      5.2052050       0.0000051412964011
      5.3053055       0.0000049397734956
      5.4054055       0.0000047503850187
      5.5055056       0.0000045721174679
      5.6056056       0.0000044040667958
      5.7057056       0.0000042454019942
      5.8058057       0.0000040954144917
      5.9059057       0.0000039534453003
      6.0060062       0.0000038188967503
      6.1061063       0.0000036912512698
      6.2062063       0.0000035700178922
      6.3063064       0.0000034547578194
      6.4064064       0.0000033450687135
      6.5065064       0.0000032405891468
      6.6066065       0.0000031409828852
      6.7067065       0.0000030459439909
      6.8068066       0.0000029551913393
      6.9069071       0.0000028684606434
      7.0070071       0.0000027855162938
      7.1071072       0.0000027061413986
      7.2072072       0.0000026301248497
      7.3073072       0.0000025572744566
      7.4074073       0.0000024874248973
      7.5075073       0.0000024204001948
      7.6076078       0.0000023560561801
      7.7077079       0.0000022942466468
      7.8078079       0.0000022348410573
      7.9079080       0.0000021777136248
      8.0080080       0.0000021227499279
      8.1081085       0.0000020698433106
      8.2082081       0.0000020188883176
      8.3083086       0.0000019697921162
      8.4084082       0.0000019224648345
      8.5085087       0.0000018768192592
      8.6086082       0.0000018327829876
      8.7087088       0.0000017902752308
      8.8088093       0.0000017492280188
      8.9089088       0.0000017095752258
      9.0090094       0.0000016712535101
      9.1091089       0.0000016342062855
      9.2092094       0.0000015983749744
      9.3093090       0.0000015637072889
      9.4094095       0.0000015301546815
      9.5095091       0.0000014976697866
      9.6096096       0.0000014662086762
      9.7097101       0.0000014357262528
      9.8098097       0.0000014061834650
      9.9099102       0.0000013775442788
     10.0100098       0.0000013497677588
     10.1101103       0.0000013228216500
     10.2102098       0.0000012966764329
     10.3103104       0.0000012712967907
     10.4104099       0.0000012466558192
     10.5105104       0.0000012227221489
     10.6106110       0.0000011994722800
     10.7107105       0.0000011768780129
     10.8108110       0.0000011549150586
     10.9109106       0.0000011335610171
     11.0110111       0.0000011127940968
     11.1111107       0.0000010925922511
     11.2112112       0.0000010729354605
     11.3113117       0.0000010538048752
     11.4114113       0.0000010351810687
     11.5115118       0.0000010170459326
     11.6116114       0.0000009993822006
     11.7117119       0.0000009821762438
     11.8118114       0.0000009654102280
     11.9119120       0.0000009490695065
     12.0120125       0.0000009331407653
     12.1121120       0.0000009176086075
     12.2122126       0.0000009024629187
     12.3123121       0.0000008876881683
     12.4124126       0.0000008732731698
     12.5125122       0.0000008592069826
     12.6126127       0.0000008454777370
     12.7127123       0.0000008320751898
     12.8128128       0.0000008189894283
     12.9129133       0.0000008062096190
     13.0130129       0.0000007937266798
     13.1131134       0.0000007815306643
     13.2132130       0.0000007696145384
     13.3133135       0.0000007579687306
     13.4134130       0.0000007465869371
     13.5135136       0.0000007354577688
     13.6136131       0.0000007245764839
     13.7137136       0.0000007139354356
     13.8138142       0.0000007035270063
     13.9139137       0.0000006933436505
     14.0140142       0.0000006833810614
     14.1141138       0.0000006736322273
     14.2142143       0.0000006640900171
     14.3143139       0.0000006547487716
     14.4144144       0.0000006456037885
     14.5145149       0.0000006366495969
     14.6146145       0.0000006278803634
     14.7147150       0.0000006192915464
     14.8148146       0.0000006108775286
     14.9149151       0.0000006026333773
     15.0150146       0.0000005945565384
     15.1151152       0.0000005866394705
     15.2152157       0.0000005788808323
     15.3153152       0.0000005712749443
     15.4154158       0.0000005638179974
     15.5155153       0.0000005565063228
     15.6156158       0.0000005493357767
     15.7157154       0.0000005423040444
     15.8158159       0.0000005354058991
     15.9159155       0.0000005286386223
     16.0160160       0.0000005219987839
     16.1161156       0.0000005154840691
     16.2162170       0.0000005090902075
     16.3163166       0.0000005028148715
     16.4164162       0.0000004966543766
     16.5165157       0.0000004906075029
     16.6166172       0.0000004846697246
     16.7167168       0.0000004788393425
     16.8168163       0.0000004731140289
     16.9169178       0.0000004674907208
     17.0170174       0.0000004619671357
     17.1171169       0.0000004565409167
     17.2172165       0.0000004512101008
     17.3173180       0.0000004459715667
     17.4174175       0.0000004408244841
     17.5175171       0.0000004357662178
     17.6176186       0.0000004307937979
     17.7177181       0.0000004259068087
     17.8178177       0.0000004211025550
     17.9179173       0.0000004163788429
     18.0180187       0.0000004117342413
     18.1181183       0.0000004071675482
     18.2182178       0.0000004026761698
     18.3183174       0.0000003982591053
     18.4184189       0.0000003939139014
     18.5185184       0.0000003896394261
     18.6186180       0.0000003854344387
     18.7187195       0.0000003812977859
     18.8188190       0.0000003772267348
     18.9189186       0.0000003732207492
     19.0190182       0.0000003692781596
     19.1191196       0.0000003653982124
     19.2192192       0.0000003615790076
     19.3193188       0.0000003578191901
     19.4194202       0.0000003541181113
     19.5195198       0.0000003504742763
     19.6196194       0.0000003468863753
     19.7197189       0.0000003433529699
     19.8198204       0.0000003398734301
     19.9199200       0.0000003364471430
     20.0200195       0.0000003330719833
     20.1201210       0.0000003297472188
     20.2202206       0.0000003264725024
     20.3203201       0.0000003232461417
     20.4204197       0.0000003200675396
     20.5205212       0.0000003169356724
     20.6206207       0.0000003138492632
     20.7207203       0.0000003108082075
     20.8208199       0.0000003078108079
     20.9209213       0.0000003048570779
     21.0210209       0.0000003019455649
     21.1211205       0.0000002990752466
     21.2212219       0.0000002962458487
     21.3213215       0.0000002934565696
     21.4214211       0.0000002907063981
     21.5215206       0.0000002879951965
     21.6216221       0.0000002853214421
     21.7217216       0.0000002826849242
     21.8218212       0.0000002800843009
     21.9219227       0.0000002775198836
     22.0220222       0.0000002749907777
     22.1221218       0.0000002724957067
     22.2222214       0.0000002700347749
     22.3223228       0.0000002676069388
     22.4224224       0.0000002652115058
     22.5225220       0.0000002628484546
     22.6226234       0.0000002605167595
     22.7227230       0.0000002582159514
     22.8228226       0.0000002559456418
     22.9229221       0.0000002537050210
     23.0230236       0.0000002514937469
     23.1231232       0.0000002493115391
     23.2232227       0.0000002471574900
     23.3233242       0.0000002450309831
     23.4234238       0.0000002429319753
     23.5235233       0.0000002408601851
     23.6236229       0.0000002388144410
     23.7237244       0.0000002367950030
     23.8238239       0.0000002348008530
     23.9239235       0.0000002328318863
     24.0240250       0.0000002308873233
     24.1241245       0.0000002289674908
     24.2242241       0.0000002270712036
     24.3243237       0.0000002251985105
     24.4244251       0.0000002233488045
     24.5245247       0.0000002215220468
     24.6246243       0.0000002197176182
     24.7247238       0.0000002179349555
     24.8248253       0.0000002161742208
     24.9249249       0.0000002144343809
     25.0250244       0.0000002127157324
     25.1251259       0.0000002110176011
     25.2252254       0.0000002093398833
     25.3253250       0.0000002076821104
     25.4254246       0.0000002060436123
     25.5255260       0.0000002044247797
     25.6256256       0.0000002028247993
     25.7257252       0.0000002012436404
     25.8258266       0.0000001996809671
     25.9259262       0.0000001981364089
     26.0260258       0.0000001966095738
     26.1261253       0.0000001951006326
     26.2262268       0.0000001936087807
     26.3263264       0.0000001921339079
     26.4264259       0.0000001906759796
     26.5265274       0.0000001892343959
     26.6266270       0.0000001878094649
     26.7267265       0.0000001864004290
     26.8268261       0.0000001850071906
     26.9269276       0.0000001836295721
     27.0270271       0.0000001822671624
     27.1271267       0.0000001809200038
     27.2272263       0.0000001795876994
     27.3273277       0.0000001782700928
     27.4274273       0.0000001769670035
     27.5275269       0.0000001756780618
     27.6276283       0.0000001744031004
     27.7277279       0.0000001731421538
     27.8278275       0.0000001718947480
     27.9279270       0.0000001706607116
     28.0280285       0.0000001694401075
     28.1281281       0.0000001682323144
     28.2282276       0.0000001670377837
     28.3283291       0.0000001658555218
     28.4284286       0.0000001646860838
     28.5285282       0.0000001635287830
     28.6286278       0.0000001623837844
     28.7287292       0.0000001612506751
     28.8288288       0.0000001601294441
     28.9289284       0.0000001590199104
     29.0290298       0.0000001579217686
     29.1291294       0.0000001568350816
     29.2292290       0.0000001557595379
     29.3293285       0.0000001546951620
     29.4294300       0.0000001536415480
     29.5295296       0.0000001525985987
     29.6296291       0.0000001515662965
     29.7297306       0.0000001505444544
     29.8298302       0.0000001495328232
     29.9299297       0.0000001485314784
     30.0300293       0.0000001475402684
     30.1301308       0.0000001465586232
     30.2302303       0.0000001455870666
     30.3303299       0.0000001446249841
     30.4304314       0.0000001436725450
     30.5305309       0.0000001427293820
     30.6306305       0.0000001417954619
     30.7307301       0.0000001408708159
     30.8308315       0.0000001399550853
     30.9309311       0.0000001390482568
     31.0310307       0.0000001381503256
     31.1311302       0.0000001372609394
     31.2312317       0.0000001363801816
     31.3313313       0.0000001355079412
     31.4314308       0.0000001346438991
     31.5315323       0.0000001337881831
     31.6316319       0.0000001329406425
     31.7317314       0.0000001321010139
     31.8318310       0.0000001312695119
     31.9319324       0.0000001304455263
     32.0320320       0.0000001296295396
     32.1321335       0.0000001288213102
     32.2322311       0.0000001280203630
     32.3323326       0.0000001272270087
     32.4324341       0.0000001264408754
     32.5325317       0.0000001256621518
     32.6326332       0.0000001248905505
     32.7327309       0.0000001241259509
     32.8328323       0.0000001233684302
     32.9329338       0.0000001226178174
     33.0330315       0.0000001218740225
     33.1331329       0.0000001211370167
     33.2332344       0.0000001204068455
     33.3333321       0.0000001196830678
     33.4334335       0.0000001189657842
     33.5335350       0.0000001182549822
     33.6336327       0.0000001175504625
     33.7337341       0.0000001168522625
     33.8338356       0.0000001161603734
     33.9339333       0.0000001154744865
     34.0340347       0.0000001147946749
     34.1341324       0.0000001141210629
     34.2342339       0.0000001134531185
     34.3343353       0.0000001127909932
     34.4344330       0.0000001121348261
     34.5345345       0.0000001114842920
     34.6346359       0.0000001108393801
     34.7347336       0.0000001102001926
     34.8348351       0.0000001095663647
     34.9349365       0.0000001089380380
     35.0350342       0.0000001083151347
     35.1351357       0.0000001076975413
     35.2352371       0.0000001070851141
     35.3353348       0.0000001064780500
     35.4354362       0.0000001058760905
     35.5355339       0.0000001052792648
     35.6356354       0.0000001046873430
     35.7357368       0.0000001041005871
     35.8358345       0.0000001035186717
     35.9359360       0.0000001029415819
     36.0360374       0.0000001023693018
     36.1361351       0.0000001018018146
     36.2362366       0.0000001012390904
     36.3363380       0.0000001006809161
     36.4364357       0.0000001001273794
     36.5365372       0.0000000995783890
     36.6366348       0.0000000990339404
     36.7367363       0.0000000984940065
     36.8368378       0.0000000979583980
     36.9369354       0.0000000974271750
     37.0370369       0.0000000969001527
     37.1371384       0.0000000963775601
     37.2372360       0.0000000958591839
     37.3373375       0.0000000953447852
     37.4374390       0.0000000948347043
     37.5375366       0.0000000943286868
     37.6376381       0.0000000938265964
     37.7377396       0.0000000933285776
     37.8378372       0.0000000928346846
     37.9379387       0.0000000923444150
     38.0380363       0.0000000918581855
     38.1381378       0.0000000913757635
     38.2382393       0.0000000908971004
     38.3383369       0.0000000904222303
     38.4384384       0.0000000899511214
     38.5385399       0.0000000894836211
     38.6386375       0.0000000890196948
     38.7387390       0.0000000885595190
     38.8388405       0.0000000881027592
     38.9389381       0.0000000876495633
     39.0390396       0.0000000871999100
     39.1391373       0.0000000867536160
     39.2392387       0.0000000863109061
     39.3393402       0.0000000858714824
     39.4394379       0.0000000854353753
     39.5395393       0.0000000850025779
     39.6396408       0.0000000845730760
     39.7397385       0.0000000841467964
     39.8398399       0.0000000837239124
     39.9399414       0.0000000833040103
     40.0400391       0.0000000828873879
     40.1401405       0.0000000824737436
     40.2402420       0.0000000820633212
     40.3403397       0.0000000816558995
     40.4404411       0.0000000812514681
     40.5405388       0.0000000808500969
     40.6406403       0.0000000804516668
     40.7407417       0.0000000800561923
     40.8408394       0.0000000796636940
     40.9409409       0.0000000792739888
     41.0410423       0.0000000788871396
     41.1411400       0.0000000785031570
     41.2412415       0.0000000781218711
     41.3413429       0.0000000777434914
     41.4414406       0.0000000773678026
     41.5415421       0.0000000769947841
     41.6416397       0.0000000766244775
     41.7417412       0.0000000762569099
     41.8418427       0.0000000758918977
     41.9419403       0.0000000755295000
     42.0420418       0.0000000751697906
     42.1421432       0.0000000748125826
     42.2422409       0.0000000744578525
     42.3423424       0.0000000741057539
     42.4424438       0.0000000737560583
     42.5425415       0.0000000734089206
     42.6426430       0.0000000730641547
     42.7427444       0.0000000727218114
     42.8428421       0.0000000723819605
     42.9429436       0.0000000720443948
     43.0430412       0.0000000717091570
     43.1431427       0.0000000713763576
     43.2432442       0.0000000710457967
     43.3433418       0.0000000707175872
     43.4434433       0.0000000703916194
     43.5435448       0.0000000700678964
     43.6436424       0.0000000697464254
     43.7437439       0.0000000694270731
     43.8438454       0.0000000691100284
     43.9439430       0.0000000687950853
     44.0440445       0.0000000684823272
     44.1441460       0.0000000681716884
     44.2442436       0.0000000678631142
     44.3443451       0.0000000675566352
     44.4444427       0.0000000672523593
     44.5445442       0.0000000669500141
     44.6446457       0.0000000666496596
     44.7447433       0.0000000663514376
     44.8448448       0.0000000660551696
     44.9449463       0.0000000657608152
     45.0450439       0.0000000654685281
     45.1451454       0.0000000651782186
     45.2452469       0.0000000648896945
     45.3453445       0.0000000646031803
     45.4454460       0.0000000643185488
     45.5455437       0.0000000640357390
     45.6456451       0.0000000637548188
     45.7457466       0.0000000634758005
     45.8458443       0.0000000631985273
     45.9459457       0.0000000629231408
     46.0460472       0.0000000626495060
     46.1461449       0.0000000623776453
     46.2462463       0.0000000621075616
     46.3463478       0.0000000618392352
     46.4464455       0.0000000615726698
     46.5465469       0.0000000613077927
     46.6466484       0.0000000610446167
     46.7467461       0.0000000607831431
     46.8468475       0.0000000605232961
     46.9469452       0.0000000602652206
     47.0470467       0.0000000600087348
     47.1471481       0.0000000597538799
     47.2472458       0.0000000595006225
     47.3473473       0.0000000592490077
     47.4474487       0.0000000589990042
     47.5475464       0.0000000587505388
     47.6476479       0.0000000585036761
     47.7477493       0.0000000582583159
     47.8478470       0.0000000580145211
     47.9479485       0.0000000577722507
     48.0480499       0.0000000575315120
     48.1481476       0.0000000572923132
     48.2482491       0.0000000570545354
     48.3483467       0.0000000568182429
     48.4484482       0.0000000565834540
     48.5485497       0.0000000563500915
     48.6486473       0.0000000561182139
     48.7487488       0.0000000558877307
     48.8488503       0.0000000556586383
     48.9489479       0.0000000554309965
     49.0490494       0.0000000552046911
     49.1491508       0.0000000549797685
     49.2492485       0.0000000547563226
     49.3493500       0.0000000545341431
     49.4494476       0.0000000543133552
     49.5495491       0.0000000540939372
     49.6496506       0.0000000538756888
     49.7497482       0.0000000536589143
     49.8498497       0.0000000534434083
     49.9499512       0.0000000532291768
     50.0500488       0.0000000530162788
     50.1501503       0.0000000528045930
     50.2502518       0.0000000525941934
     50.3503494       0.0000000523850767
     50.4504509       0.0000000521771802
     50.5505524       0.0000000519705482
     50.6506500       0.0000000517650871
     50.7507515       0.0000000515608843
     50.8508492       0.0000000513579119
     50.9509506       0.0000000511560863
     51.0510521       0.0000000509554724
     51.1511497       0.0000000507560275
     51.2512512       0.0000000505576908
     51.3513527       0.0000000503605983
     51.4514503       0.0000000501646417
     51.5515518       0.0000000499698406
     51.6516533       0.0000000497761596
     51.7517509       0.0000000495835928
     51.8518524       0.0000000493921423
     51.9519501       0.0000000492017878
     52.0520515       0.0000000490125075
     52.1521530       0.0000000488243459
     52.2522507       0.0000000486373120
     52.3523521       0.0000000484513417
     52.4524536       0.0000000482663655
     52.5525513       0.0000000480824722
     52.6526527       0.0000000478996510
     52.7527542       0.0000000477179209
     52.8528519       0.0000000475371675
     52.9529533       0.0000000473573925
     53.0530548       0.0000000471787325
     53.1531525       0.0000000470010062
     53.2532539       0.0000000468243079
     53.3533516       0.0000000466486343
     53.4534531       0.0000000464738747
     53.5535545       0.0000000463001495
     53.6536522       0.0000000461273897
     53.7537537       0.0000000459556361
     53.8538551       0.0000000457847093
     53.9539528       0.0000000456148646
     54.0540543       0.0000000454459136
     54.1541557       0.0000000452779313
     54.2542534       0.0000000451108216
     54.3543549       0.0000000449446806
     54.4544525       0.0000000447794618
     54.5545540       0.0000000446151558
     54.6546555       0.0000000444516680
     54.7547531       0.0000000442892063
     54.8548546       0.0000000441275600
     54.9549561       0.0000000439668047
     55.0550537       0.0000000438068958
     55.1551552       0.0000000436478961
     55.2552567       0.0000000434897448
     55.3553543       0.0000000433324816
     55.4554558       0.0000000431760452
     55.5555573       0.0000000430204461
     55.6556549       0.0000000428657129
     55.7557564       0.0000000427118154
     55.8558540       0.0000000425587154
     55.9559555       0.0000000424064771
     56.0560570       0.0000000422550295
     56.1561546       0.0000000421044318
     56.2562561       0.0000000419545691
     56.3563576       0.0000000418054977
     56.4564552       0.0000000416573022
     56.5565567       0.0000000415097995
     56.6566582       0.0000000413631796
     56.7567558       0.0000000412172613
     56.8568573       0.0000000410721102
     56.9569588       0.0000000409277726
     57.0570564       0.0000000407841542
     57.1571579       0.0000000406413664
     57.2572556       0.0000000404992165
     57.3573570       0.0000000403578594
     57.4574585       0.0000000402172487
     57.5575562       0.0000000400773868
     57.6576576       0.0000000399382598
     57.7577591       0.0000000397998148
     57.8578568       0.0000000396620860
     57.9579582       0.0000000395251075
     58.0580597       0.0000000393888284
     58.1581573       0.0000000392532640
     58.2582588       0.0000000391183876
     58.3583565       0.0000000389841612
     58.4584579       0.0000000388506629
     58.5585594       0.0000000387178676
     58.6586571       0.0000000385857104
     58.7587585       0.0000000384542776
     58.8588600       0.0000000383235013
     58.9589577       0.0000000381933278
     59.0590591       0.0000000380639046
     59.1591606       0.0000000379350983
     59.2592583       0.0000000378069523
     59.3593597       0.0000000376794325
     59.4594612       0.0000000375525897
     59.5595589       0.0000000374263561
     59.6596603       0.0000000373007923
     59.7597580       0.0000000371758487
     59.8598595       0.0000000370514960
     59.9599609       0.0000000369278244
     60.0600586       0.0000000368047376
     60.1601601       0.0000000366822641
     60.2602615       0.0000000365604124
     60.3603592       0.0000000364391654
     60.4604607       0.0000000363185019
     60.5605621       0.0000000361984597
     60.6606598       0.0000000360790175
     60.7607613       0.0000000359601300
     60.8608627       0.0000000358418312
     60.9609604       0.0000000357241755
     61.0610619       0.0000000356070273
     61.1611595       0.0000000354905096
     61.2612610       0.0000000353745477
     61.3613625       0.0000000352591556
     61.4614601       0.0000000351442828
     61.5615616       0.0000000350299908
     61.6616631       0.0000000349162867
     61.7617607       0.0000000348031212
     61.8618622       0.0000000346904893
     61.9619637       0.0000000345784088
     62.0620613       0.0000000344668931
     62.1621628       0.0000000343559274
     62.2622604       0.0000000342454072
     62.3623619       0.0000000341355346
     62.4624634       0.0000000340261046
     62.5625610       0.0000000339172452
     62.6626625       0.0000000338088685
     62.7627640       0.0000000337010788
     62.8628616       0.0000000335937330
     62.9629631       0.0000000334869422
     63.0630646       0.0000000333806443
     63.1631622       0.0000000332748766
     63.2632637       0.0000000331695647
     63.3633652       0.0000000330647813
     63.4634628       0.0000000329604838
     63.5635643       0.0000000328566995
     63.6636620       0.0000000327533711
     63.7637634       0.0000000326505383
     63.8638649       0.0000000325481887
     63.9639626       0.0000000324463316
     64.0640640       0.0000000323449854
     64.1641617       0.0000000322440727
     64.2642670       0.0000000321435968
     64.3643646       0.0000000320436398
     64.4644623       0.0000000319441546
     64.5645676       0.0000000318451104
     64.6646652       0.0000000317465174
     64.7647629       0.0000000316484162
     64.8648682       0.0000000315507367
     64.9649658       0.0000000314535307
     65.0650635       0.0000000313567617
     65.1651688       0.0000000312604142
     65.2652664       0.0000000311645489
     65.3653641       0.0000000310691275
     65.4654617       0.0000000309741178
     65.5655670       0.0000000308795502
     65.6656647       0.0000000307854205
     65.7657623       0.0000000306917323
     65.8658676       0.0000000305984263
     65.9659653       0.0000000305055876
     66.0660629       0.0000000304131717
     66.1661682       0.0000000303211687
     66.2662659       0.0000000302295545
     66.3663635       0.0000000301383873
     66.4664688       0.0000000300476367
     66.5665665       0.0000000299572529
     66.6666641       0.0000000298673003
     66.7667694       0.0000000297777594
     66.8668671       0.0000000296885986
     66.9669647       0.0000000295998958
     67.0670700       0.0000000295115275
     67.1671677       0.0000000294235820
     67.2672653       0.0000000293360424
     67.3673706       0.0000000292488535
     67.4674683       0.0000000291620950
     67.5675659       0.0000000290757064
     67.6676712       0.0000000289896951
     67.7677689       0.0000000289040480
     67.8678665       0.0000000288187830
     67.9679642       0.0000000287339233
     68.0680695       0.0000000286494116
     68.1681671       0.0000000285653006
     68.2682648       0.0000000284815442
     68.3683701       0.0000000283981559
     68.4684677       0.0000000283151224
     68.5685654       0.0000000282324572
     68.6686707       0.0000000281501850
     68.7687683       0.0000000280682273
     68.8688660       0.0000000279866585
     68.9689713       0.0000000279054227
     69.0690689       0.0000000278245654
     69.1691666       0.0000000277440280
     69.2692719       0.0000000276638619
     69.3693695       0.0000000275840401
     69.4694672       0.0000000275045485
     69.5695724       0.0000000274253971
     69.6696701       0.0000000273466217
     69.7697678       0.0000000272681686
     69.8698730       0.0000000271900381
     69.9699707       0.0000000271122380
     70.0700684       0.0000000270348352
     70.1701736       0.0000000269576970
     70.2702713       0.0000000268808899
     70.3703690       0.0000000268044313
     70.4704742       0.0000000267282768
     70.5705719       0.0000000266524900
     70.6706696       0.0000000265769912
     70.7707672       0.0000000265018252
     70.8708725       0.0000000264269761
     70.9709702       0.0000000263524344
     71.0710678       0.0000000262782113
     71.1711731       0.0000000262043068
     71.2712708       0.0000000261307067
     71.3713684       0.0000000260574361
     71.4714737       0.0000000259844636
     71.5715714       0.0000000259117925
     71.6716690       0.0000000258394260
     71.7717743       0.0000000257673453
     71.8718719       0.0000000256955755
     71.9719696       0.0000000256241254
     72.0720749       0.0000000255529628
     72.1721725       0.0000000254820864
     72.2722702       0.0000000254115263
     72.3723755       0.0000000253412233
     72.4724731       0.0000000252712414
     72.5725708       0.0000000252015410
     72.6726761       0.0000000251321170
     72.7727737       0.0000000250629778
     72.8728714       0.0000000249941454
     72.9729767       0.0000000249255821
     73.0730743       0.0000000248573062
     73.1731720       0.0000000247893161
     73.2732697       0.0000000247216247
     73.3733749       0.0000000246541576
     73.4734726       0.0000000245869853
     73.5735703       0.0000000245201145
     73.6736755       0.0000000244534857
     73.7737732       0.0000000243871102
     73.8738708       0.0000000243210447
     73.9739761       0.0000000242552501
     74.0740738       0.0000000241897156
     74.1741714       0.0000000241244283
     74.2742767       0.0000000240594072
     74.3743744       0.0000000239946727
     74.4744720       0.0000000239301814
     74.5745773       0.0000000238659477
     74.6746750       0.0000000238019569
     74.7747726       0.0000000237382550
     74.8748779       0.0000000236748077
     74.9749756       0.0000000236115957
     75.0750732       0.0000000235486399
     75.1751785       0.0000000234859422
     75.2752762       0.0000000234234848
     75.3753738       0.0000000233612599
     75.4754791       0.0000000232993300
     75.5755768       0.0000000232376197
     75.6756744       0.0000000231761357
     75.7757721       0.0000000231149259
     75.8758774       0.0000000230539659
     75.9759750       0.0000000229932339
     76.0760727       0.0000000229327379
     76.1761780       0.0000000228724562
     76.2762756       0.0000000228124369
     76.3763733       0.0000000227526538
     76.4764786       0.0000000226931049
     76.5765762       0.0000000226337952
     76.6766739       0.0000000225746938
     76.7767792       0.0000000225158436
     76.8768768       0.0000000224572265
     76.9769745       0.0000000223988512
     77.0770798       0.0000000223406644
     77.1771774       0.0000000222827226
     77.2772751       0.0000000222250274
     77.3773804       0.0000000221675114
     77.4774780       0.0000000221102420
     77.5775757       0.0000000220531841
     77.6776810       0.0000000219963659
     77.7777786       0.0000000219397384
     77.8778763       0.0000000218833641
     77.9779816       0.0000000218271980
     78.0780792       0.0000000217712569
     78.1781769       0.0000000217155105
     78.2782745       0.0000000216599755
     78.3783798       0.0000000216046457
     78.4784775       0.0000000215495360
     78.5785751       0.0000000214946627
     78.6786804       0.0000000214399910
     78.7787781       0.0000000213855175
     78.8788757       0.0000000213312474
     78.9789810       0.0000000212771791
     79.0790787       0.0000000212233235
     79.1791763       0.0000000211696756
     79.2792816       0.0000000211162304
     79.3793793       0.0000000210629846
     79.4794769       0.0000000210099422
     79.5795822       0.0000000209570968
     79.6796799       0.0000000209044328
     79.7797775       0.0000000208519977
     79.8798828       0.0000000207997465
     79.9799805       0.0000000207476788
     80.0800781       0.0000000206958234
     80.1801834       0.0000000206441504
     80.2802811       0.0000000205926828
     80.3803787       0.0000000205414119
     80.4804840       0.0000000204903161
     80.5805817       0.0000000204394272
     80.6806793       0.0000000203887388
     80.7807770       0.0000000203382072
     80.8808823       0.0000000202878781
     80.9809799       0.0000000202377221
     81.0810776       0.0000000201877522
     81.1811829       0.0000000201379927
     81.2812805       0.0000000200884032
     81.3813782       0.0000000200389887
     81.4814835       0.0000000199897685
     81.5815811       0.0000000199407265
     81.6816788       0.0000000198918533
     81.7817841       0.0000000198431601
     81.8818817       0.0000000197946452
     81.9819794       0.0000000197463212
     82.0820847       0.0000000196981855
     82.1821823       0.0000000196502072
     82.2822800       0.0000000196024010
     82.3823853       0.0000000195547763
     82.4824829       0.0000000195073206
     82.5825806       0.0000000194600355
     82.6826859       0.0000000194129302
     82.7827835       0.0000000193659990
     82.8828812       0.0000000193192302
     82.9829865       0.0000000192726348
     83.0830841       0.0000000192262040
     83.1831818       0.0000000191799298
     83.2832794       0.0000000191338267
     83.3833847       0.0000000190879026
     83.4834824       0.0000000190421475
     83.5835800       0.0000000189965262
     83.6836853       0.0000000189511166
     83.7837830       0.0000000189058256
     83.8838806       0.0000000188607244
     83.9839859       0.0000000188157754
     84.0840836       0.0000000187709685
     84.1841812       0.0000000187263508
     84.2842865       0.0000000186818895
     84.3843842       0.0000000186375705
     84.4844818       0.0000000185934033
     84.5845871       0.0000000185494130
     84.6846848       0.0000000185055740
     84.7847824       0.0000000184618836
     84.8848877       0.0000000184183347
     84.9849854       0.0000000183749636
     85.0850830       0.0000000183317350
     85.1851883       0.0000000182886628
     85.2852859       0.0000000182457497
     85.3853836       0.0000000182029683
     85.4854889       0.0000000181603597
     85.5855865       0.0000000181178815
     85.6856842       0.0000000180755825
     85.7857895       0.0000000180333970
     85.8858871       0.0000000179913607
     85.9859848       0.0000000179494813
     86.0860825       0.0000000179077394
     86.1861877       0.0000000178661597
     86.2862854       0.0000000178247245
     86.3863831       0.0000000177834189
     86.4864883       0.0000000177422430
     86.5865860       0.0000000177012408
     86.6866837       0.0000000176603816
     86.7867889       0.0000000176196411
     86.8868866       0.0000000175790483
     86.9869843       0.0000000175386027
     87.0870895       0.0000000174982923
     87.1871872       0.0000000174581003
     87.2872849       0.0000000174180717
     87.3873901       0.0000000173781792
     87.4874878       0.0000000173384437
     87.5875854       0.0000000172988019
     87.6876907       0.0000000172593340
     87.7877884       0.0000000172199730
     87.8878860       0.0000000171807630
     87.9879913       0.0000000171416733
     88.0880890       0.0000000171027091
     88.1881866       0.0000000170638968
     88.2882919       0.0000000170252252
     88.3883896       0.0000000169866725
     88.4884872       0.0000000169482401
     88.5885849       0.0000000169099441
     88.6886902       0.0000000168717888
     88.7887878       0.0000000168337559
     88.8888855       0.0000000167958483
     88.9889908       0.0000000167580637
     89.0890884       0.0000000167204129
     89.1891861       0.0000000166828984
     89.2892914       0.0000000166454854
     89.3893890       0.0000000166082224
     89.4894867       0.0000000165710710
     89.5895920       0.0000000165340655
     89.6896896       0.0000000164971694
     89.7897873       0.0000000164603886
     89.8898926       0.0000000164237478
     89.9899902       0.0000000163872134
     90.0900879       0.0000000163508027
     90.1901932       0.0000000163145158
     90.2902908       0.0000000162783395
     90.3903885       0.0000000162422891
     90.4904938       0.0000000162063732
     90.5905914       0.0000000161705640
     90.6906891       0.0000000161348722
     90.7907944       0.0000000160992948
     90.8908920       0.0000000160638421
     90.9909897       0.0000000160285043
     91.0910873       0.0000000159932977
     91.1911926       0.0000000159581902
     91.2912903       0.0000000159232017
     91.3913879       0.0000000158883275
     91.4914932       0.0000000158535585
     91.5915909       0.0000000158189115
     91.6916885       0.0000000157843954
     91.7917938       0.0000000157499589
     91.8918915       0.0000000157156683
     91.9919891       0.0000000156814689
     92.0920944       0.0000000156473842
     92.1921921       0.0000000156134138
     92.2922897       0.0000000155795546
     92.3923950       0.0000000155458035
     92.4924927       0.0000000155121636
     92.5925903       0.0000000154786318
     92.6926956       0.0000000154452096
     92.7927933       0.0000000154118939
     92.8928909       0.0000000153786837
     92.9929962       0.0000000153455842
     93.0930939       0.0000000153125912
     93.1931915       0.0000000152797063
     93.2932968       0.0000000152469102
     93.3933945       0.0000000152142400
     93.4934921       0.0000000151816699
     93.5935898       0.0000000151492064
     93.6936951       0.0000000151168463
     93.7937927       0.0000000150845839
     93.8938904       0.0000000150524256
     93.9939957       0.0000000150203741
     94.0940933       0.0000000149884275
     94.1941910       0.0000000149565700
     94.2942963       0.0000000149248168
     94.3943939       0.0000000148931742
     94.4944916       0.0000000148616207
     94.5945969       0.0000000148301786
     94.6946945       0.0000000147988438
     94.7947922       0.0000000147675826
     94.8948975       0.0000000147364365
     94.9949951       0.0000000147053875
     95.0950928       0.0000000146744560
     95.1951981       0.0000000146435850
     95.2952957       0.0000000146128337
     95.3953934       0.0000000145821758
     95.4954987       0.0000000145516156
     95.5955963       0.0000000145211380
     95.6956940       0.0000000144907766
     95.7957993       0.0000000144604909
     95.8958969       0.0000000144303177
     95.9959946       0.0000000144002178
     96.0960999       0.0000000143702174
     96.1961975       0.0000000143403322
     96.2962952       0.0000000143105266
     96.3963928       0.0000000142808082
     96.4964981       0.0000000142511844
     96.5965958       0.0000000142216577
     96.6966934       0.0000000141922210
     96.7967987       0.0000000141628694
     96.8968964       0.0000000141336086
     96.9969940       0.0000000141044403
     97.0970993       0.0000000140753732
     97.1971970       0.0000000140463859
     97.2972946       0.0000000140174856
     97.3973999       0.0000000139886731
     97.4974976       0.0000000139599722
     97.5975952       0.0000000139313332
     97.6977005       0.0000000139027872
     97.7977982       0.0000000138743320
     97.8978958       0.0000000138459754
     97.9980011       0.0000000138176911
     98.0980988       0.0000000137894961
     98.1981964       0.0000000137613930
     98.2983017       0.0000000137333688
     98.3983994       0.0000000137054324
     98.4984970       0.0000000136775783
     98.5986023       0.0000000136498242
     98.6987000       0.0000000136221433
     98.7987976       0.0000000135945446
     98.8988953       0.0000000135670299
     98.9990005       0.0000000135396176
     99.0990982       0.0000000135122705
     99.1991959       0.0000000134849927
     99.2993011       0.0000000134578215
     99.3993988       0.0000000134307213
     99.4994965       0.0000000134037049
     99.5996017       0.0000000133767654
     99.6996994       0.0000000133498969
     99.7997971       0.0000000133231378
     99.8999023       0.0000000132964277
    100.0000000       0.0000000132698158
