# x		H(x,a)
      0.0000000       1.0000000000000000
      0.1001001       0.9900299906730652
      0.2002002       0.9607124924659729
      0.3003003       0.9137664437294006
      0.4004004       0.8518707156181335
      0.5005005       0.7784109115600586
      0.6006006       0.6971734166145325
      0.7007007       0.6120254397392273
      0.8008008       0.5266169309616089
      0.9009009       0.4441368877887726
      1.0010010       0.3671513803687950
      1.1011012       0.2974981784650767
      1.2012012       0.2362811324817423
      1.3013012       0.1839406510362024
      1.4014014       0.1403558668037390
      1.5015016       0.1049759516346509
      1.6016016       0.0769589714885905
      1.7017016       0.0553024627847845
      1.8018018       0.0389541467760984
      1.9019020       0.0268967522771804
      2.0020020       0.0182054897350836
      2.1021020       0.0120806498603551
      2.2022023       0.0078597556123765
      2.3023024       0.0050145602635804
      2.4024024       0.0031381888328208
      2.5025024       0.0019272639901624
      2.6026025       0.0011623625191958
      2.7027028       0.0006893237180782
      2.8028028       0.0004028209974850
      2.9029028       0.0002328008707748
      3.0030031       0.0001338763982500
      3.1031032       0.0000773823148140
      3.2032032       0.0000456593580119
      3.3033032       0.0000280908932655
      3.4034033       0.0000184452564337
      3.5035036       0.0000131489916577
      3.6036036       0.0000101992831860
      3.7037036       0.0000084980251778
      3.8038039       0.0000074556976726
      3.9039040       0.0000067618526633
      4.0040040       0.0000062556835905
      4.1041040       0.0000058548738614
      4.2042041       0.0000055174272497
      4.3043041       0.0000052216884221
      4.4044046       0.0000049561482177
      4.5045047       0.0000047142935697
      4.6046047       0.0000044921188852
      4.7047048       0.0000042868975321
      4.8048048       0.0000040966032649
      4.9049048       0.0000039196210189
      5.0050049       0.0000037546010475
      5.1051049       0.0000036003905399
      5.2052050       0.0000034559917189
      5.3053055       0.0000033205269710
      5.4054055       0.0000031932193082
      5.5055056       0.0000030733877346
      5.6056056       0.0000029604234627
      5.7057056       0.0000028537688862
      5.8058057       0.0000027529468400
      5.9059057       0.0000026575149558
      6.0060062       0.0000025670710064
      6.1061063       0.0000024812674789
      6.2062063       0.0000023997739943
      6.3063064       0.0000023222958612
      6.4064064       0.0000022485626859
      6.5065064       0.0000021783312837
      6.6066065       0.0000021113756536
      6.7067065       0.0000020474903389
      6.8068066       0.0000019864862275
      6.9069071       0.0000019281858263
      7.0070071       0.0000018724302737
      7.1071072       0.0000018190742584
      7.2072072       0.0000017679759584
      7.3073072       0.0000017190056819
      7.4074073       0.0000016720524774
      7.5075073       0.0000016269985012
      7.6076078       0.0000015837461757
      7.7077079       0.0000015421978632
      7.8078079       0.0000015022652627
      7.9079080       0.0000014638639357
      8.0080080       0.0000014269172507
      8.1081085       0.0000013913531343
      8.2082081       0.0000013571013404
      8.3083086       0.0000013240986943
      8.4084082       0.0000012922852270
      8.5085087       0.0000012616021821
      8.6086082       0.0000012320008130
      8.7087088       0.0000012034271620
      8.8088093       0.0000011758350949
      8.9089088       0.0000011491803227
      9.0090094       0.0000011234203436
      9.1091089       0.0000010985171455
      9.2092094       0.0000010744312670
      9.3093090       0.0000010511275467
      9.4094095       0.0000010285734255
      9.5095091       0.0000010067369581
      9.6096096       0.0000009855888593
      9.7097101       0.0000009650984939
      9.8098097       0.0000009452396832
      9.9099102       0.0000009259884106
     10.0100098       0.0000009073169370
     10.1101103       0.0000008892037442
     10.2102098       0.0000008716288720
     10.3103104       0.0000008545685977
     10.4104099       0.0000008380048293
     10.5105104       0.0000008219166130
     10.6106110       0.0000008062879729
     10.7107105       0.0000007911001129
     10.8108110       0.0000007763364206
     10.9109106       0.0000007619822975
     11.0110111       0.0000007480226363
     11.1111107       0.0000007344429420
     11.2112112       0.0000007212296772
     11.3113117       0.0000007083699604
     11.4114113       0.0000006958510033
     11.5115118       0.0000006836605134
     11.6116114       0.0000006717869759
     11.7117119       0.0000006602210813
     11.8118114       0.0000006489508889
     11.9119120       0.0000006379666889
     12.0120125       0.0000006272593622
     12.1121120       0.0000006168186058
     12.2122126       0.0000006066376197
     12.3123121       0.0000005967059885
     12.4124126       0.0000005870161825
     12.5125122       0.0000005775608600
     12.6126127       0.0000005683320104
     12.7127123       0.0000005593228439
     12.8128128       0.0000005505265814
     12.9129133       0.0000005419359090
     13.0130129       0.0000005335448843
     13.1131134       0.0000005253466642
     13.2132130       0.0000005173366157
     13.3133135       0.0000005095082935
     13.4134130       0.0000005018574297
     13.5135136       0.0000004943763961
     13.6136131       0.0000004870619692
     13.7137136       0.0000004799090027
     13.8138142       0.0000004729124271
     13.9139137       0.0000004660671278
     14.0140142       0.0000004593702887
     14.1141138       0.0000004528171189
     14.2142143       0.0000004464027768
     14.3143139       0.0000004401235789
     14.4144144       0.0000004339763115
     14.5145149       0.0000004279572901
     14.6146145       0.0000004220625848
     14.7147150       0.0000004162892110
     14.8148146       0.0000004106332405
     14.9149151       0.0000004050915484
     15.0150146       0.0000003996622305
     15.1151152       0.0000003943403912
     15.2152157       0.0000003891250108
     15.3153152       0.0000003840123228
     15.4154158       0.0000003789997416
     15.5155153       0.0000003740848198
     15.6156158       0.0000003692647681
     15.7157154       0.0000003645379912
     15.8158159       0.0000003599010576
     15.9159155       0.0000003553520674
     16.0160160       0.0000003508887629
     16.1161156       0.0000003465095385
     16.2162170       0.0000003422115852
     16.3163166       0.0000003379932711
     16.4164162       0.0000003338521798
     16.5165157       0.0000003297874553
     16.6166172       0.0000003257961070
     16.7167168       0.0000003218768981
     16.8168163       0.0000003180283139
     16.9169178       0.0000003142483371
     17.0170174       0.0000003105353856
     17.1171169       0.0000003068878269
     17.2172165       0.0000003033044457
     17.3173180       0.0000002997830867
     17.4174175       0.0000002963232380
     17.5175171       0.0000002929230308
     17.6176186       0.0000002895805554
     17.7177181       0.0000002862955193
     17.8178177       0.0000002830660858
     17.9179173       0.0000002798907995
     18.0180187       0.0000002767686795
     18.1181183       0.0000002736989284
     18.2182178       0.0000002706798153
     18.3183174       0.0000002677106773
     18.4184189       0.0000002647898215
     18.5185184       0.0000002619165277
     18.6186180       0.0000002590899172
     18.7187195       0.0000002563092485
     18.8188190       0.0000002535726694
     18.9189186       0.0000002508798129
     19.0190182       0.0000002482296222
     19.1191196       0.0000002456214799
     19.2192192       0.0000002430542444
     19.3193188       0.0000002405268692
     19.4194202       0.0000002380390069
     19.5195198       0.0000002355896117
     19.6196194       0.0000002331777712
     19.7197189       0.0000002308026136
     19.8198204       0.0000002284636917
     19.9199200       0.0000002261605271
     20.0200195       0.0000002238917383
     20.1201210       0.0000002216568165
     20.2202206       0.0000002194555499
     20.3203201       0.0000002172867753
     20.4204197       0.0000002151501139
     20.5205212       0.0000002130448677
     20.6206207       0.0000002109701916
     20.7207203       0.0000002089259726
     20.8208199       0.0000002069111244
     20.9209213       0.0000002049256126
     21.0210209       0.0000002029684860
     21.1211205       0.0000002010390589
     21.2212219       0.0000001991371279
     21.3213215       0.0000001972621665
     21.4214211       0.0000001954135040
     21.5215206       0.0000001935910242
     21.6216221       0.0000001917937165
     21.7217216       0.0000001900214351
     21.8218212       0.0000001882732989
     21.9219227       0.0000001865494888
     22.0220222       0.0000001848494237
     22.1221218       0.0000001831722377
     22.2222214       0.0000001815179922
     22.3223228       0.0000001798859905
     22.4224224       0.0000001782757940
     22.5225220       0.0000001766873116
     22.6226234       0.0000001751199668
     22.7227230       0.0000001735733460
     22.8228226       0.0000001720472447
     22.9229221       0.0000001705410893
     23.0230236       0.0000001690546692
     23.1231232       0.0000001675877706
     23.2232227       0.0000001661398231
     23.3233242       0.0000001647103958
     23.4234238       0.0000001632994412
     23.5235233       0.0000001619067447
     23.6236229       0.0000001605316158
     23.7237244       0.0000001591741304
     23.8238239       0.0000001578336629
     23.9239235       0.0000001565101137
     24.0240250       0.0000001552029697
     24.1241245       0.0000001539124690
     24.2242241       0.0000001526377642
     24.3243237       0.0000001513789605
     24.4244251       0.0000001501355538
     24.5245247       0.0000001489076228
     24.6246243       0.0000001476946794
     24.7247238       0.0000001464963683
     24.8248253       0.0000001453127967
     24.9249249       0.0000001441432879
     25.0250244       0.0000001429879825
     25.1251259       0.0000001418464990
     25.2252254       0.0000001407187325
     25.3253250       0.0000001396043659
     25.4254246       0.0000001385029756
     25.5255260       0.0000001374148057
     25.6256256       0.0000001363392943
     25.7257252       0.0000001352764233
     25.8258266       0.0000001342259971
     25.9259262       0.0000001331877477
     26.0260258       0.0000001321613930
     26.1261253       0.0000001311470782
     26.2262268       0.0000001301442522
     26.3263264       0.0000001291528415
     26.4264259       0.0000001281728336
     26.5265274       0.0000001272037895
     26.6266270       0.0000001262459380
     26.7267265       0.0000001252987884
     26.8268261       0.0000001243622474
     26.9269276       0.0000001234362055
     27.0270271       0.0000001225203997
     27.1271267       0.0000001216148354
     27.2272263       0.0000001207192555
     27.3273277       0.0000001198335521
     27.4274273       0.0000001189576213
     27.5275269       0.0000001180911872
     27.6276283       0.0000001172341511
     27.7277279       0.0000001163865456
     27.8278275       0.0000001155480283
     27.9279270       0.0000001147185184
     28.0280285       0.0000001138980264
     28.1281281       0.0000001130861399
     28.2282276       0.0000001122831797
     28.3283291       0.0000001114884505
     28.4284286       0.0000001107023593
     28.5285282       0.0000001099244289
     28.6286278       0.0000001091547388
     28.7287292       0.0000001083930738
     28.8288288       0.0000001076393780
     28.9289284       0.0000001068935436
     29.0290298       0.0000001061553742
     29.1291294       0.0000001054248882
     29.2292290       0.0000001047019102
     29.3293285       0.0000001039864371
     29.4294300       0.0000001032781929
     29.5295296       0.0000001025771292
     29.6296291       0.0000001018832045
     29.7297306       0.0000001011963125
     29.8298302       0.0000001005162987
     29.9299297       0.0000000998431922
     30.0300293       0.0000000991769041
     30.1301308       0.0000000985170335
     30.2302303       0.0000000978639562
     30.3303299       0.0000000972172368
     30.4304314       0.0000000965770007
     30.5305309       0.0000000959430137
     30.6306305       0.0000000953152234
     30.7307301       0.0000000946936742
     30.8308315       0.0000000940781173
     30.9309311       0.0000000934685511
     31.0310307       0.0000000928649497
     31.1311302       0.0000000922671084
     31.2312317       0.0000000916750610
     31.3313313       0.0000000910887420
     31.4314308       0.0000000905079290
     31.5315323       0.0000000899327295
     31.6316319       0.0000000893630032
     31.7317314       0.0000000887985924
     31.8318310       0.0000000882396545
     31.9319324       0.0000000876857820
     32.0320320       0.0000000871372705
     32.1321335       0.0000000865939794
     32.2322311       0.0000000860555748
     32.3323326       0.0000000855222790
     32.4324341       0.0000000849938363
     32.5325317       0.0000000844703840
     32.6326332       0.0000000839517073
     32.7327309       0.0000000834377458
     32.8328323       0.0000000829285357
     32.9329338       0.0000000824239666
     33.0330315       0.0000000819239928
     33.1331329       0.0000000814285751
     33.2332344       0.0000000809377442
     33.3333321       0.0000000804512311
     33.4334335       0.0000000799690626
     33.5335350       0.0000000794912701
     33.6336327       0.0000000790176867
     33.7337341       0.0000000785483548
     33.8338356       0.0000000780832605
     33.9339333       0.0000000776222050
     34.0340347       0.0000000771652422
     34.1341324       0.0000000767124372
     34.2342339       0.0000000762634371
     34.3343353       0.0000000758183564
     34.4344330       0.0000000753772830
     34.5345345       0.0000000749399903
     34.6346359       0.0000000745064755
     34.7347336       0.0000000740768202
     34.8348351       0.0000000736507568
     34.9349365       0.0000000732283996
     35.0350342       0.0000000728096693
     35.1351357       0.0000000723945215
     35.2352371       0.0000000719828578
     35.3353348       0.0000000715747858
     35.4354362       0.0000000711701448
     35.5355339       0.0000000707689585
     35.6356354       0.0000000703710630
     35.7357368       0.0000000699766508
     35.8358345       0.0000000695854911
     35.9359360       0.0000000691975641
     36.0360374       0.0000000688128779
     36.1361351       0.0000000684314070
     36.2362366       0.0000000680531482
     36.3363380       0.0000000676779380
     36.4364357       0.0000000673058478
     36.5365372       0.0000000669368230
     36.6366348       0.0000000665708398
     36.7367363       0.0000000662078911
     36.8368378       0.0000000658478538
     36.9369354       0.0000000654907623
     37.0370369       0.0000000651364949
     37.1371384       0.0000000647852119
     37.2372360       0.0000000644367557
     37.3373375       0.0000000640909827
     37.4374390       0.0000000637481010
     37.5375366       0.0000000634079543
     37.6376381       0.0000000630704515
     37.7377396       0.0000000627356793
     37.8378372       0.0000000624036850
     37.9379387       0.0000000620741208
     38.0380363       0.0000000617472874
     38.1381378       0.0000000614229960
     38.2382393       0.0000000611012366
     38.3383369       0.0000000607820284
     38.4384384       0.0000000604653481
     38.5385399       0.0000000601510934
     38.6386375       0.0000000598392369
     38.7387390       0.0000000595299040
     38.8388405       0.0000000592228678
     38.9389381       0.0000000589182321
     39.0390396       0.0000000586159704
     39.1391373       0.0000000583159784
     39.2392387       0.0000000580183803
     39.3393402       0.0000000577230074
     39.4394379       0.0000000574298551
     39.5395393       0.0000000571389212
     39.6396408       0.0000000568502090
     39.7397385       0.0000000565636672
     39.8398399       0.0000000562794042
     39.9399414       0.0000000559971482
     40.0400391       0.0000000557170894
     40.1401405       0.0000000554390293
     40.2402420       0.0000000551631529
     40.3403397       0.0000000548892822
     40.4404411       0.0000000546174212
     40.5405388       0.0000000543476189
     40.6406403       0.0000000540797871
     40.7407417       0.0000000538139526
     40.8408394       0.0000000535501123
     40.9409409       0.0000000532881563
     41.0410423       0.0000000530281080
     41.1411400       0.0000000527699935
     41.2412415       0.0000000525136966
     41.3413429       0.0000000522593480
     41.4414406       0.0000000520068092
     41.5415421       0.0000000517560657
     41.6416397       0.0000000515071433
     41.7417412       0.0000000512600636
     41.8418427       0.0000000510147034
     41.9419403       0.0000000507711034
     42.0420418       0.0000000505293000
     42.1421432       0.0000000502891865
     42.2422409       0.0000000500507366
     42.3423424       0.0000000498140550
     42.4424438       0.0000000495789912
     42.5425415       0.0000000493456420
     42.6426430       0.0000000491138891
     42.7427444       0.0000000488837634
     42.8428421       0.0000000486553140
     42.9429436       0.0000000484284081
     43.0430412       0.0000000482030546
     43.1431427       0.0000000479793449
     43.2432442       0.0000000477571465
     43.3433418       0.0000000475365209
     43.4434433       0.0000000473174039
     43.5435448       0.0000000470998019
     43.6436424       0.0000000468837042
     43.7437439       0.0000000466690339
     43.8438454       0.0000000464559137
     43.9439430       0.0000000462442127
     44.0440445       0.0000000460339736
     44.1441460       0.0000000458251647
     44.2442436       0.0000000456177369
     44.3443451       0.0000000454117244
     44.4444427       0.0000000452071905
     44.5445442       0.0000000450039512
     44.6446457       0.0000000448020478
     44.7447433       0.0000000446015854
     44.8448448       0.0000000444024312
     44.9449463       0.0000000442045649
     45.0450439       0.0000000440080894
     45.1451454       0.0000000438129438
     45.2452469       0.0000000436189979
     45.3453445       0.0000000434264005
     45.4454460       0.0000000432350748
     45.5455437       0.0000000430449681
     45.6456451       0.0000000428561326
     45.7457466       0.0000000426685745
     45.8458443       0.0000000424821906
     45.9459457       0.0000000422970793
     46.0460472       0.0000000421131385
     46.1461449       0.0000000419303915
     46.2462463       0.0000000417488427
     46.3463478       0.0000000415684715
     46.4464455       0.0000000413892899
     46.5465469       0.0000000412112377
     46.6466484       0.0000000410343245
     46.7467461       0.0000000408585648
     46.8468475       0.0000000406838933
     46.9469452       0.0000000405104157
     47.0470467       0.0000000403380078
     47.1471481       0.0000000401666912
     47.2472458       0.0000000399964497
     47.3473473       0.0000000398273189
     47.4474487       0.0000000396592633
     47.5475464       0.0000000394922410
     47.6476479       0.0000000393263040
     47.7477493       0.0000000391613713
     47.8478470       0.0000000389974904
     47.9479485       0.0000000388346372
     48.0480499       0.0000000386728134
     48.1481476       0.0000000385120266
     48.2482491       0.0000000383521835
     48.3483467       0.0000000381933493
     48.4484482       0.0000000380355258
     48.5485497       0.0000000378786604
     48.6486473       0.0000000377227933
     48.7487488       0.0000000375678586
     48.8488503       0.0000000374138591
     48.9489479       0.0000000372608404
     49.0490494       0.0000000371087184
     49.1491508       0.0000000369575222
     49.2492485       0.0000000368073236
     49.3493500       0.0000000366579758
     49.4494476       0.0000000365095601
     49.5495491       0.0000000363620628
     49.6496506       0.0000000362153559
     49.7497482       0.0000000360696405
     49.8498497       0.0000000359247810
     49.9499512       0.0000000357807698
     50.0500488       0.0000000356376602
     50.1501503       0.0000000354953667
     50.2502518       0.0000000353539370
     50.3503494       0.0000000352133645
     50.4504509       0.0000000350736188
     50.5505524       0.0000000349347194
     50.6506500       0.0000000347966074
     50.7507515       0.0000000346593438
     50.8508492       0.0000000345229035
     50.9509506       0.0000000343872338
     51.0510521       0.0000000342523802
     51.1511497       0.0000000341183162
     51.2512512       0.0000000339849905
     51.3513527       0.0000000338525062
     51.4514503       0.0000000337207852
     51.5515518       0.0000000335898398
     51.6516533       0.0000000334596440
     51.7517509       0.0000000333302023
     51.8518524       0.0000000332015100
     51.9519501       0.0000000330735533
     52.0520515       0.0000000329463179
     52.1521530       0.0000000328198377
     52.2522507       0.0000000326941083
     52.3523521       0.0000000325690984
     52.4524536       0.0000000324447612
     52.5525513       0.0000000323211458
     52.6526527       0.0000000321982526
     52.7527542       0.0000000320760932
     52.8528519       0.0000000319545919
     52.9529533       0.0000000318337426
     53.0530548       0.0000000317136495
     53.1531525       0.0000000315941825
     53.2532539       0.0000000314754030
     53.3533516       0.0000000313573151
     53.4534531       0.0000000312398412
     53.5535545       0.0000000311230667
     53.6536522       0.0000000310069365
     53.7537537       0.0000000308914815
     53.8538551       0.0000000307765884
     53.9539528       0.0000000306624163
     54.0540543       0.0000000305488449
     54.1541557       0.0000000304359245
     54.2542534       0.0000000303235970
     54.3543549       0.0000000302119166
     54.4544525       0.0000000301008571
     54.5545540       0.0000000299904061
     54.6546555       0.0000000298805126
     54.7547531       0.0000000297713059
     54.8548546       0.0000000296626444
     54.9549561       0.0000000295545841
     55.0550537       0.0000000294470921
     55.1551552       0.0000000293402136
     55.2552567       0.0000000292339069
     55.3553543       0.0000000291281903
     55.4554558       0.0000000290230361
     55.5555573       0.0000000289184411
     55.6556549       0.0000000288144286
     55.7557564       0.0000000287109784
     55.8558540       0.0000000286080649
     55.9559555       0.0000000285057302
     56.0560570       0.0000000284039255
     56.1561546       0.0000000283026939
     56.2562561       0.0000000282019560
     56.3563576       0.0000000281017519
     56.4564552       0.0000000280021331
     56.5565567       0.0000000279029786
     56.6566582       0.0000000278044196
     56.7567558       0.0000000277063340
     56.8568573       0.0000000276087630
     56.9569588       0.0000000275117439
     57.0570564       0.0000000274151998
     57.1571579       0.0000000273192203
     57.2572556       0.0000000272236653
     57.3573570       0.0000000271286454
     57.4574585       0.0000000270341262
     57.5575562       0.0000000269401093
     57.6576576       0.0000000268465856
     57.7577591       0.0000000267535256
     57.8578568       0.0000000266609430
     57.9579582       0.0000000265688649
     58.0580597       0.0000000264772593
     58.1581573       0.0000000263861311
     58.2582588       0.0000000262954678
     58.3583565       0.0000000262052428
     58.4584579       0.0000000261155018
     58.5585594       0.0000000260262384
     58.6586571       0.0000000259374011
     58.7587585       0.0000000258490522
     58.8588600       0.0000000257611451
     58.9589577       0.0000000256736414
     59.0590591       0.0000000255866396
     59.1591606       0.0000000255000597
     59.2592583       0.0000000254139172
     59.3593597       0.0000000253281995
     59.4594612       0.0000000252429359
     59.5595589       0.0000000251580823
     59.6596603       0.0000000250736744
     59.7597580       0.0000000249896903
     59.8598595       0.0000000249060993
     59.9599609       0.0000000248229659
     60.0600586       0.0000000247402289
     60.1601601       0.0000000246579012
     60.2602615       0.0000000245759907
     60.3603592       0.0000000244944880
     60.4604607       0.0000000244133798
     60.5605621       0.0000000243326850
     60.6606598       0.0000000242523948
     60.7607613       0.0000000241724800
     60.8608627       0.0000000240929591
     60.9609604       0.0000000240138683
     61.0610619       0.0000000239351222
     61.1611595       0.0000000238568014
     61.2612610       0.0000000237788505
     61.3613625       0.0000000237012842
     61.4614601       0.0000000236240669
     61.5615616       0.0000000235472379
     61.6616631       0.0000000234708067
     61.7617607       0.0000000233947366
     61.8618622       0.0000000233190258
     61.9619637       0.0000000232436841
     62.0620613       0.0000000231687243
     62.1621628       0.0000000230941322
     62.2622604       0.0000000230198398
     62.3623619       0.0000000229459828
     62.4624634       0.0000000228724245
     62.5625610       0.0000000227992495
     62.6626625       0.0000000227263955
     62.7627640       0.0000000226539415
     62.8628616       0.0000000225817841
     62.9629631       0.0000000225099969
     63.0630646       0.0000000224385435
     63.1631622       0.0000000223674466
     63.2632637       0.0000000222966571
     63.3633652       0.0000000222262195
     63.4634628       0.0000000221561110
     63.5635643       0.0000000220863462
     63.6636620       0.0000000220168910
     63.7637634       0.0000000219477672
     63.8638649       0.0000000218789650
     63.9639626       0.0000000218104974
     64.0640640       0.0000000217423732
     64.1641617       0.0000000216745388
     64.2642670       0.0000000216069969
     64.3643646       0.0000000215398070
     64.4644623       0.0000000214729337
     64.5645676       0.0000000214063543
     64.6646652       0.0000000213400808
     64.7647629       0.0000000212741364
     64.8648682       0.0000000212084771
     64.9649658       0.0000000211431336
     65.0650635       0.0000000210780854
     65.1651688       0.0000000210133218
     65.2652664       0.0000000209488793
     65.3653641       0.0000000208847364
     65.4654617       0.0000000208208694
     65.5655670       0.0000000207573008
     65.6656647       0.0000000206940304
     65.7657623       0.0000000206310512
     65.8658676       0.0000000205683313
     65.9659653       0.0000000205059247
     66.0660629       0.0000000204438015
     66.1661682       0.0000000203819561
     66.2662659       0.0000000203203728
     66.3663635       0.0000000202590936
     66.4664688       0.0000000201980883
     66.5665665       0.0000000201373337
     66.6666641       0.0000000200768660
     66.7667694       0.0000000200166765
     66.8668671       0.0000000199567424
     66.9669647       0.0000000198971159
     67.0670700       0.0000000198377153
     67.1671677       0.0000000197785972
     67.2672653       0.0000000197197533
     67.3673706       0.0000000196611452
     67.4674683       0.0000000196028242
     67.5675659       0.0000000195447544
     67.6676712       0.0000000194869387
     67.7677689       0.0000000194293662
     67.8678665       0.0000000193720515
     67.9679642       0.0000000193150066
     68.0680695       0.0000000192581990
     68.1681671       0.0000000192016595
     68.2682648       0.0000000191453590
     68.3683701       0.0000000190893065
     68.4684677       0.0000000190334898
     68.5685654       0.0000000189779214
     68.6686707       0.0000000189226188
     68.7687683       0.0000000188675266
     68.8688660       0.0000000188126943
     68.9689713       0.0000000187580871
     69.0690689       0.0000000187037339
     69.1691666       0.0000000186495985
     69.2692719       0.0000000185957107
     69.3693695       0.0000000185420540
     69.4694672       0.0000000184886193
     69.5695724       0.0000000184354126
     69.6696701       0.0000000183824608
     69.7697678       0.0000000183297254
     69.8698730       0.0000000182772039
     69.9699707       0.0000000182249078
     70.0700684       0.0000000181728759
     70.1701736       0.0000000181210248
     70.2702713       0.0000000180693938
     70.3703690       0.0000000180179984
     70.4704742       0.0000000179668077
     70.5705719       0.0000000179158634
     70.6706696       0.0000000178651130
     70.7707672       0.0000000178145871
     70.8708725       0.0000000177642730
     70.9709702       0.0000000177141664
     71.0710678       0.0000000176642732
     71.1711731       0.0000000176145934
     71.2712708       0.0000000175651203
     71.3713684       0.0000000175158668
     71.4714737       0.0000000174668142
     71.5715714       0.0000000174179661
     71.6716690       0.0000000173693210
     71.7717743       0.0000000173208669
     71.8718719       0.0000000172726228
     71.9719696       0.0000000172245934
     72.0720749       0.0000000171767582
     72.1721725       0.0000000171291153
     72.2722702       0.0000000170816855
     72.3723755       0.0000000170344280
     72.4724731       0.0000000169873852
     72.5725708       0.0000000169405320
     72.6726761       0.0000000168938668
     72.7727737       0.0000000168473903
     72.8728714       0.0000000168011206
     72.9729767       0.0000000167550333
     73.0730743       0.0000000167091366
     73.1731720       0.0000000166634346
     73.2732697       0.0000000166179318
     73.3733749       0.0000000165725799
     73.4734726       0.0000000165274282
     73.5735703       0.0000000164824751
     73.6736755       0.0000000164376873
     73.7737732       0.0000000163930698
     73.8738708       0.0000000163486603
     73.9739761       0.0000000163044334
     74.0740738       0.0000000162603815
     74.1741714       0.0000000162164953
     74.2742767       0.0000000161727871
     74.3743744       0.0000000161292727
     74.4744720       0.0000000160859213
     74.5745773       0.0000000160427444
     74.6746750       0.0000000159997287
     74.7747726       0.0000000159569078
     74.8748779       0.0000000159142604
     74.9749756       0.0000000158717686
     75.0750732       0.0000000158294482
     75.1751785       0.0000000157873025
     75.2752762       0.0000000157453196
     75.3753738       0.0000000157034920
     75.4754791       0.0000000156618620
     75.5755768       0.0000000156203792
     75.6756744       0.0000000155790502
     75.7757721       0.0000000155379053
     75.8758774       0.0000000154969280
     75.9759750       0.0000000154561032
     76.0760727       0.0000000154154393
     76.1761780       0.0000000153749160
     76.2762756       0.0000000153345725
     76.3763733       0.0000000152943844
     76.4764786       0.0000000152543551
     76.5765762       0.0000000152144883
     76.6766739       0.0000000151747608
     76.7767792       0.0000000151352004
     76.8768768       0.0000000150957985
     76.9769745       0.0000000150565578
     77.0770798       0.0000000150174447
     77.1771774       0.0000000149784961
     77.2772751       0.0000000149397124
     77.3773804       0.0000000149010512
     77.4774780       0.0000000148625534
     77.5775757       0.0000000148242002
     77.6776810       0.0000000147860059
     77.7777786       0.0000000147479412
     77.8778763       0.0000000147100454
     77.9779816       0.0000000146722910
     78.0780792       0.0000000146346883
     78.1781769       0.0000000145972162
     78.2782745       0.0000000145598840
     78.3783798       0.0000000145226911
     78.4784775       0.0000000144856467
     78.5785751       0.0000000144487615
     78.6786804       0.0000000144120107
     78.7787781       0.0000000143753923
     78.8788757       0.0000000143389123
     78.9789810       0.0000000143025684
     79.0790787       0.0000000142663651
     79.1791763       0.0000000142303035
     79.2792816       0.0000000141943776
     79.3793793       0.0000000141585857
     79.4794769       0.0000000141229313
     79.5795822       0.0000000140874068
     79.6796799       0.0000000140520057
     79.7797775       0.0000000140167600
     79.8798828       0.0000000139816374
     79.9799805       0.0000000139466374
     80.0800781       0.0000000139117791
     80.1801834       0.0000000138770456
     80.2802811       0.0000000138424484
     80.3803787       0.0000000138079835
     80.4804840       0.0000000137736378
     80.5805817       0.0000000137394285
     80.6806793       0.0000000137053556
     80.7807770       0.0000000136713881
     80.8808823       0.0000000136375573
     80.9809799       0.0000000136038433
     81.0810776       0.0000000135702529
     81.1811829       0.0000000135368055
     81.2812805       0.0000000135034702
     81.3813782       0.0000000134702522
     81.4814835       0.0000000134371674
     81.5815811       0.0000000134042013
     81.6816788       0.0000000133713493
     81.7817841       0.0000000133386163
     81.8818817       0.0000000133060037
     81.9819794       0.0000000132735226
     82.0820847       0.0000000132411644
     82.1821823       0.0000000132089132
     82.2822800       0.0000000131767778
     82.3823853       0.0000000131447652
     82.4824829       0.0000000131128653
     82.5825806       0.0000000130810796
     82.6826859       0.0000000130494159
     82.7827835       0.0000000130178687
     82.8828812       0.0000000129864303
     82.9829865       0.0000000129551084
     83.0830841       0.0000000129238969
     83.1831818       0.0000000128927927
     83.2832794       0.0000000128618012
     83.3833847       0.0000000128309307
     83.4834824       0.0000000128001744
     83.5835800       0.0000000127695077
     83.6836853       0.0000000127389835
     83.7837830       0.0000000127085390
     83.8838806       0.0000000126782216
     83.9839859       0.0000000126480061
     84.0840836       0.0000000126178872
     84.1841812       0.0000000125878953
     84.2842865       0.0000000125580081
     84.3843842       0.0000000125282169
     84.4844818       0.0000000124985277
     84.5845871       0.0000000124689582
     84.6846848       0.0000000124394891
     84.7847824       0.0000000124101205
     84.8848877       0.0000000123808461
     84.9849854       0.0000000123516916
     85.0850830       0.0000000123226329
     85.1851883       0.0000000122936810
     85.2852859       0.0000000122648332
     85.3853836       0.0000000122360770
     85.4854889       0.0000000122074353
     85.5855865       0.0000000121788802
     85.6856842       0.0000000121504471
     85.7857895       0.0000000121220892
     85.8858871       0.0000000120938331
     85.9859848       0.0000000120656822
     86.0860825       0.0000000120376227
     86.1861877       0.0000000120096724
     86.2862854       0.0000000119818200
     86.3863831       0.0000000119540546
     86.4864883       0.0000000119263760
     86.5865860       0.0000000118988139
     86.6866837       0.0000000118713489
     86.7867889       0.0000000118439624
     86.8868866       0.0000000118166754
     86.9869843       0.0000000117894880
     87.0870895       0.0000000117623914
     87.1871872       0.0000000117353749
     87.2872849       0.0000000117084670
     87.3873901       0.0000000116816498
     87.4874878       0.0000000116549408
     87.5875854       0.0000000116282940
     87.6876907       0.0000000116017625
     87.7877884       0.0000000115753037
     87.8878860       0.0000000115489476
     87.9879913       0.0000000115226713
     88.0880890       0.0000000114964793
     88.1881866       0.0000000114703901
     88.2882919       0.0000000114443947
     88.3883896       0.0000000114184785
     88.4884872       0.0000000113926438
     88.5885849       0.0000000113669029
     88.6886902       0.0000000113412543
     88.7887878       0.0000000113156888
     88.8888855       0.0000000112902071
     88.9889908       0.0000000112648076
     89.0890884       0.0000000112394997
     89.1891861       0.0000000112142817
     89.2892914       0.0000000111891322
     89.3893890       0.0000000111640855
     89.4894867       0.0000000111391121
     89.5895920       0.0000000111142353
     89.6896896       0.0000000110894347
     89.7897873       0.0000000110647117
     89.8898926       0.0000000110400808
     89.9899902       0.0000000110155216
     90.0900879       0.0000000109910461
     90.1901932       0.0000000109666543
     90.2902908       0.0000000109423371
     90.3903885       0.0000000109181037
     90.4904938       0.0000000108939606
     90.5905914       0.0000000108698900
     90.6906891       0.0000000108458977
     90.7907944       0.0000000108219830
     90.8908920       0.0000000107981504
     90.9909897       0.0000000107743970
     91.0910873       0.0000000107507314
     91.1911926       0.0000000107271315
     91.2912903       0.0000000107036115
     91.3913879       0.0000000106801690
     91.4914932       0.0000000106567974
     91.5915909       0.0000000106335076
     91.6916885       0.0000000106103063
     91.7917938       0.0000000105871583
     91.8918915       0.0000000105641081
     91.9919891       0.0000000105411185
     92.0920944       0.0000000105182070
     92.1921921       0.0000000104953715
     92.2922897       0.0000000104726111
     92.3923950       0.0000000104499244
     92.4924927       0.0000000104273105
     92.5925903       0.0000000104047710
     92.6926956       0.0000000103823035
     92.7927933       0.0000000103599105
     92.8928909       0.0000000103375861
     92.9929962       0.0000000103153356
     93.0930939       0.0000000102931580
     93.1931915       0.0000000102710531
     93.2932968       0.0000000102490066
     93.3933945       0.0000000102270452
     93.4934921       0.0000000102051526
     93.5935898       0.0000000101833313
     93.6936951       0.0000000101615774
     93.7937927       0.0000000101398914
     93.8938904       0.0000000101182746
     93.9939957       0.0000000100967290
     94.0940933       0.0000000100752555
     94.1941910       0.0000000100538397
     94.2942963       0.0000000100324953
     94.3943939       0.0000000100112246
     94.4944916       0.0000000099900157
     94.5945969       0.0000000099688790
     94.6946945       0.0000000099478168
     94.7947922       0.0000000099268021
     94.8948975       0.0000000099058659
     94.9949951       0.0000000098849949
     95.0950928       0.0000000098642020
     95.1951981       0.0000000098434507
     95.2952957       0.0000000098227808
     95.3953934       0.0000000098021712
     95.4954987       0.0000000097816290
     95.5955963       0.0000000097611410
     95.6956940       0.0000000097407321
     95.7957993       0.0000000097203756
     95.8958969       0.0000000097000911
     95.9959946       0.0000000096798578
     96.0960999       0.0000000096596917
     96.1961975       0.0000000096396032
     96.2962952       0.0000000096195679
     96.3963928       0.0000000095995907
     96.4964981       0.0000000095796784
     96.5965958       0.0000000095598304
     96.6966934       0.0000000095400429
     96.7967987       0.0000000095203126
     96.8968964       0.0000000095006433
     96.9969940       0.0000000094810368
     97.0970993       0.0000000094614981
     97.1971970       0.0000000094420116
     97.2972946       0.0000000094225853
     97.3973999       0.0000000094032178
     97.4974976       0.0000000093839259
     97.5975952       0.0000000093646737
     97.6977005       0.0000000093454849
     97.7977982       0.0000000093263564
     97.8978958       0.0000000093072957
     97.9980011       0.0000000092882832
     98.0980988       0.0000000092693302
     98.1981964       0.0000000092504391
     98.2983017       0.0000000092316013
     98.3983994       0.0000000092128215
     98.4984970       0.0000000091940992
     98.5986023       0.0000000091754418
     98.6987000       0.0000000091568352
     98.7987976       0.0000000091382829
     98.8988953       0.0000000091197884
     98.9990005       0.0000000091013610
     99.0990982       0.0000000090829785
     99.1991959       0.0000000090646417
     99.2993011       0.0000000090463776
     99.3993988       0.0000000090281615
     99.4994965       0.0000000090100008
     99.5996017       0.0000000089918918
     99.6996994       0.0000000089738310
     99.7997971       0.0000000089558434
     99.8999023       0.0000000089378884
    100.0000000       0.0000000089200005
