# x		H(x,a)
      0.0000000       1.0000000000000000
      0.1001001       0.9900299906730652
      0.2002002       0.9607124924659729
      0.3003003       0.9137664437294006
      0.4004004       0.8518707156181335
      0.5005005       0.7784109115600586
      0.6006006       0.6971734166145325
      0.7007007       0.6120254397392273
      0.8008008       0.5266169309616089
      0.9009009       0.4441368877887726
      1.0010010       0.3671544031743839
      1.1011012       0.2975067355297237
      1.2012012       0.2362945680313574
      1.3013012       0.1839574211396524
      1.4014014       0.1403744036374490
      1.5015016       0.1049949870976118
      1.6016016       0.0769776055708451
      1.7017016       0.0553201246298722
      1.8018018       0.0389705217332813
      1.9019020       0.0269117080611059
      2.0020020       0.0182190146891709
      2.1021020       0.0120928060338977
      2.2022023       0.0078706455169164
      2.3023024       0.0050243045738262
      2.4024024       0.0031469121763473
      2.5025024       0.0019350865178990
      2.6026025       0.0011693953283209
      2.7027028       0.0006956667799859
      2.8028028       0.0004085626454468
      2.9029028       0.0002380181918053
      3.0030031       0.0001386360926196
      3.1031032       0.0000817417880381
      3.2032032       0.0000496678490692
      3.3033032       0.0000317905791265
      3.4034033       0.0000218722490660
      3.5035036       0.0000163342364114
      3.6036036       0.0000131693447519
      3.7037036       0.0000112757569734
      3.8038039       0.0000100608181757
      3.9039040       0.0000092114262542
      4.0040040       0.0000085645344958
      4.1041040       0.0000080359274334
      4.2042041       0.0000075819947991
      4.3043041       0.0000071797066917
      4.4044046       0.0000068163875016
      4.5045047       0.0000064845200614
      4.6046047       0.0000061792370390
      4.7047048       0.0000058970701620
      4.8048048       0.0000056353534729
      4.9049048       0.0000053919144589
      5.0050049       0.0000051649171267
      5.1051049       0.0000049527844981
      5.2052050       0.0000047541472003
      5.3053055       0.0000045677991088
      5.4054055       0.0000043926717081
      5.5055056       0.0000042278277720
      5.6056056       0.0000040724318700
      5.7057056       0.0000039257150061
      5.8058057       0.0000037870217548
      5.9059057       0.0000036557433239
      6.0060062       0.0000035313260709
      6.1061063       0.0000034132928242
      6.2062063       0.0000033011887265
      6.3063064       0.0000031946076588
      6.4064064       0.0000030931786127
      6.5065064       0.0000029965663905
      6.6066065       0.0000029044608724
      6.7067065       0.0000028165784058
      6.8068066       0.0000027326599032
      6.9069071       0.0000026524601372
      7.0070071       0.0000025757614624
      7.1071072       0.0000025023636122
      7.2072072       0.0000024320713948
      7.3073072       0.0000023647067431
      7.4074073       0.0000023001169269
      7.5075073       0.0000022381393369
      7.6076078       0.0000021786404746
      7.7077079       0.0000021214855623
      7.8078079       0.0000020665532521
      7.9079080       0.0000020137275241
      8.0080080       0.0000019629026384
      8.1081085       0.0000019139799270
      8.2082081       0.0000018668619401
      8.3083086       0.0000018214627717
      8.4084082       0.0000017776994755
      8.5085087       0.0000017354911672
      8.6086082       0.0000016947707555
      8.7087088       0.0000016554642122
      8.8088093       0.0000016175077262
      8.9089088       0.0000015808407990
      9.0090094       0.0000015454047945
      9.1091089       0.0000015111473711
      9.2092094       0.0000014780142214
      9.3093090       0.0000014459570343
      9.4094095       0.0000014149311192
      9.5095091       0.0000013848923433
      9.6096096       0.0000013558003881
      9.7097101       0.0000013276133199
      9.8098097       0.0000013002951120
      9.9099102       0.0000012738124865
     10.0100098       0.0000012481276183
     10.1101103       0.0000012232106199
     10.2102098       0.0000011990342048
     10.3103104       0.0000011755657503
     10.4104099       0.0000011527802258
     10.5105104       0.0000011306488899
     10.6106110       0.0000011091497179
     10.7107105       0.0000010882568043
     10.8108110       0.0000010679476292
     10.9109106       0.0000010482016116
     11.0110111       0.0000010289985537
     11.1111107       0.0000010103179253
     11.2112112       0.0000009921414740
     11.3113117       0.0000009744512104
     11.4114113       0.0000009572299302
     11.5115118       0.0000009404604138
     11.6116114       0.0000009241268026
     11.7117119       0.0000009082164511
     11.8118114       0.0000008927129930
     11.9119120       0.0000008776026722
     12.0120125       0.0000008628735073
     12.1121120       0.0000008485108846
     12.2122126       0.0000008345056544
     12.3123121       0.0000008208435474
     12.4124126       0.0000008075140045
     12.5125122       0.0000007945070736
     12.6126127       0.0000007818116517
     12.7127123       0.0000007694183532
     12.8128128       0.0000007573179551
     12.9129133       0.0000007455004651
     13.0130129       0.0000007339575199
     13.1131134       0.0000007226799117
     13.2132130       0.0000007116610315
     13.3133135       0.0000007008922414
     13.4134130       0.0000006903674802
     13.5135136       0.0000006800763388
     13.6136131       0.0000006700144563
     13.7137136       0.0000006601747000
     13.8138142       0.0000006505500657
     13.9139137       0.0000006411334982
     14.0140142       0.0000006319211964
     14.1141138       0.0000006229064231
     14.2142143       0.0000006140827180
     14.3143139       0.0000006054449074
     14.4144144       0.0000005969885619
     14.5145149       0.0000005887086449
     14.6146145       0.0000005805997126
     14.7147150       0.0000005726577552
     14.8148146       0.0000005648772552
     14.9149151       0.0000005572539163
     15.0150146       0.0000005497852852
     15.1151152       0.0000005424644018
     15.2152157       0.0000005352899914
     15.3153152       0.0000005282568427
     15.4154158       0.0000005213614097
     15.5155153       0.0000005146003077
     15.6156158       0.0000005079697129
     15.7157154       0.0000005014674917
     15.8158159       0.0000004950887755
     15.9159155       0.0000004888310822
     16.0160160       0.0000004826912870
     16.1161156       0.0000004766671032
     16.2162170       0.0000004707547483
     16.3163166       0.0000004649519521
     16.4164162       0.0000004592553064
     16.5165157       0.0000004536637504
     16.6166172       0.0000004481731599
     16.7167168       0.0000004427817934
     16.8168163       0.0000004374876277
     16.9169178       0.0000004322878212
     17.0170174       0.0000004271801511
     17.1171169       0.0000004221624677
     17.2172165       0.0000004172331035
     17.3173180       0.0000004123890265
     17.4174175       0.0000004076295574
     17.5175171       0.0000004029521680
     17.6176186       0.0000003983541937
     17.7177181       0.0000003938351945
     17.8178177       0.0000003893927190
     17.9179173       0.0000003850247035
     18.0180187       0.0000003807298597
     18.1181183       0.0000003765070312
     18.2182178       0.0000003723538620
     18.3183174       0.0000003682694112
     18.4184189       0.0000003642514375
     18.5185184       0.0000003602988491
     18.6186180       0.0000003564104889
     18.7187195       0.0000003525853229
     18.8188190       0.0000003488208247
     18.9189186       0.0000003451164901
     19.0190182       0.0000003414707912
     19.1191196       0.0000003378830022
     19.2192192       0.0000003343513852
     19.3193188       0.0000003308747118
     19.4194202       0.0000003274523421
     19.5195198       0.0000003240828682
     19.6196194       0.0000003207651590
     19.7197189       0.0000003174978143
     19.8198204       0.0000003142803093
     19.9199200       0.0000003111120200
     20.0200195       0.0000003079910072
     20.1201210       0.0000003049166106
     20.2202206       0.0000003018884853
     20.3203201       0.0000002989050735
     20.4204197       0.0000002959658065
     20.5205212       0.0000002930697971
     20.6206207       0.0000002902158196
     20.7207203       0.0000002874037251
     20.8208199       0.0000002846320500
     20.9209213       0.0000002819007656
     21.0210209       0.0000002792084833
     21.1211205       0.0000002765543044
     21.2212219       0.0000002739379767
     21.3213215       0.0000002713587246
     21.4214211       0.0000002688156428
     21.5215206       0.0000002663086125
     21.6216221       0.0000002638361863
     21.7217216       0.0000002613982095
     21.8218212       0.0000002589934034
     21.9219227       0.0000002566220966
     22.0220222       0.0000002542834348
     22.1221218       0.0000002519762744
     22.2222214       0.0000002497006382
     22.3223228       0.0000002474556224
     22.4224224       0.0000002452405968
     22.5225220       0.0000002430554605
     22.6226234       0.0000002408993616
     22.7227230       0.0000002387717754
     22.8228226       0.0000002366724376
     22.9229221       0.0000002346005534
     23.0230236       0.0000002325557907
     23.1231232       0.0000002305378721
     23.2232227       0.0000002285460364
     23.3233242       0.0000002265796865
     23.4234238       0.0000002246387585
     23.5235233       0.0000002227229255
     23.6236229       0.0000002208312761
     23.7237244       0.0000002189638676
     23.8238239       0.0000002171198792
     23.9239235       0.0000002152991680
     24.0240250       0.0000002135010498
     24.1241245       0.0000002117257974
     24.2242241       0.0000002099722833
     24.3243237       0.0000002082406327
     24.4244251       0.0000002065301889
     24.5245247       0.0000002048410099
     24.6246243       0.0000002031724521
     24.7247238       0.0000002015240191
     24.8248253       0.0000001998958661
     24.9249249       0.0000001982870627
     25.0250244       0.0000001966978190
     25.1251259       0.0000001951275478
     25.2252254       0.0000001935761859
     25.3253250       0.0000001920432193
     25.4254246       0.0000001905281236
     25.5255260       0.0000001890312086
     25.6256256       0.0000001875516924
     25.7257252       0.0000001860895992
     25.8258266       0.0000001846445972
     25.9259262       0.0000001832163595
     26.0260258       0.0000001818044871
     26.1261253       0.0000001804091754
     26.2262268       0.0000001790296649
     26.3263264       0.0000001776658454
     26.4264259       0.0000001763177121
     26.5265274       0.0000001749846690
     26.6266270       0.0000001736670475
     26.7267265       0.0000001723641178
     26.8268261       0.0000001710757869
     26.9269276       0.0000001698019165
     27.0270271       0.0000001685420910
     27.1271267       0.0000001672963734
     27.2272263       0.0000001660643918
     27.3273277       0.0000001648460054
     27.4274273       0.0000001636410469
     27.5275269       0.0000001624491567
     27.6276283       0.0000001612702099
     27.7277279       0.0000001601042084
     27.8278275       0.0000001589507276
     27.9279270       0.0000001578096253
     28.0280285       0.0000001566809318
     28.1281281       0.0000001555640936
     28.2282276       0.0000001544595181
     28.3283291       0.0000001533662782
     28.4284286       0.0000001522848971
     28.5285282       0.0000001512147552
     28.6286278       0.0000001501559619
     28.7287292       0.0000001491081953
     28.8288288       0.0000001480713999
     28.9289284       0.0000001470454013
     29.0290298       0.0000001460299543
     29.1291294       0.0000001450250963
     29.2292290       0.0000001440305340
     29.3293285       0.0000001430463045
     29.4294300       0.0000001420720423
     29.5295296       0.0000001411076377
     29.6296291       0.0000001401530605
     29.7297306       0.0000001392081608
     29.8298302       0.0000001382726999
     29.9299297       0.0000001373467727
     30.0300293       0.0000001364302029
     30.1301308       0.0000001355224770
     30.2302303       0.0000001346240816
     30.3303299       0.0000001337344390
     30.4304314       0.0000001328537053
     30.5305309       0.0000001319815819
     30.6306305       0.0000001311179925
     30.7307301       0.0000001302629776
     30.8308315       0.0000001294161982
     30.9309311       0.0000001285776432
     31.0310307       0.0000001277473263
     31.1311302       0.0000001269249229
     31.2312317       0.0000001261104885
     31.3313313       0.0000001253039235
     31.4314308       0.0000001245049529
     31.5315323       0.0000001237136801
     31.6316319       0.0000001229299636
     31.7317314       0.0000001221535489
     31.8318310       0.0000001213846631
     31.9319324       0.0000001206227421
     32.0320320       0.0000001198681847
     32.1321335       0.0000001191208238
     32.2322311       0.0000001183801839
     32.3323326       0.0000001176465632
     32.4324341       0.0000001169196245
     32.5325317       0.0000001161995501
     32.6326332       0.0000001154860496
     32.7327309       0.0000001147790354
     32.8328323       0.0000001140785420
     32.9329338       0.0000001133844561
     33.0330315       0.0000001126966757
     33.1331329       0.0000001120151665
     33.2332344       0.0000001113399651
     33.3333321       0.0000001106706943
     33.4334335       0.0000001100074157
     33.5335350       0.0000001093501580
     33.6336327       0.0000001086986759
     33.7337341       0.0000001080530529
     33.8338356       0.0000001074132666
     33.9339333       0.0000001067790374
     34.0340347       0.0000001061504130
     34.1341324       0.0000001055275304
     34.2342339       0.0000001049098778
     34.3343353       0.0000001042976019
     34.4344330       0.0000001036908570
     34.5345345       0.0000001030893066
     34.6346359       0.0000001024929545
     34.7347336       0.0000001019019084
     34.8348351       0.0000001013157996
     34.9349365       0.0000001007348030
     35.0350342       0.0000001001587917
     35.1351357       0.0000000995877055
     35.2352371       0.0000000990214006
     35.3353348       0.0000000984600467
     35.4354362       0.0000000979034211
     35.5355339       0.0000000973515241
     35.6356354       0.0000000968041773
     35.7357368       0.0000000962616100
     35.8358345       0.0000000957235171
     35.9359360       0.0000000951898845
     36.0360374       0.0000000946606934
     36.1361351       0.0000000941359449
     36.2362366       0.0000000936155867
     36.3363380       0.0000000930994480
     36.4364357       0.0000000925875901
     36.5365372       0.0000000920799400
     36.6366348       0.0000000915764930
     36.7367363       0.0000000910772216
     36.8368378       0.0000000905819377
     36.9369354       0.0000000900907128
     37.0370369       0.0000000896033818
     37.1371384       0.0000000891201427
     37.2372360       0.0000000886407998
     37.3373375       0.0000000881651460
     37.4374390       0.0000000876934695
     37.5375366       0.0000000872255512
     37.6376381       0.0000000867612705
     37.7377396       0.0000000863007489
     37.8378372       0.0000000858440494
     37.9379387       0.0000000853907035
     38.0380363       0.0000000849410908
     38.1381378       0.0000000844949887
     38.2382393       0.0000000840523705
     38.3383369       0.0000000836132578
     38.4384384       0.0000000831776240
     38.5385399       0.0000000827453300
     38.6386375       0.0000000823163382
     38.7387390       0.0000000818908108
     38.8388405       0.0000000814684493
     38.9389381       0.0000000810493788
     39.0390396       0.0000000806335836
     39.1391373       0.0000000802209006
     39.2392387       0.0000000798115217
     39.3393402       0.0000000794051937
     39.4394379       0.0000000790019308
     39.5395393       0.0000000786017166
     39.6396408       0.0000000782045587
     39.7397385       0.0000000778103780
     39.8398399       0.0000000774193471
     39.9399414       0.0000000770310649
     40.0400391       0.0000000766458044
     40.1401405       0.0000000762633070
     40.2402420       0.0000000758837896
     40.3403397       0.0000000755070542
     40.4404411       0.0000000751330789
     40.5405388       0.0000000747619303
     40.6406403       0.0000000743934983
     40.7407417       0.0000000740278070
     40.8408394       0.0000000736648586
     40.9409409       0.0000000733045001
     41.0410423       0.0000000729467851
     41.1411400       0.0000000725917157
     41.2412415       0.0000000722391423
     41.3413429       0.0000000718892519
     41.4414406       0.0000000715418574
     41.5415421       0.0000000711969211
     41.6416397       0.0000000708545024
     41.7417412       0.0000000705146143
     41.8418427       0.0000000701770873
     41.9419403       0.0000000698419865
     42.0420418       0.0000000695093591
     42.1421432       0.0000000691790483
     42.2422409       0.0000000688510326
     42.3423424       0.0000000685254432
     42.4424438       0.0000000682020862
     42.5425415       0.0000000678810816
     42.6426430       0.0000000675622816
     42.7427444       0.0000000672457159
     42.8428421       0.0000000669314590
     42.9429436       0.0000000666193166
     43.0430412       0.0000000663093161
     43.1431427       0.0000000660015739
     43.2432442       0.0000000656959115
     43.3433418       0.0000000653924130
     43.4434433       0.0000000650909928
     43.5435448       0.0000000647916471
     43.6436424       0.0000000644943872
     43.7437439       0.0000000641990809
     43.8438454       0.0000000639059082
     43.9439430       0.0000000636146781
     44.0440445       0.0000000633254765
     44.1441460       0.0000000630382301
     44.2442436       0.0000000627528869
     44.3443451       0.0000000624694907
     44.4444427       0.0000000621881301
     44.5445442       0.0000000619085496
     44.6446457       0.0000000616308103
     44.7447433       0.0000000613550483
     44.8448448       0.0000000610810845
     44.9449463       0.0000000608088976
     45.0450439       0.0000000605386185
     45.1451454       0.0000000602701668
     45.2452469       0.0000000600033763
     45.3453445       0.0000000597384306
     45.4454460       0.0000000594752381
     45.5455437       0.0000000592137261
     45.6456451       0.0000000589539593
     45.7457466       0.0000000586959500
     45.8458443       0.0000000584395572
     45.9459457       0.0000000581849103
     46.0460472       0.0000000579318779
     46.1461449       0.0000000576804796
     46.2462463       0.0000000574307408
     46.3463478       0.0000000571826174
     46.4464455       0.0000000569361315
     46.5465469       0.0000000566912001
     46.6466484       0.0000000564478298
     46.7467461       0.0000000562060510
     46.8468475       0.0000000559657732
     46.9469452       0.0000000557271306
     47.0470467       0.0000000554899582
     47.1471481       0.0000000552542893
     47.2472458       0.0000000550201089
     47.3473473       0.0000000547874452
     47.4474487       0.0000000545562689
     47.5475464       0.0000000543265117
     47.6476479       0.0000000540982373
     47.7477493       0.0000000538713459
     47.8478470       0.0000000536459148
     47.9479485       0.0000000534218846
     48.0480499       0.0000000531992745
     48.1481476       0.0000000529780911
     48.2482491       0.0000000527582174
     48.3483467       0.0000000525397175
     48.4484482       0.0000000523226075
     48.5485497       0.0000000521068214
     48.6486473       0.0000000518924096
     48.7487488       0.0000000516792785
     48.8488503       0.0000000514674319
     48.9489479       0.0000000512569350
     49.0490494       0.0000000510476703
     49.1491508       0.0000000508396817
     49.2492485       0.0000000506330662
     49.3493500       0.0000000504276165
     49.4494476       0.0000000502234544
     49.5495491       0.0000000500205549
     49.6496506       0.0000000498187409
     49.7497482       0.0000000496182887
     49.8498497       0.0000000494190172
     49.9499512       0.0000000492209157
     50.0500488       0.0000000490240476
     50.1501503       0.0000000488283048
     50.2502518       0.0000000486337504
     50.3503494       0.0000000484403794
     50.4504509       0.0000000482481380
     50.5505524       0.0000000480570627
     50.6506500       0.0000000478670744
     50.7507515       0.0000000476782508
     50.8508492       0.0000000474905612
     50.9509506       0.0000000473039326
     51.0510521       0.0000000471184239
     51.1511497       0.0000000469340024
     51.2512512       0.0000000467505953
     51.3513527       0.0000000465683479
     51.4514503       0.0000000463871468
     51.5515518       0.0000000462070157
     51.6516533       0.0000000460279165
     51.7517509       0.0000000458498530
     51.8518524       0.0000000456728155
     51.9519501       0.0000000454967986
     52.0520515       0.0000000453217738
     52.1521530       0.0000000451477791
     52.2522507       0.0000000449748235
     52.3523521       0.0000000448028572
     52.4524536       0.0000000446318158
     52.5525513       0.0000000444617701
     52.6526527       0.0000000442927146
     52.7527542       0.0000000441246689
     52.8528519       0.0000000439575276
     52.9529533       0.0000000437912875
     53.0530548       0.0000000436260841
     53.1531525       0.0000000434617408
     53.2532539       0.0000000432983459
     53.3533516       0.0000000431358996
     53.4534531       0.0000000429743011
     53.5535545       0.0000000428136591
     53.6536522       0.0000000426539066
     53.7537537       0.0000000424950889
     53.8538551       0.0000000423370330
     53.9539528       0.0000000421799768
     54.0540543       0.0000000420237492
     54.1541557       0.0000000418684142
     54.2542534       0.0000000417138915
     54.3543549       0.0000000415602565
     54.4544525       0.0000000414074848
     54.5545540       0.0000000412555483
     54.6546555       0.0000000411043743
     54.7547531       0.0000000409541438
     54.8548546       0.0000000408046716
     54.9549561       0.0000000406560188
     55.0550537       0.0000000405081534
     55.1551552       0.0000000403611259
     55.2552567       0.0000000402148830
     55.3553543       0.0000000400694615
     55.4554558       0.0000000399248092
     55.5555573       0.0000000397809245
     55.6556549       0.0000000396378419
     55.7557564       0.0000000394955330
     55.8558540       0.0000000393539622
     55.9559555       0.0000000392131851
     56.0560570       0.0000000390731473
     56.1561546       0.0000000389338865
     56.2562561       0.0000000387953092
     56.3563576       0.0000000386574627
     56.4564552       0.0000000385204301
     56.5565567       0.0000000383840324
     56.6566582       0.0000000382484479
     56.7567558       0.0000000381135183
     56.8568573       0.0000000379792998
     56.9569588       0.0000000378458328
     57.0570564       0.0000000377130273
     57.1571579       0.0000000375809952
     57.2572556       0.0000000374495491
     57.3573570       0.0000000373188356
     57.4574585       0.0000000371888126
     57.5575562       0.0000000370594821
     57.6576576       0.0000000369308324
     57.7577591       0.0000000368028098
     57.8578568       0.0000000366754539
     57.9579582       0.0000000365487893
     58.0580597       0.0000000364227727
     58.1581573       0.0000000362974146
     58.2582588       0.0000000361726981
     58.3583565       0.0000000360485799
     58.4584579       0.0000000359251309
     58.5585594       0.0000000358023368
     58.6586571       0.0000000356801322
     58.7587585       0.0000000355585979
     58.8588600       0.0000000354376688
     58.9589577       0.0000000353172951
     59.0590591       0.0000000351976181
     59.1591606       0.0000000350785140
     59.2592583       0.0000000349600156
     59.3593597       0.0000000348420969
     59.4594612       0.0000000347248101
     59.5595589       0.0000000346080793
     59.6596603       0.0000000344919688
     59.7597580       0.0000000343764362
     59.8598595       0.0000000342614445
     59.9599609       0.0000000341470861
     60.0600586       0.0000000340332688
     60.1601601       0.0000000339200180
     60.2602615       0.0000000338073421
     60.3603592       0.0000000336952244
     60.4604607       0.0000000335836479
     60.5605621       0.0000000334726448
     60.6606598       0.0000000333621946
     60.7607613       0.0000000332522648
     60.8608627       0.0000000331428737
     60.9609604       0.0000000330340720
     61.0610619       0.0000000329257488
     61.1611595       0.0000000328180054
     61.2612610       0.0000000327107725
     61.3613625       0.0000000326040720
     61.4614601       0.0000000324978510
     61.5615616       0.0000000323921597
     61.6616631       0.0000000322870226
     61.7617607       0.0000000321823788
     61.8618622       0.0000000320782293
     61.9619637       0.0000000319745875
     62.0620613       0.0000000318714719
     62.1621628       0.0000000317688585
     62.2622604       0.0000000316666605
     62.3623619       0.0000000315650609
     62.4624634       0.0000000314638729
     62.5625610       0.0000000313632123
     62.6626625       0.0000000312629934
     62.7627640       0.0000000311633223
     62.8628616       0.0000000310640607
     62.9629631       0.0000000309653099
     63.0630646       0.0000000308670160
     63.1631622       0.0000000307692136
     63.2632637       0.0000000306718331
     63.3633652       0.0000000305749383
     63.4634628       0.0000000304784963
     63.5635643       0.0000000303825257
     63.6636620       0.0000000302869761
     63.7637634       0.0000000301918930
     63.8638649       0.0000000300972474
     63.9639626       0.0000000300030588
     64.0640640       0.0000000299093446
     64.1641617       0.0000000298160330
     64.2642670       0.0000000297231200
     64.3643646       0.0000000296306943
     64.4644623       0.0000000295386968
     64.5645676       0.0000000294471137
     64.6646652       0.0000000293559453
     64.7647629       0.0000000292652290
     64.8648682       0.0000000291749055
     64.9649658       0.0000000290850201
     65.0650635       0.0000000289955354
     65.1651688       0.0000000289064453
     65.2652664       0.0000000288178007
     65.3653641       0.0000000287295628
     65.4654617       0.0000000286417045
     65.5655670       0.0000000285542591
     65.6656647       0.0000000284672236
     65.7657623       0.0000000283805858
     65.8658676       0.0000000282943075
     65.9659653       0.0000000282084570
     66.0660629       0.0000000281229980
     66.1661682       0.0000000280379239
     66.2662659       0.0000000279532075
     66.3663635       0.0000000278689132
     66.4664688       0.0000000277849884
     66.5665665       0.0000000277014152
     66.6666641       0.0000000276182345
     66.7667694       0.0000000275354364
     66.8668671       0.0000000274529864
     66.9669647       0.0000000273709650
     67.0670700       0.0000000272892543
     67.1671677       0.0000000272079281
     67.2672653       0.0000000271269815
     67.3673706       0.0000000270463566
     67.4674683       0.0000000269661321
     67.5675659       0.0000000268862472
     67.6676712       0.0000000268067148
     67.7677689       0.0000000267275203
     67.8678665       0.0000000266486707
     67.9679642       0.0000000265701992
     68.0680695       0.0000000264920550
     68.1681671       0.0000000264142794
     68.2682648       0.0000000263368280
     68.3683701       0.0000000262597214
     68.4684677       0.0000000261829410
     68.5685654       0.0000000261064991
     68.6686707       0.0000000260304224
     68.7687683       0.0000000259546360
     68.8688660       0.0000000258792069
     68.9689713       0.0000000258040884
     69.0690689       0.0000000257293193
     69.1691666       0.0000000256548487
     69.2692719       0.0000000255807195
     69.3693695       0.0000000255069073
     69.4694672       0.0000000254334028
     69.5695724       0.0000000253602105
     69.6696701       0.0000000252873657
     69.7697678       0.0000000252148240
     69.8698730       0.0000000251425745
     69.9699707       0.0000000250706331
     70.0700684       0.0000000249990576
     70.1701736       0.0000000249277296
     70.2702713       0.0000000248567077
     70.3703690       0.0000000247860038
     70.4704742       0.0000000247155846
     70.5705719       0.0000000246455069
     70.6706696       0.0000000245756918
     70.7707672       0.0000000245061869
     70.8708725       0.0000000244369737
     70.9709702       0.0000000243680457
     71.0710678       0.0000000242994111
     71.1711731       0.0000000242310708
     71.2712708       0.0000000241630139
     71.3713684       0.0000000240952591
     71.4714737       0.0000000240277836
     71.5715714       0.0000000239605841
     71.6716690       0.0000000238936656
     71.7717743       0.0000000238270136
     71.8718719       0.0000000237606475
     71.9719696       0.0000000236945790
     72.0720749       0.0000000236287754
     72.1721725       0.0000000235632370
     72.2722702       0.0000000234979898
     72.3723755       0.0000000234329806
     72.4724731       0.0000000233682672
     72.5725708       0.0000000233038142
     72.6726761       0.0000000232396190
     72.7727737       0.0000000231756877
     72.8728714       0.0000000231120379
     72.9729767       0.0000000230486378
     73.0730743       0.0000000229855032
     73.1731720       0.0000000229226341
     73.2732697       0.0000000228600384
     73.3733749       0.0000000227976504
     73.4734726       0.0000000227355391
     73.5735703       0.0000000226737009
     73.6736755       0.0000000226120894
     73.7737732       0.0000000225507142
     73.8738708       0.0000000224896229
     73.9739761       0.0000000224287812
     74.0740738       0.0000000223681835
     74.1741714       0.0000000223078112
     74.2742767       0.0000000222476871
     74.3743744       0.0000000221878283
     74.4744720       0.0000000221281918
     74.5745773       0.0000000220687958
     74.6746750       0.0000000220096240
     74.7747726       0.0000000219507182
     74.8748779       0.0000000218920498
     74.9749756       0.0000000218335966
     75.0750732       0.0000000217753808
     75.1751785       0.0000000217174050
     75.2752762       0.0000000216596517
     75.3753738       0.0000000216021122
     75.4754791       0.0000000215448449
     75.5755768       0.0000000214877824
     75.6756744       0.0000000214309291
     75.7757721       0.0000000213743272
     75.8758774       0.0000000213179571
     75.9759750       0.0000000212617979
     76.0760727       0.0000000212058575
     76.1761780       0.0000000211501159
     76.2762756       0.0000000210946162
     76.3763733       0.0000000210393341
     76.4764786       0.0000000209842705
     76.5765762       0.0000000209294257
     76.6766739       0.0000000208747754
     76.7767792       0.0000000208203557
     76.8768768       0.0000000207661536
     76.9769745       0.0000000207121737
     77.0770798       0.0000000206583675
     77.1771774       0.0000000206047899
     77.2772751       0.0000000205514385
     77.3773804       0.0000000204982555
     77.4774780       0.0000000204452972
     77.5775757       0.0000000203925355
     77.6776810       0.0000000203399962
     77.7777786       0.0000000202876329
     77.8778763       0.0000000202355048
     77.9779816       0.0000000201835676
     78.0780792       0.0000000201318400
     78.1781769       0.0000000200802897
     78.2782745       0.0000000200289367
     78.3783798       0.0000000199777741
     78.4784775       0.0000000199268137
     78.5785751       0.0000000198760724
     78.6786804       0.0000000198255172
     78.7787781       0.0000000197751443
     78.8788757       0.0000000197249626
     78.9789810       0.0000000196749670
     79.0790787       0.0000000196251668
     79.1791763       0.0000000195755570
     79.2792816       0.0000000195261368
     79.3793793       0.0000000194769011
     79.4794769       0.0000000194278532
     79.5795822       0.0000000193789865
     79.6796799       0.0000000193302871
     79.7797775       0.0000000192818020
     79.8798828       0.0000000192334859
     79.9799805       0.0000000191853375
     80.0800781       0.0000000191373874
     80.1801834       0.0000000190896064
     80.2802811       0.0000000190420144
     80.3803787       0.0000000189946050
     80.4804840       0.0000000189473558
     80.5805817       0.0000000189002986
     80.6806793       0.0000000188534257
     80.7807770       0.0000000188067008
     80.8808823       0.0000000187601613
     80.9809799       0.0000000187137822
     81.0810776       0.0000000186675752
     81.1811829       0.0000000186215640
     81.2812805       0.0000000185757053
     81.3813782       0.0000000185300130
     81.4814835       0.0000000184844996
     81.5815811       0.0000000184391509
     81.6816788       0.0000000183939577
     81.7817841       0.0000000183489303
     81.8818817       0.0000000183040704
     81.9819794       0.0000000182593850
     82.0820847       0.0000000182148740
     82.1821823       0.0000000181705100
     82.2822800       0.0000000181263024
     82.3823853       0.0000000180822647
     82.4824829       0.0000000180383810
     82.5825806       0.0000000179946569
     82.6826859       0.0000000179510995
     82.7827835       0.0000000179077021
     82.8828812       0.0000000178644553
     82.9829865       0.0000000178213687
     83.0830841       0.0000000177784332
     83.1831818       0.0000000177356457
     83.2832794       0.0000000176930121
     83.3833847       0.0000000176505466
     83.4834824       0.0000000176082361
     83.5835800       0.0000000175660505
     83.6836853       0.0000000175240624
     83.7837830       0.0000000174821820
     83.8838806       0.0000000174404753
     83.9839859       0.0000000173989106
     84.0840836       0.0000000173574784
     84.1841812       0.0000000173162192
     84.2842865       0.0000000172751071
     84.3843842       0.0000000172341246
     84.4844818       0.0000000171932836
     84.5845871       0.0000000171526080
     84.6846848       0.0000000171120703
     84.7847824       0.0000000170716679
     84.8848877       0.0000000170313982
     84.9849854       0.0000000169912924
     85.0850830       0.0000000169513205
     85.1851883       0.0000000169114917
     85.2852859       0.0000000168718095
     85.3853836       0.0000000168322495
     85.4854889       0.0000000167928492
     85.5855865       0.0000000167535703
     85.6856842       0.0000000167144540
     85.7857895       0.0000000166754459
     85.8858871       0.0000000166365762
     85.9859848       0.0000000165978517
     86.0860825       0.0000000165592513
     86.1861877       0.0000000165208023
     86.2862854       0.0000000164824885
     86.3863831       0.0000000164442930
     86.4864883       0.0000000164062186
     86.5865860       0.0000000163683033
     86.6866837       0.0000000163305201
     86.7867889       0.0000000162928490
     86.8868866       0.0000000162553116
     86.9869843       0.0000000162179129
     87.0870895       0.0000000161806368
     87.1871872       0.0000000161434732
     87.2872849       0.0000000161064571
     87.3873901       0.0000000160695677
     87.4874878       0.0000000160328246
     87.5875854       0.0000000159961690
     87.6876907       0.0000000159596716
     87.7877884       0.0000000159232757
     87.8878860       0.0000000158870172
     87.9879913       0.0000000158508717
     88.0880890       0.0000000158148403
     88.1881866       0.0000000157789529
     88.2882919       0.0000000157431913
     88.3883896       0.0000000157075421
     88.4884872       0.0000000156720044
     88.5885849       0.0000000156365932
     88.6886902       0.0000000156013110
     88.7887878       0.0000000155661409
     88.8888855       0.0000000155310883
     88.9889908       0.0000000154961482
     89.0890884       0.0000000154613336
     89.1891861       0.0000000154266453
     89.2892914       0.0000000153920477
     89.3893890       0.0000000153575921
     89.4894867       0.0000000153232384
     89.5895920       0.0000000152890178
     89.6896896       0.0000000152549015
     89.7897873       0.0000000152208900
     89.8898926       0.0000000151870081
     89.9899902       0.0000000151532243
     90.0900879       0.0000000151195534
     90.1901932       0.0000000150860008
     90.2902908       0.0000000150525491
     90.3903885       0.0000000150192149
     90.4904938       0.0000000149860015
     90.5905914       0.0000000149528897
     90.6906891       0.0000000149198860
     90.7907944       0.0000000148869887
     90.8908920       0.0000000148542036
     90.9909897       0.0000000148215272
     91.0910873       0.0000000147889715
     91.1911926       0.0000000147565081
     91.2912903       0.0000000147241543
     91.3913879       0.0000000146919055
     91.4914932       0.0000000146597546
     91.5915909       0.0000000146277173
     91.6916885       0.0000000145957988
     91.7917938       0.0000000145639558
     91.8918915       0.0000000145322472
     91.9919891       0.0000000145006251
     92.0920944       0.0000000144691062
     92.1921921       0.0000000144376923
     92.2922897       0.0000000144063833
     92.3923950       0.0000000143751745
     92.4924927       0.0000000143440675
     92.5925903       0.0000000143130608
     92.6926956       0.0000000142821544
     92.7927933       0.0000000142513481
     92.8928909       0.0000000142206385
     92.9929962       0.0000000141900297
     93.0930939       0.0000000141595227
     93.1931915       0.0000000141291143
     93.2932968       0.0000000140987880
     93.3933945       0.0000000140685771
     93.4934921       0.0000000140384601
     93.5935898       0.0000000140084434
     93.6936951       0.0000000139785175
     93.7937927       0.0000000139486853
     93.8938904       0.0000000139189477
     93.9939957       0.0000000138893085
     94.0940933       0.0000000138597712
     94.1941910       0.0000000138303098
     94.2942963       0.0000000138009476
     94.3943939       0.0000000137716891
     94.4944916       0.0000000137425114
     94.5945969       0.0000000137134362
     94.6946945       0.0000000136844631
     94.7947922       0.0000000136555546
     94.8948975       0.0000000136267536
     94.9949951       0.0000000135980423
     95.0950928       0.0000000135694406
     95.1951981       0.0000000135408942
     95.2952957       0.0000000135124597
     95.3953934       0.0000000134841096
     95.4954987       0.0000000134558521
     95.5955963       0.0000000134276678
     95.6956940       0.0000000133995930
     95.7957993       0.0000000133715890
     95.8958969       0.0000000133436856
     95.9959946       0.0000000133158524
     96.0960999       0.0000000132881117
     96.1961975       0.0000000132604771
     96.2962952       0.0000000132329151
     96.3963928       0.0000000132054346
     96.4964981       0.0000000131780419
     96.5965958       0.0000000131507393
     96.6966934       0.0000000131235190
     96.7967987       0.0000000130963778
     96.8968964       0.0000000130693196
     96.9969940       0.0000000130423493
     97.0970993       0.0000000130154713
     97.1971970       0.0000000129886647
     97.2972946       0.0000000129619412
     97.3973999       0.0000000129352992
     97.4974976       0.0000000129087603
     97.5975952       0.0000000128822767
     97.6977005       0.0000000128558807
     97.7977982       0.0000000128295670
     97.8978958       0.0000000128033464
     97.9980011       0.0000000127771918
     98.0980988       0.0000000127511202
     98.1981964       0.0000000127251332
     98.2983017       0.0000000126992192
     98.3983994       0.0000000126733859
     98.4984970       0.0000000126476302
     98.5986023       0.0000000126219650
     98.6987000       0.0000000125963683
     98.7987976       0.0000000125708486
     98.8988953       0.0000000125454071
     98.9990005       0.0000000125200573
     99.0990982       0.0000000124947694
     99.1991959       0.0000000124695457
     99.2993011       0.0000000124444217
     99.3993988       0.0000000124193628
     99.4994965       0.0000000123943798
     99.5996017       0.0000000123694688
     99.6996994       0.0000000123446238
     99.7997971       0.0000000123198791
     99.8999023       0.0000000122951806
    100.0000000       0.0000000122705731
