# x		H(x,a)
      0.0000000       1.0000000000000000
      0.1001001       0.9900299906730652
      0.2002002       0.9607124924659729
      0.3003003       0.9137664437294006
      0.4004004       0.8518707156181335
      0.5005005       0.7784109115600586
      0.6006006       0.6971734166145325
      0.7007007       0.6120254397392273
      0.8008008       0.5266169309616089
      0.9009009       0.4441368877887726
      1.0010010       0.3671566116760360
      1.1011012       0.2975129874280715
      1.2012012       0.2363043842147216
      1.3013012       0.1839696735898035
      1.4014014       0.1403879468833623
      1.5015016       0.1050088946427879
      1.6016016       0.0769912198679194
      1.7017016       0.0553330286023168
      1.8018018       0.0389824854910238
      1.9019020       0.0269226349578112
      2.0020020       0.0182288962055948
      2.1021020       0.0121016874886439
      2.2022023       0.0078786018204238
      2.3023024       0.0050314238964442
      2.4024024       0.0031532855634658
      2.5025024       0.0019408017573082
      2.6026025       0.0011745335862446
      2.7027028       0.0007003011036404
      2.8028028       0.0004127575702448
      2.9029028       0.0002418300362439
      3.0030031       0.0001421135866516
      3.1031032       0.0000849268777348
      3.2032032       0.0000525965045966
      3.3033032       0.0000344936178424
      3.4034033       0.0000243760535924
      3.5035036       0.0000186614163893
      3.6036036       0.0000153393106932
      3.7037036       0.0000133052028292
      3.8038039       0.0000119641520992
      3.9039040       0.0000110011179752
      4.0040040       0.0000102514120938
      4.1041040       0.0000096294328001
      4.2042041       0.0000090903941260
      4.3043041       0.0000086102596001
      4.4044046       0.0000081755031476
      4.5045047       0.0000077778703891
      4.6046047       0.0000074118680223
      4.7047048       0.0000070734837509
      4.8048048       0.0000067595844821
      4.9049048       0.0000064675909552
      5.0050049       0.0000061953122436
      5.1051049       0.0000059408610569
      5.2052050       0.0000057025964148
      5.3053055       0.0000054790719247
      5.4054055       0.0000052690067691
      5.5055056       0.0000050712773916
      5.6056056       0.0000048848792903
      5.7057056       0.0000047088927550
      5.8058057       0.0000045425304595
      5.9059057       0.0000043850616725
      6.0060062       0.0000042358234313
      6.1061063       0.0000040942430668
      6.2062063       0.0000039597740444
      6.3063064       0.0000038319299789
      6.4064064       0.0000037102658211
      6.5065064       0.0000035943796251
      6.6066065       0.0000034838990441
      6.7067065       0.0000033784841910
      6.8068066       0.0000032778239211
      6.9069071       0.0000031816243159
      7.0070071       0.0000030896241542
      7.1071072       0.0000030015838521
      7.2072072       0.0000029172682018
      7.3073072       0.0000028364644619
      7.4074073       0.0000027589889166
      7.5075073       0.0000026846468590
      7.6076078       0.0000026132779648
      7.7077079       0.0000025447205989
      7.8078079       0.0000024788293084
      7.9079080       0.0000024154649793
      8.0080080       0.0000023545007434
      8.1081085       0.0000022958179350
      8.2082081       0.0000022392999897
      8.3083086       0.0000021848436241
      8.4084082       0.0000021323493654
      8.5085087       0.0000020817206721
      8.6086082       0.0000020328766836
      8.7087088       0.0000019857283126
      8.8088093       0.0000019401995156
      8.9089088       0.0000018962176743
      9.0090094       0.0000018537121413
      9.1091089       0.0000018126202172
      9.2092094       0.0000017728772830
      9.3093090       0.0000017344246161
      9.4094095       0.0000016972090044
      9.5095091       0.0000016611775767
      9.6096096       0.0000016262816329
      9.7097101       0.0000015924714503
      9.8098097       0.0000015597031751
      9.9099102       0.0000015279373029
     10.0100098       0.0000014971283000
     10.1101103       0.0000014672405308
     10.2102098       0.0000014382407429
     10.3103104       0.0000014100903845
     10.4104099       0.0000013827592386
     10.5105104       0.0000013562126358
     10.6106110       0.0000013304244508
     10.7107105       0.0000013053634355
     10.8108110       0.0000012810025947
     10.9109106       0.0000012573172773
     11.0110111       0.0000012342830826
     11.1111107       0.0000012118756504
     11.2112112       0.0000011900730210
     11.3113117       0.0000011688537799
     11.4114113       0.0000011481967291
     11.5115118       0.0000011280816435
     11.6116114       0.0000011084894726
     11.7117119       0.0000010894051617
     11.8118114       0.0000010708086587
     11.9119120       0.0000010526838639
     12.0120125       0.0000010350161993
     12.1121120       0.0000010177882704
     12.2122126       0.0000010009891120
     12.3123121       0.0000009846013832
     12.4124126       0.0000009686125724
     12.5125122       0.0000009530107349
     12.6126127       0.0000009377825633
     12.7127123       0.0000009229168293
     12.8128128       0.0000009084024087
     12.9129133       0.0000008942273093
     13.0130129       0.0000008803815846
     13.1131134       0.0000008668541475
     13.2132130       0.0000008536370102
     13.3133135       0.0000008407197879
     13.4134130       0.0000008280954062
     13.5135136       0.0000008157511916
     13.6136131       0.0000008036819266
     13.7137136       0.0000007918791613
     13.8138142       0.0000007803343977
     13.9139137       0.0000007690392338
     14.0140142       0.0000007579890504
     14.1141138       0.0000007471759106
     14.2142143       0.0000007365918579
     14.3143139       0.0000007262307754
     14.4144144       0.0000007160874023
     14.5145149       0.0000007061557035
     14.6146145       0.0000006964290714
     14.7147150       0.0000006869026000
     14.8148146       0.0000006775699383
     14.9149151       0.0000006684257531
     15.0150146       0.0000006594671174
     15.1151152       0.0000006506856705
     15.2152157       0.0000006420800026
     15.3153152       0.0000006336437575
     15.4154158       0.0000006253726793
     15.5155153       0.0000006172628088
     15.6156158       0.0000006093094258
     15.7157154       0.0000006015099598
     15.8158159       0.0000005938587659
     15.9159155       0.0000005863526015
     16.0160160       0.0000005789879048
     16.1161156       0.0000005717619123
     16.2162170       0.0000005646700472
     16.3163166       0.0000005577095849
     16.4164162       0.0000005508764732
     16.5165157       0.0000005441694100
     16.6166172       0.0000005375834369
     16.7167168       0.0000005311165584
     16.8168163       0.0000005247661756
     16.9169178       0.0000005185289163
     17.0170174       0.0000005124023122
     17.1171169       0.0000005063836224
     17.2172165       0.0000005004708640
     17.3173180       0.0000004946603800
     17.4174175       0.0000004889514399
     17.5175171       0.0000004833408675
     17.6176186       0.0000004778256651
     17.7177181       0.0000004724050656
     17.8178177       0.0000004670763184
     17.9179173       0.0000004618368802
     18.0180187       0.0000004566852331
     18.1181183       0.0000004516199608
     18.2182178       0.0000004466382455
     18.3183174       0.0000004417389578
     18.4184189       0.0000004369193509
     18.5185184       0.0000004321782196
     18.6186180       0.0000004275141466
     18.7187195       0.0000004229258810
     18.8188190       0.0000004184103726
     18.9189186       0.0000004139670445
     19.0190182       0.0000004095940151
     19.1191196       0.0000004052904613
     19.2192192       0.0000004010543025
     19.3193188       0.0000003968840165
     19.4194202       0.0000003927788783
     19.5195198       0.0000003887372033
     19.6196194       0.0000003847576053
     19.7197189       0.0000003808384329
     19.8198204       0.0000003769790273
     19.9199200       0.0000003731786825
     20.0200195       0.0000003694350577
     20.1201210       0.0000003657472975
     20.2202206       0.0000003621150501
     20.3203201       0.0000003585364710
     20.4204197       0.0000003550108097
     20.5205212       0.0000003515370304
     20.6206207       0.0000003481136965
     20.7207203       0.0000003447406092
     20.8208199       0.0000003414159886
     20.9209213       0.0000003381397753
     21.0210209       0.0000003349103858
     21.1211205       0.0000003317267465
     21.2212219       0.0000003285884137
     21.3213215       0.0000003254946073
     21.4214211       0.0000003224442067
     21.5215206       0.0000003194370305
     21.6216221       0.0000003164713371
     21.7217216       0.0000003135469989
     21.8218212       0.0000003106624479
     21.9219227       0.0000003078180387
     22.0220222       0.0000003050128291
     22.1221218       0.0000003022453936
     22.2222214       0.0000002995157491
     22.3223228       0.0000002968228505
     22.4224224       0.0000002941659365
     22.5225220       0.0000002915448713
     22.6226234       0.0000002889586374
     22.7227230       0.0000002864066297
     22.8228226       0.0000002838884430
     22.9229221       0.0000002814032213
     23.0230236       0.0000002789504976
     23.1231232       0.0000002765300707
     23.2232227       0.0000002741408271
     23.3233242       0.0000002717821821
     23.4234238       0.0000002694540492
     23.5235233       0.0000002671560311
     23.6236229       0.0000002648869709
     23.7237244       0.0000002626470394
     23.8238239       0.0000002604351691
     23.9239235       0.0000002582512371
     24.0240250       0.0000002560943833
     24.1241245       0.0000002539649886
     24.2242241       0.0000002518616368
     24.3243237       0.0000002497845169
     24.4244251       0.0000002477328411
     24.5245247       0.0000002457066737
     24.6246243       0.0000002437052379
     24.7247238       0.0000002417279379
     24.8248253       0.0000002397749744
     24.9249249       0.0000002378452116
     25.0250244       0.0000002359389208
     25.1251259       0.0000002340554077
     25.2252254       0.0000002321945321
     25.3253250       0.0000002303557218
     25.4254246       0.0000002285383719
     25.5255260       0.0000002267428197
     25.6256256       0.0000002249681516
     25.7257252       0.0000002232143572
     25.8258266       0.0000002214811071
     25.9259262       0.0000002197679108
     26.0260258       0.0000002180743927
     26.1261253       0.0000002164006790
     26.2262268       0.0000002147459666
     26.3263264       0.0000002131100839
     26.4264259       0.0000002114930054
     26.5265274       0.0000002098940159
     26.6266270       0.0000002083135278
     26.7267265       0.0000002067506457
     26.8268261       0.0000002052053071
     26.9269276       0.0000002036772871
     27.0270271       0.0000002021661460
     27.1271267       0.0000002006718930
     27.2272263       0.0000001991941259
     27.3273277       0.0000001977326759
     27.4274273       0.0000001962873373
     27.5275269       0.0000001948576760
     27.6276283       0.0000001934435103
     27.7277279       0.0000001920449162
     27.8278275       0.0000001906613103
     27.9279270       0.0000001892925565
     28.0280285       0.0000001879386984
     28.1281281       0.0000001865990449
     28.2282276       0.0000001852740871
     28.3283291       0.0000001839627645
     28.4284286       0.0000001826656529
     28.5285282       0.0000001813820040
     28.6286278       0.0000001801119909
     28.7287292       0.0000001788551880
     28.8288288       0.0000001776115459
     28.9289284       0.0000001763808799
     29.0290298       0.0000001751628439
     29.1291294       0.0000001739575077
     29.2292290       0.0000001727645512
     29.3293285       0.0000001715839670
     29.4294300       0.0000001704153390
     29.5295296       0.0000001692585207
     29.6296291       0.0000001681135003
     29.7297306       0.0000001669801153
     29.8298302       0.0000001658580277
     29.9299297       0.0000001647473631
     30.0300293       0.0000001636479450
     30.1301308       0.0000001625591202
     30.2302303       0.0000001614814969
     30.3303299       0.0000001604143823
     30.4304314       0.0000001593579461
     30.5305309       0.0000001583118300
     30.6306305       0.0000001572759475
     30.7307301       0.0000001562503522
     30.8308315       0.0000001552346322
     30.9309311       0.0000001542288138
     31.0310307       0.0000001532328392
     31.1311302       0.0000001522463586
     31.2312317       0.0000001512694533
     31.3313313       0.0000001503019889
     31.4314308       0.0000001493436183
     31.5315323       0.0000001483944801
     31.6316319       0.0000001474544220
     31.7317314       0.0000001465231065
     31.8318310       0.0000001456008208
     31.9319324       0.0000001446868931
     32.0320320       0.0000001437818067
     32.1321335       0.0000001428853561
     32.2322311       0.0000001419969637
     32.3323326       0.0000001411169819
     32.4324341       0.0000001402450311
     32.5325317       0.0000001393812902
     32.6326332       0.0000001385254457
     32.7327309       0.0000001376773774
     32.8328323       0.0000001368371516
     32.9329338       0.0000001360045727
     33.0330315       0.0000001351795877
     33.1331329       0.0000001343621259
     33.2332344       0.0000001335522210
     33.3333321       0.0000001327494430
     33.4334335       0.0000001319538384
     33.5335350       0.0000001311654440
     33.6336327       0.0000001303840005
     33.7337341       0.0000001296095804
     33.8338356       0.0000001288421520
     33.9339333       0.0000001280813824
     34.0340347       0.0000001273273634
     34.1341324       0.0000001265802123
     34.2342339       0.0000001258393249
     34.3343353       0.0000001251049022
     34.4344330       0.0000001243771191
     34.5345345       0.0000001236555595
     34.6346359       0.0000001229402307
     34.7347336       0.0000001222312790
     34.8348351       0.0000001215282472
     34.9349365       0.0000001208313377
     35.0350342       0.0000001201404131
     35.1351357       0.0000001194553888
     35.2352371       0.0000001187760997
     35.3353348       0.0000001181027766
     35.4354362       0.0000001174350829
     35.5355339       0.0000001167731033
     35.6356354       0.0000001161165592
     35.7357368       0.0000001154657481
     35.8358345       0.0000001148203088
     35.9359360       0.0000001141802096
     36.0360374       0.0000001135454451
     36.1361351       0.0000001129159994
     36.2362366       0.0000001122918545
     36.3363380       0.0000001116727184
     36.4364357       0.0000001110587590
     36.5365372       0.0000001104498416
     36.6366348       0.0000001098459433
     36.7367363       0.0000001092470779
     36.8368378       0.0000001086529803
     36.9369354       0.0000001080637584
     37.0370369       0.0000001074792044
     37.1371384       0.0000001068995557
     37.2372360       0.0000001063245824
     37.3373375       0.0000001057540388
     37.4374390       0.0000001051882554
     37.5375366       0.0000001046269968
     37.6376381       0.0000001040700973
     37.7377396       0.0000001035176975
     37.8378372       0.0000001029698917
     37.9379387       0.0000001024260904
     38.0380363       0.0000001018867864
     38.1381378       0.0000001013516952
     38.2382393       0.0000001008207697
     38.3383369       0.0000001002940534
     38.4384384       0.0000000997715155
     38.5385399       0.0000000992529681
     38.6386375       0.0000000987383908
     38.7387390       0.0000000982279771
     38.8388405       0.0000000977213524
     38.9389381       0.0000000972186858
     39.0390396       0.0000000967199347
     39.1391373       0.0000000962249270
     39.2392387       0.0000000957338791
     39.3393402       0.0000000952464837
     39.4394379       0.0000000947627641
     39.5395393       0.0000000942827177
     39.6396408       0.0000000938063229
     39.7397385       0.0000000933335031
     39.8398399       0.0000000928644594
     39.9399414       0.0000000923987080
     40.0400391       0.0000000919366014
     40.1401405       0.0000000914777932
     40.2402420       0.0000000910225633
     40.3403397       0.0000000905706656
     40.4404411       0.0000000901220790
     40.5405388       0.0000000896768907
     40.6406403       0.0000000892349585
     40.7407417       0.0000000887963077
     40.8408394       0.0000000883609521
     40.9409409       0.0000000879287133
     41.0410423       0.0000000874996279
     41.1411400       0.0000000870737160
     41.2412415       0.0000000866508020
     41.3413429       0.0000000862311136
     41.4414406       0.0000000858144118
     41.5415421       0.0000000854006649
     41.6416397       0.0000000849899340
     41.7417412       0.0000000845822324
     41.8418427       0.0000000841773754
     41.9419403       0.0000000837754186
     42.0420418       0.0000000833764349
     42.1421432       0.0000000829802336
     42.2422409       0.0000000825867691
     42.3423424       0.0000000821962311
     42.4424438       0.0000000818083683
     42.5425415       0.0000000814233246
     42.6426430       0.0000000810409166
     42.7427444       0.0000000806611983
     42.8428421       0.0000000802842444
     42.9429436       0.0000000799098293
     43.0430412       0.0000000795379870
     43.1431427       0.0000000791688533
     43.2432442       0.0000000788021993
     43.3433418       0.0000000784381656
     43.4434433       0.0000000780766097
     43.5435448       0.0000000777175482
     43.6436424       0.0000000773609784
     43.7437439       0.0000000770067569
     43.8438454       0.0000000766550943
     43.9439430       0.0000000763057691
     44.0440445       0.0000000759588731
     44.1441460       0.0000000756143210
     44.2442436       0.0000000752720477
     44.3443451       0.0000000749321170
     44.4444427       0.0000000745946216
     44.5445442       0.0000000742592711
     44.6446457       0.0000000739261200
     44.7447433       0.0000000735953467
     44.8448448       0.0000000732667238
     44.9449463       0.0000000729402357
     45.0450439       0.0000000726160320
     45.1451454       0.0000000722940373
     45.2452469       0.0000000719740150
     45.3453445       0.0000000716562127
     45.4454460       0.0000000713405154
     45.5455437       0.0000000710268273
     45.6456451       0.0000000707152359
     45.7457466       0.0000000704057535
     45.8458443       0.0000000700982097
     45.9459457       0.0000000697927635
     46.0460472       0.0000000694892535
     46.1461449       0.0000000691877057
     46.2462463       0.0000000688881393
     46.3463478       0.0000000685905213
     46.4464455       0.0000000682948497
     46.5465469       0.0000000680010547
     46.6466484       0.0000000677091430
     46.7467461       0.0000000674191250
     46.8468475       0.0000000671309068
     46.9469452       0.0000000668446609
     47.0470467       0.0000000665601781
     47.1471481       0.0000000662774957
     47.2472458       0.0000000659965870
     47.3473473       0.0000000657175034
     47.4474487       0.0000000654402046
     47.5475464       0.0000000651646163
     47.6476479       0.0000000648908011
     47.7477493       0.0000000646186493
     47.8478470       0.0000000643482423
     47.9479485       0.0000000640795202
     48.0480499       0.0000000638125035
     48.1481476       0.0000000635471901
     48.2482491       0.0000000632834433
     48.3483467       0.0000000630213614
     48.4484482       0.0000000627609411
     48.5485497       0.0000000625021044
     48.6486473       0.0000000622449107
     48.7487488       0.0000000619892602
     48.8488503       0.0000000617351522
     48.9489479       0.0000000614826589
     49.0490494       0.0000000612316505
     49.1491508       0.0000000609821647
     49.2492485       0.0000000607343342
     49.3493500       0.0000000604878950
     49.4494476       0.0000000602430049
     49.5495491       0.0000000599996298
     49.6496506       0.0000000597575497
     49.7497482       0.0000000595171127
     49.8498497       0.0000000592780775
     49.9499512       0.0000000590404538
     50.0500488       0.0000000588043240
     50.1501503       0.0000000585695219
     50.2502518       0.0000000583361510
     50.3503494       0.0000000581042090
     50.4504509       0.0000000578736111
     50.5505524       0.0000000576444201
     50.6506500       0.0000000574165312
     50.7507515       0.0000000571900298
     50.8508492       0.0000000569649016
     50.9509506       0.0000000567410355
     51.0510521       0.0000000565185233
     51.1511497       0.0000000562973044
     51.2512512       0.0000000560773129
     51.3513527       0.0000000558587029
     51.4514503       0.0000000556413573
     51.5515518       0.0000000554252907
     51.6516533       0.0000000552104562
     51.7517509       0.0000000549968695
     51.8518524       0.0000000547845203
     51.9519501       0.0000000545733820
     52.0520515       0.0000000543634367
     52.1521530       0.0000000541547365
     52.2522507       0.0000000539472780
     52.3523521       0.0000000537410041
     52.4524536       0.0000000535358316
     52.5525513       0.0000000533318663
     52.6526527       0.0000000531290867
     52.7527542       0.0000000529275152
     52.8528519       0.0000000527270277
     52.9529533       0.0000000525276254
     53.0530548       0.0000000523294628
     53.1531525       0.0000000521323292
     53.2532539       0.0000000519363411
     53.3533516       0.0000000517414858
     53.4534531       0.0000000515476454
     53.5535545       0.0000000513549596
     53.6536522       0.0000000511633356
     53.7537537       0.0000000509728345
     53.8538551       0.0000000507832453
     53.9539528       0.0000000505948587
     54.0540543       0.0000000504074602
     54.1541557       0.0000000502211385
     54.2542534       0.0000000500357846
     54.3543549       0.0000000498515067
     54.4544525       0.0000000496682503
     54.5545540       0.0000000494860030
     54.6546555       0.0000000493046702
     54.7547531       0.0000000491244682
     54.8548546       0.0000000489451770
     54.9549561       0.0000000487668701
     55.0550537       0.0000000485895045
     55.1551552       0.0000000484131425
     55.2552567       0.0000000482377263
     55.3553543       0.0000000480632933
     55.4554558       0.0000000478897815
     55.5555573       0.0000000477171946
     55.6556549       0.0000000475455658
     55.7557564       0.0000000473748692
     55.8558540       0.0000000472050559
     55.9559555       0.0000000470361925
     56.0560570       0.0000000468682169
     56.1561546       0.0000000467011742
     56.2562561       0.0000000465349500
     56.3563576       0.0000000463696052
     56.4564552       0.0000000462052320
     56.5565567       0.0000000460416246
     56.6566582       0.0000000458789948
     56.7567558       0.0000000457171446
     56.8568573       0.0000000455561491
     56.9569588       0.0000000453960553
     57.0570564       0.0000000452367517
     57.1571579       0.0000000450783798
     57.2572556       0.0000000449207118
     57.3573570       0.0000000447639173
     57.4574585       0.0000000446079594
     57.5575562       0.0000000444528282
     57.6576576       0.0000000442985084
     57.7577591       0.0000000441449486
     57.8578568       0.0000000439921825
     57.9579582       0.0000000438402517
     58.0580597       0.0000000436890960
     58.1581573       0.0000000435387267
     58.2582588       0.0000000433891293
     58.3583565       0.0000000432402503
     58.4584579       0.0000000430921751
     58.5585594       0.0000000429448826
     58.6586571       0.0000000427982938
     58.7587585       0.0000000426525131
     58.8588600       0.0000000425074617
     58.9589577       0.0000000423630764
     59.0590591       0.0000000422195200
     59.1591606       0.0000000420766543
     59.2592583       0.0000000419345185
     59.3593597       0.0000000417930772
     59.4594612       0.0000000416523867
     59.5595589       0.0000000415123696
     59.6596603       0.0000000413730950
     59.7597580       0.0000000412345164
     59.8598595       0.0000000410965836
     59.9599609       0.0000000409594097
     60.0600586       0.0000000408228882
     60.1601601       0.0000000406870421
     60.2602615       0.0000000405518864
     60.3603592       0.0000000404174007
     60.4604607       0.0000000402835650
     60.5605621       0.0000000401504180
     60.6606598       0.0000000400179334
     60.7607613       0.0000000398860681
     60.8608627       0.0000000397548537
     60.9609604       0.0000000396243534
     61.0610619       0.0000000394944154
     61.1611595       0.0000000393651789
     61.2612610       0.0000000392365555
     61.3613625       0.0000000391085642
     61.4614601       0.0000000389811521
     61.5615616       0.0000000388543817
     61.6616631       0.0000000387282652
     61.7617607       0.0000000386027445
     61.8618622       0.0000000384778149
     61.9619637       0.0000000383534991
     62.0620613       0.0000000382298090
     62.1621628       0.0000000381067297
     62.2622604       0.0000000379841414
     62.3623619       0.0000000378622725
     62.4624634       0.0000000377408961
     62.5625610       0.0000000376201534
     62.6626625       0.0000000374999425
     62.7627640       0.0000000373803852
     62.8628616       0.0000000372613218
     62.9629631       0.0000000371428689
     63.0630646       0.0000000370249693
     63.1631622       0.0000000369076544
     63.2632637       0.0000000367908466
     63.3633652       0.0000000366746202
     63.4634628       0.0000000365589373
     63.5635643       0.0000000364438194
     63.6636620       0.0000000363292130
     63.7637634       0.0000000362151537
     63.8638649       0.0000000361016290
     63.9639626       0.0000000359886513
     64.0640640       0.0000000358762410
     64.1641617       0.0000000357643090
     64.2642670       0.0000000356528634
     64.3643646       0.0000000355419981
     64.4644623       0.0000000354316511
     64.5645676       0.0000000353217931
     64.6646652       0.0000000352124348
     64.7647629       0.0000000351036245
     64.8648682       0.0000000349952857
     64.9649658       0.0000000348874656
     65.0650635       0.0000000347801308
     65.1651688       0.0000000346732658
     65.2652664       0.0000000345669329
     65.3653641       0.0000000344610936
     65.4654617       0.0000000343557099
     65.5655670       0.0000000342508166
     65.6656647       0.0000000341464139
     65.7657623       0.0000000340424935
     65.8658676       0.0000000339390021
     65.9659653       0.0000000338360277
     66.0660629       0.0000000337335200
     66.1661682       0.0000000336314748
     66.2662659       0.0000000335298576
     66.3663635       0.0000000334287387
     66.4664688       0.0000000333280803
     66.5665665       0.0000000332278305
     66.6666641       0.0000000331280542
     66.7667694       0.0000000330287410
     66.8668671       0.0000000329298453
     66.9669647       0.0000000328314576
     67.0670700       0.0000000327334417
     67.1671677       0.0000000326358940
     67.2672653       0.0000000325387974
     67.3673706       0.0000000324420919
     67.4674683       0.0000000323458606
     67.5675659       0.0000000322500381
     67.6676712       0.0000000321546366
     67.7677689       0.0000000320596433
     67.8678665       0.0000000319650662
     67.9679642       0.0000000318709411
     68.0680695       0.0000000317772062
     68.1681671       0.0000000316839110
     68.2682648       0.0000000315910125
     68.3683701       0.0000000314985196
     68.4684677       0.0000000314064205
     68.5685654       0.0000000313147303
     68.6686707       0.0000000312234751
     68.7687683       0.0000000311325721
     68.8688660       0.0000000310420921
     68.9689713       0.0000000309519874
     69.0690689       0.0000000308623033
     69.1691666       0.0000000307729736
     69.2692719       0.0000000306840553
     69.3693695       0.0000000305955207
     69.4694672       0.0000000305073491
     69.5695724       0.0000000304195553
     69.6696701       0.0000000303321839
     69.7697678       0.0000000302451645
     69.8698730       0.0000000301585039
     69.9699707       0.0000000300722098
     70.0700684       0.0000000299863542
     70.1701736       0.0000000299007969
     70.2702713       0.0000000298156019
     70.3703690       0.0000000297307972
     70.4704742       0.0000000296463266
     70.5705719       0.0000000295622716
     70.6706696       0.0000000294785285
     70.7707672       0.0000000293951570
     70.8708725       0.0000000293121337
     70.9709702       0.0000000292294569
     71.0710678       0.0000000291471285
     71.1711731       0.0000000290651558
     71.2712708       0.0000000289835207
     71.3713684       0.0000000289022506
     71.4714737       0.0000000288213132
     71.5715714       0.0000000287407069
     71.6716690       0.0000000286604379
     71.7717743       0.0000000285804879
     71.8718719       0.0000000285008830
     71.9719696       0.0000000284216333
     72.0720749       0.0000000283426996
     72.1721725       0.0000000282640880
     72.2722702       0.0000000281858220
     72.3723755       0.0000000281078466
     72.4724731       0.0000000280302230
     72.5725708       0.0000000279529125
     72.6726761       0.0000000278759096
     72.7727737       0.0000000277992215
     72.8728714       0.0000000277228754
     72.9729767       0.0000000276468253
     73.0730743       0.0000000275710970
     73.1731720       0.0000000274956859
     73.2732697       0.0000000274206024
     73.3733749       0.0000000273457694
     73.4734726       0.0000000272712651
     73.5735703       0.0000000271970931
     73.6736755       0.0000000271231887
     73.7737732       0.0000000270495678
     73.8738708       0.0000000269762858
     73.9739761       0.0000000269033102
     74.0740738       0.0000000268306217
     74.1741714       0.0000000267582075
     74.2742767       0.0000000266860905
     74.3743744       0.0000000266142862
     74.4744720       0.0000000265427550
     74.5745773       0.0000000264715066
     74.6746750       0.0000000264005299
     74.7747726       0.0000000263298723
     74.8748779       0.0000000262595005
     74.9749756       0.0000000261893865
     75.0750732       0.0000000261195569
     75.1751785       0.0000000260500148
     75.2752762       0.0000000259807383
     75.3753738       0.0000000259117200
     75.4754791       0.0000000258430309
     75.5755768       0.0000000257745812
     75.6756744       0.0000000257063851
     75.7757721       0.0000000256384932
     75.8758774       0.0000000255708775
     75.9759750       0.0000000255035140
     76.0760727       0.0000000254364145
     76.1761780       0.0000000253695503
     76.2762756       0.0000000253029792
     76.3763733       0.0000000252366691
     76.4764786       0.0000000251706200
     76.5765762       0.0000000251048335
     76.6766739       0.0000000250392809
     76.7767792       0.0000000249740055
     76.8768768       0.0000000249089896
     76.9769745       0.0000000248442403
     77.0770798       0.0000000247797008
     77.1771774       0.0000000247154326
     77.2772751       0.0000000246514398
     77.3773804       0.0000000245876451
     77.4774780       0.0000000245241227
     77.5775757       0.0000000244608341
     77.6776810       0.0000000243978126
     77.7777786       0.0000000243350032
     77.8778763       0.0000000242724742
     77.9779816       0.0000000242101781
     78.0780792       0.0000000241481274
     78.1781769       0.0000000240862958
     78.2782745       0.0000000240246989
     78.3783798       0.0000000239633266
     78.4784775       0.0000000239022020
     78.5785751       0.0000000238413363
     78.6786804       0.0000000237806957
     78.7787781       0.0000000237202761
     78.8788757       0.0000000236600802
     78.9789810       0.0000000236001111
     79.0790787       0.0000000235403750
     79.1791763       0.0000000234808687
     79.2792816       0.0000000234215894
     79.3793793       0.0000000233625304
     79.4794769       0.0000000233036966
     79.5795822       0.0000000232450833
     79.6796799       0.0000000231866681
     79.7797775       0.0000000231285101
     79.8798828       0.0000000230705536
     79.9799805       0.0000000230128003
     80.0800781       0.0000000229552849
     80.1801834       0.0000000228979712
     80.2802811       0.0000000228408842
     80.3803787       0.0000000227840161
     80.4804840       0.0000000227273421
     80.5805817       0.0000000226708964
     80.6806793       0.0000000226146726
     80.7807770       0.0000000225586260
     80.8808823       0.0000000225028027
     80.9809799       0.0000000224471706
     81.0810776       0.0000000223917451
     81.1811829       0.0000000223365535
     81.2812805       0.0000000222815485
     81.3813782       0.0000000222267409
     81.4814835       0.0000000221721470
     81.5815811       0.0000000221177505
     81.6816788       0.0000000220635421
     81.7817841       0.0000000220095325
     81.8818817       0.0000000219557199
     81.9819794       0.0000000219021213
     82.0820847       0.0000000218487315
     82.1821823       0.0000000217955151
     82.2822800       0.0000000217424895
     82.3823853       0.0000000216896652
     82.4824829       0.0000000216370293
     82.5825806       0.0000000215845810
     82.6826859       0.0000000215323340
     82.7827835       0.0000000214802766
     82.8828812       0.0000000214284026
     82.9829865       0.0000000213767203
     83.0830841       0.0000000213252203
     83.1831818       0.0000000212738947
     83.2832794       0.0000000212227588
     83.3833847       0.0000000211718197
     83.4834824       0.0000000211210683
     83.5835800       0.0000000210704682
     83.6836853       0.0000000210201018
     83.7837830       0.0000000209698663
     83.8838806       0.0000000209198409
     83.9839859       0.0000000208699823
     84.0840836       0.0000000208202840
     84.1841812       0.0000000207707953
     84.2842865       0.0000000207214818
     84.3843842       0.0000000206723240
     84.4844818       0.0000000206233329
     84.5845871       0.0000000205745420
     84.6846848       0.0000000205259184
     84.7847824       0.0000000204774568
     84.8848877       0.0000000204291529
     84.9849854       0.0000000203810457
     85.0850830       0.0000000203330975
     85.1851883       0.0000000202853237
     85.2852859       0.0000000202377232
     85.3853836       0.0000000201902744
     85.4854889       0.0000000201430122
     85.5855865       0.0000000200958964
     85.6856842       0.0000000200489790
     85.7857895       0.0000000200021888
     85.8858871       0.0000000199555633
     85.9859848       0.0000000199091130
     86.0860825       0.0000000198628116
     86.1861877       0.0000000198166932
     86.2862854       0.0000000197707348
     86.3863831       0.0000000197249199
     86.4864883       0.0000000196792494
     86.5865860       0.0000000196337711
     86.6866837       0.0000000195884513
     86.7867889       0.0000000195432610
     86.8868866       0.0000000194982371
     86.9869843       0.0000000194533756
     87.0870895       0.0000000194086647
     87.1871872       0.0000000193640853
     87.2872849       0.0000000193196860
     87.3873901       0.0000000192754369
     87.4874878       0.0000000192313640
     87.5875854       0.0000000191873958
     87.6876907       0.0000000191436170
     87.7877884       0.0000000190999586
     87.8878860       0.0000000190564688
     87.9879913       0.0000000190131107
     88.0880890       0.0000000189698922
     88.1881866       0.0000000189268439
     88.2882919       0.0000000188839498
     88.3883896       0.0000000188411883
     88.4884872       0.0000000187985587
     88.5885849       0.0000000187560854
     88.6886902       0.0000000187137614
     88.7887878       0.0000000186715761
     88.8888855       0.0000000186295318
     88.9889908       0.0000000185876205
     89.0890884       0.0000000185458612
     89.1891861       0.0000000185042516
     89.2892914       0.0000000184627517
     89.3893890       0.0000000184214235
     89.4894867       0.0000000183802143
     89.5895920       0.0000000183391677
     89.6896896       0.0000000182982445
     89.7897873       0.0000000182574483
     89.8898926       0.0000000182168078
     89.9899902       0.0000000181762846
     90.0900879       0.0000000181358961
     90.1901932       0.0000000180956493
     90.2902908       0.0000000180555242
     90.3903885       0.0000000180155382
     90.4904938       0.0000000179757009
     90.5905914       0.0000000179359812
     90.6906891       0.0000000178963945
     90.7907944       0.0000000178569332
     90.8908920       0.0000000178176076
     90.9909897       0.0000000177784126
     91.0910873       0.0000000177393629
     91.1911926       0.0000000177004232
     91.2912903       0.0000000176616134
     91.3913879       0.0000000176229320
     91.4914932       0.0000000175843676
     91.5915909       0.0000000175459369
     91.6916885       0.0000000175076514
     91.7917938       0.0000000174694561
     91.8918915       0.0000000174314227
     91.9919891       0.0000000173934890
     92.0920944       0.0000000173556833
     92.1921921       0.0000000173180044
     92.2922897       0.0000000172804477
     92.3923950       0.0000000172430132
     92.4924927       0.0000000172056992
     92.5925903       0.0000000171685075
     92.6926956       0.0000000171314348
     92.7927933       0.0000000170944842
     92.8928909       0.0000000170576477
     92.9929962       0.0000000170209338
     93.0930939       0.0000000169843404
     93.1931915       0.0000000169478645
     93.2932968       0.0000000169114883
     93.3933945       0.0000000168752505
     93.4934921       0.0000000168391240
     93.5935898       0.0000000168031196
     93.6936951       0.0000000167672248
     93.7937927       0.0000000167314411
     93.8938904       0.0000000166957708
     93.9939957       0.0000000166602192
     94.0940933       0.0000000166247865
     94.1941910       0.0000000165894493
     94.2942963       0.0000000165542296
     94.3943939       0.0000000165191323
     94.4944916       0.0000000164841351
     94.5945969       0.0000000164492586
     94.6946945       0.0000000164145043
     94.7947922       0.0000000163798299
     94.8948975       0.0000000163452840
     94.9949951       0.0000000163108452
     95.0950928       0.0000000162765357
     95.1951981       0.0000000162422954
     95.2952957       0.0000000162081865
     95.3953934       0.0000000161741827
     95.4954987       0.0000000161402853
     95.5955963       0.0000000161064792
     95.6956940       0.0000000160728048
     95.7957993       0.0000000160392132
     95.8958969       0.0000000160057435
     95.9959946       0.0000000159723559
     96.0960999       0.0000000159390809
     96.1961975       0.0000000159059344
     96.2962952       0.0000000158728738
     96.3963928       0.0000000158399107
     96.4964981       0.0000000158070539
     96.5965958       0.0000000157743052
     96.6966934       0.0000000157416527
     96.7967987       0.0000000157090970
     96.8968964       0.0000000156766417
     96.9969940       0.0000000156442898
     97.0970993       0.0000000156120484
     97.1971970       0.0000000155798962
     97.2972946       0.0000000155478406
     97.3973999       0.0000000155158836
     97.4974976       0.0000000154840498
     97.5975952       0.0000000154522830
     97.6977005       0.0000000154206207
     97.7977982       0.0000000153890587
     97.8978958       0.0000000153576061
     97.9980011       0.0000000153262338
     98.0980988       0.0000000152949618
     98.1981964       0.0000000152637902
     98.2983017       0.0000000152327062
     98.3983994       0.0000000152017194
     98.4984970       0.0000000151708258
     98.5986023       0.0000000151400385
     98.6987000       0.0000000151093369
     98.7987976       0.0000000150787254
     98.8988953       0.0000000150482073
     98.9990005       0.0000000150178016
     99.0990982       0.0000000149874684
     99.1991959       0.0000000149572140
     99.2993011       0.0000000149270754
     99.3993988       0.0000000148970187
     99.4994965       0.0000000148670507
     99.5996017       0.0000000148371705
     99.6996994       0.0000000148073693
     99.7997971       0.0000000147776882
     99.8999023       0.0000000147480626
    100.0000000       0.0000000147185444
