# x		H(x,a)
      0.0000000       1.0000000000000000
      0.1001001       0.9900299906730652
      0.2002002       0.9607124924659729
      0.3003003       0.9137664437294006
      0.4004004       0.8518707156181335
      0.5005005       0.7784109115600586
      0.6006006       0.6971734166145325
      0.7007007       0.6120254397392273
      0.8008008       0.5266169309616089
      0.9009009       0.4441368877887726
      1.0010010       0.3671525301699321
      1.1011012       0.2975014333594393
      1.2012012       0.2362862430325413
      1.3013012       0.1839470299719800
      1.4014014       0.1403629177594159
      1.5015016       0.1049831922546926
      1.6016016       0.0769660594370217
      1.7017016       0.0553091809130235
      1.8018018       0.0389603754076545
      1.9019020       0.0269024410874150
      2.0020020       0.0182106342941167
      2.1021020       0.0120852737690077
      2.2022023       0.0078638978621771
      2.3023024       0.0050182667620078
      2.4024024       0.0031415069781112
      2.5025024       0.0019302394880313
      2.6026025       0.0011650376256511
      2.7027028       0.0006917364609391
      2.8028028       0.0004050049781151
      2.9029028       0.0002347854107915
      3.0030031       0.0001356868687820
      3.1031032       0.0000790405515933
      3.2032032       0.0000471840884289
      3.3033032       0.0000294981623692
      3.4034033       0.0000197487993020
      3.5035036       0.0000143605799677
      3.6036036       0.0000113290208103
      3.7037036       0.0000095546053570
      3.8038039       0.0000084466213321
      3.9039040       0.0000076936101795
      4.0040040       0.0000071339134911
      4.1041040       0.0000066844922658
      4.2042041       0.0000063027378193
      4.3043041       0.0000059664701434
      4.4044046       0.0000056637374735
      4.5045047       0.0000053876442478
      4.6046047       0.0000051338567455
      4.7047048       0.0000048993675344
      4.8048048       0.0000046819056249
      4.9049048       0.0000044796451887
      5.0050049       0.0000042910504058
      5.1051049       0.0000041148076263
      5.2052050       0.0000039497780078
      5.3053055       0.0000037949584985
      5.4054055       0.0000036494613713
      5.5055056       0.0000035125083855
      5.6056056       0.0000033834040390
      5.7057056       0.0000032615105665
      5.8058057       0.0000031462835118
      5.9059057       0.0000030372165326
      6.0060062       0.0000029338497086
      6.1061063       0.0000028357868956
      6.2062063       0.0000027426499081
      6.3063064       0.0000026541016413
      6.4064064       0.0000025698337557
      6.5065064       0.0000024895676486
      6.6066065       0.0000024130455629
      6.7067065       0.0000023400325976
      6.8068066       0.0000022703123178
      6.9069071       0.0000022036817473
      7.0070071       0.0000021399599201
      7.1071072       0.0000020789806688
      7.2072072       0.0000020205813591
      7.3073072       0.0000019646144812
      7.4074073       0.0000019109527201
      7.5075073       0.0000018594615498
      7.6076078       0.0000018100293666
      7.7077079       0.0000017625444739
      7.8078079       0.0000017169063345
      7.9079080       0.0000016730184969
      8.0080080       0.0000016307929585
      8.1081085       0.0000015901474389
      8.2082081       0.0000015510016337
      8.3083086       0.0000015132838247
      8.4084082       0.0000014769246753
      8.5085087       0.0000014418578409
      8.6086082       0.0000014080271288
      8.7087088       0.0000013753709190
      8.8088093       0.0000013438364281
      8.9089088       0.0000013133732396
      9.0090094       0.0000012839328530
      9.1091089       0.0000012554714125
      9.2092094       0.0000012279442702
      9.3093090       0.0000012013109451
      9.4094095       0.0000011755343345
      9.5095091       0.0000011505780264
      9.6096096       0.0000011264080698
      9.7097101       0.0000011029901535
      9.8098097       0.0000010802940705
      9.9099102       0.0000010582920686
     10.0100098       0.0000010369528726
     10.1101103       0.0000010162517079
     10.2102098       0.0000009961657998
     10.3103104       0.0000009766679137
     10.4104099       0.0000009577376945
     10.5105104       0.0000009393507124
     10.6106110       0.0000009214890935
     10.7107105       0.0000009041311956
     10.8108110       0.0000008872581328
     10.9109106       0.0000008708530589
     11.0110111       0.0000008548988964
     11.1111107       0.0000008393788787
     11.2112112       0.0000008242778750
     11.3113117       0.0000008095807095
     11.4114113       0.0000007952730701
     11.5115118       0.0000007813408835
     11.6116114       0.0000007677707991
     11.7117119       0.0000007545524322
     11.8118114       0.0000007416719708
     11.9119120       0.0000007291182922
     12.0120125       0.0000007168811412
     12.1121120       0.0000007049486598
     12.2122126       0.0000006933129932
     12.3123121       0.0000006819624247
     12.4124126       0.0000006708881106
     12.5125122       0.0000006600818669
     12.6126127       0.0000006495344160
     12.7127123       0.0000006392379719
     12.8128128       0.0000006291848910
     12.9129133       0.0000006193668474
     13.0130129       0.0000006097768933
     13.1131134       0.0000006004073715
     13.2132130       0.0000005912528170
     13.3133135       0.0000005823060341
     13.4134130       0.0000005735620141
     13.5135136       0.0000005650120390
     13.6136131       0.0000005566525232
     13.7137136       0.0000005484776251
     13.8138142       0.0000005404814194
     13.9139137       0.0000005326580542
     14.0140142       0.0000005250043901
     14.1141138       0.0000005175148794
     14.2142143       0.0000005101840745
     14.3143139       0.0000005030077129
     14.4144144       0.0000004959821287
     14.5145149       0.0000004891031439
     14.6146145       0.0000004823662277
     14.7147150       0.0000004757679556
     14.8148146       0.0000004693038449
     14.9149151       0.0000004629703510
     15.0150146       0.0000004567653445
     15.1151152       0.0000004506830834
     15.2152157       0.0000004447225426
     15.3153152       0.0000004388794046
     15.4154158       0.0000004331506403
     15.5155153       0.0000004275334263
     15.6156158       0.0000004220247153
     15.7157154       0.0000004166225837
     15.8158159       0.0000004113231635
     15.9159155       0.0000004061241556
     16.0160160       0.0000004010231815
     16.1161156       0.0000003960182853
     16.2162170       0.0000003911062365
     16.3163166       0.0000003862852273
     16.4164162       0.0000003815524487
     16.5165157       0.0000003769069328
     16.6166172       0.0000003723452920
     16.7167168       0.0000003678661434
     16.8168163       0.0000003634676882
     16.9169178       0.0000003591476211
     17.0170174       0.0000003549041676
     17.1171169       0.0000003507354724
     17.2172165       0.0000003466400954
     17.3173180       0.0000003426156144
     17.4174175       0.0000003386614036
     17.5175171       0.0000003347754122
     17.6176186       0.0000003309553963
     17.7177181       0.0000003272009539
     17.8178177       0.0000003235101217
     17.9179173       0.0000003198811446
     18.0180187       0.0000003163129665
     18.1181183       0.0000003128045906
     18.2182178       0.0000003093541378
     18.3183174       0.0000003059607344
     18.4184189       0.0000003026225412
     18.5185184       0.0000002993387353
     18.6186180       0.0000002961082747
     18.7187195       0.0000002929302883
     18.8188190       0.0000002898027172
     18.9189186       0.0000002867251386
     19.0190182       0.0000002836962592
     19.1191196       0.0000002807154762
     19.2192192       0.0000002777814265
     19.3193188       0.0000002748929657
     19.4194202       0.0000002720496109
     19.5195198       0.0000002692502493
     19.6196194       0.0000002664938658
     19.7197189       0.0000002637793299
     19.8198204       0.0000002611062267
     19.9199200       0.0000002584740027
     20.0200195       0.0000002558810481
     20.1201210       0.0000002533267709
     20.2202206       0.0000002508109948
     20.3203201       0.0000002483323625
     20.4204197       0.0000002458904069
     20.5205212       0.0000002434843681
     20.6206207       0.0000002411132700
     20.7207203       0.0000002387769902
     20.8208199       0.0000002364742702
     20.9209213       0.0000002342050394
     21.0210209       0.0000002319682833
     21.1211205       0.0000002297632045
     21.2212219       0.0000002275895187
     21.3213215       0.0000002254466724
     21.4214211       0.0000002233338751
     21.5215206       0.0000002212509940
     21.6216221       0.0000002191968808
     21.7217216       0.0000002171713934
     21.8218212       0.0000002151734796
     21.9219227       0.0000002132033984
     22.0220222       0.0000002112604021
     22.1221218       0.0000002093435915
     22.2222214       0.0000002074529917
     22.3223228       0.0000002055878098
     22.4224224       0.0000002037475412
     22.5225220       0.0000002019321165
     22.6226234       0.0000002001408142
     22.7227230       0.0000001983732173
     22.8228226       0.0000001966290642
     22.9229221       0.0000001949077256
     23.0230236       0.0000001932089243
     23.1231232       0.0000001915324366
     23.2232227       0.0000001898776003
     23.3233242       0.0000001882439422
     23.4234238       0.0000001866313922
     23.5235233       0.0000001850397382
     23.6236229       0.0000001834681039
     23.7237244       0.0000001819166737
     23.8238239       0.0000001803846837
     23.9239235       0.0000001788720098
     24.0240250       0.0000001773781230
     24.1241245       0.0000001759032449
     24.2242241       0.0000001744464052
     24.3243237       0.0000001730077313
     24.4244251       0.0000001715866766
     24.5245247       0.0000001701833065
     24.6246243       0.0000001687970531
     24.7247238       0.0000001674275292
     24.8248253       0.0000001660748363
     24.9249249       0.0000001647382293
     25.0250244       0.0000001634178756
     25.1251259       0.0000001621133028
     25.2252254       0.0000001608244045
     25.3253250       0.0000001595508224
     25.4254246       0.0000001582920544
     25.5255260       0.0000001570484165
     25.6256256       0.0000001558192297
     25.7257252       0.0000001546045030
     25.8258266       0.0000001534039866
     25.9259262       0.0000001522173920
     26.0260258       0.0000001510444052
     26.1261253       0.0000001498851572
     26.2262268       0.0000001487390551
     26.3263264       0.0000001476059885
     26.4264259       0.0000001464859606
     26.5265274       0.0000001453784471
     26.6266270       0.0000001442837741
     26.7267265       0.0000001432012811
     26.8268261       0.0000001421309332
     26.9269276       0.0000001410725720
     27.0270271       0.0000001400259214
     27.1271267       0.0000001389909613
     27.2272263       0.0000001379674313
     27.3273277       0.0000001369551729
     27.4274273       0.0000001359540938
     27.5275269       0.0000001349638680
     27.6276283       0.0000001339843932
     27.7277279       0.0000001330156665
     27.8278275       0.0000001320573508
     27.9279270       0.0000001311093012
     28.0280285       0.0000001301715911
     28.1281281       0.0000001292437072
     28.2282276       0.0000001283260018
     28.3283291       0.0000001274177472
     28.4284286       0.0000001265193242
     28.5285282       0.0000001256302383
     28.6286278       0.0000001247505963
     28.7287292       0.0000001238800995
     28.8288288       0.0000001230187138
     28.9289284       0.0000001221663143
     29.0290298       0.0000001213226784
     29.1291294       0.0000001204878287
     29.2292290       0.0000001196615579
     29.3293285       0.0000001188438534
     29.4294300       0.0000001180344194
     29.5295296       0.0000001172331830
     29.6296291       0.0000001164401123
     29.7297306       0.0000001156550825
     29.8298302       0.0000001148779136
     29.9299297       0.0000001141086387
     30.0300293       0.0000001133471439
     30.1301308       0.0000001125929941
     30.2302303       0.0000001118465973
     30.3303299       0.0000001111074774
     30.4304314       0.0000001103757738
     30.5305309       0.0000001096511911
     30.6306305       0.0000001089337025
     30.7307301       0.0000001082233537
     30.8308315       0.0000001075198587
     30.9309311       0.0000001068231852
     31.0310307       0.0000001061333465
     31.1311302       0.0000001054500871
     31.2312317       0.0000001047734424
     31.3313313       0.0000001041033602
     31.4314308       0.0000001034395564
     31.5315323       0.0000001027821637
     31.6316319       0.0000001021310481
     31.7317314       0.0000001014859977
     31.8318310       0.0000001008472011
     31.9319324       0.0000001002141891
     32.0320320       0.0000000995873014
     32.1321335       0.0000000989663903
     32.2322311       0.0000000983510568
     32.3323326       0.0000000977415646
     32.4324341       0.0000000971376169
     32.5325317       0.0000000965393754
     32.6326332       0.0000000959465942
     32.7327309       0.0000000953591965
     32.8328323       0.0000000947772290
     32.9329338       0.0000000942005708
     33.0330315       0.0000000936291635
     33.1331329       0.0000000930629622
     33.2332344       0.0000000925019969
     33.3333321       0.0000000919459706
     33.4334335       0.0000000913949157
     33.5335350       0.0000000908488496
     33.6336327       0.0000000903076097
     33.7337341       0.0000000897712155
     33.8338356       0.0000000892396732
     33.9339333       0.0000000887127439
     34.0340347       0.0000000881904920
     34.1341324       0.0000000876729918
     34.2342339       0.0000000871598365
     34.3343353       0.0000000866511562
     34.4344330       0.0000000861470654
     34.5345345       0.0000000856472936
     34.6346359       0.0000000851518367
     34.7347336       0.0000000846607933
     34.8348351       0.0000000841738568
     34.9349365       0.0000000836911558
     35.0350342       0.0000000832126026
     35.1351357       0.0000000827381436
     35.2352371       0.0000000822676541
     35.3353348       0.0000000818012791
     35.4354362       0.0000000813388253
     35.5355339       0.0000000808803153
     35.6356354       0.0000000804255688
     35.7357368       0.0000000799748041
     35.8358345       0.0000000795277459
     35.9359360       0.0000000790843938
     36.0360374       0.0000000786447472
     36.1361351       0.0000000782087752
     36.2362366       0.0000000777764672
     36.3363380       0.0000000773476511
     36.4364357       0.0000000769223964
     36.5365372       0.0000000765006423
     36.6366348       0.0000000760823715
     36.7367363       0.0000000756675669
     36.8368378       0.0000000752560878
     36.9369354       0.0000000748479842
     37.0370369       0.0000000744431001
     37.1371384       0.0000000740416260
     37.2372360       0.0000000736433771
     37.3373375       0.0000000732481991
     37.4374390       0.0000000728563291
     37.5375366       0.0000000724675830
     37.6376381       0.0000000720818532
     37.7377396       0.0000000716992520
     37.8378372       0.0000000713198212
     37.9379387       0.0000000709431755
     38.0380363       0.0000000705696304
     38.1381378       0.0000000701990153
     38.2382393       0.0000000698312851
     38.3383369       0.0000000694664606
     38.4384384       0.0000000691045386
     38.5385399       0.0000000687453762
     38.6386375       0.0000000683889733
     38.7387390       0.0000000680354438
     38.8388405       0.0000000676845374
     38.9389381       0.0000000673363770
     39.0390396       0.0000000669909263
     39.1391373       0.0000000666480757
     39.2392387       0.0000000663079566
     39.3393402       0.0000000659703751
     39.4394379       0.0000000656353378
     39.5395393       0.0000000653028402
     39.6396408       0.0000000649728773
     39.7397385       0.0000000646453893
     39.8398399       0.0000000643205156
     39.9399414       0.0000000639979321
     40.0400391       0.0000000636778542
     40.1401405       0.0000000633600731
     40.2402420       0.0000000630447752
     40.3403397       0.0000000627317731
     40.4404411       0.0000000624210713
     40.5405388       0.0000000621127169
     40.6406403       0.0000000618066307
     40.7407417       0.0000000615028056
     40.8408394       0.0000000612012633
     40.9409409       0.0000000609018805
     41.0410423       0.0000000606046853
     41.1411400       0.0000000603096875
     41.2412415       0.0000000600167732
     41.3413429       0.0000000597260821
     41.4414406       0.0000000594374609
     41.5415421       0.0000000591508864
     41.6416397       0.0000000588664036
     41.7417412       0.0000000585840162
     41.8418427       0.0000000583036019
     41.9419403       0.0000000580251940
     42.0420418       0.0000000577488482
     42.1421432       0.0000000574744248
     42.2422409       0.0000000572019009
     42.3423424       0.0000000569314050
     42.4424438       0.0000000566627571
     42.5425415       0.0000000563960697
     42.6426430       0.0000000561312031
     42.7427444       0.0000000558682005
     42.8428421       0.0000000556071084
     42.9429436       0.0000000553477776
     43.0430412       0.0000000550902299
     43.1431427       0.0000000548345546
     43.2432442       0.0000000545806056
     43.3433418       0.0000000543284638
     43.4434433       0.0000000540780365
     43.5435448       0.0000000538293432
     43.6436424       0.0000000535823789
     43.7437439       0.0000000533370325
     43.8438454       0.0000000530934649
     43.9439430       0.0000000528515101
     44.0440445       0.0000000526112333
     44.1441460       0.0000000523725902
     44.2442436       0.0000000521355250
     44.3443451       0.0000000519000760
     44.4444427       0.0000000516663212
     44.5445442       0.0000000514340460
     44.6446457       0.0000000512032917
     44.7447433       0.0000000509741913
     44.8448448       0.0000000507465782
     44.9449463       0.0000000505204439
     45.0450439       0.0000000502958952
     45.1451454       0.0000000500728672
     45.2452469       0.0000000498512126
     45.3453445       0.0000000496310942
     45.4454460       0.0000000494124358
     45.5455437       0.0000000491951634
     45.6456451       0.0000000489793443
     45.7457466       0.0000000487649940
     45.8458443       0.0000000485519816
     45.9459457       0.0000000483404179
     46.0460472       0.0000000481301976
     46.1461449       0.0000000479213382
     46.2462463       0.0000000477138503
     46.3463478       0.0000000475077065
     46.4464455       0.0000000473029222
     46.5465469       0.0000000470994313
     46.6466484       0.0000000468972434
     46.7467461       0.0000000466963695
     46.8468475       0.0000000464967423
     46.9469452       0.0000000462984777
     47.0470467       0.0000000461014353
     47.1471481       0.0000000459056448
     47.2472458       0.0000000457110782
     47.3473473       0.0000000455177797
     47.4474487       0.0000000453257144
     47.5475464       0.0000000451348309
     47.6476479       0.0000000449451841
     47.7477493       0.0000000447566816
     47.8478470       0.0000000445693919
     47.9479485       0.0000000443832655
     48.0480499       0.0000000441983204
     48.1481476       0.0000000440145601
     48.2482491       0.0000000438318810
     48.3483467       0.0000000436503562
     48.4484482       0.0000000434699781
     48.5485497       0.0000000432907033
     48.6486473       0.0000000431125660
     48.7487488       0.0000000429354950
     48.8488503       0.0000000427594930
     48.9489479       0.0000000425846105
     49.0490494       0.0000000424107524
     49.1491508       0.0000000422379509
     49.2492485       0.0000000420662962
     49.3493500       0.0000000418956064
     49.4494476       0.0000000417259871
     49.5495491       0.0000000415574157
     49.6496506       0.0000000413897466
     49.7497482       0.0000000412232117
     49.8498497       0.0000000410576539
     49.9499512       0.0000000408930697
     50.0500488       0.0000000407295159
     50.1501503       0.0000000405668854
     50.2502518       0.0000000404052510
     50.3503494       0.0000000402445981
     50.4504509       0.0000000400848808
     50.5505524       0.0000000399261363
     50.6506500       0.0000000397682927
     50.7507515       0.0000000396114138
     50.8508492       0.0000000394554794
     50.9509506       0.0000000393004283
     51.0510521       0.0000000391463073
     51.1511497       0.0000000389930881
     51.2512512       0.0000000388407119
     51.3513527       0.0000000386893009
     51.4514503       0.0000000385387541
     51.5515518       0.0000000383891000
     51.6516533       0.0000000382403048
     51.7517509       0.0000000380923697
     51.8518524       0.0000000379452865
     51.9519501       0.0000000377990481
     52.0520515       0.0000000376536345
     52.1521530       0.0000000375090834
     52.2522507       0.0000000373653909
     52.3523521       0.0000000372225202
     52.4524536       0.0000000370804148
     52.5525513       0.0000000369391401
     52.6526527       0.0000000367986854
     52.7527542       0.0000000366590747
     52.8528519       0.0000000365202115
     52.9529533       0.0000000363820985
     53.0530548       0.0000000362448466
     53.1531525       0.0000000361083080
     53.2532539       0.0000000359725617
     53.3533516       0.0000000358375992
     53.4534531       0.0000000357033403
     53.5535545       0.0000000355698783
     53.6536522       0.0000000354371545
     53.7537537       0.0000000353052096
     53.8538551       0.0000000351738947
     53.9539528       0.0000000350434137
     54.0540543       0.0000000349136160
     54.1541557       0.0000000347845646
     54.2542534       0.0000000346561836
     54.3543549       0.0000000345285470
     54.4544525       0.0000000344016184
     54.5545540       0.0000000342753883
     54.6546555       0.0000000341497944
     54.7547531       0.0000000340249781
     54.8548546       0.0000000339007972
     54.9549561       0.0000000337772953
     55.0550537       0.0000000336544477
     55.1551552       0.0000000335322951
     55.2552567       0.0000000334107964
     55.3553543       0.0000000332899827
     55.4554558       0.0000000331698012
     55.5555573       0.0000000330502605
     55.6556549       0.0000000329313881
     55.7557564       0.0000000328131558
     55.8558540       0.0000000326955372
     55.9559555       0.0000000325785820
     56.0560570       0.0000000324622356
     56.1561546       0.0000000323465387
     56.2562561       0.0000000322314075
     56.3563576       0.0000000321168826
     56.4564552       0.0000000320030317
     56.5565567       0.0000000318897133
     56.6566582       0.0000000317770712
     56.7567558       0.0000000316649725
     56.8568573       0.0000000315534601
     56.9569588       0.0000000314425781
     57.0570564       0.0000000313322366
     57.1571579       0.0000000312225439
     57.2572556       0.0000000311133374
     57.3573570       0.0000000310047397
     57.4574585       0.0000000308967173
     57.5575562       0.0000000307892689
     57.6576576       0.0000000306823869
     57.7577591       0.0000000305760255
     57.8578568       0.0000000304702159
     57.9579582       0.0000000303649829
     58.0580597       0.0000000302602859
     58.1581573       0.0000000301561381
     58.2582588       0.0000000300525234
     58.3583565       0.0000000299494068
     58.4584579       0.0000000298468417
     58.5585594       0.0000000297448259
     58.6586571       0.0000000296432931
     58.7587585       0.0000000295423225
     58.8588600       0.0000000294418572
     58.9589577       0.0000000293418504
     59.0590591       0.0000000292424197
     59.1591606       0.0000000291434681
     59.2592583       0.0000000290450191
     59.3593597       0.0000000289470539
     59.4594612       0.0000000288496052
     59.5595589       0.0000000287526284
     59.6596603       0.0000000286561631
     59.7597580       0.0000000285601759
     59.8598595       0.0000000284646420
     59.9599609       0.0000000283696333
     60.0600586       0.0000000282750718
     60.1601601       0.0000000281809835
     60.2602615       0.0000000280873670
     60.3603592       0.0000000279942188
     60.4604607       0.0000000279015242
     60.5605621       0.0000000278092975
     60.6606598       0.0000000277175395
     60.7607613       0.0000000276262047
     60.8608627       0.0000000275353215
     60.9609604       0.0000000274449325
     61.0610619       0.0000000273549361
     61.1611595       0.0000000272654212
     61.2612610       0.0000000271763322
     61.3613625       0.0000000270876855
     61.4614601       0.0000000269994358
     61.5615616       0.0000000269116259
     61.6616631       0.0000000268242778
     61.7617607       0.0000000267373387
     61.8618622       0.0000000266508090
     61.9619637       0.0000000265647060
     62.0620613       0.0000000264790331
     62.1621628       0.0000000263937855
     62.2622604       0.0000000263088781
     62.3623619       0.0000000262244669
     62.4624634       0.0000000261403995
     62.5625610       0.0000000260567668
     62.6626625       0.0000000259735080
     62.7627640       0.0000000258907008
     62.8628616       0.0000000258082320
     62.9629631       0.0000000257261898
     63.0630646       0.0000000256445263
     63.1631622       0.0000000255632723
     63.2632637       0.0000000254823680
     63.3633652       0.0000000254018668
     63.4634628       0.0000000253217414
     63.5635643       0.0000000252420067
     63.6636620       0.0000000251626281
     63.7637634       0.0000000250836278
     63.8638649       0.0000000250049958
     63.9639626       0.0000000249267451
     64.0640640       0.0000000248488875
     64.1641617       0.0000000247713605
     64.2642670       0.0000000246941698
     64.3643646       0.0000000246173808
     64.4644623       0.0000000245409504
     64.5645676       0.0000000244648590
     64.6646652       0.0000000243891174
     64.7647629       0.0000000243137515
     64.8648682       0.0000000242387098
     64.9649658       0.0000000241640306
     65.0650635       0.0000000240896890
     65.1651688       0.0000000240156726
     65.2652664       0.0000000239420222
     65.3653641       0.0000000238687149
     65.4654617       0.0000000237957229
     65.5655670       0.0000000237230713
     65.6656647       0.0000000236507598
     65.7657623       0.0000000235787833
     65.8658676       0.0000000235071008
     65.9659653       0.0000000234357778
     66.0660629       0.0000000233647790
     66.1661682       0.0000000232940968
     66.2662659       0.0000000232237163
     66.3663635       0.0000000231536798
     66.4664688       0.0000000230839580
     66.5665665       0.0000000230145245
     66.6666641       0.0000000229454154
     66.7667694       0.0000000228766279
     66.8668671       0.0000000228081304
     66.9669647       0.0000000227399837
     67.0670700       0.0000000226720961
     67.1671677       0.0000000226045299
     67.2672653       0.0000000225372800
     67.3673706       0.0000000224702988
     67.4674683       0.0000000224036450
     67.5675659       0.0000000223372767
     67.6676712       0.0000000222712001
     67.7677689       0.0000000222054032
     67.8678665       0.0000000221398983
     67.9679642       0.0000000220747032
     68.0680695       0.0000000220097799
     68.1681671       0.0000000219451621
     68.2682648       0.0000000218808161
     68.3683701       0.0000000218167557
     68.4684677       0.0000000217529657
     68.5685654       0.0000000216894566
     68.6686707       0.0000000216262517
     68.7687683       0.0000000215632878
     68.8688660       0.0000000215006208
     68.9689713       0.0000000214382103
     69.0690689       0.0000000213760926
     69.1691666       0.0000000213142229
     69.2692719       0.0000000212526360
     69.3693695       0.0000000211913133
     69.4694672       0.0000000211302427
     69.5695724       0.0000000210694359
     69.6696701       0.0000000210089162
     69.7697678       0.0000000209486458
     69.8698730       0.0000000208886226
     69.9699707       0.0000000208288517
     70.0700684       0.0000000207693869
     70.1701736       0.0000000207101264
     70.2702713       0.0000000206511205
     70.3703690       0.0000000205923808
     70.4704742       0.0000000205338745
     70.5705719       0.0000000204756556
     70.6706696       0.0000000204176520
     70.7707672       0.0000000203599067
     70.8708725       0.0000000203024031
     70.9709702       0.0000000202451384
     71.0710678       0.0000000201881154
     71.1711731       0.0000000201313381
     71.2712708       0.0000000200747976
     71.3713684       0.0000000200185059
     71.4714737       0.0000000199624464
     71.5715714       0.0000000199066167
     71.6716690       0.0000000198510212
     71.7717743       0.0000000197956453
     71.8718719       0.0000000197405073
     71.9719696       0.0000000196856178
     72.0720749       0.0000000196309463
     72.1721725       0.0000000195764970
     72.2722702       0.0000000195222898
     72.3723755       0.0000000194682794
     72.4724731       0.0000000194145141
     72.5725708       0.0000000193609688
     72.6726761       0.0000000193076346
     72.7727737       0.0000000192545178
     72.8728714       0.0000000192016397
     72.9729767       0.0000000191489647
     73.0730743       0.0000000190965115
     73.1731720       0.0000000190442798
     73.2732697       0.0000000189922744
     73.3733749       0.0000000189404434
     73.4734726       0.0000000188888403
     73.5735703       0.0000000188374646
     73.6736755       0.0000000187862787
     73.7737732       0.0000000187352857
     73.8738708       0.0000000186845305
     73.9739761       0.0000000186339842
     74.0740738       0.0000000185836383
     74.1741714       0.0000000185334808
     74.2742767       0.0000000184835307
     74.3743744       0.0000000184337972
     74.4744720       0.0000000183842521
     74.5745773       0.0000000183349050
     74.6746750       0.0000000182857451
     74.7747726       0.0000000182368068
     74.8748779       0.0000000181880637
     74.9749756       0.0000000181395006
     75.0750732       0.0000000180911355
     75.1751785       0.0000000180429665
     75.2752762       0.0000000179949858
     75.3753738       0.0000000179471802
     75.4754791       0.0000000178996039
     75.5755768       0.0000000178521952
     75.6756744       0.0000000178049601
     75.7757721       0.0000000177579355
     75.8758774       0.0000000177111049
     75.9759750       0.0000000176644447
     76.0760727       0.0000000176179706
     76.1761780       0.0000000175716583
     76.2762756       0.0000000175255499
     76.3763733       0.0000000174796233
     76.4764786       0.0000000174338744
     76.5765762       0.0000000173883083
     76.6766739       0.0000000173429044
     76.7767792       0.0000000172976931
     76.8768768       0.0000000172526606
     76.9769745       0.0000000172078139
     77.0770798       0.0000000171631134
     77.1771774       0.0000000171185989
     77.2772751       0.0000000170742763
     77.3773804       0.0000000170300893
     77.4774780       0.0000000169860928
     77.5775757       0.0000000169422570
     77.6776810       0.0000000168986072
     77.7777786       0.0000000168551026
     77.8778763       0.0000000168117937
     77.9779816       0.0000000167686463
     78.0780792       0.0000000167256692
     78.1781769       0.0000000166828429
     78.2782745       0.0000000166401766
     78.3783798       0.0000000165976691
     78.4784775       0.0000000165553328
     78.5785751       0.0000000165131749
     78.6786804       0.0000000164711749
     78.7787781       0.0000000164293259
     78.8788757       0.0000000163876322
     78.9789810       0.0000000163460964
     79.0790787       0.0000000163047218
     79.1791763       0.0000000162635060
     79.2792816       0.0000000162224472
     79.3793793       0.0000000161815417
     79.4794769       0.0000000161407925
     79.5795822       0.0000000161001935
     79.6796799       0.0000000160597348
     79.7797775       0.0000000160194516
     79.8798828       0.0000000159793108
     79.9799805       0.0000000159393095
     80.0800781       0.0000000158994721
     80.1801834       0.0000000158597757
     80.2802811       0.0000000158202355
     80.3803787       0.0000000157808463
     80.4804840       0.0000000157415909
     80.5805817       0.0000000157024964
     80.6806793       0.0000000156635548
     80.7807770       0.0000000156247346
     80.8808823       0.0000000155860701
     80.9809799       0.0000000155475378
     81.0810776       0.0000000155091479
     81.1811829       0.0000000154709209
     81.2812805       0.0000000154328231
     81.3813782       0.0000000153948618
     81.4814835       0.0000000153570482
     81.5815811       0.0000000153193711
     81.6816788       0.0000000152818260
     81.7817841       0.0000000152444154
     81.8818817       0.0000000152071457
     81.9819794       0.0000000151700209
     82.0820847       0.0000000151330410
     82.1821823       0.0000000150961827
     82.2822800       0.0000000150594558
     82.3823853       0.0000000150228676
     82.4824829       0.0000000149864098
     82.5825806       0.0000000149500835
     82.6826859       0.0000000149138958
     82.7827835       0.0000000148778417
     82.8828812       0.0000000148419096
     82.9829865       0.0000000148061130
     83.0830841       0.0000000147704438
     83.1831818       0.0000000147348943
     83.2832794       0.0000000146994754
     83.3833847       0.0000000146641919
     83.4834824       0.0000000146290414
     83.5835800       0.0000000145939952
     83.6836853       0.0000000145591081
     83.7837830       0.0000000145243138
     83.8838806       0.0000000144896655
     83.9839859       0.0000000144551323
     84.0840836       0.0000000144207097
     84.1841812       0.0000000143864338
     84.2842865       0.0000000143522768
     84.3843842       0.0000000143182288
     84.4844818       0.0000000142842970
     84.5845871       0.0000000142505030
     84.6846848       0.0000000142168234
     84.7847824       0.0000000141832583
     84.8848877       0.0000000141498023
     84.9849854       0.0000000141164811
     85.0850830       0.0000000140832714
     85.1851883       0.0000000140501834
     85.2852859       0.0000000140172135
     85.3853836       0.0000000139843468
     85.4854889       0.0000000139516137
     85.5855865       0.0000000139189780
     85.6856842       0.0000000138864823
     85.7857895       0.0000000138540751
     85.8858871       0.0000000138217813
     85.9859848       0.0000000137896061
     86.0860825       0.0000000137575394
     86.1861877       0.0000000137255947
     86.2862854       0.0000000136937633
     86.3863831       0.0000000136620309
     86.4864883       0.0000000136303959
     86.5865860       0.0000000135988988
     86.6866837       0.0000000135675073
     86.7867889       0.0000000135362085
     86.8868866       0.0000000135050231
     86.9869843       0.0000000134739515
     87.0870895       0.0000000134429840
     87.1871872       0.0000000134121060
     87.2872849       0.0000000133813545
     87.3873901       0.0000000133507064
     87.4874878       0.0000000133201797
     87.5875854       0.0000000132897269
     87.6876907       0.0000000132594037
     87.7877884       0.0000000132291640
     87.8878860       0.0000000131990418
     87.9879913       0.0000000131690127
     88.0880890       0.0000000131390775
     88.1881866       0.0000000131092606
     88.2882919       0.0000000130795517
     88.3883896       0.0000000130499328
     88.4884872       0.0000000130204063
     88.5885849       0.0000000129909879
     88.6886902       0.0000000129616743
     88.7887878       0.0000000129324555
     88.8888855       0.0000000129033337
     88.9889908       0.0000000128743053
     89.0890884       0.0000000128453808
     89.1891861       0.0000000128165604
     89.2892914       0.0000000127878179
     89.3893890       0.0000000127591924
     89.4894867       0.0000000127306502
     89.5895920       0.0000000127022202
     89.6896896       0.0000000126738751
     89.7897873       0.0000000126456187
     89.8898926       0.0000000126174691
     89.9899902       0.0000000125894014
     90.0900879       0.0000000125614285
     90.1901932       0.0000000125335516
     90.2902908       0.0000000125057598
     90.3903885       0.0000000124780649
     90.4904938       0.0000000124504727
     90.5905914       0.0000000124229626
     90.6906891       0.0000000123955418
     90.7907944       0.0000000123682110
     90.8908920       0.0000000123409734
     90.9909897       0.0000000123138251
     91.0910873       0.0000000122867786
     91.1911926       0.0000000122598065
     91.2912903       0.0000000122329268
     91.3913879       0.0000000122061348
     91.4914932       0.0000000121794231
     91.5915909       0.0000000121528066
     91.6916885       0.0000000121262894
     91.7917938       0.0000000120998343
     91.8918915       0.0000000120734901
     91.9919891       0.0000000120472170
     92.0920944       0.0000000120210312
     92.1921921       0.0000000119949339
     92.2922897       0.0000000119689211
     92.3923950       0.0000000119429930
     92.4924927       0.0000000119171486
     92.5925903       0.0000000118913881
     92.6926956       0.0000000118657113
     92.7927933       0.0000000118401168
     92.8928909       0.0000000118146036
     92.9929962       0.0000000117891743
     93.0930939       0.0000000117638273
     93.1931915       0.0000000117385641
     93.2932968       0.0000000117133688
     93.3933945       0.0000000116882693
     93.4934921       0.0000000116632481
     93.5935898       0.0000000116383091
     93.6936951       0.0000000116134477
     93.7937927       0.0000000115886622
     93.8938904       0.0000000115639575
     93.9939957       0.0000000115393326
     94.0940933       0.0000000115147915
     94.1941910       0.0000000114903162
     94.2942963       0.0000000114659216
     94.3943939       0.0000000114416132
     94.4944916       0.0000000114173722
     94.5945969       0.0000000113932165
     94.6946945       0.0000000113691454
     94.7947922       0.0000000113451277
     94.8948975       0.0000000113212007
     94.9949951       0.0000000112973468
     95.0950928       0.0000000112735834
     95.1951981       0.0000000112498674
     95.2952957       0.0000000112262435
     95.3953934       0.0000000112026903
     95.4954987       0.0000000111792122
     95.5955963       0.0000000111557963
     95.6956940       0.0000000111324725
     95.7957993       0.0000000111092069
     95.8958969       0.0000000110860257
     95.9959946       0.0000000110629006
     96.0960999       0.0000000110398529
     96.1961975       0.0000000110168948
     96.2962952       0.0000000109939958
     96.3963928       0.0000000109711652
     96.4964981       0.0000000109484071
     96.5965958       0.0000000109257236
     96.6966934       0.0000000109031091
     96.7967987       0.0000000108805597
     96.8968964       0.0000000108580802
     96.9969940       0.0000000108356727
     97.0970993       0.0000000108133422
     97.1971970       0.0000000107910712
     97.2972946       0.0000000107688690
     97.3973999       0.0000000107467342
     97.4974976       0.0000000107246855
     97.5975952       0.0000000107026828
     97.6977005       0.0000000106807525
     97.7977982       0.0000000106588920
     97.8978958       0.0000000106371077
     97.9980011       0.0000000106153781
     98.0980988       0.0000000105937182
     98.1981964       0.0000000105721270
     98.2983017       0.0000000105505972
     98.3983994       0.0000000105291348
     98.4984970       0.0000000105077368
     98.5986023       0.0000000104864146
     98.6987000       0.0000000104651481
     98.7987976       0.0000000104439460
     98.8988953       0.0000000104228089
     98.9990005       0.0000000104017485
     99.0990982       0.0000000103807399
     99.1991959       0.0000000103597834
     99.2993011       0.0000000103389100
     99.3993988       0.0000000103180912
     99.4994965       0.0000000102973349
     99.5996017       0.0000000102766389
     99.6996994       0.0000000102559976
     99.7997971       0.0000000102354392
     99.8999023       0.0000000102149202
    100.0000000       0.0000000101944758
