# x		H(x,a)
      0.0000000       1.0000000000000000
      0.1001001       0.9900299906730652
      0.2002002       0.9607124924659729
      0.3003003       0.9137664437294006
      0.4004004       0.8518707156181335
      0.5005005       0.7784109115600586
      0.6006006       0.6971734166145325
      0.7007007       0.6120254397392273
      0.8008008       0.5266169309616089
      0.9009009       0.4441368877887726
      1.0010010       0.3671563393297025
      1.1011012       0.2975122164614937
      1.2012012       0.2363031737060398
      1.3013012       0.1839681626495306
      1.4014014       0.1403862767682621
      1.5015016       0.1050071795961810
      1.6016016       0.0769895409913822
      1.7017016       0.0553314373215865
      1.8018018       0.0389810101459436
      1.9019020       0.0269212874768802
      2.0020020       0.0182276776415134
      2.1021020       0.0121005922530999
      2.2022023       0.0078776206682934
      2.3023024       0.0050305459597779
      2.4024024       0.0031524996150403
      2.5025024       0.0019400969696244
      2.6026025       0.0011738999510389
      2.7027028       0.0006997296109452
      2.8028028       0.0004122402616562
      2.9029028       0.0002413599692783
      3.0030031       0.0001416847507364
      3.1031032       0.0000845341012579
      3.2032032       0.0000522353517280
      3.3033032       0.0000341602866057
      3.4034033       0.0000240672911855
      3.5035036       0.0000183744357689
      3.6036036       0.0000150717166793
      3.7037036       0.0000130549366982
      3.8038039       0.0000117294384033
      3.9039040       0.0000107804183246
      4.0040040       0.0000100433911781
      4.1041040       0.0000094329260061
      4.2042041       0.0000089043823167
      4.3043041       0.0000084338474906
      4.4044046       0.0000080078997123
      4.5045047       0.0000076183777773
      4.6046047       0.0000072598630140
      4.7047048       0.0000069284116831
      4.8048048       0.0000066209470313
      4.9049048       0.0000063349412256
      5.0050049       0.0000060682466192
      5.1051049       0.0000058190143331
      5.2052050       0.0000055856360531
      5.3053055       0.0000053666958610
      5.4054055       0.0000051609395394
      5.5055056       0.0000049672652377
      5.6056056       0.0000047846905687
      5.7057056       0.0000046123133324
      5.8058057       0.0000044493631579
      5.9059057       0.0000042951242849
      6.0060062       0.0000041489468461
      6.1061063       0.0000040102696838
      6.2062063       0.0000038785589954
      6.3063064       0.0000037533371542
      6.4064064       0.0000036341685869
      6.5065064       0.0000035206588438
      6.6066065       0.0000034124442677
      6.7067065       0.0000033091915599
      6.8068066       0.0000032105956215
      6.9069071       0.0000031163690565
      7.0070071       0.0000030262560929
      7.1071072       0.0000029400212555
      7.2072072       0.0000028574350635
      7.3073072       0.0000027782884311
      7.4074073       0.0000027024019828
      7.5075073       0.0000026295849747
      7.6076078       0.0000025596796927
      7.7077079       0.0000024925282763
      7.8078079       0.0000024279887131
      7.9079080       0.0000023659237743
      8.0080080       0.0000023062100260
      8.1081085       0.0000022487305214
      8.2082081       0.0000021933720223
      8.3083086       0.0000021400326278
      8.4084082       0.0000020886150096
      8.5085087       0.0000020390243993
      8.6086082       0.0000019911821835
      8.7087088       0.0000019450008908
      8.8088093       0.0000019004062089
      8.9089088       0.0000018573260836
      9.0090094       0.0000018156928036
      9.1091089       0.0000017754435318
      9.2092094       0.0000017365154851
      9.3093090       0.0000016988516296
      9.4094095       0.0000016623992873
      9.5095091       0.0000016271067603
      9.6096096       0.0000015929266802
      9.7097101       0.0000015598097879
      9.8098097       0.0000015277136922
      9.9099102       0.0000014965993039
     10.0100098       0.0000014664222497
     10.1101103       0.0000014371473948
     10.2102098       0.0000014087424539
     10.3103104       0.0000013811694057
     10.4104099       0.0000013543988166
     10.5105104       0.0000013283967519
     10.6106110       0.0000013031374742
     10.7107105       0.0000012785903515
     10.8108110       0.0000012547291266
     10.9109106       0.0000012315297280
     11.0110111       0.0000012089679327
     11.1111107       0.0000011870201151
     11.2112112       0.0000011656646942
     11.3113117       0.0000011448804762
     11.4114113       0.0000011246472298
     11.5115118       0.0000011049447206
     11.6116114       0.0000010857543545
     11.7117119       0.0000010670613698
     11.8118114       0.0000010488463329
     11.9119120       0.0000010310934286
     12.0120125       0.0000010137880022
     12.1121120       0.0000009969135578
     12.2122126       0.0000009804587526
     12.3123121       0.0000009644071819
     12.4124126       0.0000009487463778
     12.5125122       0.0000009334644650
     12.6126127       0.0000009185485824
     12.7127123       0.0000009039877678
     12.8128128       0.0000008897710623
     12.9129133       0.0000008758867758
     13.0130129       0.0000008623249672
     13.1131134       0.0000008490749389
     13.2132130       0.0000008361288713
     13.3133135       0.0000008234766043
     13.4134130       0.0000008111112323
     13.5135136       0.0000007990201921
     13.6136131       0.0000007871984207
     13.7137136       0.0000007756376911
     13.8138142       0.0000007643297907
     13.9139137       0.0000007532662382
     14.0140142       0.0000007424427316
     14.1141138       0.0000007318513052
     14.2142143       0.0000007214843518
     14.3143139       0.0000007113357977
     14.4144144       0.0000007014004640
     14.5145149       0.0000006916724172
     14.6146145       0.0000006821453061
     14.7147150       0.0000006728142212
     14.8148146       0.0000006636729856
     14.9149151       0.0000006547163262
     15.0150146       0.0000006459414345
     15.1151152       0.0000006373401713
     15.2152157       0.0000006289109870
     15.3153152       0.0000006206477268
     15.4154158       0.0000006125463352
     15.5155153       0.0000006046027318
     15.6156158       0.0000005968125082
     15.7157154       0.0000005891730023
     15.8158159       0.0000005816786719
     15.9159155       0.0000005743264817
     16.0160160       0.0000005671128482
     16.1161156       0.0000005600351154
     16.2162170       0.0000005530886641
     16.3163166       0.0000005462709327
     16.4164162       0.0000005395780090
     16.5165157       0.0000005330085388
     16.6166172       0.0000005265576324
     16.7167168       0.0000005202233143
     16.8168163       0.0000005140032002
     16.9169178       0.0000005078939133
     17.0170174       0.0000005018929744
     17.1171169       0.0000004959977284
     17.2172165       0.0000004902062147
     17.3173180       0.0000004845149313
     17.4174175       0.0000004789230119
     17.5175171       0.0000004734275218
     17.6176186       0.0000004680254695
     17.7177181       0.0000004627160516
     17.8178177       0.0000004574965668
     17.9179173       0.0000004523646182
     18.0180187       0.0000004473186185
     18.1181183       0.0000004423572318
     18.2182178       0.0000004374776949
     18.3183174       0.0000004326788604
     18.4184189       0.0000004279581793
     18.5185184       0.0000004233142931
     18.6186180       0.0000004187458621
     18.7187195       0.0000004142516687
     18.8188190       0.0000004098287846
     18.9189186       0.0000004054765587
     19.0190182       0.0000004011932525
     19.1191196       0.0000003969779504
     19.2192192       0.0000003928287043
     19.3193188       0.0000003887439389
     19.4194202       0.0000003847229820
     19.5195198       0.0000003807642258
     19.6196194       0.0000003768662075
     19.7197189       0.0000003730274488
     19.8198204       0.0000003692471993
     19.9199200       0.0000003655247906
     20.0200195       0.0000003618579257
     20.1201210       0.0000003582458071
     20.2202206       0.0000003546880689
     20.3203201       0.0000003511828781
     20.4204197       0.0000003477295434
     20.5205212       0.0000003443270265
     20.6206207       0.0000003409738988
     20.7207203       0.0000003376699893
     20.8208199       0.0000003344135543
     20.9209213       0.0000003312045387
     21.0210209       0.0000003280413710
     21.1211205       0.0000003249230266
     21.2212219       0.0000003218490952
     21.3213215       0.0000003188187244
     21.4214211       0.0000003158308691
     21.5215206       0.0000003128853801
     21.6216221       0.0000003099805069
     21.7217216       0.0000003071161339
     21.8218212       0.0000003042907534
     21.9219227       0.0000003015047200
     22.0220222       0.0000002987569992
     22.1221218       0.0000002960463221
     22.2222214       0.0000002933726884
     22.3223228       0.0000002907350341
     22.4224224       0.0000002881325777
     22.5225220       0.0000002855652884
     22.6226234       0.0000002830321085
     22.7227230       0.0000002805324307
     22.8228226       0.0000002780659162
     22.9229221       0.0000002756316405
     23.0230236       0.0000002732292297
     23.1231232       0.0000002708584274
     23.2232227       0.0000002685182007
     23.3233242       0.0000002662079388
     23.4234238       0.0000002639275248
     23.5235233       0.0000002616766525
     23.6236229       0.0000002594541284
     23.7237244       0.0000002572601552
     23.8238239       0.0000002550936562
     23.9239235       0.0000002529544972
     24.0240250       0.0000002508418735
     24.1241245       0.0000002487561739
     24.2242241       0.0000002466959512
     24.3243237       0.0000002446614536
     24.4244251       0.0000002426518271
     24.5245247       0.0000002406672226
     24.6246243       0.0000002387068460
     24.7247238       0.0000002367701034
     24.8248253       0.0000002348572067
     24.9249249       0.0000002329670120
     25.0250244       0.0000002310997999
     25.1251259       0.0000002292549292
     25.2252254       0.0000002274322083
     25.3253250       0.0000002256311394
     25.4254246       0.0000002238510511
     25.5255260       0.0000002220923128
     25.6256256       0.0000002203540485
     25.7257252       0.0000002186362386
     25.8258266       0.0000002169385057
     25.9259262       0.0000002152604595
     26.0260258       0.0000002136016771
     26.1261253       0.0000002119622980
     26.2262268       0.0000002103415291
     26.3263264       0.0000002087391986
     26.4264259       0.0000002071552716
     26.5265274       0.0000002055890784
     26.6266270       0.0000002040410077
     26.7267265       0.0000002025101967
     26.8268261       0.0000002009965562
     26.9269276       0.0000001994998707
     27.0270271       0.0000001980197065
     27.1271267       0.0000001965561134
     27.2272263       0.0000001951086560
     27.3273277       0.0000001936771876
     27.4274273       0.0000001922614903
     27.5275269       0.0000001908611332
     27.6276283       0.0000001894759939
     27.7277279       0.0000001881060686
     27.8278275       0.0000001867508549
     27.9279270       0.0000001854101657
     28.0280285       0.0000001840840625
     28.1281281       0.0000001827719009
     28.2282276       0.0000001814741214
     28.3283291       0.0000001801896802
     28.4284286       0.0000001789191728
     28.5285282       0.0000001776618638
     28.6286278       0.0000001764178922
     28.7287292       0.0000001751868746
     28.8288288       0.0000001739687347
     28.9289284       0.0000001727632983
     29.0290298       0.0000001715702598
     29.1291294       0.0000001703896477
     29.2292290       0.0000001692211438
     29.3293285       0.0000001680647743
     29.4294300       0.0000001669201151
     29.5295296       0.0000001657870323
     29.6296291       0.0000001646655102
     29.7297306       0.0000001635553370
     29.8298302       0.0000001624562888
     29.9299297       0.0000001613683997
     30.0300293       0.0000001602915300
     30.1301308       0.0000001592250362
     30.2302303       0.0000001581695240
     30.3303299       0.0000001571242869
     30.4304314       0.0000001560895115
     30.5305309       0.0000001550648578
     30.6306305       0.0000001540502128
     30.7307301       0.0000001530456624
     30.8308315       0.0000001520507760
     30.9309311       0.0000001510655769
     31.0310307       0.0000001500900423
     31.1311302       0.0000001491238025
     31.2312317       0.0000001481669093
     31.3313313       0.0000001472192899
     31.4314308       0.0000001462805782
     31.5315323       0.0000001453509178
     31.6316319       0.0000001444301223
     31.7317314       0.0000001435179185
     31.8318310       0.0000001426145491
     31.9319324       0.0000001417193649
     32.0320320       0.0000001408328512
     32.1321335       0.0000001399547780
     32.2322311       0.0000001390846032
     32.3323326       0.0000001382226682
     32.4324341       0.0000001373685878
     32.5325317       0.0000001365225722
     32.6326332       0.0000001356842860
     32.7327309       0.0000001348536117
     32.8328323       0.0000001340306098
     32.9329338       0.0000001332151247
     33.0330315       0.0000001324070537
     33.1331329       0.0000001316063618
     33.2332344       0.0000001308130676
     33.3333321       0.0000001300267489
     33.4334335       0.0000001292474730
     33.5335350       0.0000001284752370
     33.6336327       0.0000001277098357
     33.7337341       0.0000001269512875
     33.8338356       0.0000001261995975
     33.9339333       0.0000001254544252
     34.0340347       0.0000001247158713
     34.1341324       0.0000001239840490
     34.2342339       0.0000001232583767
     34.3343353       0.0000001225390128
     34.4344330       0.0000001218261522
     34.5345345       0.0000001211193849
     34.6346359       0.0000001204187294
     34.7347336       0.0000001197243154
     34.8348351       0.0000001190357047
     34.9349365       0.0000001183530822
     35.0350342       0.0000001176763251
     35.1351357       0.0000001170053478
     35.2352371       0.0000001163400120
     35.3353348       0.0000001156804696
     35.4354362       0.0000001150264865
     35.5355339       0.0000001143780842
     35.6356354       0.0000001137350114
     35.7357368       0.0000001130975469
     35.8358345       0.0000001124653357
     35.9359360       0.0000001118383694
     36.0360374       0.0000001112166292
     36.1361351       0.0000001106000990
     36.2362366       0.0000001099887347
     36.3363380       0.0000001093823226
     36.4364357       0.0000001087809533
     36.5365372       0.0000001081845170
     36.6366348       0.0000001075930032
     36.7367363       0.0000001070064113
     36.8368378       0.0000001064245051
     36.9369354       0.0000001058473779
     37.0370369       0.0000001052747993
     37.1371384       0.0000001047070508
     37.2372360       0.0000001041438685
     37.3373375       0.0000001035850233
     37.4374390       0.0000001030308497
     37.5375366       0.0000001024810989
     37.6376381       0.0000001019356184
     37.7377396       0.0000001013945459
     37.8378372       0.0000001008579786
     37.9379387       0.0000001003253313
     38.0380363       0.0000000997970873
     38.1381378       0.0000000992729776
     38.2382393       0.0000000987529376
     38.3383369       0.0000000982370210
     38.4384384       0.0000000977252031
     38.5385399       0.0000000972172921
     38.6386375       0.0000000967132746
     38.7387390       0.0000000962133255
     38.8388405       0.0000000957170898
     38.9389381       0.0000000952247210
     39.0390396       0.0000000947362118
     39.1391373       0.0000000942513507
     39.2392387       0.0000000937703792
     39.3393402       0.0000000932929771
     39.4394379       0.0000000928191791
     39.5395393       0.0000000923489817
     39.6396408       0.0000000918823559
     39.7397385       0.0000000914192273
     39.8398399       0.0000000909598098
     39.9399414       0.0000000905036166
     40.0400391       0.0000000900509739
     40.1401405       0.0000000896015781
     40.2402420       0.0000000891556907
     40.3403397       0.0000000887130580
     40.4404411       0.0000000882736761
     40.5405388       0.0000000878376124
     40.6406403       0.0000000874047507
     40.7407417       0.0000000869750964
     40.8408394       0.0000000865486700
     40.9409409       0.0000000861252882
     41.0410423       0.0000000857050054
     41.1411400       0.0000000852878347
     41.2412415       0.0000000848735968
     41.3413429       0.0000000844625144
     41.4414406       0.0000000840543596
     41.5415421       0.0000000836491052
     41.6416397       0.0000000832467875
     41.7417412       0.0000000828474546
     41.8418427       0.0000000824508950
     41.9419403       0.0000000820571810
     42.0420418       0.0000000816663768
     42.1421432       0.0000000812783014
     42.2422409       0.0000000808929162
     42.3423424       0.0000000805103872
     42.4424438       0.0000000801304740
     42.5425415       0.0000000797533302
     42.6426430       0.0000000793787682
     42.7427444       0.0000000790068351
     42.8428421       0.0000000786376156
     42.9429436       0.0000000782708757
     43.0430412       0.0000000779066608
     43.1431427       0.0000000775450967
     43.2432442       0.0000000771859718
     43.3433418       0.0000000768293983
     43.4434433       0.0000000764752605
     43.5435448       0.0000000761235622
     43.6436424       0.0000000757743065
     43.7437439       0.0000000754273457
     43.8438454       0.0000000750828986
     43.9439430       0.0000000747407417
     44.0440445       0.0000000744009578
     44.1441460       0.0000000740634691
     44.2442436       0.0000000737282177
     44.3443451       0.0000000733952595
     44.4444427       0.0000000730646914
     44.5445442       0.0000000727362091
     44.6446457       0.0000000724098972
     44.7447433       0.0000000720858989
     44.8448448       0.0000000717640218
     44.9449463       0.0000000714442315
     45.0450439       0.0000000711266810
     45.1451454       0.0000000708112832
     45.2452469       0.0000000704978243
     45.3453445       0.0000000701865471
     45.4454460       0.0000000698773193
     45.5455437       0.0000000695700657
     45.6456451       0.0000000692648649
     45.7457466       0.0000000689617292
     45.8458443       0.0000000686605035
     45.9459457       0.0000000683613182
     46.0460472       0.0000000680640209
     46.1461449       0.0000000677686621
     46.2462463       0.0000000674752476
     46.3463478       0.0000000671837257
     46.4464455       0.0000000668941258
     46.5465469       0.0000000666063534
     46.6466484       0.0000000663204281
     46.7467461       0.0000000660363594
     46.8468475       0.0000000657540548
     46.9469452       0.0000000654736772
     47.0470467       0.0000000651950268
     47.1471481       0.0000000649181404
     47.2472458       0.0000000646429977
     47.3473473       0.0000000643696422
     47.4474487       0.0000000640980343
     47.5475464       0.0000000638280888
     47.6476479       0.0000000635598911
     47.7477493       0.0000000632933208
     47.8478470       0.0000000630284645
     47.9479485       0.0000000627652498
     48.0480499       0.0000000625037095
     48.1481476       0.0000000622438348
     48.2482491       0.0000000619854977
     48.3483467       0.0000000617287883
     48.4484482       0.0000000614737151
     48.5485497       0.0000000612201830
     48.6486473       0.0000000609682684
     48.7487488       0.0000000607178611
     48.8488503       0.0000000604689660
     48.9489479       0.0000000602216477
     49.0490494       0.0000000599757910
     49.1491508       0.0000000597314264
     49.2492485       0.0000000594886776
     49.3493500       0.0000000592472914
     49.4494476       0.0000000590074229
     49.5495491       0.0000000587690315
     49.6496506       0.0000000585319203
     49.7497482       0.0000000582964119
     49.8498497       0.0000000580622813
     49.9499512       0.0000000578295322
     50.0500488       0.0000000575982449
     50.1501503       0.0000000573682624
     50.2502518       0.0000000571396796
     50.3503494       0.0000000569124882
     50.4504509       0.0000000566866232
     50.5505524       0.0000000564621334
     50.6506500       0.0000000562389164
     50.7507515       0.0000000560170673
     50.8508492       0.0000000557965542
     50.9509506       0.0000000555772795
     51.0510521       0.0000000553593270
     51.1511497       0.0000000551426437
     51.2512512       0.0000000549271646
     51.3513527       0.0000000547130465
     51.4514503       0.0000000545001439
     51.5515518       0.0000000542885200
     51.6516533       0.0000000540780914
     51.7517509       0.0000000538688864
     51.8518524       0.0000000536608878
     51.9519501       0.0000000534540823
     52.0520515       0.0000000532484453
     52.1521530       0.0000000530440218
     52.2522507       0.0000000528408149
     52.3523521       0.0000000526387739
     52.4524536       0.0000000524378141
     52.5525513       0.0000000522380273
     52.6526527       0.0000000520394073
     52.7527542       0.0000000518419726
     52.8528519       0.0000000516455954
     52.9529533       0.0000000514502797
     53.0530548       0.0000000512561861
     53.1531525       0.0000000510630957
     53.2532539       0.0000000508711254
     53.3533516       0.0000000506802687
     53.4534531       0.0000000504904037
     53.5535545       0.0000000503016705
     53.6536522       0.0000000501139749
     53.7537537       0.0000000499273794
     53.8538551       0.0000000497416801
     53.9539528       0.0000000495571593
     54.0540543       0.0000000493736027
     54.1541557       0.0000000491911038
     54.2542534       0.0000000490095525
     54.3543549       0.0000000488290513
     54.4544525       0.0000000486495561
     54.5545540       0.0000000484710482
     54.6546555       0.0000000482934320
     54.7547531       0.0000000481169286
     54.8548546       0.0000000479413126
     54.9549561       0.0000000477666592
     55.0550537       0.0000000475929325
     55.1551552       0.0000000474201898
     55.2552567       0.0000000472483716
     55.3553543       0.0000000470775146
     55.4554558       0.0000000469075635
     55.5555573       0.0000000467385161
     55.6556549       0.0000000465704078
     55.7557564       0.0000000464032097
     55.8558540       0.0000000462368805
     55.9559555       0.0000000460714815
     56.0560570       0.0000000459069491
     56.1561546       0.0000000457433337
     56.2562561       0.0000000455805194
     56.3563576       0.0000000454185632
     56.4564552       0.0000000452575581
     56.5565567       0.0000000450973087
     56.6566582       0.0000000449380129
     56.7567558       0.0000000447794862
     56.8568573       0.0000000446217922
     56.9569588       0.0000000444649836
     57.0570564       0.0000000443089447
     57.1571579       0.0000000441538229
     57.2572556       0.0000000439993862
     57.3573570       0.0000000438458094
     57.4574585       0.0000000436930506
     57.5575562       0.0000000435410997
     57.6576576       0.0000000433899474
     57.7577591       0.0000000432395377
     57.8578568       0.0000000430899062
     57.9579582       0.0000000429410873
     58.0580597       0.0000000427930316
     58.1581573       0.0000000426457466
     58.2582588       0.0000000424992180
     58.3583565       0.0000000423533936
     58.4584579       0.0000000422083534
     58.5585594       0.0000000420640831
     58.6586571       0.0000000419205022
     58.7587585       0.0000000417777127
     58.8588600       0.0000000416356341
     58.9589577       0.0000000414942077
     59.0590591       0.0000000413535957
     59.1591606       0.0000000412136628
     59.2592583       0.0000000410744384
     59.3593597       0.0000000409358993
     59.4594612       0.0000000407980980
     59.5595589       0.0000000406609523
     59.6596603       0.0000000405245327
     59.7597580       0.0000000403887939
     59.8598595       0.0000000402536926
     59.9599609       0.0000000401193332
     60.0600586       0.0000000399856083
     60.1601601       0.0000000398525496
     60.2602615       0.0000000397201658
     60.3603592       0.0000000395884395
     60.4604607       0.0000000394573480
     60.5605621       0.0000000393269323
     60.6606598       0.0000000391971665
     60.7607613       0.0000000390680053
     60.8608627       0.0000000389394826
     60.9609604       0.0000000388116541
     61.0610619       0.0000000386843833
     61.1611595       0.0000000385577971
     61.2612610       0.0000000384318152
     61.3613625       0.0000000383064497
     61.4614601       0.0000000381816491
     61.5615616       0.0000000380574742
     61.6616631       0.0000000379339462
     61.7617607       0.0000000378109989
     61.8618622       0.0000000376886368
     61.9619637       0.0000000375668697
     62.0620613       0.0000000374457155
     62.1621628       0.0000000373251594
     62.2622604       0.0000000372050872
     62.3623619       0.0000000370857160
     62.4624634       0.0000000369668332
     62.5625610       0.0000000368485613
     62.6626625       0.0000000367308190
     62.7627640       0.0000000366137162
     62.8628616       0.0000000364970938
     62.9629631       0.0000000363810713
     63.0630646       0.0000000362655837
     63.1631622       0.0000000361506775
     63.2632637       0.0000000360362668
     63.3633652       0.0000000359224246
     63.4634628       0.0000000358091136
     63.5635643       0.0000000356963579
     63.6636620       0.0000000355840988
     63.7637634       0.0000000354723836
     63.8638649       0.0000000353611843
     63.9639626       0.0000000352505257
     64.0640640       0.0000000351404212
     64.1641617       0.0000000350307867
     64.2642670       0.0000000349216268
     64.3643646       0.0000000348130305
     64.4644623       0.0000000347049464
     64.5645676       0.0000000345973424
     64.6646652       0.0000000344902289
     64.7647629       0.0000000343836504
     64.8648682       0.0000000342775283
     64.9649658       0.0000000341719216
     65.0650635       0.0000000340667880
     65.1651688       0.0000000339621152
     65.2652664       0.0000000338579644
     65.3653641       0.0000000337542949
     65.4654617       0.0000000336510722
     65.5655670       0.0000000335483301
     65.6656647       0.0000000334460727
     65.7657623       0.0000000333442818
     65.8658676       0.0000000332429142
     65.9659653       0.0000000331420507
     66.0660629       0.0000000330416475
     66.1661682       0.0000000329416945
     66.2662659       0.0000000328421609
     66.3663635       0.0000000327431186
     66.4664688       0.0000000326445210
     66.5665665       0.0000000325463270
     66.6666641       0.0000000324485966
     66.7667694       0.0000000323513196
     66.8668671       0.0000000322544516
     66.9669647       0.0000000321580839
     67.0670700       0.0000000320620769
     67.1671677       0.0000000319665314
     67.2672653       0.0000000318714274
     67.3673706       0.0000000317767028
     67.4674683       0.0000000316824454
     67.5675659       0.0000000315885876
     67.6676712       0.0000000314951480
     67.7677689       0.0000000314020982
     67.8678665       0.0000000313094617
     67.9679642       0.0000000312172671
     68.0680695       0.0000000311254538
     68.1681671       0.0000000310340735
     68.2682648       0.0000000309430809
     68.3683701       0.0000000308524845
     68.4684677       0.0000000307622761
     68.5685654       0.0000000306724640
     68.6686707       0.0000000305830829
     68.7687683       0.0000000304940426
     68.8688660       0.0000000304054187
     68.9689713       0.0000000303171640
     69.0690689       0.0000000302293171
     69.1691666       0.0000000301418221
     69.2692719       0.0000000300547287
     69.3693695       0.0000000299680066
     69.4694672       0.0000000298816448
     69.5695724       0.0000000297956513
     69.6696701       0.0000000297100673
     69.7697678       0.0000000296248386
     69.8698730       0.0000000295399503
     69.9699707       0.0000000294554288
     70.0700684       0.0000000293713350
     70.1701736       0.0000000292875284
     70.2702713       0.0000000292040872
     70.3703690       0.0000000291210174
     70.4704742       0.0000000290382820
     70.5705719       0.0000000289559486
     70.6706696       0.0000000288739220
     70.7707672       0.0000000287922603
     70.8708725       0.0000000287109407
     70.9709702       0.0000000286299616
     71.0710678       0.0000000285493215
     71.1711731       0.0000000284690305
     71.2712708       0.0000000283890681
     71.3713684       0.0000000283094641
     71.4714737       0.0000000282301897
     71.5715714       0.0000000281512342
     71.6716690       0.0000000280726129
     71.7717743       0.0000000279943047
     71.8718719       0.0000000279163322
     71.9719696       0.0000000278387049
     72.0720749       0.0000000277613908
     72.1721725       0.0000000276843928
     72.2722702       0.0000000276077336
     72.3723755       0.0000000275313534
     72.4724731       0.0000000274553213
     72.5725708       0.0000000273795995
     72.6726761       0.0000000273041758
     72.7727737       0.0000000272290641
     72.8728714       0.0000000271542814
     72.9729767       0.0000000270797887
     73.0730743       0.0000000270056147
     73.1731720       0.0000000269317453
     73.2732697       0.0000000268582031
     73.3733749       0.0000000267849061
     73.4734726       0.0000000267119315
     73.5735703       0.0000000266392791
     73.6736755       0.0000000265668918
     73.7737732       0.0000000264947791
     73.8738708       0.0000000264230045
     73.9739761       0.0000000263515236
     74.0740738       0.0000000262803253
     74.1741714       0.0000000262093956
     74.2742767       0.0000000261387565
     74.3743744       0.0000000260684269
     74.4744720       0.0000000259983628
     74.5745773       0.0000000259285768
     74.6746750       0.0000000258590551
     74.7747726       0.0000000257898487
     74.8748779       0.0000000257209188
     74.9749756       0.0000000256522424
     75.0750732       0.0000000255838457
     75.1751785       0.0000000255157285
     75.2752762       0.0000000254478741
     75.3753738       0.0000000253802705
     75.4754791       0.0000000253129901
     75.5755768       0.0000000252459452
     75.6756744       0.0000000251791466
     75.7757721       0.0000000251126484
     75.8758774       0.0000000250464183
     75.9759750       0.0000000249804361
     76.0760727       0.0000000249147134
     76.1761780       0.0000000248492217
     76.2762756       0.0000000247840163
     76.3763733       0.0000000247190658
     76.4764786       0.0000000246543699
     76.5765762       0.0000000245899335
     76.6766739       0.0000000245257253
     76.7767792       0.0000000244617891
     76.8768768       0.0000000243981061
     76.9769745       0.0000000243346832
     77.0770798       0.0000000242714693
     77.1771774       0.0000000242085187
     77.2772751       0.0000000241458383
     77.3773804       0.0000000240833522
     77.4774780       0.0000000240211318
     77.5775757       0.0000000239591422
     77.6776810       0.0000000238974145
     77.7777786       0.0000000238358920
     77.8778763       0.0000000237746458
     77.9779816       0.0000000237136280
     78.0780792       0.0000000236528509
     78.1781769       0.0000000235922870
     78.2782745       0.0000000235319517
     78.3783798       0.0000000234718410
     78.4784775       0.0000000234119670
     78.5785751       0.0000000233523514
     78.6786804       0.0000000232929531
     78.7787781       0.0000000232337715
     78.8788757       0.0000000231748122
     78.9789810       0.0000000231160717
     79.0790787       0.0000000230575628
     79.1791763       0.0000000229992773
     79.2792816       0.0000000229412124
     79.3793793       0.0000000228833649
     79.4794769       0.0000000228257379
     79.5795822       0.0000000227683267
     79.6796799       0.0000000227111109
     79.7797775       0.0000000226541453
     79.8798828       0.0000000225973768
     79.9799805       0.0000000225408089
     80.0800781       0.0000000224844721
     80.1801834       0.0000000224283341
     80.2802811       0.0000000223724196
     80.3803787       0.0000000223167175
     80.4804840       0.0000000222612052
     80.5805817       0.0000000222059162
     80.6806793       0.0000000221508459
     80.7807770       0.0000000220959486
     80.8808823       0.0000000220412711
     80.9809799       0.0000000219867791
     81.0810776       0.0000000219324904
     81.1811829       0.0000000218784318
     81.2812805       0.0000000218245541
     81.3813782       0.0000000217708693
     81.4814835       0.0000000217173961
     81.5815811       0.0000000216641144
     81.6816788       0.0000000216110194
     81.7817841       0.0000000215581153
     81.8818817       0.0000000215054099
     81.9819794       0.0000000214529072
     82.0820847       0.0000000214006130
     82.1821823       0.0000000213484880
     82.2822800       0.0000000212965493
     82.3823853       0.0000000212448100
     82.4824829       0.0000000211932530
     82.5825806       0.0000000211418806
     82.6826859       0.0000000210907045
     82.7827835       0.0000000210397180
     82.8828812       0.0000000209889073
     82.9829865       0.0000000209382835
     83.0830841       0.0000000208878405
     83.1831818       0.0000000208375675
     83.2832794       0.0000000207874795
     83.3833847       0.0000000207375847
     83.4834824       0.0000000206878761
     83.5835800       0.0000000206383131
     83.6836853       0.0000000205889782
     83.7837830       0.0000000205397736
     83.8838806       0.0000000204907737
     83.9839859       0.0000000204419393
     84.0840836       0.0000000203932594
     84.1841812       0.0000000203447869
     84.2842865       0.0000000202964833
     84.3843842       0.0000000202483327
     84.4844818       0.0000000202003490
     84.5845871       0.0000000201525586
     84.6846848       0.0000000201049311
     84.7847824       0.0000000200574626
     84.8848877       0.0000000200101520
     84.9849854       0.0000000199630299
     85.0850830       0.0000000199160654
     85.1851883       0.0000000198692720
     85.2852859       0.0000000198226488
     85.3853836       0.0000000197761713
     85.4854889       0.0000000197298784
     85.5855865       0.0000000196837309
     85.6856842       0.0000000196377731
     85.7857895       0.0000000195919433
     85.8858871       0.0000000195462752
     85.9859848       0.0000000195007757
     86.0860825       0.0000000194554270
     86.1861877       0.0000000194102514
     86.2862854       0.0000000193652374
     86.3863831       0.0000000193203610
     86.4864883       0.0000000192756277
     86.5865860       0.0000000192310828
     86.6866837       0.0000000191866902
     86.7867889       0.0000000191424291
     86.8868866       0.0000000190983296
     86.9869843       0.0000000190543861
     87.0870895       0.0000000190105932
     87.1871872       0.0000000189669276
     87.2872849       0.0000000189234385
     87.3873901       0.0000000188800980
     87.4874878       0.0000000188369286
     87.5875854       0.0000000187938617
     87.6876907       0.0000000187509817
     87.7877884       0.0000000187082182
     87.8878860       0.0000000186656198
     87.9879913       0.0000000186231517
     88.0880890       0.0000000185808205
     88.1881866       0.0000000185386542
     88.2882919       0.0000000184966402
     88.3883896       0.0000000184547547
     88.4884872       0.0000000184130012
     88.5885849       0.0000000183713975
     88.6886902       0.0000000183299430
     88.7887878       0.0000000182886227
     88.8888855       0.0000000182474401
     88.9889908       0.0000000182063893
     89.0890884       0.0000000181654839
     89.1891861       0.0000000181247282
     89.2892914       0.0000000180840811
     89.3893890       0.0000000180435988
     89.4894867       0.0000000180032360
     89.5895920       0.0000000179630305
     89.6896896       0.0000000179229472
     89.7897873       0.0000000178829895
     89.8898926       0.0000000178431809
     89.9899902       0.0000000178034883
     90.0900879       0.0000000177639289
     90.1901932       0.0000000177245080
     90.2902908       0.0000000176852058
     90.3903885       0.0000000176460396
     90.4904938       0.0000000176070185
     90.5905914       0.0000000175681154
     90.6906891       0.0000000175293391
     90.7907944       0.0000000174906881
     90.8908920       0.0000000174521681
     90.9909897       0.0000000174137787
     91.0910873       0.0000000173755280
     91.1911926       0.0000000173373860
     91.2912903       0.0000000172993741
     91.3913879       0.0000000172614858
     91.4914932       0.0000000172237115
     91.5915909       0.0000000171860708
     91.6916885       0.0000000171485717
     91.7917938       0.0000000171111589
     91.8918915       0.0000000170739042
     91.9919891       0.0000000170367497
     92.0920944       0.0000000169997182
     92.1921921       0.0000000169628120
     92.2922897       0.0000000169260249
     92.3923950       0.0000000168893600
     92.4924927       0.0000000168528110
     92.5925903       0.0000000168163810
     92.6926956       0.0000000167800701
     92.7927933       0.0000000167438766
     92.8928909       0.0000000167077942
     92.9929962       0.0000000166718341
     93.0930939       0.0000000166359900
     93.1931915       0.0000000166002633
     93.2932968       0.0000000165646336
     93.3933945       0.0000000165291372
     93.4934921       0.0000000164937536
     93.5935898       0.0000000164584860
     93.6936951       0.0000000164233279
     93.7937927       0.0000000163882780
     93.8938904       0.0000000163533398
     93.9939957       0.0000000163185186
     94.0940933       0.0000000162838133
     94.1941910       0.0000000162492005
     94.2942963       0.0000000162147021
     94.3943939       0.0000000161803257
     94.4944916       0.0000000161460468
     94.5945969       0.0000000161118835
     94.6946945       0.0000000160778438
     94.7947922       0.0000000160438784
     94.8948975       0.0000000160100410
     94.9949951       0.0000000159763093
     95.0950928       0.0000000159427033
     95.1951981       0.0000000159091658
     95.2952957       0.0000000158757576
     95.3953934       0.0000000158424483
     95.4954987       0.0000000158092485
     95.5955963       0.0000000157761341
     95.6956940       0.0000000157431492
     95.7957993       0.0000000157102492
     95.8958969       0.0000000156774661
     95.9959946       0.0000000156447640
     96.0960999       0.0000000156121712
     96.1961975       0.0000000155797048
     96.2962952       0.0000000155473216
     96.3963928       0.0000000155150360
     96.4964981       0.0000000154828518
     96.5965958       0.0000000154507725
     96.6966934       0.0000000154187927
     96.7967987       0.0000000153869036
     96.8968964       0.0000000153551132
     96.9969940       0.0000000153234247
     97.0970993       0.0000000152918464
     97.1971970       0.0000000152603529
     97.2972946       0.0000000152289559
     97.3973999       0.0000000151976529
     97.4974976       0.0000000151664727
     97.5975952       0.0000000151353568
     97.6977005       0.0000000151043438
     97.7977982       0.0000000150734295
     97.8978958       0.0000000150426228
     97.9980011       0.0000000150118934
     98.0980988       0.0000000149812613
     98.1981964       0.0000000149507294
     98.2983017       0.0000000149202838
     98.3983994       0.0000000148899306
     98.4984970       0.0000000148596722
     98.5986023       0.0000000148295165
     98.6987000       0.0000000147994455
     98.7987976       0.0000000147694598
     98.8988953       0.0000000147395690
     98.9990005       0.0000000147097855
     99.0990982       0.0000000146800764
     99.1991959       0.0000000146504403
     99.2993011       0.0000000146209224
     99.3993988       0.0000000145914806
     99.4994965       0.0000000145621274
     99.5996017       0.0000000145328604
     99.6996994       0.0000000145036695
     99.7997971       0.0000000144745982
     99.8999023       0.0000000144455799
    100.0000000       0.0000000144166688
