# x		H(x,a)
      0.0000000       1.0000000000000000
      0.1001001       0.9900299906730652
      0.2002002       0.9607124924659729
      0.3003003       0.9137664437294006
      0.4004004       0.8518707156181335
      0.5005005       0.7784109115600586
      0.6006006       0.6971734166145325
      0.7007007       0.6120254397392273
      0.8008008       0.5266169309616089
      0.9009009       0.4441368877887726
      1.0010010       0.3671541014814861
      1.1011012       0.2975058814824234
      1.2012012       0.2362932270850828
      1.3013012       0.1839557473885340
      1.4014014       0.1403725535555125
      1.5015016       0.1049930872458470
      1.6016016       0.0769757457808880
      1.7017016       0.0553183618754786
      1.8018018       0.0389688874157928
      1.9019020       0.0269102153898779
      2.0020020       0.0182176648218328
      2.1021020       0.0120915927749834
      2.2022023       0.0078695586399021
      2.3023024       0.0050233320365754
      2.4024024       0.0031460415359324
      2.5025024       0.0019343057842949
      2.6026025       0.0011686934123313
      2.7027028       0.0006950337057401
      2.8028028       0.0004079895960266
      2.9029028       0.0002374974734085
      3.0030031       0.0001381610468288
      3.1031032       0.0000813066873678
      3.2032032       0.0000492677782512
      3.3033032       0.0000314213288629
      3.4034033       0.0000215302157954
      3.5035036       0.0000160163305019
      3.6036036       0.0000128729148997
      3.7037036       0.0000109985229649
      3.8038039       0.0000098008123011
      3.9039040       0.0000089669451914
      4.0040040       0.0000083340981721
      4.1041040       0.0000078182454712
      4.2042041       0.0000073759392496
      4.3043041       0.0000069842851398
      4.4044046       0.0000066307251461
      4.5045047       0.0000063078412258
      4.6046047       0.0000060108529768
      4.7047048       0.0000057363656671
      4.8048048       0.0000054817769717
      4.9049048       0.0000052449713474
      5.0050049       0.0000050241597386
      5.1051049       0.0000048178080861
      5.2052050       0.0000046245836178
      5.3053055       0.0000044433139959
      5.4054055       0.0000042729594449
      5.5055056       0.0000041126080783
      5.6056056       0.0000039614469073
      5.7057056       0.0000038187286537
      5.8058057       0.0000036838155521
      5.9059057       0.0000035561144144
      6.0060062       0.0000034350881819
      6.1061063       0.0000033202715710
      6.2062063       0.0000032112224335
      6.3063064       0.0000031075459656
      6.4064064       0.0000030088811019
      6.5065064       0.0000029149018212
      6.6066065       0.0000028253062017
      6.7067065       0.0000027398190439
      6.8068066       0.0000026581875225
      6.9069071       0.0000025801732185
      7.0070071       0.0000025055648463
      7.1071072       0.0000024341675172
      7.2072072       0.0000023657907265
      7.3073072       0.0000023002621983
      7.4074073       0.0000022374325289
      7.5075073       0.0000021771441076
      7.6076078       0.0000021192666213
      7.7077079       0.0000020636693967
      7.8078079       0.0000020102340872
      7.9079080       0.0000019588480224
      8.0080080       0.0000019094083482
      8.1081085       0.0000018618188389
      8.2082081       0.0000018159850221
      8.3083086       0.0000017718229737
      8.4084082       0.0000017292523686
      8.5085087       0.0000016881944272
      8.6086082       0.0000016485836604
      8.7087088       0.0000016103483416
      8.8088093       0.0000015734264234
      8.9089088       0.0000015377586774
      9.0090094       0.0000015032884697
      9.1091089       0.0000014699645380
      9.2092094       0.0000014377343263
      9.3093090       0.0000014065507909
      9.4094095       0.0000013763703556
      9.5095091       0.0000013471502423
      9.6096096       0.0000013188511364
      9.7097101       0.0000012914323542
      9.8098097       0.0000012648585917
      9.9099102       0.0000012390975995
     10.0100098       0.0000012141127590
     10.1101103       0.0000011898748840
     10.2102098       0.0000011663572584
     10.3103104       0.0000011435283564
     10.4104099       0.0000011213638860
     10.5105104       0.0000010998356340
     10.6106110       0.0000010789224418
     10.7107105       0.0000010585989066
     10.8108110       0.0000010388431256
     10.9109106       0.0000010196353269
     11.0110111       0.0000010009555508
     11.1111107       0.0000009827839758
     11.2112112       0.0000009651029678
     11.3113117       0.0000009478948232
     11.4114113       0.0000009311428417
     11.5115118       0.0000009148302162
     11.6116114       0.0000008989418838
     11.7117119       0.0000008834651098
     11.8118114       0.0000008683840461
     11.9119120       0.0000008536856504
     12.0120125       0.0000008393578474
     12.1121120       0.0000008253867328
     12.2122126       0.0000008117631179
     12.3123121       0.0000007984733034
     12.4124126       0.0000007855070289
     12.5125122       0.0000007728545812
     12.6126127       0.0000007605051124
     12.7127123       0.0000007484495828
     12.8128128       0.0000007366789687
     12.9129133       0.0000007251835731
     13.0130129       0.0000007139551656
     13.1131134       0.0000007029849208
     13.2132130       0.0000006922663410
     13.3133135       0.0000006817910077
     13.4134130       0.0000006715531535
     13.5135136       0.0000006615424366
     13.6136131       0.0000006517547753
     13.7137136       0.0000006421831621
     13.8138142       0.0000006328208276
     13.9139137       0.0000006236608650
     14.0140142       0.0000006146995946
     14.1141138       0.0000006059305713
     14.2142143       0.0000005973473116
     14.3143139       0.0000005889449111
     14.4144144       0.0000005807190160
     14.5145149       0.0000005726647340
     14.6146145       0.0000005647768287
     14.7147150       0.0000005570512347
     14.8148146       0.0000005494828403
     14.9149151       0.0000005420672660
     15.0150146       0.0000005348021228
     15.1151152       0.0000005276807690
     15.2152157       0.0000005207019208
     15.3153152       0.0000005138604293
     15.4154158       0.0000005071528985
     15.5155153       0.0000005005760537
     15.6156158       0.0000004941262407
     15.7157154       0.0000004878011353
     15.8158159       0.0000004815963017
     15.9159155       0.0000004755090855
     16.0160160       0.0000004695366206
     16.1161156       0.0000004636766769
     16.2162170       0.0000004579253827
     16.3163166       0.0000004522807228
     16.4164162       0.0000004467393812
     16.5165157       0.0000004413002400
     16.6166172       0.0000004359591978
     16.7167168       0.0000004307148150
     16.8168163       0.0000004255649013
     16.9169178       0.0000004205067994
     17.0170174       0.0000004155383220
     17.1171169       0.0000004106574522
     17.2172165       0.0000004058623988
     17.3173180       0.0000004011503341
     17.4174175       0.0000003965205573
     17.5175171       0.0000003919706161
     17.6176186       0.0000003874979948
     17.7177181       0.0000003831021182
     17.8178177       0.0000003787807038
     17.9179173       0.0000003745317391
     18.0180187       0.0000003703539355
     18.1181183       0.0000003662461918
     18.2182178       0.0000003622062071
     18.3183174       0.0000003582330924
     18.4184189       0.0000003543245895
     18.5185184       0.0000003504797153
     18.6186180       0.0000003466973170
     18.7187195       0.0000003429764401
     18.8188190       0.0000003393145151
     18.9189186       0.0000003357111526
     19.0190182       0.0000003321647995
     19.1191196       0.0000003286747796
     19.2192192       0.0000003252394168
     19.3193188       0.0000003218574769
     19.4194202       0.0000003185283711
     19.5195198       0.0000003152507443
     19.6196194       0.0000003120234369
     19.7197189       0.0000003088451495
     19.8198204       0.0000003057153365
     19.9199200       0.0000003026333858
     20.0200195       0.0000002995974285
     20.1201210       0.0000002966067882
     20.2202206       0.0000002936612007
     20.3203201       0.0000002907591213
     20.4204197       0.0000002878999422
     20.5205212       0.0000002850828460
     20.6206207       0.0000002823066643
     20.7207203       0.0000002795712010
     20.8208199       0.0000002768750545
     20.9209213       0.0000002742181979
     21.0210209       0.0000002715992803
     21.1211205       0.0000002690174765
     21.2212219       0.0000002664724202
     21.3213215       0.0000002639634580
     21.4214211       0.0000002614896871
     21.5215206       0.0000002590509954
     21.6216221       0.0000002566459279
     21.7217216       0.0000002542743892
     21.8218212       0.0000002519351380
     21.9219227       0.0000002496284516
     22.0220222       0.0000002473535298
     22.1221218       0.0000002451092166
     22.2222214       0.0000002428956129
     22.3223228       0.0000002407117723
     22.4224224       0.0000002385570936
     22.5225220       0.0000002364315304
     22.6226234       0.0000002343342157
     22.7227230       0.0000002322646225
     22.8228226       0.0000002302224791
     22.9229221       0.0000002282070446
     23.0230236       0.0000002262180062
     23.1231232       0.0000002242551040
     23.2232227       0.0000002223175360
     23.3233242       0.0000002204047766
     23.4234238       0.0000002185167307
     23.5235233       0.0000002166531375
     23.6236229       0.0000002148130016
     23.7237244       0.0000002129965322
     23.8238239       0.0000002112027791
     23.9239235       0.0000002094316843
     24.0240250       0.0000002076825710
     24.1241245       0.0000002059557182
     24.2242241       0.0000002042499691
     24.3243237       0.0000002025655190
     24.4244251       0.0000002009016823
     24.5245247       0.0000001992585413
     24.6246243       0.0000001976354483
     24.7247238       0.0000001960319454
     24.8248253       0.0000001944481734
     24.9249249       0.0000001928831952
     25.0250244       0.0000001913372654
     25.1251259       0.0000001898098140
     25.2252254       0.0000001883007010
     25.3253250       0.0000001868095366
     25.4254246       0.0000001853357301
     25.5255260       0.0000001838795973
     25.6256256       0.0000001824404075
     25.7257252       0.0000001810181625
     25.8258266       0.0000001796125317
     25.9259262       0.0000001782232149
     26.0260258       0.0000001768498151
     26.1261253       0.0000001754925276
     26.2262268       0.0000001741506161
     26.3263264       0.0000001728239705
     26.4264259       0.0000001715125876
     26.5265274       0.0000001702158686
     26.6266270       0.0000001689341447
     26.7267265       0.0000001676667197
     26.8268261       0.0000001664135226
     26.9269276       0.0000001651743506
     27.0270271       0.0000001639488683
     27.1271267       0.0000001627370926
     27.2272263       0.0000001615386800
     27.3273277       0.0000001603534994
     27.4274273       0.0000001591813959
     27.5275269       0.0000001580219887
     27.6276283       0.0000001568751630
     27.7277279       0.0000001557409385
     27.8278275       0.0000001546188863
     27.9279270       0.0000001535088868
     28.0280285       0.0000001524109630
     28.1281281       0.0000001513245596
     28.2282276       0.0000001502500693
     28.3283291       0.0000001491866324
     28.4284286       0.0000001481347285
     28.5285282       0.0000001470937398
     28.6286278       0.0000001460638025
     28.7287292       0.0000001450445880
     28.8288288       0.0000001440360507
     28.9289284       0.0000001430380141
     29.0290298       0.0000001420502491
     29.1291294       0.0000001410727640
     29.2292290       0.0000001401053167
     29.3293285       0.0000001391479157
     29.4294300       0.0000001382001884
     29.5295296       0.0000001372620745
     29.6296291       0.0000001363335148
     29.7297306       0.0000001354143594
     29.8298302       0.0000001345044102
     29.9299297       0.0000001336036943
     30.0300293       0.0000001327121098
     30.1301308       0.0000001318291165
     30.2302303       0.0000001309552094
     30.3303299       0.0000001300898106
     30.4304314       0.0000001292330923
     30.5305309       0.0000001283847376
     30.6306305       0.0000001275446683
     30.7307301       0.0000001267129446
     30.8308315       0.0000001258892462
     30.9309311       0.0000001250735711
     31.0310307       0.0000001242658690
     31.1311302       0.0000001234658700
     31.2312317       0.0000001226736367
     31.3313313       0.0000001218890568
     31.4314308       0.0000001211118619
     31.5315323       0.0000001203421470
     31.6316319       0.0000001195797863
     31.7317314       0.0000001188245405
     31.8318310       0.0000001180765914
     31.9319324       0.0000001173354481
     32.0320320       0.0000001166014483
     32.1321335       0.0000001158744622
     32.2322311       0.0000001151540019
     32.3323326       0.0000001144403654
     32.4324341       0.0000001137332478
     32.5325317       0.0000001130327879
     32.6326332       0.0000001123387481
     32.7327309       0.0000001116509940
     32.8328323       0.0000001109696035
     32.9329338       0.0000001102944165
     33.0330315       0.0000001096253807
     33.1331329       0.0000001089624479
     33.2332344       0.0000001083056512
     33.3333321       0.0000001076546226
     33.4334335       0.0000001070094190
     33.5335350       0.0000001063700661
     33.6336327       0.0000001057363490
     33.7337341       0.0000001051083209
     33.8338356       0.0000001044859715
     33.9339333       0.0000001038690142
     34.0340347       0.0000001032575299
     34.1341324       0.0000001026516263
     34.2342339       0.0000001020507904
     34.3343353       0.0000001014552128
     34.4344330       0.0000001008649927
     34.5345345       0.0000001002798437
     34.6346359       0.0000000996997435
     34.7347336       0.0000000991248078
     34.8348351       0.0000000985546748
     34.9349365       0.0000000979895078
     35.0350342       0.0000000974291946
     35.1351357       0.0000000968736679
     35.2352371       0.0000000963227922
     35.3353348       0.0000000957767445
     35.4354362       0.0000000952352811
     35.5355339       0.0000000946984382
     35.6356354       0.0000000941660027
     35.7357368       0.0000000936382222
     35.8358345       0.0000000931147919
     35.9359360       0.0000000925956961
     36.0360374       0.0000000920809396
     36.1361351       0.0000000915704801
     36.2362366       0.0000000910643136
     36.3363380       0.0000000905622296
     36.4364357       0.0000000900643240
     36.5365372       0.0000000895705112
     36.6366348       0.0000000890807806
     36.7367363       0.0000000885951144
     36.8368378       0.0000000881133294
     36.9369354       0.0000000876355069
     37.0370369       0.0000000871614410
     37.1371384       0.0000000866913792
     37.2372360       0.0000000862250985
     37.3373375       0.0000000857624026
     37.4374390       0.0000000853035767
     37.5375366       0.0000000848484196
     37.6376381       0.0000000843967934
     37.7377396       0.0000000839488222
     37.8378372       0.0000000835045717
     37.9379387       0.0000000830635726
     38.0380363       0.0000000826262188
     38.1381378       0.0000000821922788
     38.2382393       0.0000000817617143
     38.3383369       0.0000000813345699
     38.4384384       0.0000000809108125
     38.5385399       0.0000000804902928
     38.6386375       0.0000000800729930
     38.7387390       0.0000000796590623
     38.8388405       0.0000000792482099
     38.9389381       0.0000000788405638
     39.0390396       0.0000000784361061
     39.1391373       0.0000000780346657
     39.2392387       0.0000000776364464
     39.3393402       0.0000000772411893
     39.4394379       0.0000000768489072
     39.5395393       0.0000000764596075
     39.6396408       0.0000000760732720
     39.7397385       0.0000000756898298
     39.8398399       0.0000000753094598
     39.9399414       0.0000000749317586
     40.0400391       0.0000000745569974
     40.1401405       0.0000000741849234
     40.2402420       0.0000000738157591
     40.3403397       0.0000000734492810
     40.4404411       0.0000000730854968
     40.5405388       0.0000000727244657
     40.6406403       0.0000000723660721
     40.7407417       0.0000000720103517
     40.8408394       0.0000000716572943
     40.9409409       0.0000000713067551
     41.0410423       0.0000000709587864
     41.1411400       0.0000000706133896
     41.2412415       0.0000000702704304
     41.3413429       0.0000000699300712
     41.4414406       0.0000000695921432
     41.5415421       0.0000000692566130
     41.6416397       0.0000000689235210
     41.7417412       0.0000000685928965
     41.8418427       0.0000000682645683
     41.9419403       0.0000000679385993
     42.0420418       0.0000000676150342
     42.1421432       0.0000000672937324
     42.2422409       0.0000000669746482
     42.3423424       0.0000000666579448
     42.4424438       0.0000000663433960
     42.5425415       0.0000000660311437
     42.6426430       0.0000000657210299
     42.7427444       0.0000000654130896
     42.8428421       0.0000000651073887
     42.9429436       0.0000000648037558
     43.0430412       0.0000000645022111
     43.1431427       0.0000000642028541
     43.2432442       0.0000000639055181
     43.3433418       0.0000000636102958
     43.4434433       0.0000000633170849
     43.5435448       0.0000000630259061
     43.6436424       0.0000000627367392
     43.7437439       0.0000000624494792
     43.8438454       0.0000000621643010
     43.9439430       0.0000000618810061
     44.0440445       0.0000000615996834
     44.1441460       0.0000000613202675
     44.2442436       0.0000000610427010
     44.3443451       0.0000000607670258
     44.4444427       0.0000000604933347
     44.5445442       0.0000000602213712
     44.6446457       0.0000000599512013
     44.7447433       0.0000000596829569
     44.8448448       0.0000000594164567
     44.9449463       0.0000000591516919
     45.0450439       0.0000000588887778
     45.1451454       0.0000000586276471
     45.2452469       0.0000000583681197
     45.3453445       0.0000000581103986
     45.4454460       0.0000000578543814
     45.5455437       0.0000000575999850
     45.6456451       0.0000000573473024
     45.7457466       0.0000000570963209
     45.8458443       0.0000000568469212
     45.9459457       0.0000000565992165
     46.0460472       0.0000000563530721
     46.1461449       0.0000000561085319
     46.2462463       0.0000000558656016
     46.3463478       0.0000000556242372
     46.4464455       0.0000000553844672
     46.5465469       0.0000000551462091
     46.6466484       0.0000000549094821
     46.7467461       0.0000000546742848
     46.8468475       0.0000000544405464
     46.9469452       0.0000000542084167
     47.0470467       0.0000000539777090
     47.1471481       0.0000000537484623
     47.2472458       0.0000000535206615
     47.3473473       0.0000000532943397
     47.4474487       0.0000000530694555
     47.5475464       0.0000000528459613
     47.6476479       0.0000000526239120
     47.7477493       0.0000000524032100
     47.8478470       0.0000000521839186
     47.9479485       0.0000000519659944
     48.0480499       0.0000000517494561
     48.1481476       0.0000000515342975
     48.2482491       0.0000000513204103
     48.3483467       0.0000000511078693
     48.4484482       0.0000000508966771
     48.5485497       0.0000000506867726
     48.6486473       0.0000000504781981
     48.7487488       0.0000000502708780
     48.8488503       0.0000000500648027
     48.9489479       0.0000000498600425
     49.0490494       0.0000000496564850
     49.1491508       0.0000000494541638
     49.2492485       0.0000000492531760
     49.3493500       0.0000000490533287
     49.4494476       0.0000000488547283
     49.5495491       0.0000000486573587
     49.6496506       0.0000000484610476
     49.7497482       0.0000000482660549
     49.8498497       0.0000000480722156
     49.9499512       0.0000000478795103
     50.0500488       0.0000000476880095
     50.1501503       0.0000000474976016
     50.2502518       0.0000000473083476
     50.3503494       0.0000000471202490
     50.4504509       0.0000000469332434
     50.5505524       0.0000000467473817
     50.6506500       0.0000000465625686
     50.7507515       0.0000000463788880
     50.8508492       0.0000000461963165
     50.9509506       0.0000000460147732
     51.0510521       0.0000000458343182
     51.1511497       0.0000000456549231
     51.2512512       0.0000000454765164
     51.3513527       0.0000000452992360
     51.4514503       0.0000000451229689
     51.5515518       0.0000000449477496
     51.6516533       0.0000000447735348
     51.7517509       0.0000000446003192
     51.8518524       0.0000000444281110
     51.9519501       0.0000000442568867
     52.0520515       0.0000000440866302
     52.1521530       0.0000000439173786
     52.2522507       0.0000000437491407
     52.3523521       0.0000000435818610
     52.4524536       0.0000000434154770
     52.5525513       0.0000000432500668
     52.6526527       0.0000000430856185
     52.7527542       0.0000000429221540
     52.8528519       0.0000000427595646
     52.9529533       0.0000000425978558
     53.0530548       0.0000000424371566
     53.1531525       0.0000000422772919
     53.2532539       0.0000000421183470
     53.3533516       0.0000000419603316
     53.4534531       0.0000000418031347
     53.5535545       0.0000000416468714
     53.6536522       0.0000000414914702
     53.7537537       0.0000000413369809
     53.8538551       0.0000000411832352
     53.9539528       0.0000000410304614
     54.0540543       0.0000000408784864
     54.1541557       0.0000000407273847
     54.2542534       0.0000000405770722
     54.3543549       0.0000000404276309
     54.4544525       0.0000000402790154
     54.5545540       0.0000000401312228
     54.6546555       0.0000000399841700
     54.7547531       0.0000000398380300
     54.8548546       0.0000000396926315
     54.9549561       0.0000000395480304
     55.0550537       0.0000000394041962
     55.1551552       0.0000000392611739
     55.2552567       0.0000000391189181
     55.3553543       0.0000000389774584
     55.4554558       0.0000000388367465
     55.5555573       0.0000000386967843
     55.6556549       0.0000000385576019
     55.7557564       0.0000000384191713
     55.8558540       0.0000000382814613
     55.9559555       0.0000000381445191
     56.0560570       0.0000000380082950
     56.1561546       0.0000000378728318
     56.2562561       0.0000000377380350
     56.3563576       0.0000000376039415
     56.4564552       0.0000000374706412
     56.5565567       0.0000000373379598
     56.6566582       0.0000000372060735
     56.7567558       0.0000000370748223
     56.8568573       0.0000000369442605
     56.9569588       0.0000000368144336
     57.0570564       0.0000000366852450
     57.1571579       0.0000000365568084
     57.2572556       0.0000000364289458
     57.3573570       0.0000000363017958
     57.4574585       0.0000000361753175
     57.5575562       0.0000000360495100
     57.6576576       0.0000000359243642
     57.7577591       0.0000000357998345
     57.8578568       0.0000000356759496
     57.9579582       0.0000000355527365
     58.0580597       0.0000000354301564
     58.1581573       0.0000000353082097
     58.2582588       0.0000000351868923
     58.3583565       0.0000000350661559
     58.4584579       0.0000000349460754
     58.5585594       0.0000000348266275
     58.6586571       0.0000000347077518
     58.7587585       0.0000000345895264
     58.8588600       0.0000000344718942
     58.9589577       0.0000000343548038
     59.0590591       0.0000000342383859
     59.1591606       0.0000000341225294
     59.2592583       0.0000000340072572
     59.3593597       0.0000000338925555
     59.4594612       0.0000000337784634
     59.5595589       0.0000000336649158
     59.6596603       0.0000000335519689
     59.7597580       0.0000000334395847
     59.8598595       0.0000000333277300
     59.9599609       0.0000000332164854
     60.0600586       0.0000000331057734
     60.1601601       0.0000000329956062
     60.2602615       0.0000000328860013
     60.3603592       0.0000000327769361
     60.4604607       0.0000000326684032
     60.5605621       0.0000000325604245
     60.6606598       0.0000000324529863
     60.7607613       0.0000000323460506
     60.8608627       0.0000000322396381
     60.9609604       0.0000000321338044
     61.0610619       0.0000000320284322
     61.1611595       0.0000000319236261
     61.2612610       0.0000000318193184
     61.3613625       0.0000000317155213
     61.4614601       0.0000000316121958
     61.5615616       0.0000000315093900
     61.6616631       0.0000000314071159
     61.7617607       0.0000000313053231
     61.8618622       0.0000000312040124
     61.9619637       0.0000000311031939
     62.0620613       0.0000000310028856
     62.1621628       0.0000000309030730
     62.2622604       0.0000000308036595
     62.3623619       0.0000000307048290
     62.4624634       0.0000000306063997
     62.5625610       0.0000000305084784
     62.6626625       0.0000000304109933
     62.7627640       0.0000000303140356
     62.8628616       0.0000000302174834
     62.9629631       0.0000000301214219
     63.0630646       0.0000000300258053
     63.1631622       0.0000000299306705
     63.2632637       0.0000000298359432
     63.3633652       0.0000000297416883
     63.4634628       0.0000000296478711
     63.5635643       0.0000000295545186
     63.6636620       0.0000000294615755
     63.7637634       0.0000000293690797
     63.8638649       0.0000000292770125
     63.9639626       0.0000000291853957
     64.0640640       0.0000000290942369
     64.1641617       0.0000000290034632
     64.2642670       0.0000000289130858
     64.3643646       0.0000000288231788
     64.4644623       0.0000000287336877
     64.5645676       0.0000000286445956
     64.6646652       0.0000000285559125
     64.7647629       0.0000000284676745
     64.8648682       0.0000000283798114
     64.9649658       0.0000000282923734
     65.0650635       0.0000000282053304
     65.1651688       0.0000000281186698
     65.2652664       0.0000000280324353
     65.3653641       0.0000000279466012
     65.4654617       0.0000000278611413
     65.5655670       0.0000000277760751
     65.6656647       0.0000000276914127
     65.7657623       0.0000000276071386
     65.8658676       0.0000000275232091
     65.9659653       0.0000000274397005
     66.0660629       0.0000000273565740
     66.1661682       0.0000000272738137
     66.2662659       0.0000000271914090
     66.3663635       0.0000000271094067
     66.4664688       0.0000000270277739
     66.5665665       0.0000000269464751
     66.6666641       0.0000000268655620
     66.7667694       0.0000000267850220
     66.8668671       0.0000000267048214
     66.9669647       0.0000000266250323
     67.0670700       0.0000000265455492
     67.1671677       0.0000000264664377
     67.2672653       0.0000000263876992
     67.3673706       0.0000000263092707
     67.4674683       0.0000000262312309
     67.5675659       0.0000000261535248
     67.6676712       0.0000000260761587
     67.7677689       0.0000000259991204
     67.8678665       0.0000000259224238
     67.9679642       0.0000000258460922
     68.0680695       0.0000000257700757
     68.1681671       0.0000000256944180
     68.2682648       0.0000000256190803
     68.3683701       0.0000000255440734
     68.4684677       0.0000000254693851
     68.5685654       0.0000000253950261
     68.6686707       0.0000000253210233
     68.7687683       0.0000000252473029
     68.8688660       0.0000000251739282
     68.9689713       0.0000000251008566
     69.0690689       0.0000000250281247
     69.1691666       0.0000000249556842
     69.2692719       0.0000000248835766
     69.3693695       0.0000000248117754
     69.4694672       0.0000000247402729
     69.5695724       0.0000000246690764
     69.6696701       0.0000000245982173
     69.7697678       0.0000000245276523
     69.8698730       0.0000000244573720
     69.9699707       0.0000000243873907
     70.0700684       0.0000000243177660
     70.1701736       0.0000000242483811
     70.2702713       0.0000000241792928
     70.3703690       0.0000000241105191
     70.4704742       0.0000000240420194
     70.5705719       0.0000000239738494
     70.6706696       0.0000000239059384
     70.7707672       0.0000000238383261
     70.8708725       0.0000000237709995
     70.9709702       0.0000000237039504
     71.0710678       0.0000000236371854
     71.1711731       0.0000000235707098
     71.2712708       0.0000000235045069
     71.3713684       0.0000000234385996
     71.4714737       0.0000000233729606
     71.5715714       0.0000000233075933
     71.6716690       0.0000000232424992
     71.7717743       0.0000000231776655
     71.8718719       0.0000000231131054
     71.9719696       0.0000000230488375
     72.0720749       0.0000000229848270
     72.1721725       0.0000000229210742
     72.2722702       0.0000000228576058
     72.3723755       0.0000000227943685
     72.4724731       0.0000000227314185
     72.5725708       0.0000000226687230
     72.6726761       0.0000000226062776
     72.7727737       0.0000000225440869
     72.8728714       0.0000000224821724
     72.9729767       0.0000000224204986
     73.0730743       0.0000000223590856
     73.1731720       0.0000000222979286
     73.2732697       0.0000000222370399
     73.3733749       0.0000000221763538
     73.4734726       0.0000000221159347
     73.5735703       0.0000000220557819
     73.6736755       0.0000000219958501
     73.7737732       0.0000000219361458
     73.8738708       0.0000000218767183
     73.9739761       0.0000000218175355
     74.0740738       0.0000000217585906
     74.1741714       0.0000000216998640
     74.2742767       0.0000000216413789
     74.3743744       0.0000000215831495
     74.4744720       0.0000000215251382
     74.5745773       0.0000000214673609
     74.6746750       0.0000000214098022
     74.7747726       0.0000000213525008
     74.8748779       0.0000000212954322
     74.9749756       0.0000000212385716
     75.0750732       0.0000000211819435
     75.1751785       0.0000000211255459
     75.2752762       0.0000000210693680
     75.3753738       0.0000000210133965
     75.4754791       0.0000000209576913
     75.5755768       0.0000000209021806
     75.6756744       0.0000000208468782
     75.7757721       0.0000000207918185
     75.8758774       0.0000000207369841
     75.9759750       0.0000000206823564
     76.0760727       0.0000000206279413
     76.1761780       0.0000000205737178
     76.2762756       0.0000000205197310
     76.3763733       0.0000000204659554
     76.4764786       0.0000000204123921
     76.5765762       0.0000000203590429
     76.6766739       0.0000000203058810
     76.7767792       0.0000000202529444
     76.8768768       0.0000000202002192
     76.9769745       0.0000000201477112
     77.0770798       0.0000000200953731
     77.1771774       0.0000000200432538
     77.2772751       0.0000000199913572
     77.3773804       0.0000000199396221
     77.4774780       0.0000000198881081
     77.5775757       0.0000000198367848
     77.6776810       0.0000000197856770
     77.7777786       0.0000000197347398
     77.8778763       0.0000000196840307
     77.9779816       0.0000000196335095
     78.0780792       0.0000000195831915
     78.1781769       0.0000000195330482
     78.2782745       0.0000000194830945
     78.3783798       0.0000000194333251
     78.4784775       0.0000000193837546
     78.5785751       0.0000000193343949
     78.6786804       0.0000000192852181
     78.7787781       0.0000000192362194
     78.8788757       0.0000000191874041
     78.9789810       0.0000000191387701
     79.0790787       0.0000000190903270
     79.1791763       0.0000000190420696
     79.2792816       0.0000000189939967
     79.3793793       0.0000000189461009
     79.4794769       0.0000000188983912
     79.5795822       0.0000000188508566
     79.6796799       0.0000000188034850
     79.7797775       0.0000000187563207
     79.8798828       0.0000000187093209
     79.9799805       0.0000000186624847
     80.0800781       0.0000000186158416
     80.1801834       0.0000000185693616
     80.2802811       0.0000000185230688
     80.3803787       0.0000000184769491
     80.4804840       0.0000000184309899
     80.5805817       0.0000000183852148
     80.6806793       0.0000000183396188
     80.7807770       0.0000000182941671
     80.8808823       0.0000000182488970
     80.9809799       0.0000000182037816
     81.0810776       0.0000000181588336
     81.1811829       0.0000000181140759
     81.2812805       0.0000000180694666
     81.3813782       0.0000000180250208
     81.4814835       0.0000000179807471
     81.5815811       0.0000000179366337
     81.6816788       0.0000000178926729
     81.7817841       0.0000000178488717
     81.8818817       0.0000000178052347
     81.9819794       0.0000000177617659
     82.0820847       0.0000000177184709
     82.1821823       0.0000000176753143
     82.2822800       0.0000000176323125
     82.3823853       0.0000000175894725
     82.4824829       0.0000000175467869
     82.5825806       0.0000000175042545
     82.6826859       0.0000000174618823
     82.7827835       0.0000000174196686
     82.8828812       0.0000000173776009
     82.9829865       0.0000000173356871
     83.0830841       0.0000000172939230
     83.1831818       0.0000000172523008
     83.2832794       0.0000000172108310
     83.3833847       0.0000000171695211
     83.4834824       0.0000000171283645
     83.5835800       0.0000000170873304
     83.6836853       0.0000000170464832
     83.7837830       0.0000000170057434
     83.8838806       0.0000000169651751
     83.9839859       0.0000000169247425
     84.0840836       0.0000000168844384
     84.1841812       0.0000000168443066
     84.2842865       0.0000000168043140
     84.3843842       0.0000000167644483
     84.4844818       0.0000000167247212
     84.5845871       0.0000000166851527
     84.6846848       0.0000000166457191
     84.7847824       0.0000000166064194
     84.8848877       0.0000000165672464
     84.9849854       0.0000000165282339
     85.0850830       0.0000000164893505
     85.1851883       0.0000000164506071
     85.2852859       0.0000000164120071
     85.3853836       0.0000000163735266
     85.4854889       0.0000000163351989
     85.5855865       0.0000000162969886
     85.6856842       0.0000000162589415
     85.7857895       0.0000000162209942
     85.8858871       0.0000000161831836
     85.9859848       0.0000000161455149
     86.0860825       0.0000000161079674
     86.1861877       0.0000000160705662
     86.2862854       0.0000000160332954
     86.3863831       0.0000000159961418
     86.4864883       0.0000000159591033
     86.5865860       0.0000000159222233
     86.6866837       0.0000000158854691
     86.7867889       0.0000000158488227
     86.8868866       0.0000000158123100
     86.9869843       0.0000000157759295
     87.0870895       0.0000000157396702
     87.1871872       0.0000000157035192
     87.2872849       0.0000000156675134
     87.3873901       0.0000000156316283
     87.4874878       0.0000000155958857
     87.5875854       0.0000000155602302
     87.6876907       0.0000000155247271
     87.7877884       0.0000000154893233
     87.8878860       0.0000000154540533
     87.9879913       0.0000000154188918
     88.0880890       0.0000000153838449
     88.1881866       0.0000000153489319
     88.2882919       0.0000000153141476
     88.3883896       0.0000000152794684
     88.4884872       0.0000000152448992
     88.5885849       0.0000000152104533
     88.6886902       0.0000000151761329
     88.7887878       0.0000000151419218
     88.8888855       0.0000000151078250
     88.9889908       0.0000000150738362
     89.0890884       0.0000000150399696
     89.1891861       0.0000000150062261
     89.2892914       0.0000000149725722
     89.3893890       0.0000000149390565
     89.4894867       0.0000000149056369
     89.5895920       0.0000000148723513
     89.6896896       0.0000000148391627
     89.7897873       0.0000000148060806
     89.8898926       0.0000000147731199
     89.9899902       0.0000000147402577
     90.0900879       0.0000000147075052
     90.1901932       0.0000000146748662
     90.2902908       0.0000000146423269
     90.3903885       0.0000000146099002
     90.4904938       0.0000000145775923
     90.5905914       0.0000000145453833
     90.6906891       0.0000000145132792
     90.7907944       0.0000000144812769
     90.8908920       0.0000000144493852
     90.9909897       0.0000000144176006
     91.0910873       0.0000000143859332
     91.1911926       0.0000000143543522
     91.2912903       0.0000000143228809
     91.3913879       0.0000000142915129
     91.4914932       0.0000000142602369
     91.5915909       0.0000000142290725
     91.6916885       0.0000000141980236
     91.7917938       0.0000000141670493
     91.8918915       0.0000000141362056
     91.9919891       0.0000000141054426
     92.0920944       0.0000000140747842
     92.1921921       0.0000000140442276
     92.2922897       0.0000000140137697
     92.3923950       0.0000000139834120
     92.4924927       0.0000000139531515
     92.5925903       0.0000000139229912
     92.6926956       0.0000000138929280
     92.7927933       0.0000000138629603
     92.8928909       0.0000000138330879
     92.9929962       0.0000000138033145
     93.0930939       0.0000000137736367
     93.1931915       0.0000000137440575
     93.2932968       0.0000000137145576
     93.3933945       0.0000000136851696
     93.4934921       0.0000000136558740
     93.5935898       0.0000000136266739
     93.6936951       0.0000000135975662
     93.7937927       0.0000000135685461
     93.8938904       0.0000000135396207
     93.9939957       0.0000000135107887
     94.0940933       0.0000000134820539
     94.1941910       0.0000000134533986
     94.2942963       0.0000000134248360
     94.3943939       0.0000000133963737
     94.4944916       0.0000000133679911
     94.5945969       0.0000000133397075
     94.6946945       0.0000000133115242
     94.7947922       0.0000000132834048
     94.8948975       0.0000000132553874
     94.9949951       0.0000000132274601
     95.0950928       0.0000000131996371
     95.1951981       0.0000000131718688
     95.2952957       0.0000000131442094
     95.3953934       0.0000000131166307
     95.4954987       0.0000000130891428
     95.5955963       0.0000000130617271
     95.6956940       0.0000000130344171
     95.7957993       0.0000000130071768
     95.8958969       0.0000000129800345
     95.9959946       0.0000000129529596
     96.0960999       0.0000000129259741
     96.1961975       0.0000000128990933
     96.2962952       0.0000000128722824
     96.3963928       0.0000000128455515
     96.4964981       0.0000000128189051
     96.5965958       0.0000000127923457
     96.6966934       0.0000000127658677
     96.7967987       0.0000000127394652
     96.8968964       0.0000000127131457
     96.9969940       0.0000000126869101
     97.0970993       0.0000000126607641
     97.1971970       0.0000000126346892
     97.2972946       0.0000000126086933
     97.3973999       0.0000000125827766
     97.4974976       0.0000000125569619
     97.5975952       0.0000000125311998
     97.6977005       0.0000000125055229
     97.7977982       0.0000000124799267
     97.8978958       0.0000000124544209
     97.9980011       0.0000000124289791
     98.0980988       0.0000000124036180
     98.1981964       0.0000000123783389
     98.2983017       0.0000000123531314
     98.3983994       0.0000000123280015
     98.4984970       0.0000000123029485
     98.5986023       0.0000000122779824
     98.6987000       0.0000000122530836
     98.7987976       0.0000000122282579
     98.8988953       0.0000000122035104
     98.9990005       0.0000000121788517
     99.0990982       0.0000000121542531
     99.1991959       0.0000000121297175
     99.2993011       0.0000000121052778
     99.3993988       0.0000000120809018
     99.4994965       0.0000000120565987
     99.5996017       0.0000000120323677
     99.6996994       0.0000000120081997
     99.7997971       0.0000000119841299
     99.8999023       0.0000000119601046
    100.0000000       0.0000000119361667
