# x		H(x,a)
      0.0000000       1.0000000000000000
      0.1001001       0.9900299906730652
      0.2002002       0.9607124924659729
      0.3003003       0.9137664437294006
      0.4004004       0.8518707156181335
      0.5005005       0.7784109115600586
      0.6006006       0.6971734166145325
      0.7007007       0.6120254397392273
      0.8008008       0.5266169309616089
      0.9009009       0.4441368877887726
      1.0010010       0.3671561608767602
      1.1011012       0.2975117112857734
      1.2012012       0.2363023805352804
      1.3013012       0.1839671726199012
      1.4014014       0.1403851824341881
      1.5015016       0.1050060558317631
      1.6016016       0.0769884409153245
      1.7017016       0.0553303946474620
      1.8018018       0.0389800434466331
      1.9019020       0.0269204045564731
      2.0020020       0.0182268791885235
      2.1021020       0.0120998746059543
      2.2022023       0.0078769777769124
      2.3023024       0.0050299706983101
      2.4024024       0.0031519846255946
      2.5025024       0.0019396351611682
      2.6026025       0.0011734847676425
      2.7027028       0.0006993551431088
      2.8028028       0.0004119012986879
      2.9029028       0.0002410519597883
      3.0030031       0.0001414037602338
      3.1031032       0.0000842767372489
      3.2032032       0.0000519987077863
      3.3033032       0.0000339418739250
      3.4034033       0.0000238649769567
      3.5035036       0.0000181863926611
      3.6036036       0.0000148963771885
      3.7037036       0.0000128909526990
      3.8038039       0.0000115756440194
      3.9039040       0.0000106358053488
      4.0040040       0.0000099070861351
      4.1041040       0.0000093041665829
      4.2042041       0.0000087824997941
      4.3043041       0.0000083182552506
      4.4044046       0.0000078980804382
      4.5045047       0.0000075138712799
      4.6046047       0.0000071602631917
      4.7047048       0.0000068333544612
      4.8048048       0.0000065301058580
      4.9049048       0.0000062480237788
      5.0050049       0.0000059849879081
      5.1051049       0.0000057391748105
      5.2052050       0.0000055089985849
      5.3053055       0.0000052930629452
      5.4054055       0.0000050901293146
      5.5055056       0.0000048991118694
      5.6056056       0.0000047190428520
      5.7057056       0.0000045490301944
      5.8058057       0.0000043883161379
      5.9059057       0.0000042361932062
      6.0060062       0.0000040920213789
      6.1061063       0.0000039552472341
      6.2062063       0.0000038253433798
      6.3063064       0.0000037018397821
      6.4064064       0.0000035843060789
      6.5065064       0.0000034723541360
      6.6066065       0.0000033656238042
      6.7067065       0.0000032637880603
      6.8068066       0.0000031665447567
      6.9069071       0.0000030736111001
      7.0070071       0.0000029847344196
      7.1071072       0.0000028996829233
      7.2072072       0.0000028182298050
      7.3073072       0.0000027401691587
      7.4074073       0.0000026653239431
      7.5075073       0.0000025935056781
      7.6076078       0.0000025245597568
      7.7077079       0.0000024583297944
      7.8078079       0.0000023946754746
      7.9079080       0.0000023334622561
      8.0080080       0.0000022745676100
      8.1081085       0.0000022178770221
      8.2082081       0.0000021632778520
      8.3083086       0.0000021106703597
      8.4084082       0.0000020599582942
      8.5085087       0.0000020110483571
      8.6086082       0.0000019638624238
      8.7087088       0.0000019183147053
      8.8088093       0.0000018743317294
      8.9089088       0.0000018318428717
      9.0090094       0.0000017907805778
      9.1091089       0.0000017510838586
      9.2092094       0.0000017126897284
      9.3093090       0.0000016755426192
      9.4094095       0.0000016395903289
      9.5095091       0.0000016047822319
      9.6096096       0.0000015710710124
      9.7097101       0.0000015384085709
      9.8098097       0.0000015067528206
      9.9099102       0.0000014760652949
     10.0100098       0.0000014463022279
     10.1101103       0.0000014174290821
     10.2102098       0.0000013894139367
     10.3103104       0.0000013622191562
     10.4104099       0.0000013358158050
     10.5105104       0.0000013101705283
     10.6106110       0.0000012852578519
     10.7107105       0.0000012610475872
     10.8108110       0.0000012375137984
     10.9109106       0.0000012146325685
     11.0110111       0.0000011923803812
     11.1111107       0.0000011707336346
     11.2112112       0.0000011496712083
     11.3113117       0.0000011291722948
     11.4114113       0.0000011092165417
     11.5115118       0.0000010897843899
     11.6116114       0.0000010708574040
     11.7117119       0.0000010524209318
     11.8118114       0.0000010344557441
     11.9119120       0.0000010169463658
     12.0120125       0.0000009998784819
     12.1121120       0.0000009832354482
     12.2122126       0.0000009670064219
     12.3123121       0.0000009511751434
     12.4124126       0.0000009357291443
     12.5125122       0.0000009206569287
     12.6126127       0.0000009059458443
     12.7127123       0.0000008915847744
     12.8128128       0.0000008775630527
     12.9129133       0.0000008638691302
     13.0130129       0.0000008504935572
     13.1131134       0.0000008374252272
     13.2132130       0.0000008246568910
     13.3133135       0.0000008121781729
     13.4134130       0.0000007999823717
     13.5135136       0.0000007880572123
     13.6136131       0.0000007763977363
     13.7137136       0.0000007649956360
     13.8138142       0.0000007538428122
     13.9139137       0.0000007429310849
     14.0140142       0.0000007322560878
     14.1141138       0.0000007218099748
     14.2142143       0.0000007115853104
     14.3143139       0.0000007015759884
     14.4144144       0.0000006917769776
     14.5145149       0.0000006821824130
     14.6146145       0.0000006727859285
     14.7147150       0.0000006635829540
     14.8148146       0.0000006545671184
     14.9149151       0.0000006457333601
     15.0150146       0.0000006370788725
     15.1151152       0.0000006285955856
     15.2152157       0.0000006202820292
     15.3153152       0.0000006121321983
     15.4154158       0.0000006041419217
     15.5155153       0.0000005963073353
     15.6156158       0.0000005886239728
     15.7157154       0.0000005810893309
     15.8158159       0.0000005736978260
     15.9159155       0.0000005664464985
     16.0160160       0.0000005593317979
     16.1161156       0.0000005523511871
     16.2162170       0.0000005455000500
     16.3163166       0.0000005387758559
     16.4164162       0.0000005321747854
     16.5165157       0.0000005256954031
     16.6166172       0.0000005193330223
     16.7167168       0.0000005130856501
     16.8168163       0.0000005069508397
     16.9169178       0.0000005009254011
     17.0170174       0.0000004950067531
     17.1171169       0.0000004891924247
     17.2172165       0.0000004834803909
     17.3173180       0.0000004778672056
     17.4174175       0.0000004723519758
     17.5175171       0.0000004669319121
     17.6176186       0.0000004616039313
     17.7177181       0.0000004563673972
     17.8178177       0.0000004512195620
     17.9179173       0.0000004461579829
     18.0180187       0.0000004411812017
     18.1181183       0.0000004362879204
     18.2182178       0.0000004314753327
     18.3183174       0.0000004267423269
     18.4184189       0.0000004220864061
     18.5185184       0.0000004175062054
     18.6186180       0.0000004130004690
     18.7187195       0.0000004085679700
     18.8188190       0.0000004042057491
     18.9189186       0.0000003999132818
     19.0190182       0.0000003956887089
     19.1191196       0.0000003915312455
     19.2192192       0.0000003874389039
     19.3193188       0.0000003834102012
     19.4194202       0.0000003794444048
     19.5195198       0.0000003755399578
     19.6196194       0.0000003716954671
     19.7197189       0.0000003679093364
     19.8198204       0.0000003641809716
     19.9199200       0.0000003605096252
     20.0200195       0.0000003568930851
     20.1201210       0.0000003533305446
     20.2202206       0.0000003498216042
     20.3203201       0.0000003463644869
     20.4204197       0.0000003429585409
     20.5205212       0.0000003396027021
     20.6206207       0.0000003362955714
     20.7207203       0.0000003330369884
     20.8208199       0.0000003298252658
     20.9209213       0.0000003266602869
     21.0210209       0.0000003235405123
     21.1211205       0.0000003204649180
     21.2212219       0.0000003174331804
     21.3213215       0.0000003144444234
     21.4214211       0.0000003114975308
     21.5215206       0.0000003085924399
     21.6216221       0.0000003057274344
     21.7217216       0.0000003029023664
     21.8218212       0.0000003001157600
     21.9219227       0.0000002973679299
     22.0220222       0.0000002946579420
     22.1221218       0.0000002919844371
     22.2222214       0.0000002893475009
     22.3223228       0.0000002867460242
     22.4224224       0.0000002841793014
     22.5225220       0.0000002816471932
     22.6226234       0.0000002791487936
     22.7227230       0.0000002766833966
     22.8228226       0.0000002742507320
     22.9229221       0.0000002718498540
     23.0230236       0.0000002694804344
     23.1231232       0.0000002671421152
     23.2232227       0.0000002648340390
     23.3233242       0.0000002625554478
     23.4234238       0.0000002603063179
     23.5235233       0.0000002580863636
     23.6236229       0.0000002558943017
     23.7237244       0.0000002537304212
     23.8238239       0.0000002515936559
     23.9239235       0.0000002494838636
     24.0240250       0.0000002474002198
     24.1241245       0.0000002453431270
     24.2242241       0.0000002433111738
     24.3243237       0.0000002413045750
     24.4244251       0.0000002393225544
     24.5245247       0.0000002373651578
     24.6246243       0.0000002354316939
     24.7247238       0.0000002335215207
     24.8248253       0.0000002316348418
     24.9249249       0.0000002297705970
     25.0250244       0.0000002279290084
     25.1251259       0.0000002261094374
     25.2252254       0.0000002243117396
     25.3253250       0.0000002225353936
     25.4254246       0.0000002207797324
     25.5255260       0.0000002190451143
     25.6256256       0.0000002173307210
     25.7257252       0.0000002156364532
     25.8258266       0.0000002139620324
     25.9259262       0.0000002123069962
     26.0260258       0.0000002106709716
     26.1261253       0.0000002090540909
     26.2262268       0.0000002074555675
     26.3263264       0.0000002058751928
     26.4264259       0.0000002043130239
     26.5265274       0.0000002027683107
     26.6266270       0.0000002012414834
     26.7267265       0.0000001997316726
     26.8268261       0.0000001982387876
     26.9269276       0.0000001967626354
     27.0270271       0.0000001953027985
     27.1271267       0.0000001938592967
     27.2272263       0.0000001924316847
     27.3273277       0.0000001910198508
     27.4274273       0.0000001896235774
     27.5275269       0.0000001882424479
     27.6276283       0.0000001868763017
     27.7277279       0.0000001855251678
     27.8278275       0.0000001841885365
     27.9279270       0.0000001828662559
     28.0280285       0.0000001815583468
     28.1281281       0.0000001802641830
     28.2282276       0.0000001789842211
     28.3283291       0.0000001777173909
     28.4284286       0.0000001764643384
     28.5285282       0.0000001752242627
     28.6286278       0.0000001739973706
     28.7287292       0.0000001727832328
     28.8288288       0.0000001715818084
     28.9289284       0.0000001703929099
     29.0290298       0.0000001692162336
     29.1291294       0.0000001680518302
     29.2292290       0.0000001668993581
     29.3293285       0.0000001657588533
     29.4294300       0.0000001646298949
     29.5295296       0.0000001635123611
     29.6296291       0.0000001624062216
     29.7297306       0.0000001613112894
     29.8298302       0.0000001602273176
     29.9299297       0.0000001591543618
     30.0300293       0.0000001580922575
     30.1301308       0.0000001570404046
     30.2302303       0.0000001559993742
     30.3303299       0.0000001549684672
     30.4304314       0.0000001539479021
     30.5305309       0.0000001529373057
     30.6306305       0.0000001519365761
     30.7307301       0.0000001509457963
     30.8308315       0.0000001499645765
     30.9309311       0.0000001489929010
     31.0310307       0.0000001480307459
     31.1311302       0.0000001470777442
     31.2312317       0.0000001461339944
     31.3313313       0.0000001451993862
     31.4314308       0.0000001442735451
     31.5315323       0.0000001433566469
     31.6316319       0.0000001424484823
     31.7317314       0.0000001415487922
     31.8318310       0.0000001406578269
     31.9319324       0.0000001397749192
     32.0320320       0.0000001389005596
     32.1321335       0.0000001380345433
     32.2322311       0.0000001371762983
     32.3323326       0.0000001363261956
     32.4324341       0.0000001354838421
     32.5325317       0.0000001346494319
     32.6326332       0.0000001338226563
     32.7327309       0.0000001330033745
     32.8328323       0.0000001321916684
     32.9329338       0.0000001313873591
     33.0330315       0.0000001305903813
     33.1331329       0.0000001298006616
     33.2332344       0.0000001290182540
     33.3333321       0.0000001282427293
     33.4334335       0.0000001274741272
     33.5335350       0.0000001267125049
     33.6336327       0.0000001259575987
     33.7337341       0.0000001252094609
     33.8338356       0.0000001244680839
     33.9339333       0.0000001237331430
     34.0340347       0.0000001230047239
     34.1341324       0.0000001222829498
     34.2342339       0.0000001215672083
     34.3343353       0.0000001208577288
     34.4344330       0.0000001201546413
     34.5345345       0.0000001194575766
     34.6346359       0.0000001187665401
     34.7347336       0.0000001180816466
     34.8348351       0.0000001174024743
     34.9349365       0.0000001167292298
     35.0350342       0.0000001160617667
     35.1351357       0.0000001153999991
     35.2352371       0.0000001147437773
     35.3353348       0.0000001140932875
     35.4354362       0.0000001134482856
     35.5355339       0.0000001128087671
     35.6356354       0.0000001121745074
     35.7357368       0.0000001115458061
     35.8358345       0.0000001109222749
     35.9359360       0.0000001103038919
     36.0360374       0.0000001096906998
     36.1361351       0.0000001090826204
     36.2362366       0.0000001084796459
     36.3363380       0.0000001078815401
     36.4364357       0.0000001072884294
     36.5365372       0.0000001067001665
     36.6366348       0.0000001061167783
     36.7367363       0.0000001055382379
     36.8368378       0.0000001049643243
     36.9369354       0.0000001043951046
     37.0370369       0.0000001038303869
     37.1371384       0.0000001032704242
     37.2372360       0.0000001027149738
     37.3373375       0.0000001021637902
     37.4374390       0.0000001016172213
     37.5375366       0.0000001010750154
     37.6376381       0.0000001005370145
     37.7377396       0.0000001000033727
     37.8378372       0.0000000994741667
     37.9379387       0.0000000989488241
     38.0380363       0.0000000984278285
     38.1381378       0.0000000979109065
     38.2382393       0.0000000973980066
     38.3383369       0.0000000968891627
     38.4384384       0.0000000963843748
     38.5385399       0.0000000958834274
     38.6386375       0.0000000953863266
     38.7387390       0.0000000948932371
     38.8388405       0.0000000944038085
     38.9389381       0.0000000939182046
     39.0390396       0.0000000934363918
     39.1391373       0.0000000929581802
     39.2392387       0.0000000924838072
     39.3393402       0.0000000920129628
     39.4394379       0.0000000915456620
     39.5395393       0.0000000910819135
     39.6396408       0.0000000906216875
     39.7397385       0.0000000901649172
     39.8398399       0.0000000897118000
     39.9399414       0.0000000892618679
     40.0400391       0.0000000888154360
     40.1401405       0.0000000883722105
     40.2402420       0.0000000879324362
     40.3403397       0.0000000874958755
     40.4404411       0.0000000870625231
     40.5405388       0.0000000866324523
     40.6406403       0.0000000862055160
     40.7407417       0.0000000857817630
     40.8408394       0.0000000853611824
     40.9409409       0.0000000849436169
     41.0410423       0.0000000845291017
     41.1411400       0.0000000841176495
     41.2412415       0.0000000837090949
     41.3413429       0.0000000833036573
     41.4414406       0.0000000829010996
     41.5415421       0.0000000825013999
     41.6416397       0.0000000821046067
     41.7417412       0.0000000817107542
     41.8418427       0.0000000813196336
     41.9419403       0.0000000809313284
     42.0420418       0.0000000805458825
     42.1421432       0.0000000801631297
     42.2422409       0.0000000797830318
     42.3423424       0.0000000794057516
     42.4424438       0.0000000790310517
     42.5425415       0.0000000786590840
     42.6426430       0.0000000782896557
     42.7427444       0.0000000779228262
     42.8428421       0.0000000775586725
     42.9429436       0.0000000771969690
     43.0430412       0.0000000768377484
     43.1431427       0.0000000764811401
     43.2432442       0.0000000761269417
     43.3433418       0.0000000757752635
     43.4434433       0.0000000754259845
     43.5435448       0.0000000750791147
     43.6436424       0.0000000747346443
     43.7437439       0.0000000743924520
     43.8438454       0.0000000740527347
     43.9439430       0.0000000737152598
     44.0440445       0.0000000733801389
     44.1441460       0.0000000730472892
     44.2442436       0.0000000727166407
     44.3443451       0.0000000723882483
     44.4444427       0.0000000720622137
     44.5445442       0.0000000717382362
     44.6446457       0.0000000714163990
     44.7447433       0.0000000710968494
     44.8448448       0.0000000707793911
     44.9449463       0.0000000704639835
     45.0450439       0.0000000701507963
     45.1451454       0.0000000698397242
     45.2452469       0.0000000695305687
     45.3453445       0.0000000692235507
     45.4454460       0.0000000689185761
     45.5455437       0.0000000686155336
     45.6456451       0.0000000683145189
     45.7457466       0.0000000680155505
     45.8458443       0.0000000677184437
     45.9459457       0.0000000674233704
     46.0460472       0.0000000671301615
     46.1461449       0.0000000668388481
     46.2462463       0.0000000665494542
     46.3463478       0.0000000662619345
     46.4464455       0.0000000659763120
     46.5465469       0.0000000656924930
     46.6466484       0.0000000654104841
     46.7467461       0.0000000651303072
     46.8468475       0.0000000648518768
     46.9469452       0.0000000645753536
     47.0470467       0.0000000643005275
     47.1471481       0.0000000640274411
     47.2472458       0.0000000637560678
     47.3473473       0.0000000634864629
     47.4474487       0.0000000632185807
     47.5475464       0.0000000629523372
     47.6476479       0.0000000626878224
     47.7477493       0.0000000624249112
     47.8478470       0.0000000621636830
     47.9479485       0.0000000619040841
     48.0480499       0.0000000616461286
     48.1481476       0.0000000613898260
     48.2482491       0.0000000611350374
     48.3483467       0.0000000608818519
     48.4484482       0.0000000606302648
     48.5485497       0.0000000603802132
     48.6486473       0.0000000601317601
     48.7487488       0.0000000598847841
     48.8488503       0.0000000596393084
     48.9489479       0.0000000593953843
     49.0490494       0.0000000591528979
     49.1491508       0.0000000589118854
     49.2492485       0.0000000586724622
     49.3493500       0.0000000584343910
     49.4494476       0.0000000581978123
     49.5495491       0.0000000579626980
     49.6496506       0.0000000577288413
     49.7497482       0.0000000574965670
     49.8498497       0.0000000572656522
     49.9499512       0.0000000570360887
     50.0500488       0.0000000568079677
     50.1501503       0.0000000565811402
     50.2502518       0.0000000563556997
     50.3503494       0.0000000561316259
     50.4504509       0.0000000559088602
     50.5505524       0.0000000556874507
     50.6506500       0.0000000554672966
     50.7507515       0.0000000552484848
     50.8508492       0.0000000550309965
     50.9509506       0.0000000548147351
     51.0510521       0.0000000545997708
     51.1511497       0.0000000543860698
     51.2512512       0.0000000541735431
     51.3513527       0.0000000539623573
     51.4514503       0.0000000537523816
     51.5515518       0.0000000535436531
     51.6516533       0.0000000533361204
     51.7517509       0.0000000531297807
     51.8518524       0.0000000529246348
     51.9519501       0.0000000527206701
     52.0520515       0.0000000525178556
     52.1521530       0.0000000523162325
     52.2522507       0.0000000521158195
     52.3523521       0.0000000519165476
     52.4524536       0.0000000517183456
     52.5525513       0.0000000515213010
     52.6526527       0.0000000513254043
     52.7527542       0.0000000511306765
     52.8528519       0.0000000509369951
     52.9529533       0.0000000507443633
     53.0530548       0.0000000505529274
     53.1531525       0.0000000503624869
     53.2532539       0.0000000501731505
     53.3533516       0.0000000499849120
     53.4534531       0.0000000497976537
     53.5535545       0.0000000496115079
     53.6536522       0.0000000494263907
     53.7537537       0.0000000492423544
     53.8538551       0.0000000490592038
     53.9539528       0.0000000488772145
     54.0540543       0.0000000486961746
     54.1541557       0.0000000485161796
     54.2542534       0.0000000483371209
     54.3543549       0.0000000481590960
     54.4544525       0.0000000479820616
     54.5545540       0.0000000478060052
     54.6546555       0.0000000476308262
     54.7547531       0.0000000474567398
     54.8548546       0.0000000472835356
     54.9549561       0.0000000471112816
     55.0550537       0.0000000469399393
     55.1551552       0.0000000467695649
     55.2552567       0.0000000466001028
     55.3553543       0.0000000464315924
     55.4554558       0.0000000462639694
     55.5555573       0.0000000460972413
     55.6556549       0.0000000459314425
     55.7557564       0.0000000457665354
     55.8558540       0.0000000456024884
     55.9559555       0.0000000454393586
     56.0560570       0.0000000452770833
     56.1561546       0.0000000451157153
     56.2562561       0.0000000449551338
     56.3563576       0.0000000447954014
     56.4564552       0.0000000446366065
     56.5565567       0.0000000444785532
     56.6566582       0.0000000443214458
     56.7567558       0.0000000441650900
     56.8568573       0.0000000440095607
     56.9569588       0.0000000438549007
     57.0570564       0.0000000437010083
     57.1571579       0.0000000435480158
     57.2572556       0.0000000433956980
     57.3573570       0.0000000432442300
     57.4574585       0.0000000430935644
     57.5575562       0.0000000429436974
     57.6576576       0.0000000427946194
     57.7577591       0.0000000426462692
     57.8578568       0.0000000424986942
     57.9579582       0.0000000423519157
     58.0580597       0.0000000422058913
     58.1581573       0.0000000420606283
     58.2582588       0.0000000419161123
     58.3583565       0.0000000417722827
     58.4584579       0.0000000416292368
     58.5585594       0.0000000414869481
     58.6586571       0.0000000413453371
     58.7587585       0.0000000412045042
     58.8588600       0.0000000410643764
     58.9589577       0.0000000409248893
     59.0590591       0.0000000407862061
     59.1591606       0.0000000406481931
     59.2592583       0.0000000405108826
     59.3593597       0.0000000403742418
     59.4594612       0.0000000402383293
     59.5595589       0.0000000401030667
     59.6596603       0.0000000399685203
     59.7597580       0.0000000398346425
     59.8598595       0.0000000397013966
     59.9599609       0.0000000395688761
     60.0600586       0.0000000394369908
     60.1601601       0.0000000393057561
     60.2602615       0.0000000391751868
     60.3603592       0.0000000390452689
     60.4604607       0.0000000389159767
     60.5605621       0.0000000387873508
     60.6606598       0.0000000386593653
     60.7607613       0.0000000385319757
     60.8608627       0.0000000384052183
     60.9609604       0.0000000382791419
     61.0610619       0.0000000381536180
     61.1611595       0.0000000380287686
     61.2612610       0.0000000379045112
     61.3613625       0.0000000377808673
     61.4614601       0.0000000376577795
     61.5615616       0.0000000375353111
     61.6616631       0.0000000374134765
     61.7617607       0.0000000372922198
     61.8618622       0.0000000371715330
     61.9619637       0.0000000370514349
     62.0620613       0.0000000369319464
     62.1621628       0.0000000368130402
     62.2622604       0.0000000366946161
     62.3623619       0.0000000365768852
     62.4624634       0.0000000364596314
     62.5625610       0.0000000363429850
     62.6626625       0.0000000362268561
     62.7627640       0.0000000361113596
     62.8628616       0.0000000359963353
     62.9629631       0.0000000358819039
     63.0630646       0.0000000357680046
     63.1631622       0.0000000356546740
     63.2632637       0.0000000355418334
     63.3633652       0.0000000354295545
     63.4634628       0.0000000353177978
     63.5635643       0.0000000352065899
     63.6636620       0.0000000350958697
     63.7637634       0.0000000349856869
     63.8638649       0.0000000348760141
     63.9639626       0.0000000347668723
     64.0640640       0.0000000346582780
     64.1641617       0.0000000345501481
     64.2642670       0.0000000344424840
     64.3643646       0.0000000343353827
     64.4644623       0.0000000342287780
     64.5645676       0.0000000341226506
     64.6646652       0.0000000340170108
     64.7647629       0.0000000339118899
     64.8648682       0.0000000338072259
     64.9649658       0.0000000337030677
     65.0650635       0.0000000335993797
     65.1651688       0.0000000334961402
     65.2652664       0.0000000333934162
     65.3653641       0.0000000332911703
     65.4654617       0.0000000331893622
     65.5655670       0.0000000330880315
     65.6656647       0.0000000329871760
     65.7657623       0.0000000328867870
     65.8658676       0.0000000327868094
     65.9659653       0.0000000326873260
     66.0660629       0.0000000325883030
     66.1661682       0.0000000324897176
     66.2662659       0.0000000323915524
     66.3663635       0.0000000322938684
     66.4664688       0.0000000321966229
     66.5665665       0.0000000320997784
     66.6666641       0.0000000320033912
     66.7667694       0.0000000319074447
     66.8668671       0.0000000318119075
     66.9669647       0.0000000317168605
     67.0670700       0.0000000316221719
     67.1671677       0.0000000315279353
     67.2672653       0.0000000314341368
     67.3673706       0.0000000313407118
     67.4674683       0.0000000312477475
     67.5675659       0.0000000311551799
     67.6676712       0.0000000310630210
     67.7677689       0.0000000309712493
     67.8678665       0.0000000308798815
     67.9679642       0.0000000307889520
     68.0680695       0.0000000306984009
     68.1681671       0.0000000306082733
     68.2682648       0.0000000305185242
     68.3683701       0.0000000304291746
     68.4684677       0.0000000303402036
     68.5685654       0.0000000302516227
     68.6686707       0.0000000301634723
     68.7687683       0.0000000300756510
     68.8688660       0.0000000299882425
     68.9689713       0.0000000299012003
     69.0690689       0.0000000298145595
     69.1691666       0.0000000297282647
     69.2692719       0.0000000296423649
     69.3693695       0.0000000295568335
     69.4694672       0.0000000294716563
     69.5695724       0.0000000293868444
     69.6696701       0.0000000293024320
     69.7697678       0.0000000292183722
     69.8698730       0.0000000291346529
     69.9699707       0.0000000290512882
     70.0700684       0.0000000289683470
     70.1701736       0.0000000288856909
     70.2702713       0.0000000288033940
     70.3703690       0.0000000287214651
     70.4704742       0.0000000286398645
     70.5705719       0.0000000285586592
     70.6706696       0.0000000284777581
     70.7707672       0.0000000283972186
     70.8708725       0.0000000283170149
     70.9709702       0.0000000282371457
     71.0710678       0.0000000281576124
     71.1711731       0.0000000280784249
     71.2712708       0.0000000279995598
     71.3713684       0.0000000279210469
     71.4714737       0.0000000278428572
     71.5715714       0.0000000277649897
     71.6716690       0.0000000276874440
     71.7717743       0.0000000276102114
     71.8718719       0.0000000275333053
     71.9719696       0.0000000274567472
     72.0720749       0.0000000273804929
     72.1721725       0.0000000273045520
     72.2722702       0.0000000272289432
     72.3723755       0.0000000271536107
     72.4724731       0.0000000270786261
     72.5725708       0.0000000270039393
     72.6726761       0.0000000269295508
     72.7727737       0.0000000268554650
     72.8728714       0.0000000267817111
     72.9729767       0.0000000267082441
     73.0730743       0.0000000266350865
     73.1731720       0.0000000265622303
     73.2732697       0.0000000264897010
     73.3733749       0.0000000264174083
     73.4734726       0.0000000263454314
     73.5735703       0.0000000262737765
     73.6736755       0.0000000262023839
     73.7737732       0.0000000261312616
     73.8738708       0.0000000260604690
     73.9739761       0.0000000259899699
     74.0740738       0.0000000259197490
     74.1741714       0.0000000258497923
     74.2742767       0.0000000257801213
     74.3743744       0.0000000257107565
     74.4744720       0.0000000256416528
     74.5745773       0.0000000255728255
     74.6746750       0.0000000255042583
     74.7747726       0.0000000254359995
     74.8748779       0.0000000253680172
     74.9749756       0.0000000253002826
     75.0750732       0.0000000252328230
     75.1751785       0.0000000251656411
     75.2752762       0.0000000250987190
     75.3753738       0.0000000250320434
     75.4754791       0.0000000249656840
     75.5755768       0.0000000248995589
     75.6756744       0.0000000248336790
     75.7757721       0.0000000247680895
     75.8758774       0.0000000247027711
     75.9759750       0.0000000246376948
     76.0760727       0.0000000245728731
     76.1761780       0.0000000245082798
     76.2762756       0.0000000244439677
     76.3763733       0.0000000243799105
     76.4764786       0.0000000243161016
     76.5765762       0.0000000242525491
     76.6766739       0.0000000241892221
     76.7767792       0.0000000241261619
     76.8768768       0.0000000240633535
     76.9769745       0.0000000240008019
     77.0770798       0.0000000239384550
     77.1771774       0.0000000238763681
     77.2772751       0.0000000238145465
     77.3773804       0.0000000237529183
     77.4774780       0.0000000236915522
     77.5775757       0.0000000236304125
     77.6776810       0.0000000235695328
     77.7777786       0.0000000235088540
     77.8778763       0.0000000234484480
     77.9779816       0.0000000233882656
     78.0780792       0.0000000233283240
     78.1781769       0.0000000232685912
     78.2782745       0.0000000232090838
     78.3783798       0.0000000231497950
     78.4784775       0.0000000230907458
     78.5785751       0.0000000230319470
     78.6786804       0.0000000229733654
     78.7787781       0.0000000229149946
     78.8788757       0.0000000228568444
     78.9789810       0.0000000227989101
     79.0790787       0.0000000227412025
     79.1791763       0.0000000226837152
     79.2792816       0.0000000226264500
     79.3793793       0.0000000225693961
     79.4794769       0.0000000225125595
     79.5795822       0.0000000224559356
     79.6796799       0.0000000223995027
     79.7797775       0.0000000223433212
     79.8798828       0.0000000222873307
     79.9799805       0.0000000222315394
     80.0800781       0.0000000221759758
     80.1801834       0.0000000221206065
     80.2802811       0.0000000220654606
     80.3803787       0.0000000220105223
     80.4804840       0.0000000219557709
     80.5805817       0.0000000219012411
     80.6806793       0.0000000218469266
     80.7807770       0.0000000217927825
     80.8808823       0.0000000217388548
     80.9809799       0.0000000216851128
     81.0810776       0.0000000216315680
     81.1811829       0.0000000215782512
     81.2812805       0.0000000215251124
     81.3813782       0.0000000214721636
     81.4814835       0.0000000214194230
     81.5815811       0.0000000213668756
     81.6816788       0.0000000213145072
     81.7817841       0.0000000212623297
     81.8818817       0.0000000212103462
     81.9819794       0.0000000211585653
     82.0820847       0.0000000211069879
     82.1821823       0.0000000210555786
     82.2822800       0.0000000210043523
     82.3823853       0.0000000209533223
     82.4824829       0.0000000209024731
     82.5825806       0.0000000208518054
     82.6826859       0.0000000208013323
     82.7827835       0.0000000207510426
     82.8828812       0.0000000207009304
     82.9829865       0.0000000206510017
     83.0830841       0.0000000206012509
     83.1831818       0.0000000205516670
     83.2832794       0.0000000205022651
     83.3833847       0.0000000204530561
     83.4834824       0.0000000204040302
     83.5835800       0.0000000203551471
     83.6836853       0.0000000203064899
     83.7837830       0.0000000202579590
     83.8838806       0.0000000202096324
     83.9839859       0.0000000201614667
     84.0840836       0.0000000201134558
     84.1841812       0.0000000200656471
     84.2842865       0.0000000200180074
     84.3843842       0.0000000199705179
     84.4844818       0.0000000199231922
     84.5845871       0.0000000198760563
     84.6846848       0.0000000198290834
     84.7847824       0.0000000197822665
     84.8848877       0.0000000197356045
     84.9849854       0.0000000196891293
     85.0850830       0.0000000196428086
     85.1851883       0.0000000195966573
     85.2852859       0.0000000195506746
     85.3853836       0.0000000195048333
     85.4854889       0.0000000194591760
     85.5855865       0.0000000194136599
     85.6856842       0.0000000193683362
     85.7857895       0.0000000193231332
     85.8858871       0.0000000192780918
     85.9859848       0.0000000192332157
     86.0860825       0.0000000191884906
     86.1861877       0.0000000191439352
     86.2862854       0.0000000190995383
     86.3863831       0.0000000190552776
     86.4864883       0.0000000190111571
     86.5865860       0.0000000189672230
     86.6866837       0.0000000189234412
     86.7867889       0.0000000188797864
     86.8868866       0.0000000188362918
     86.9869843       0.0000000187929513
     87.0870895       0.0000000187497600
     87.1871872       0.0000000187066933
     87.2872849       0.0000000186638025
     87.3873901       0.0000000186210543
     87.4874878       0.0000000185784767
     87.5875854       0.0000000185360008
     87.6876907       0.0000000184937096
     87.7877884       0.0000000184515338
     87.8878860       0.0000000184095197
     87.9879913       0.0000000183676345
     88.0880890       0.0000000183258833
     88.1881866       0.0000000182842950
     88.2882919       0.0000000182428590
     88.3883896       0.0000000182015485
     88.4884872       0.0000000181603655
     88.5885849       0.0000000181193322
     88.6886902       0.0000000180784479
     88.7887878       0.0000000180376964
     88.8888855       0.0000000179970779
     88.9889908       0.0000000179565882
     89.0890884       0.0000000179162470
     89.1891861       0.0000000178760489
     89.2892914       0.0000000178359599
     89.3893890       0.0000000177960337
     89.4894867       0.0000000177562242
     89.5895920       0.0000000177165716
     89.6896896       0.0000000176770367
     89.7897873       0.0000000176376260
     89.8898926       0.0000000175983642
     89.9899902       0.0000000175592155
     90.0900879       0.0000000175201999
     90.1901932       0.0000000174813196
     90.2902908       0.0000000174425567
     90.3903885       0.0000000174039296
     90.4904938       0.0000000173654428
     90.5905914       0.0000000173270741
     90.6906891       0.0000000172888292
     90.7907944       0.0000000172507079
     90.8908920       0.0000000172127177
     90.9909897       0.0000000171748534
     91.0910873       0.0000000171371291
     91.1911926       0.0000000170995106
     91.2912903       0.0000000170620190
     91.3913879       0.0000000170246511
     91.4914932       0.0000000169873942
     91.5915909       0.0000000169502707
     91.6916885       0.0000000169132855
     91.7917938       0.0000000168763855
     91.8918915       0.0000000168396430
     91.9919891       0.0000000168029996
     92.0920944       0.0000000167664760
     92.1921921       0.0000000167300745
     92.2922897       0.0000000166937937
     92.3923950       0.0000000166576303
     92.4924927       0.0000000166215844
     92.5925903       0.0000000165856529
     92.6926956       0.0000000165498404
     92.7927933       0.0000000165141438
     92.8928909       0.0000000164785568
     92.9929962       0.0000000164430890
     93.0930939       0.0000000164077370
     93.1931915       0.0000000163724994
     93.2932968       0.0000000163373589
     93.3933945       0.0000000163023516
     93.4934921       0.0000000162674539
     93.5935898       0.0000000162326690
     93.6936951       0.0000000161979937
     93.7937927       0.0000000161634251
     93.8938904       0.0000000161289651
     93.9939957       0.0000000160946220
     94.0940933       0.0000000160603916
     94.1941910       0.0000000160262556
     94.2942963       0.0000000159922290
     94.3943939       0.0000000159583245
     94.4944916       0.0000000159245160
     94.5945969       0.0000000158908230
     94.6946945       0.0000000158572488
     94.7947922       0.0000000158237508
     94.8948975       0.0000000157903773
     94.9949951       0.0000000157571082
     95.0950928       0.0000000157239628
     95.1951981       0.0000000156908848
     95.2952957       0.0000000156579359
     95.3953934       0.0000000156250845
     95.4954987       0.0000000155923376
     95.5955963       0.0000000155596797
     95.6956940       0.0000000155271478
     95.7957993       0.0000000154946979
     95.8958969       0.0000000154623646
     95.9959946       0.0000000154301111
     96.0960999       0.0000000153979653
     96.1961975       0.0000000153659440
     96.2962952       0.0000000153340061
     96.3963928       0.0000000153021611
     96.4964981       0.0000000152704190
     96.5965958       0.0000000152387820
     96.6966934       0.0000000152072396
     96.7967987       0.0000000151757880
     96.8968964       0.0000000151444352
     96.9969940       0.0000000151131811
     97.0970993       0.0000000150820370
     97.1971970       0.0000000150509732
     97.2972946       0.0000000150200059
     97.3973999       0.0000000149891358
     97.4974976       0.0000000149583818
     97.5975952       0.0000000149276926
     97.6977005       0.0000000148971062
     97.7977982       0.0000000148666138
     97.8978958       0.0000000148362303
     97.9980011       0.0000000148059244
     98.0980988       0.0000000147757126
     98.1981964       0.0000000147455978
     98.2983017       0.0000000147155693
     98.3983994       0.0000000146856349
     98.4984970       0.0000000146557905
     98.5986023       0.0000000146260503
     98.6987000       0.0000000145963901
     98.7987976       0.0000000145668169
     98.8988953       0.0000000145373354
     98.9990005       0.0000000145079625
     99.0990982       0.0000000144786581
     99.1991959       0.0000000144494300
     99.2993011       0.0000000144203150
     99.3993988       0.0000000143912793
     99.4994965       0.0000000143623292
     99.5996017       0.0000000143334637
     99.6996994       0.0000000143046730
     99.7997971       0.0000000142759999
     99.8999023       0.0000000142473801
    100.0000000       0.0000000142188642
