# x		H(x,a)
      0.0000000       1.0000000000000000
      0.1001001       0.9900299906730652
      0.2002002       0.9607124924659729
      0.3003003       0.9137664437294006
      0.4004004       0.8518707156181335
      0.5005005       0.7784109115600586
      0.6006006       0.6971734166145325
      0.7007007       0.6120254397392273
      0.8008008       0.5266169309616089
      0.9009009       0.4441368877887726
      1.0010010       0.3671511250879698
      1.1011012       0.2974974558082003
      1.2012012       0.2362799978296466
      1.3013012       0.1839392347774725
      1.4014014       0.1403543013425588
      1.5015016       0.1049743440627939
      1.6016016       0.0769573978145988
      1.7017016       0.0553009712110310
      1.8018018       0.0389527638895887
      1.9019020       0.0268954892344616
      2.0020020       0.0182043475312873
      2.1021020       0.0120796232536070
      2.2022023       0.0078588359429644
      2.3023024       0.0050137373446976
      2.4024024       0.0031374521340689
      2.5025024       0.0019266033661363
      2.6026025       0.0011617685885052
      2.7027028       0.0006887880365498
      2.8028028       0.0004023361059281
      2.9029028       0.0002323602595646
      3.0030031       0.0001334744336703
      3.1031032       0.0000770141515222
      3.2032032       0.0000453208345766
      3.3033032       0.0000277784490617
      3.4034033       0.0000181558417373
      3.5035036       0.0000128799931951
      3.6036036       0.0000099484559881
      3.7037036       0.0000082634414791
      3.8038039       0.0000072356915459
      3.9039040       0.0000065549823071
      4.0040040       0.0000060606973078
      4.1041040       0.0000056706801497
      4.2042041       0.0000053430713802
      4.3043041       0.0000050563306300
      4.4044046       0.0000047990478854
      4.5045047       0.0000045647954766
      4.6046047       0.0000043496390883
      4.7047048       0.0000041509156031
      4.8048048       0.0000039666534149
      4.9049048       0.0000037952836652
      5.0050049       0.0000036354976068
      5.1051049       0.0000034861788297
      5.2052050       0.0000033463602538
      5.3053055       0.0000032151928168
      5.4054055       0.0000030919237504
      5.5055056       0.0000029758932586
      5.6056056       0.0000028665124898
      5.7057056       0.0000027632413253
      5.8058057       0.0000026656176553
      5.9059057       0.0000025732130744
      6.0060062       0.0000024856378804
      6.1061063       0.0000024025565542
      6.2062063       0.0000023236482641
      6.3063064       0.0000022486279300
      6.4064064       0.0000021772336425
      6.5065064       0.0000021092299351
      6.6066065       0.0000020443985361
      6.7067065       0.0000019825398420
      6.8068066       0.0000019234708776
      6.9069071       0.0000018670195528
      7.0070071       0.0000018130327717
      7.1071072       0.0000017613694908
      7.2072072       0.0000017118919338
      7.3073072       0.0000016644752043
      7.4074073       0.0000016190115746
      7.5075073       0.0000015753867398
      7.6076078       0.0000015335063928
      7.7077079       0.0000014932760737
      7.8078079       0.0000014546101516
      7.9079080       0.0000014174271560
      8.0080080       0.0000013816526202
      8.1081085       0.0000013472166333
      8.2082081       0.0000013140511919
      8.3083086       0.0000012820954919
      8.4084082       0.0000012512911674
      8.5085087       0.0000012215814894
      8.6086082       0.0000011929192432
      8.7087088       0.0000011652519115
      8.8088093       0.0000011385351645
      8.9089088       0.0000011127258391
      9.0090094       0.0000010877831157
      9.1091089       0.0000010636698131
      9.2092094       0.0000010403480284
      9.3093090       0.0000010177835896
      9.4094095       0.0000009959448543
      9.5095091       0.0000009748011784
      9.6096096       0.0000009543238930
      9.7097101       0.0000009344835366
      9.8098097       0.0000009152547517
      9.9099102       0.0000008966140585
     10.0100098       0.0000008785349020
     10.1101103       0.0000008609962986
     10.2102098       0.0000008439789425
     10.3103104       0.0000008274598341
     10.4104099       0.0000008114216058
     10.5105104       0.0000007958437109
     10.6106110       0.0000007807108458
     10.7107105       0.0000007660046729
     10.8108110       0.0000007517094250
     10.9109106       0.0000007378105759
     11.0110111       0.0000007242938263
     11.1111107       0.0000007111448592
     11.2112112       0.0000006983507949
     11.3113117       0.0000006858989872
     11.4114113       0.0000006737771832
     11.5115118       0.0000006619734027
     11.6116114       0.0000006504764644
     11.7117119       0.0000006392774565
     11.8118114       0.0000006283648396
     11.9119120       0.0000006177290192
     12.0120125       0.0000006073613476
     12.1121120       0.0000005972518427
     12.2122126       0.0000005873937893
     12.3123121       0.0000005777772162
     12.4124126       0.0000005683948711
     12.5125122       0.0000005592394436
     12.6126127       0.0000005503033304
     12.7127123       0.0000005415799228
     12.8128128       0.0000005330627046
     12.9129133       0.0000005247445770
     13.0130129       0.0000005166196993
     13.1131134       0.0000005086816228
     13.2132130       0.0000005009256146
     13.3133135       0.0000004933455947
     13.4134130       0.0000004859374700
     13.5135136       0.0000004786936761
     13.6136131       0.0000004716113354
     13.7137136       0.0000004646852979
     13.8138142       0.0000004579106896
     13.9139137       0.0000004512825032
     14.0140142       0.0000004447981072
     14.1141138       0.0000004384528227
     14.2142143       0.0000004322419270
     14.3143139       0.0000004261619222
     14.4144144       0.0000004202096797
     14.5145149       0.0000004143815730
     14.6146145       0.0000004086738833
     14.7147150       0.0000004030836256
     14.8148146       0.0000003976070931
     14.9149151       0.0000003922411765
     15.0150146       0.0000003869841412
     15.1151152       0.0000003818310771
     15.2152157       0.0000003767811579
     15.3153152       0.0000003718306539
     15.4154158       0.0000003669770648
     15.5155153       0.0000003622180585
     15.6156158       0.0000003575509234
     15.7157154       0.0000003529740933
     15.8158159       0.0000003484842620
     15.9159155       0.0000003440795272
     16.0160160       0.0000003397578461
     16.1161156       0.0000003355175340
     16.2162170       0.0000003313559282
     16.3163166       0.0000003272714435
     16.4164162       0.0000003232616852
     16.5165157       0.0000003193258905
     16.6166172       0.0000003154611596
     16.7167168       0.0000003116663014
     16.8168163       0.0000003079397801
     16.9169178       0.0000003042797400
     17.0170174       0.0000003006845414
     17.1171169       0.0000002971527095
     17.2172165       0.0000002936829813
     17.3173180       0.0000002902733561
     17.4174175       0.0000002869232123
     17.5175171       0.0000002836308751
     17.6176186       0.0000002803944877
     17.7177181       0.0000002772136048
     17.8178177       0.0000002740866296
     17.9179173       0.0000002710120858
     18.0180187       0.0000002679889962
     18.1181183       0.0000002650166447
     18.2182178       0.0000002620933067
     18.3183174       0.0000002592183265
     18.4184189       0.0000002563901366
     18.5185184       0.0000002536079838
     18.6186180       0.0000002508710444
     18.7187195       0.0000002481785630
     18.8188190       0.0000002455288081
     18.9189186       0.0000002429214116
     19.0190182       0.0000002403552440
     19.1191196       0.0000002378298607
     19.2192192       0.0000002353440359
     19.3193188       0.0000002328968383
     19.4194202       0.0000002304879027
     19.5195198       0.0000002281162112
     19.6196194       0.0000002257809201
     19.7197189       0.0000002234810891
     19.8198204       0.0000002212163495
     19.9199200       0.0000002189862369
     20.0200195       0.0000002167894367
     20.1201210       0.0000002146254023
     20.2202206       0.0000002124939569
     20.3203201       0.0000002103939964
     20.4204197       0.0000002083251054
     20.5205212       0.0000002062866318
     20.6206207       0.0000002042777624
     20.7207203       0.0000002022984010
     20.8208199       0.0000002003474606
     20.9209213       0.0000001984249486
     21.0210209       0.0000001965299007
     21.1211205       0.0000001946616926
     21.2212219       0.0000001928200822
     21.3213215       0.0000001910045921
     21.4214211       0.0000001892145783
     21.5215206       0.0000001874499215
     21.6216221       0.0000001857096134
     21.7217216       0.0000001839935573
     21.8218212       0.0000001823008830
     21.9219227       0.0000001806317490
     22.0220222       0.0000001789856149
     22.1221218       0.0000001773616251
     22.2222214       0.0000001757598612
     22.3223228       0.0000001741796315
     22.4224224       0.0000001726205015
     22.5225220       0.0000001710824252
     22.6226234       0.0000001695647852
     22.7227230       0.0000001680672392
     22.8228226       0.0000001665895397
     22.9229221       0.0000001651311663
     23.0230236       0.0000001636918919
     23.1231232       0.0000001622715334
     23.2232227       0.0000001608695150
     23.3233242       0.0000001594854289
     23.4234238       0.0000001581192338
     23.5235233       0.0000001567707337
     23.6236229       0.0000001554392128
     23.7237244       0.0000001541247921
     23.8238239       0.0000001528268483
     23.9239235       0.0000001515452709
     24.0240250       0.0000001502796019
     24.1241245       0.0000001490300520
     24.2242241       0.0000001477957778
     24.3243237       0.0000001465768961
     24.4244251       0.0000001453729459
     24.5245247       0.0000001441839588
     24.6246243       0.0000001430094904
     24.7247238       0.0000001418491867
     24.8248253       0.0000001407031672
     24.9249249       0.0000001395707460
     25.0250244       0.0000001384520984
     25.1251259       0.0000001373468348
     25.2252254       0.0000001362548475
     25.3253250       0.0000001351758331
     25.4254246       0.0000001341093741
     25.5255260       0.0000001330557112
     25.6256256       0.0000001320143194
     25.7257252       0.0000001309851840
     25.8258266       0.0000001299680614
     25.9259262       0.0000001289627594
     26.0260258       0.0000001279689603
     26.1261253       0.0000001269868236
     26.2262268       0.0000001260158074
     26.3263264       0.0000001250558382
     26.4264259       0.0000001241069193
     26.5265274       0.0000001231686195
     26.6266270       0.0000001222411693
     26.7267265       0.0000001213240489
     26.8268261       0.0000001204172243
     26.9269276       0.0000001195205586
     27.0270271       0.0000001186337945
     27.1271267       0.0000001177569540
     27.2272263       0.0000001168897834
     27.3273277       0.0000001160321725
     27.4274273       0.0000001151840421
     27.5275269       0.0000001143450946
     27.6276283       0.0000001135152416
     27.7277279       0.0000001126945224
     27.8278275       0.0000001118826015
     27.9279270       0.0000001110794082
     28.0280285       0.0000001102849351
     28.1281281       0.0000001094988031
     28.2282276       0.0000001087213204
     28.3283291       0.0000001079518071
     28.4284286       0.0000001071906421
     28.5285282       0.0000001064373846
     28.6286278       0.0000001056921300
     28.7287292       0.0000001049546189
     28.8288288       0.0000001042248300
     28.9289284       0.0000001035026538
     29.0290298       0.0000001027879033
     29.1291294       0.0000001020805932
     29.2292290       0.0000001013805436
     29.3293285       0.0000001006877663
     29.4294300       0.0000001000019960
     29.5295296       0.0000000993231660
     29.6296291       0.0000000986512555
     29.7297306       0.0000000979861586
     29.8298302       0.0000000973277112
     29.9299297       0.0000000966759620
     30.0300293       0.0000000960308039
     30.1301308       0.0000000953918696
     30.2302303       0.0000000947595021
     30.3303299       0.0000000941333076
     30.4304314       0.0000000935133793
     30.5305309       0.0000000928995011
     30.6306305       0.0000000922916309
     30.7307301       0.0000000916897968
     30.8308315       0.0000000910937615
     30.9309311       0.0000000905035327
     31.0310307       0.0000000899190894
     31.1311302       0.0000000893401999
     31.2312317       0.0000000887669371
     31.3313313       0.0000000881992166
     31.4314308       0.0000000876368277
     31.5315323       0.0000000870798710
     31.6316319       0.0000000865282273
     31.7317314       0.0000000859817230
     31.8318310       0.0000000854405083
     31.9319324       0.0000000849042103
     32.0320320       0.0000000843730899
     32.1321335       0.0000000838470438
     32.2322311       0.0000000833257176
     32.3323326       0.0000000828093291
     32.4324341       0.0000000822976537
     32.5325317       0.0000000817908051
     32.6326332       0.0000000812885832
     32.7327309       0.0000000807909238
     32.8328323       0.0000000802978706
     32.9329338       0.0000000798093029
     33.0330315       0.0000000793251939
     33.1331329       0.0000000788454902
     33.2332344       0.0000000783702326
     33.3333321       0.0000000778991471
     33.4334335       0.0000000774322813
     33.5335350       0.0000000769696334
     33.6336327       0.0000000765110780
     33.7337341       0.0000000760566347
     33.8338356       0.0000000756062951
     33.9339333       0.0000000751598716
     34.0340347       0.0000000747174018
     34.1341324       0.0000000742789599
     34.2342339       0.0000000738442021
     34.3343353       0.0000000734132384
     34.4344330       0.0000000729861518
     34.5345345       0.0000000725627339
     34.6346359       0.0000000721429745
     34.7347336       0.0000000717269515
     34.8348351       0.0000000713144033
     34.9349365       0.0000000709054456
     35.0350342       0.0000000704999949
     35.1351357       0.0000000700980186
     35.2352371       0.0000000696994137
     35.3353348       0.0000000693042836
     35.4354362       0.0000000689124831
     35.5355339       0.0000000685240225
     35.6356354       0.0000000681387524
     35.7357368       0.0000000677568411
     35.8358345       0.0000000673780882
     35.9359360       0.0000000670024663
     36.0360374       0.0000000666299888
     36.1361351       0.0000000662606239
     36.2362366       0.0000000658943610
     36.3363380       0.0000000655310523
     36.4364357       0.0000000651707607
     36.5365372       0.0000000648134439
     36.6366348       0.0000000644590721
     36.7367363       0.0000000641076360
     36.8368378       0.0000000637590227
     36.9369354       0.0000000634132584
     37.0370369       0.0000000630702358
     37.1371384       0.0000000627300851
     37.2372360       0.0000000623926893
     37.3373375       0.0000000620578835
     37.4374390       0.0000000617258806
     37.5375366       0.0000000613965229
     37.6376381       0.0000000610697200
     37.7377396       0.0000000607455683
     37.8378372       0.0000000604241059
     37.9379387       0.0000000601050009
     38.0380363       0.0000000597885266
     38.1381378       0.0000000594745280
     38.2382393       0.0000000591629776
     38.3383369       0.0000000588538926
     38.4384384       0.0000000585472620
     38.5385399       0.0000000582429668
     38.6386375       0.0000000579410117
     38.7387390       0.0000000576414914
     38.8388405       0.0000000573441980
     38.9389381       0.0000000570492200
     39.0390396       0.0000000567565539
     39.1391373       0.0000000564660744
     39.2392387       0.0000000561779186
     39.3393402       0.0000000558919109
     39.4394379       0.0000000556080582
     39.5395393       0.0000000553263573
     39.6396408       0.0000000550468045
     39.7397385       0.0000000547693500
     39.8398399       0.0000000544941034
     39.9399414       0.0000000542208016
     40.0400391       0.0000000539496277
     40.1401405       0.0000000536803884
     40.2402420       0.0000000534132564
     40.3403397       0.0000000531480776
     40.4404411       0.0000000528848417
     40.5405388       0.0000000526235969
     40.6406403       0.0000000523642683
     40.7407417       0.0000000521068630
     40.8408394       0.0000000518513907
     40.9409409       0.0000000515977428
     41.0410423       0.0000000513459481
     41.1411400       0.0000000510960227
     41.2412415       0.0000000508478527
     41.3413429       0.0000000506015702
     41.4414406       0.0000000503570445
     41.5415421       0.0000000501142536
     41.6416397       0.0000000498732290
     41.7417412       0.0000000496339903
     41.8418427       0.0000000493964089
     41.9419403       0.0000000491605362
     42.0420418       0.0000000489264030
     42.1421432       0.0000000486939092
     42.2422409       0.0000000484630227
     42.3423424       0.0000000482338499
     42.4424438       0.0000000480062416
     42.5425415       0.0000000477802982
     42.6426430       0.0000000475558940
     42.7427444       0.0000000473330715
     42.8428421       0.0000000471118684
     42.9429436       0.0000000468921557
     43.0430412       0.0000000466739569
     43.1431427       0.0000000464573410
     43.2432442       0.0000000462421862
     43.3433418       0.0000000460285635
     43.4434433       0.0000000458163979
     43.5435448       0.0000000456056986
     43.6436424       0.0000000453964574
     43.7437439       0.0000000451885933
     43.8438454       0.0000000449822341
     43.9439430       0.0000000447772467
     44.0440445       0.0000000445736807
     44.1441460       0.0000000443714961
     44.2442436       0.0000000441706478
     44.3443451       0.0000000439711717
     44.4444427       0.0000000437731227
     44.5445442       0.0000000435763310
     44.6446457       0.0000000433808335
     44.7447433       0.0000000431867316
     44.8448448       0.0000000429938931
     44.9449463       0.0000000428023068
     45.0450439       0.0000000426120605
     45.1451454       0.0000000424231034
     45.2452469       0.0000000422353154
     45.3453445       0.0000000420488252
     45.4454460       0.0000000418635664
     45.5455437       0.0000000416794917
     45.6456451       0.0000000414966443
     45.7457466       0.0000000413150397
     45.8458443       0.0000000411345681
     45.9459457       0.0000000409553275
     46.0460472       0.0000000407772218
     46.1461449       0.0000000406002704
     46.2462463       0.0000000404244831
     46.3463478       0.0000000402498333
     46.4464455       0.0000000400763329
     46.5465469       0.0000000399039316
     46.6466484       0.0000000397326330
     46.7467461       0.0000000395624446
     46.8468475       0.0000000393933178
     46.9469452       0.0000000392253397
     47.0470467       0.0000000390584018
     47.1471481       0.0000000388925217
     47.2472458       0.0000000387276803
     47.3473473       0.0000000385639118
     47.4474487       0.0000000384011907
     47.5475464       0.0000000382394640
     47.6476479       0.0000000380787909
     47.7477493       0.0000000379190894
     47.8478470       0.0000000377604088
     47.9479485       0.0000000376027219
     48.0480499       0.0000000374460303
     48.1481476       0.0000000372903411
     48.2482491       0.0000000371355727
     48.3483467       0.0000000369817792
     48.4484482       0.0000000368289585
     48.5485497       0.0000000366770688
     48.6486473       0.0000000365261490
     48.7487488       0.0000000363761254
     48.8488503       0.0000000362270130
     48.9489479       0.0000000360788467
     49.0490494       0.0000000359315537
     49.1491508       0.0000000357851528
     49.2492485       0.0000000356397194
     49.3493500       0.0000000354951081
     49.4494476       0.0000000353514005
     49.5495491       0.0000000352085829
     49.6496506       0.0000000350665311
     49.7497482       0.0000000349254371
     49.8498497       0.0000000347851717
     49.9499512       0.0000000346457309
     50.0500488       0.0000000345071596
     50.1501503       0.0000000343693782
     50.2502518       0.0000000342324353
     50.3503494       0.0000000340963248
     50.4504509       0.0000000339610107
     50.5505524       0.0000000338265175
     50.6506500       0.0000000336927885
     50.7507515       0.0000000335598760
     50.8508492       0.0000000334277650
     50.9509506       0.0000000332964008
     51.0510521       0.0000000331658276
     51.1511497       0.0000000330360133
     51.2512512       0.0000000329069173
     51.3513527       0.0000000327786358
     51.4514503       0.0000000326510876
     51.5515518       0.0000000325242990
     51.6516533       0.0000000323982357
     51.7517509       0.0000000322728992
     51.8518524       0.0000000321482871
     51.9519501       0.0000000320243928
     52.0520515       0.0000000319011921
     52.1521530       0.0000000317787214
     52.2522507       0.0000000316569856
     52.3523521       0.0000000315359413
     52.4524536       0.0000000314155463
     52.5525513       0.0000000312958515
     52.6526527       0.0000000311768567
     52.7527542       0.0000000310585730
     52.8528519       0.0000000309409239
     52.9529533       0.0000000308239124
     53.0530548       0.0000000307076303
     53.1531525       0.0000000305919483
     53.2532539       0.0000000304769409
     53.3533516       0.0000000303625967
     53.4534531       0.0000000302488463
     53.5535545       0.0000000301357787
     53.6536522       0.0000000300233311
     53.7537537       0.0000000299115424
     53.8538551       0.0000000298002902
     53.9539528       0.0000000296897382
     54.0540543       0.0000000295797722
     54.1541557       0.0000000294704321
     54.2542534       0.0000000293616675
     54.3543549       0.0000000292535304
     54.4544525       0.0000000291459957
     54.5545540       0.0000000290390478
     54.6546555       0.0000000289326405
     54.7547531       0.0000000288268959
     54.8548546       0.0000000287216856
     54.9549561       0.0000000286170517
     55.0550537       0.0000000285129713
     55.1551552       0.0000000284094819
     55.2552567       0.0000000283065460
     55.3553543       0.0000000282041811
     55.4554558       0.0000000281023636
     55.5555573       0.0000000280010871
     55.6556549       0.0000000279003740
     55.7557564       0.0000000278002077
     55.8558540       0.0000000277005571
     55.9559555       0.0000000276014659
     56.0560570       0.0000000275028928
     56.1561546       0.0000000274048736
     56.2562561       0.0000000273073307
     56.3563576       0.0000000272103034
     56.4564552       0.0000000271138473
     56.5565567       0.0000000270178391
     56.6566582       0.0000000269224054
     56.7567558       0.0000000268274314
     56.8568573       0.0000000267329564
     56.9569588       0.0000000266390139
     57.0570564       0.0000000265455289
     57.1571579       0.0000000264525971
     57.2572556       0.0000000263600741
     57.3573570       0.0000000262680663
     57.4574585       0.0000000261765468
     57.5575562       0.0000000260855139
     57.6576576       0.0000000259949568
     57.7577591       0.0000000259048475
     57.8578568       0.0000000258152016
     57.9579582       0.0000000257260470
     58.0580597       0.0000000256373451
     58.1581573       0.0000000255491065
     58.2582588       0.0000000254613220
     58.3583565       0.0000000253739568
     58.4584579       0.0000000252870638
     58.5585594       0.0000000252006310
     58.6586571       0.0000000251146114
     58.7587585       0.0000000250290667
     58.8588600       0.0000000249439470
     58.9589577       0.0000000248592199
     59.0590591       0.0000000247749802
     59.1591606       0.0000000246911445
     59.2592583       0.0000000246077358
     59.3593597       0.0000000245247364
     59.4594612       0.0000000244421781
     59.5595589       0.0000000243600151
     59.6596603       0.0000000242782861
     59.7597580       0.0000000241969657
     59.8598595       0.0000000241160252
     59.9599609       0.0000000240355302
     60.0600586       0.0000000239554169
     60.1601601       0.0000000238757005
     60.2602615       0.0000000237963886
     60.3603592       0.0000000237174707
     60.4604607       0.0000000236389353
     60.5605621       0.0000000235608018
     60.6606598       0.0000000234830590
     60.7607613       0.0000000234056783
     60.8608627       0.0000000233286822
     60.9609604       0.0000000232520995
     61.0610619       0.0000000231758522
     61.1611595       0.0000000231000133
     61.2612610       0.0000000230245355
     61.3613625       0.0000000229494313
     61.4614601       0.0000000228746617
     61.5615616       0.0000000228002691
     61.6616631       0.0000000227262643
     61.7617607       0.0000000226526053
     61.8618622       0.0000000225792966
     61.9619637       0.0000000225063462
     62.0620613       0.0000000224337632
     62.1621628       0.0000000223615384
     62.2622604       0.0000000222896027
     62.3623619       0.0000000222180876
     62.4624634       0.0000000221468637
     62.5625610       0.0000000220760082
     62.6626625       0.0000000220054683
     62.7627640       0.0000000219353114
     62.8628616       0.0000000218654419
     62.9629631       0.0000000217959338
     63.0630646       0.0000000217267458
     63.1631622       0.0000000216579048
     63.2632637       0.0000000215893611
     63.3633652       0.0000000215211577
     63.4634628       0.0000000214532729
     63.5635643       0.0000000213857206
     63.6636620       0.0000000213184676
     63.7637634       0.0000000212515379
     63.8638649       0.0000000211849177
     63.9639626       0.0000000211186224
     64.0640640       0.0000000210526589
     64.1641617       0.0000000209869768
     64.2642670       0.0000000209215771
     64.3643646       0.0000000208565204
     64.4644623       0.0000000207917649
     64.5645676       0.0000000207273004
     64.6646652       0.0000000206631282
     64.7647629       0.0000000205992766
     64.8648682       0.0000000205356999
     64.9649658       0.0000000204724307
     65.0650635       0.0000000204094448
     65.1651688       0.0000000203467361
     65.2652664       0.0000000202843384
     65.3653641       0.0000000202222294
     65.4654617       0.0000000201603891
     65.5655670       0.0000000200988360
     65.6656647       0.0000000200375733
     65.7657623       0.0000000199765909
     65.8658676       0.0000000199158622
     65.9659653       0.0000000198554337
     66.0660629       0.0000000197952808
     66.1661682       0.0000000197353979
     66.2662659       0.0000000196757687
     66.3663635       0.0000000196164333
     66.4664688       0.0000000195573625
     66.5665665       0.0000000194985354
     66.6666641       0.0000000194399871
     66.7667694       0.0000000193817059
     66.8668671       0.0000000193236728
     66.9669647       0.0000000192659368
     67.0670700       0.0000000192084216
     67.1671677       0.0000000191511793
     67.2672653       0.0000000190942016
     67.3673706       0.0000000190374524
     67.4674683       0.0000000189809835
     67.5675659       0.0000000189247536
     67.6676712       0.0000000188687716
     67.7677689       0.0000000188130271
     67.8678665       0.0000000187575295
     67.9679642       0.0000000187022933
     68.0680695       0.0000000186472885
     68.1681671       0.0000000185925421
     68.2682648       0.0000000185380272
     68.3683701       0.0000000184837525
     68.4684677       0.0000000184297077
     68.5685654       0.0000000183759017
     68.6686707       0.0000000183223546
     68.7687683       0.0000000182690095
     68.8688660       0.0000000182159145
     68.9689713       0.0000000181630401
     69.0690689       0.0000000181104117
     69.1691666       0.0000000180579937
     69.2692719       0.0000000180058167
     69.3693695       0.0000000179538600
     69.4694672       0.0000000179021211
     69.5695724       0.0000000178506022
     69.6696701       0.0000000177993299
     69.7697678       0.0000000177482680
     69.8698730       0.0000000176974141
     69.9699707       0.0000000176467750
     70.0700684       0.0000000175963940
     70.1701736       0.0000000175461873
     70.2702713       0.0000000174961961
     70.3703690       0.0000000174464292
     70.4704742       0.0000000173968626
     70.5705719       0.0000000173475370
     70.6706696       0.0000000172983935
     70.7707672       0.0000000172494697
     70.8708725       0.0000000172007529
     70.9709702       0.0000000171522345
     71.0710678       0.0000000171039265
     71.1711731       0.0000000170558222
     71.2712708       0.0000000170079170
     71.3713684       0.0000000169602281
     71.4714737       0.0000000169127306
     71.5715714       0.0000000168654318
     71.6716690       0.0000000168183296
     71.7717743       0.0000000167714141
     71.8718719       0.0000000167246991
     71.9719696       0.0000000166781953
     72.0720749       0.0000000166318749
     72.1721725       0.0000000165857440
     72.2722702       0.0000000165398179
     72.3723755       0.0000000164940601
     72.4724731       0.0000000164485087
     72.5725708       0.0000000164031426
     72.6726761       0.0000000163579581
     72.7727737       0.0000000163129564
     72.8728714       0.0000000162681547
     72.9729767       0.0000000162235279
     73.0730743       0.0000000161790901
     73.1731720       0.0000000161348344
     73.2732697       0.0000000160907760
     73.3733749       0.0000000160468632
     73.4734726       0.0000000160031441
     73.5735703       0.0000000159596168
     73.6736755       0.0000000159162507
     73.7737732       0.0000000158730475
     73.8738708       0.0000000158300469
     73.9739761       0.0000000157872224
     74.0740738       0.0000000157445669
     74.1741714       0.0000000157020730
     74.2742767       0.0000000156597521
     74.3743744       0.0000000156176184
     74.4744720       0.0000000155756435
     74.5745773       0.0000000155338350
     74.6746750       0.0000000154921853
     74.7747726       0.0000000154507218
     74.8748779       0.0000000154094270
     74.9749756       0.0000000153682822
     75.0750732       0.0000000153273055
     75.1751785       0.0000000152864971
     75.2752762       0.0000000152458455
     75.3753738       0.0000000152053434
     75.4754791       0.0000000151650361
     75.5755768       0.0000000151248690
     75.6756744       0.0000000150848515
     75.7757721       0.0000000150450110
     75.8758774       0.0000000150053318
     75.9759750       0.0000000149658022
     76.0760727       0.0000000149264290
     76.1761780       0.0000000148871906
     76.2762756       0.0000000148481268
     76.3763733       0.0000000148092153
     76.4764786       0.0000000147704563
     76.5765762       0.0000000147318520
     76.6766739       0.0000000146933844
     76.7767792       0.0000000146550802
     76.8768768       0.0000000146169284
     76.9769745       0.0000000145789312
     77.0770798       0.0000000145410592
     77.1771774       0.0000000145033468
     77.2772751       0.0000000144657942
     77.3773804       0.0000000144283586
     77.4774780       0.0000000143910830
     77.5775757       0.0000000143539459
     77.6776810       0.0000000143169625
     77.7777786       0.0000000142801047
     77.8778763       0.0000000142434121
     77.9779816       0.0000000142068561
     78.0780792       0.0000000141704455
     78.1781769       0.0000000141341614
     78.2782745       0.0000000140980156
     78.3783798       0.0000000140620015
     78.4784775       0.0000000140261309
     78.5785751       0.0000000139904160
     78.6786804       0.0000000139548308
     78.7787781       0.0000000139193754
     78.8788757       0.0000000138840521
     78.9789810       0.0000000138488601
     79.0790787       0.0000000138138073
     79.1791763       0.0000000137788883
     79.2792816       0.0000000137441016
     79.3793793       0.0000000137094460
     79.4794769       0.0000000136749218
     79.5795822       0.0000000136405258
     79.6796799       0.0000000136062474
     79.7797775       0.0000000135721190
     79.8798828       0.0000000135381109
     79.9799805       0.0000000135042196
     80.0800781       0.0000000134704695
     80.1801834       0.0000000134368349
     80.2802811       0.0000000134033366
     80.3803787       0.0000000133699658
     80.4804840       0.0000000133367081
     80.5805817       0.0000000133035852
     80.6806793       0.0000000132705921
     80.7807770       0.0000000132377035
     80.8808823       0.0000000132049449
     80.9809799       0.0000000131723004
     81.0810776       0.0000000131397764
     81.1811829       0.0000000131073885
     81.2812805       0.0000000130751109
     81.3813782       0.0000000130429482
     81.4814835       0.0000000130109122
     81.5815811       0.0000000129789920
     81.6816788       0.0000000129471814
     81.7817841       0.0000000129154873
     81.8818817       0.0000000128839106
     81.9819794       0.0000000128524574
     82.0820847       0.0000000128211275
     82.1821823       0.0000000127898996
     82.2822800       0.0000000127587837
     82.3823853       0.0000000127277856
     82.4824829       0.0000000126968973
     82.5825806       0.0000000126661201
     82.6826859       0.0000000126354608
     82.7827835       0.0000000126049141
     82.8828812       0.0000000125744733
     82.9829865       0.0000000125441456
     83.0830841       0.0000000125139246
     83.1831818       0.0000000124838056
     83.2832794       0.0000000124537986
     83.3833847       0.0000000124239067
     83.4834824       0.0000000123941266
     83.5835800       0.0000000123644328
     83.6836853       0.0000000123348766
     83.7837830       0.0000000123053973
     83.8838806       0.0000000122760420
     83.9839859       0.0000000122467856
     84.0840836       0.0000000122176209
     84.1841812       0.0000000121885809
     84.2842865       0.0000000121596426
     84.3843842       0.0000000121307960
     84.4844818       0.0000000121020484
     84.5845871       0.0000000120734160
     84.6846848       0.0000000120448827
     84.7847824       0.0000000120164452
     84.8848877       0.0000000119881007
     84.9849854       0.0000000119598702
     85.0850830       0.0000000119317334
     85.1851883       0.0000000119036993
     85.2852859       0.0000000118757669
     85.3853836       0.0000000118479233
     85.4854889       0.0000000118201890
     85.5855865       0.0000000117925403
     85.6856842       0.0000000117650089
     85.7857895       0.0000000117375511
     85.8858871       0.0000000117101921
     85.9859848       0.0000000116829333
     86.0860825       0.0000000116557644
     86.1861877       0.0000000116287006
     86.2862854       0.0000000116017315
     86.3863831       0.0000000115748467
     86.4864883       0.0000000115480465
     86.5865860       0.0000000115213599
     86.6866837       0.0000000114947641
     86.7867889       0.0000000114682464
     86.8868866       0.0000000114418267
     86.9869843       0.0000000114155016
     87.0870895       0.0000000113892643
     87.1871872       0.0000000113631044
     87.2872849       0.0000000113370503
     87.3873901       0.0000000113110838
     87.4874878       0.0000000112852211
     87.5875854       0.0000000112594208
     87.6876907       0.0000000112337302
     87.7877884       0.0000000112081114
     87.8878860       0.0000000111825911
     87.9879913       0.0000000111571483
     88.0880890       0.0000000111317872
     88.1881866       0.0000000111065252
     88.2882919       0.0000000110813552
     88.3883896       0.0000000110562600
     88.4884872       0.0000000110312457
     88.5885849       0.0000000110063212
     88.6886902       0.0000000109814865
     88.7887878       0.0000000109567311
     88.8888855       0.0000000109320579
     88.9889908       0.0000000109074647
     89.0890884       0.0000000108829591
     89.1891861       0.0000000108585417
     89.2892914       0.0000000108341893
     89.3893890       0.0000000108099369
     89.4894867       0.0000000107857558
     89.5895920       0.0000000107616691
     89.6896896       0.0000000107376544
     89.7897873       0.0000000107137150
     89.8898926       0.0000000106898667
     89.9899902       0.0000000106660856
     90.0900879       0.0000000106423868
     90.1901932       0.0000000106187690
     90.2902908       0.0000000105952232
     90.3903885       0.0000000105717585
     90.4904938       0.0000000105483815
     90.5905914       0.0000000105250750
     90.6906891       0.0000000105018437
     90.7907944       0.0000000104786868
     90.8908920       0.0000000104556112
     90.9909897       0.0000000104326109
     91.0910873       0.0000000104096958
     91.1911926       0.0000000103868443
     91.2912903       0.0000000103640703
     91.3913879       0.0000000103413715
     91.4914932       0.0000000103187407
     91.5915909       0.0000000102961915
     91.6916885       0.0000000102737250
     91.7917938       0.0000000102513108
     91.8918915       0.0000000102289923
     91.9919891       0.0000000102067325
     92.0920944       0.0000000101845467
     92.1921921       0.0000000101624369
     92.2922897       0.0000000101403975
     92.3923950       0.0000000101184310
     92.4924927       0.0000000100965350
     92.5925903       0.0000000100747094
     92.6926956       0.0000000100529559
     92.7927933       0.0000000100312714
     92.8928909       0.0000000100096556
     92.9929962       0.0000000099881113
     93.0930939       0.0000000099666374
     93.1931915       0.0000000099452332
     93.2932968       0.0000000099238877
     93.3933945       0.0000000099026221
     93.4934921       0.0000000098814240
     93.5935898       0.0000000098602947
     93.6936951       0.0000000098392312
     93.7937927       0.0000000098182328
     93.8938904       0.0000000097973011
     93.9939957       0.0000000097764397
     94.0940933       0.0000000097556472
     94.1941910       0.0000000097349105
     94.2942963       0.0000000097142434
     94.3943939       0.0000000096936483
     94.4944916       0.0000000096731113
     94.5945969       0.0000000096526455
     94.6946945       0.0000000096322517
     94.7947922       0.0000000096119028
     94.8948975       0.0000000095916312
     94.9949951       0.0000000095714219
     95.0950928       0.0000000095512887
     95.1951981       0.0000000095311961
     95.2952957       0.0000000095111814
     95.3953934       0.0000000094912265
     95.4954987       0.0000000094713356
     95.5955963       0.0000000094514969
     95.6956940       0.0000000094317360
     95.7957993       0.0000000094120249
     95.8958969       0.0000000093923847
     95.9959946       0.0000000093727929
     96.0960999       0.0000000093532659
     96.1961975       0.0000000093338152
     96.2962952       0.0000000093144149
     96.3963928       0.0000000092950721
     96.4964981       0.0000000092757901
     96.5965958       0.0000000092565732
     96.6966934       0.0000000092374128
     96.7967987       0.0000000092183082
     96.8968964       0.0000000091992632
     96.9969940       0.0000000091802784
     97.0970993       0.0000000091613597
     97.1971970       0.0000000091424912
     97.2972946       0.0000000091236804
     97.3973999       0.0000000091049277
     97.4974976       0.0000000090862477
     97.5975952       0.0000000090676066
     97.6977005       0.0000000090490270
     97.7977982       0.0000000090305054
     97.8978958       0.0000000090120491
     97.9980011       0.0000000089936388
     98.0980988       0.0000000089752881
     98.1981964       0.0000000089569959
     98.2983017       0.0000000089387557
     98.3983994       0.0000000089205718
     98.4984970       0.0000000089024431
     98.5986023       0.0000000088843775
     98.6987000       0.0000000088663606
     98.7987976       0.0000000088483972
     98.8988953       0.0000000088304892
     98.9990005       0.0000000088126464
     99.0990982       0.0000000087948473
     99.1991959       0.0000000087770927
     99.2993011       0.0000000087594078
     99.3993988       0.0000000087417697
     99.4994965       0.0000000087241845
     99.5996017       0.0000000087066504
     99.6996994       0.0000000086891623
     99.7997971       0.0000000086717453
     99.8999023       0.0000000086543599
    100.0000000       0.0000000086370389
