# x		H(x,a)
      0.0000000       1.0000000000000000
      0.1001001       0.9900299906730652
      0.2002002       0.9607124924659729
      0.3003003       0.9137664437294006
      0.4004004       0.8518707156181335
      0.5005005       0.7784109115600586
      0.6006006       0.6971734166145325
      0.7007007       0.6120254397392273
      0.8008008       0.5266169309616089
      0.9009009       0.4441368877887726
      1.0010010       0.3671654718664463
      1.1011012       0.2975380691389745
      1.2012012       0.2363437653222524
      1.3013012       0.1840188286467822
      1.4014014       0.1404422804178621
      1.5015016       0.1050646897204391
      1.6016016       0.0770458384421202
      1.7017016       0.0553847974672711
      1.8018018       0.0390304823364768
      1.9019020       0.0269664720470194
      2.0020020       0.0182685393812942
      2.1021020       0.0121373186066183
      2.2022023       0.0079105213653009
      2.3023024       0.0050599855673610
      2.4024024       0.0031788546627428
      2.5025024       0.0019637304735738
      2.6026025       0.0011951475423293
      2.7027028       0.0007188933400209
      2.8028028       0.0004295869885164
      2.9029028       0.0002571225916868
      3.0030031       0.0001560647884671
      3.1031032       0.0000977049840278
      3.2032032       0.0000643458492151
      3.3033032       0.0000453378173734
      3.4034033       0.0000344209559373
      3.5035036       0.0000279977305045
      3.6036036       0.0000240448993067
      3.7037036       0.0000214470468960
      3.8038039       0.0000196000537410
      3.9039040       0.0000181810970481
      4.0040040       0.0000170189167318
      4.1041040       0.0000160223468268
      4.2042041       0.0000151418733694
      4.3043041       0.0000143494325103
      4.4044046       0.0000136280758662
      4.5045047       0.0000129666040835
      4.6046047       0.0000123570027724
      4.7047048       0.0000117930834622
      4.8048048       0.0000112698349845
      4.9049048       0.0000107830493436
      5.0050049       0.0000103291076105
      5.1051049       0.0000099048816264
      5.2052050       0.0000095076363340
      5.3053055       0.0000091349665755
      5.4054055       0.0000087847364830
      5.5055056       0.0000084550724851
      5.6056056       0.0000081443017327
      5.7057056       0.0000078508882512
      5.8058057       0.0000075735211356
      5.9059057       0.0000073109827375
      6.0060062       0.0000070621651625
      6.1061063       0.0000068261150800
      6.2062063       0.0000066019216186
      6.3063064       0.0000063887747003
      6.4064064       0.0000061859305986
      6.5065064       0.0000059927194281
      6.6066065       0.0000058085209063
      6.7067065       0.0000056327688467
      6.8068066       0.0000054649427236
      6.9069071       0.0000053045537844
      7.0070071       0.0000051511673080
      7.1071072       0.0000050043821532
      7.2072072       0.0000048638073133
      7.3073072       0.0000047290875301
      7.4074073       0.0000045999164126
      7.5075073       0.0000044759699414
      7.6076078       0.0000043569801845
      7.7077079       0.0000042426781853
      7.8078079       0.0000041328212371
      7.9079080       0.0000040271772888
      8.0080080       0.0000039255345341
      8.1081085       0.0000038276959396
      8.2082081       0.0000037334665967
      8.3083086       0.0000036426746841
      8.4084082       0.0000035551536549
      8.5085087       0.0000034707430206
      8.6086082       0.0000033893079476
      8.7087088       0.0000033107000450
      8.8088093       0.0000032347923365
      8.9089088       0.0000031614634923
      9.0090094       0.0000030905965649
      9.1091089       0.0000030220862029
      9.2092094       0.0000029558244500
      9.3093090       0.0000028917146816
      9.4094095       0.0000028296668415
      9.5095091       0.0000027695936680
      9.6096096       0.0000027114136790
      9.7097101       0.0000026550435100
      9.8098097       0.0000026004109359
      9.9099102       0.0000025474490551
     10.0100098       0.0000024960830699
     10.1101103       0.0000024462526902
     10.2102098       0.0000023979029955
     10.3103104       0.0000023509692540
     10.4104099       0.0000023054014030
     10.5105104       0.0000022611417854
     10.6106110       0.0000022181463489
     10.7107105       0.0000021763634552
     10.8108110       0.0000021357478890
     10.9109106       0.0000020962588368
     11.0110111       0.0000020578551996
     11.1111107       0.0000020204964417
     11.2112112       0.0000019841460581
     11.3113117       0.0000019487680688
     11.4114113       0.0000019143277101
     11.5115118       0.0000018807910733
     11.6116114       0.0000018481259074
     11.7117119       0.0000018163076328
     11.8118114       0.0000017853028029
     11.9119120       0.0000017550842614
     12.0120125       0.0000017256278656
     12.1121120       0.0000016969047468
     12.2122126       0.0000016688962453
     12.3123121       0.0000016415738214
     12.4124126       0.0000016149167174
     12.5125122       0.0000015889044859
     12.6126127       0.0000015635152820
     12.7127123       0.0000015387305160
     12.8128128       0.0000015145313784
     12.9129133       0.0000014908979744
     13.0130129       0.0000014678138512
     13.1131134       0.0000014452601359
     13.2132130       0.0000014232238842
     13.3133135       0.0000014016877285
     13.4134130       0.0000013806398207
     13.5135136       0.0000013600588842
     13.6136131       0.0000013399364716
     13.7137136       0.0000013202583174
     13.8138142       0.0000013010103207
     13.9139137       0.0000012821785560
     14.0140142       0.0000012637551428
     14.1141138       0.0000012457269769
     14.2142143       0.0000012280807674
     14.3143139       0.0000012108062587
     14.4144144       0.0000011938948706
     14.5145149       0.0000011773360650
     14.6146145       0.0000011611194189
     14.7147150       0.0000011452364473
     14.8148146       0.0000011296765807
     14.9149151       0.0000011144309470
     15.0150146       0.0000010994947320
     15.1151152       0.0000010848540163
     15.2152157       0.0000010705061561
     15.3153152       0.0000010564408225
     15.4154158       0.0000010426509235
     15.5155153       0.0000010291296893
     15.6156158       0.0000010158693784
     15.7157154       0.0000010028657233
     15.8158159       0.0000009901092691
     15.9159155       0.0000009775947690
     16.0160160       0.0000009653158790
     16.1161156       0.0000009532684972
     16.2162170       0.0000009414445866
     16.3163166       0.0000009298397011
     16.4164162       0.0000009184473078
     16.5165157       0.0000009072650015
     16.6166172       0.0000008962845333
     16.7167168       0.0000008855025150
     16.8168163       0.0000008749149000
     16.9169178       0.0000008645160054
     17.0170174       0.0000008543013851
     17.1171169       0.0000008442667400
     17.2172165       0.0000008344086397
     17.3173180       0.0000008247212105
     17.4174175       0.0000008152029032
     17.5175171       0.0000008058487569
     17.6176186       0.0000007966534422
     17.7177181       0.0000007876160311
     17.8178177       0.0000007787317165
     17.9179173       0.0000007699963234
     18.0180187       0.0000007614071790
     18.1181183       0.0000007529620666
     18.2182178       0.0000007446563695
     18.3183174       0.0000007364880144
     18.4184189       0.0000007284526148
     18.5185184       0.0000007205479388
     18.6186180       0.0000007127718162
     18.7187195       0.0000007051220348
     18.8188190       0.0000006975935421
     18.9189186       0.0000006901854256
     19.0190182       0.0000006828944850
     19.1191196       0.0000006757193654
     19.2192192       0.0000006686566865
     19.3193188       0.0000006617037995
     19.4194202       0.0000006548594725
     19.5195198       0.0000006481210341
     19.6196194       0.0000006414860296
     19.7197189       0.0000006349518028
     19.8198204       0.0000006285172563
     19.9199200       0.0000006221811418
     20.0200195       0.0000006159395808
     20.1201210       0.0000006097911566
     20.2202206       0.0000006037353235
     20.3203201       0.0000005977689182
     20.4204197       0.0000005918908031
     20.5205212       0.0000005860991553
     20.6206207       0.0000005803915721
     20.7207203       0.0000005747678035
     20.8208199       0.0000005692248744
     20.9209213       0.0000005637626302
     21.0210209       0.0000005583783907
     21.1211205       0.0000005530704555
     21.2212219       0.0000005478381260
     21.3213215       0.0000005426799968
     21.4214211       0.0000005375942084
     21.5215206       0.0000005325804752
     21.6216221       0.0000005276359503
     21.7217216       0.0000005227603247
     21.8218212       0.0000005179510897
     21.9219227       0.0000005132088048
     22.0220222       0.0000005085318103
     22.1221218       0.0000005039177219
     22.2222214       0.0000004993668279
     22.3223228       0.0000004948771266
     22.4224224       0.0000004904473572
     22.5225220       0.0000004860774156
     22.6226234       0.0000004817655002
     22.7227230       0.0000004775106594
     22.8228226       0.0000004733122181
     22.9229221       0.0000004691687330
     23.0230236       0.0000004650794912
     23.1231232       0.0000004610439867
     23.2232227       0.0000004570605507
     23.3233242       0.0000004531281352
     23.4234238       0.0000004492464663
     23.5235233       0.0000004454151340
     23.6236229       0.0000004416320717
     23.7237244       0.0000004378975400
     23.8238239       0.0000004342098000
     23.9239235       0.0000004305686635
     24.0240250       0.0000004269726155
     24.1241245       0.0000004234223968
     24.2242241       0.0000004199156064
     24.3243237       0.0000004164525430
     24.4244251       0.0000004130318934
     24.5245247       0.0000004096537736
     24.6246243       0.0000004063168964
     24.7247238       0.0000004030202445
     24.8248253       0.0000003997641528
     24.9249249       0.0000003965467849
     25.0250244       0.0000003933684875
     25.1251259       0.0000003902281845
     25.2252254       0.0000003871256510
     25.3253250       0.0000003840599575
     25.4254246       0.0000003810299812
     25.5255260       0.0000003780363421
     25.6256256       0.0000003750775253
     25.7257252       0.0000003721535301
     25.8258266       0.0000003692637420
     25.9259262       0.0000003664074334
     26.0260258       0.0000003635838802
     26.1261253       0.0000003607934239
     26.2262268       0.0000003580346193
     26.3263264       0.0000003553071967
     26.4264259       0.0000003526110976
     26.5265274       0.0000003499452035
     26.6266270       0.0000003473101283
     26.7267265       0.0000003447044367
     26.8268261       0.0000003421279919
     26.9269276       0.0000003395803945
     27.0270271       0.0000003370609363
     27.1271267       0.0000003345696695
     27.2272263       0.0000003321058499
     27.3273277       0.0000003296692702
     27.4274273       0.0000003272595218
     27.5275269       0.0000003248759345
     27.6276283       0.0000003225181605
     27.7277279       0.0000003201863510
     27.8278275       0.0000003178795336
     27.9279270       0.0000003155974735
     28.0280285       0.0000003133402556
     28.1281281       0.0000003111067484
     28.2282276       0.0000003088976927
     28.3283291       0.0000003067113823
     28.4284286       0.0000003045487895
     28.5285282       0.0000003024086505
     28.6286278       0.0000003002912334
     28.7287292       0.0000002981958205
     28.8288288       0.0000002961223503
     28.9289284       0.0000002940705229
     29.0290298       0.0000002920397740
     29.1291294       0.0000002900301787
     29.2292290       0.0000002880412241
     29.3293285       0.0000002860728858
     29.4294300       0.0000002841244821
     29.5295296       0.0000002821957939
     29.6296291       0.0000002802867850
     29.7297306       0.0000002783971066
     29.8298302       0.0000002765263554
     29.9299297       0.0000002746745972
     30.0300293       0.0000002728416035
     30.1301308       0.0000002710262482
     30.2302303       0.0000002692296033
     30.3303299       0.0000002674504149
     30.4304314       0.0000002656890936
     30.5305309       0.0000002639449433
     30.6306305       0.0000002622178612
     30.7307301       0.0000002605079777
     30.8308315       0.0000002588145157
     30.9309311       0.0000002571375768
     31.0310307       0.0000002554770398
     31.1311302       0.0000002538323301
     31.2312317       0.0000002522035583
     31.3313313       0.0000002505905500
     31.4314308       0.0000002489927308
     31.5315323       0.0000002474103069
     31.6316319       0.0000002458429711
     31.7317314       0.0000002442902389
     31.8318310       0.0000002427525646
     31.9319324       0.0000002412288200
     32.0320320       0.0000002397198520
     32.1321335       0.0000002382252275
     32.2322311       0.0000002367440204
     32.3323326       0.0000002352769011
     32.4324341       0.0000002338231213
     32.5325317       0.0000002323830699
     32.6326332       0.0000002309561665
     32.7327309       0.0000002295422109
     32.8328323       0.0000002281413713
     32.9329338       0.0000002267532475
     33.0330315       0.0000002253778090
     33.1331329       0.0000002240148885
     33.2332344       0.0000002226645834
     33.3333321       0.0000002213261394
     33.4334335       0.0000002199996801
     33.5335350       0.0000002186852129
     33.6336327       0.0000002173823714
     33.7337341       0.0000002160911985
     33.8338356       0.0000002148117238
     33.9339333       0.0000002135433385
     34.0340347       0.0000002122862125
     34.1341324       0.0000002110405205
     34.2342339       0.0000002098052636
     34.3343353       0.0000002085808099
     34.4344330       0.0000002073674058
     34.5345345       0.0000002061643905
     34.6346359       0.0000002049717722
     34.7347336       0.0000002037897657
     34.8348351       0.0000002026176215
     34.9349365       0.0000002014557016
     35.0350342       0.0000002003037524
     35.1351357       0.0000001991616659
     35.2352371       0.0000001980291419
     35.3353348       0.0000001969065199
     35.4354362       0.0000001957933298
     35.5355339       0.0000001946896340
     35.6356354       0.0000001935950015
     35.7357368       0.0000001925099529
     35.8358345       0.0000001914338281
     35.9359360       0.0000001903666367
     36.0360374       0.0000001893083279
     36.1361351       0.0000001882588921
     36.2362366       0.0000001872182617
     36.3363380       0.0000001861860457
     36.4364357       0.0000001851624035
     36.5365372       0.0000001841471769
     36.6366348       0.0000001831403443
     36.7367363       0.0000001821418628
     36.8368378       0.0000001811513687
     36.9369354       0.0000001801690050
     37.0370369       0.0000001791944044
     37.1371384       0.0000001782279876
     37.2372360       0.0000001772693630
     37.3373375       0.0000001763181169
     37.4374390       0.0000001753748252
     37.5375366       0.0000001744390749
     37.6376381       0.0000001735105749
     37.7377396       0.0000001725895933
     37.8378372       0.0000001716762556
     37.9379387       0.0000001707696253
     38.0380363       0.0000001698704613
     38.1381378       0.0000001689783311
     38.2382393       0.0000001680931438
     38.3383369       0.0000001672149798
     38.4384384       0.0000001663437737
     38.5385399       0.0000001654792349
     38.6386375       0.0000001646213128
     38.7387390       0.0000001637703321
     38.8388405       0.0000001629256581
     38.9389381       0.0000001620875662
     39.0390396       0.0000001612560500
     39.1391373       0.0000001604307332
     39.2392387       0.0000001596120494
     39.3393402       0.0000001587994302
     39.4394379       0.0000001579929536
     39.5395393       0.0000001571925993
     39.6396408       0.0000001563983327
     39.7397385       0.0000001556100204
     39.8398399       0.0000001548279954
     39.9399414       0.0000001540515052
     40.0400391       0.0000001532810335
     40.1401405       0.0000001525160880
     40.2402420       0.0000001517571274
     40.3403397       0.0000001510036808
     40.4404411       0.0000001502557796
     40.5405388       0.0000001495135442
     40.6406403       0.0000001487767295
     40.7407417       0.0000001480453961
     40.8408394       0.0000001473195611
     40.9409409       0.0000001465988936
     41.0410423       0.0000001458835004
     41.1411400       0.0000001451734109
     41.2412415       0.0000001444683136
     41.3413429       0.0000001437685820
     41.4414406       0.0000001430738300
     41.5415421       0.0000001423840318
     41.6416397       0.0000001416992312
     41.7417412       0.0000001410195045
     41.8418427       0.0000001403444999
     41.9419403       0.0000001396743353
     42.0420418       0.0000001390091174
     42.1421432       0.0000001383485576
     42.2422409       0.0000001376925632
     42.3423424       0.0000001370414340
     42.4424438       0.0000001363947694
     42.5425415       0.0000001357528096
     42.6426430       0.0000001351152343
     42.7427444       0.0000001344821522
     42.8428421       0.0000001338536754
     42.9429436       0.0000001332294401
     43.0430412       0.0000001326094887
     43.1431427       0.0000001319940412
     43.2432442       0.0000001313827536
     43.3433418       0.0000001307758061
     43.4434433       0.0000001301730028
     43.5435448       0.0000001295743608
     43.6436424       0.0000001289798780
     43.7437439       0.0000001283893027
     43.8438454       0.0000001278030068
     43.9439430       0.0000001272205836
     44.0440445       0.0000001266422175
     44.1441460       0.0000001260677618
     44.2442436       0.0000001254971125
     44.3443451       0.0000001249303696
     44.4444427       0.0000001243676856
     44.5445442       0.0000001238085617
     44.6446457       0.0000001232531202
     44.7447433       0.0000001227016333
     44.8448448       0.0000001221537429
     44.9449463       0.0000001216094061
     45.0450439       0.0000001210688851
     45.1451454       0.0000001205320188
     45.2452469       0.0000001199984750
     45.3453445       0.0000001194686208
     45.4454460       0.0000001189422730
     45.5455437       0.0000001184192736
     45.6456451       0.0000001178997771
     45.7457466       0.0000001173837957
     45.8458443       0.0000001168710472
     45.9459457       0.0000001163618031
     46.0460472       0.0000001158557630
     46.1461449       0.0000001153530036
     46.2462463       0.0000001148535633
     46.3463478       0.0000001143573410
     46.4464455       0.0000001138644066
     46.5465469       0.0000001133745684
     46.6466484       0.0000001128878775
     46.7467461       0.0000001124043447
     46.8468475       0.0000001119238262
     46.9469452       0.0000001114465658
     47.0470467       0.0000001109722708
     47.1471481       0.0000001105009701
     47.2472458       0.0000001100326216
     47.3473473       0.0000001095673315
     47.4474487       0.0000001091050035
     47.5475464       0.0000001086455139
     47.6476479       0.0000001081890149
     47.7477493       0.0000001077352693
     47.8478470       0.0000001072844193
     47.9479485       0.0000001068364088
     48.0480499       0.0000001063912133
     48.1481476       0.0000001059488713
     48.2482491       0.0000001055091486
     48.3483467       0.0000001050721862
     48.4484482       0.0000001046380035
     48.5485497       0.0000001042064560
     48.6486473       0.0000001037776509
     48.7487488       0.0000001033514261
     48.8488503       0.0000001029277639
     48.9489479       0.0000001025067948
     49.0490494       0.0000001020882965
     49.1491508       0.0000001016723503
     49.2492485       0.0000001012591504
     49.3493500       0.0000001008482819
     49.4494476       0.0000001004399827
     49.5495491       0.0000001000342023
     49.6496506       0.0000000996306052
     49.7497482       0.0000000992297382
     49.8498497       0.0000000988312138
     49.9499512       0.0000000984350355
     50.0500488       0.0000000980413368
     50.1501503       0.0000000976498759
     50.2502518       0.0000000972607857
     50.3503494       0.0000000968740749
     50.4504509       0.0000000964896167
     50.5505524       0.0000000961075035
     50.6506500       0.0000000957275518
     50.7507515       0.0000000953499232
     50.8508492       0.0000000949745688
     50.9509506       0.0000000946013427
     51.0510521       0.0000000942303502
     51.1511497       0.0000000938615257
     51.2512512       0.0000000934947427
     51.3513527       0.0000000931302727
     51.4514503       0.0000000927678953
     51.5515518       0.0000000924076580
     51.6516533       0.0000000920494844
     51.7517509       0.0000000916933823
     51.8518524       0.0000000913393384
     51.9519501       0.0000000909873171
     52.0520515       0.0000000906372922
     52.1521530       0.0000000902893278
     52.2522507       0.0000000899434415
     52.3523521       0.0000000895995399
     52.4524536       0.0000000892574758
     52.5525513       0.0000000889174030
     52.6526527       0.0000000885793169
     52.7527542       0.0000000882432504
     52.8528519       0.0000000879089864
     52.9529533       0.0000000875765373
     53.0530548       0.0000000872461492
     53.1531525       0.0000000869174812
     53.2532539       0.0000000865907225
     53.3533516       0.0000000862658486
     53.4534531       0.0000000859426703
     53.5535545       0.0000000856214112
     53.6536522       0.0000000853019248
     53.7537537       0.0000000849843142
     53.8538551       0.0000000846682274
     53.9539528       0.0000000843541336
     54.0540543       0.0000000840416970
     54.1541557       0.0000000837310519
     54.2542534       0.0000000834220252
     54.3543549       0.0000000831147864
     54.4544525       0.0000000828092554
     54.5545540       0.0000000825054010
     54.6546555       0.0000000822030780
     54.7547531       0.0000000819026293
     54.8548546       0.0000000816037037
     54.9549561       0.0000000813064229
     55.0550537       0.0000000810107108
     55.1551552       0.0000000807166808
     55.2552567       0.0000000804242135
     55.3553543       0.0000000801333956
     55.4554558       0.0000000798441095
     55.5555573       0.0000000795563588
     55.6556549       0.0000000792702124
     55.7557564       0.0000000789856193
     55.8558540       0.0000000787024966
     55.9559555       0.0000000784209610
     56.0560570       0.0000000781409041
     56.1561546       0.0000000778624074
     56.2562561       0.0000000775852653
     56.3563576       0.0000000773095909
     56.4564552       0.0000000770355380
     56.5565567       0.0000000767627677
     56.6566582       0.0000000764916236
     56.7567558       0.0000000762217830
     56.8568573       0.0000000759533585
     56.9569588       0.0000000756864431
     57.0570564       0.0000000754208510
     57.1571579       0.0000000751568054
     57.2572556       0.0000000748939256
     57.3573570       0.0000000746325237
     57.4574585       0.0000000743724962
     57.5575562       0.0000000741138539
     57.6576576       0.0000000738565670
     57.7577591       0.0000000736005468
     57.8578568       0.0000000733458474
     57.9579582       0.0000000730925369
     58.0580597       0.0000000728405225
     58.1581573       0.0000000725898250
     58.2582588       0.0000000723404044
     58.3583565       0.0000000720921866
     58.4584579       0.0000000718453073
     58.5585594       0.0000000715997378
     58.6586571       0.0000000713553348
     58.7587585       0.0000000711122850
     58.8588600       0.0000000708704517
     58.9589577       0.0000000706297231
     59.0590591       0.0000000703903753
     59.1591606       0.0000000701521858
     59.2592583       0.0000000699152076
     59.3593597       0.0000000696793889
     59.4594612       0.0000000694448279
     59.5595589       0.0000000692113849
     59.6596603       0.0000000689791764
     59.7597580       0.0000000687481300
     59.8598595       0.0000000685181652
     59.9599609       0.0000000682894609
     60.0600586       0.0000000680618450
     60.1601601       0.0000000678353559
     60.2602615       0.0000000676100227
     60.3603592       0.0000000673857999
     60.4604607       0.0000000671626655
     60.5605621       0.0000000669406717
     60.6606598       0.0000000667197902
     60.7607613       0.0000000664999430
     60.8608627       0.0000000662811670
     60.9609604       0.0000000660635886
     61.0610619       0.0000000658469546
     61.1611595       0.0000000656314866
     61.2612610       0.0000000654170331
     61.3613625       0.0000000652036446
     61.4614601       0.0000000649912215
     61.5615616       0.0000000647798512
     61.6616631       0.0000000645695895
     61.7617607       0.0000000643603145
     61.8618622       0.0000000641520278
     61.9619637       0.0000000639447630
     62.0620613       0.0000000637385442
     62.1621628       0.0000000635333425
     62.2622604       0.0000000633289590
     62.3623619       0.0000000631257723
     62.4624634       0.0000000629234087
     62.5625610       0.0000000627220938
     62.6626625       0.0000000625216747
     62.7627640       0.0000000623223512
     62.8628616       0.0000000621238342
     62.9629631       0.0000000619263451
     63.0630646       0.0000000617297697
     63.1631622       0.0000000615341837
     63.2632637       0.0000000613394352
     63.3633652       0.0000000611456581
     63.4634628       0.0000000609527866
     63.5635643       0.0000000607608517
     63.6636620       0.0000000605697775
     63.7637634       0.0000000603796174
     63.8638649       0.0000000601903387
     63.9639626       0.0000000600019802
     64.0640640       0.0000000598145642
     64.1641617       0.0000000596279536
     64.2642670       0.0000000594421401
     64.3643646       0.0000000592573011
     64.4644623       0.0000000590733187
     64.5645676       0.0000000588901586
     64.6646652       0.0000000587078343
     64.7647629       0.0000000585264205
     64.8648682       0.0000000583457861
     64.9649658       0.0000000581660277
     65.0650635       0.0000000579870707
     65.1651688       0.0000000578089030
     65.2652664       0.0000000576316264
     65.3653641       0.0000000574551568
     65.4654617       0.0000000572794590
     65.5655670       0.0000000571045743
     65.6656647       0.0000000569305158
     65.7657623       0.0000000567572590
     65.8658676       0.0000000565847086
     65.9659653       0.0000000564130202
     66.0660629       0.0000000562421209
     66.1661682       0.0000000560719790
     66.2662659       0.0000000559025586
     66.3663635       0.0000000557339762
     66.4664688       0.0000000555661518
     66.5665665       0.0000000553990053
     66.6666641       0.0000000552326563
     66.7667694       0.0000000550670727
     66.8668671       0.0000000549021915
     66.9669647       0.0000000547381548
     67.0670700       0.0000000545747397
     67.1671677       0.0000000544120998
     67.2672653       0.0000000542502253
     67.3673706       0.0000000540889818
     67.4674683       0.0000000539285390
     67.5675659       0.0000000537687816
     67.6676712       0.0000000536097356
     67.7677689       0.0000000534513466
     67.8678665       0.0000000532936724
     67.9679642       0.0000000531367357
     68.0680695       0.0000000529804599
     68.1681671       0.0000000528249148
     68.2682648       0.0000000526700245
     68.3683701       0.0000000525158208
     68.4684677       0.0000000523622692
     68.5685654       0.0000000522093949
     68.6686707       0.0000000520572540
     68.7687683       0.0000000519056905
     68.8688660       0.0000000517548417
     68.9689713       0.0000000516046172
     69.0690689       0.0000000514550884
     69.1691666       0.0000000513061597
     69.2692719       0.0000000511579106
     69.3693695       0.0000000510102955
     69.4694672       0.0000000508632960
     69.5695724       0.0000000507169209
     69.6696701       0.0000000505712468
     69.7697678       0.0000000504261696
     69.8698730       0.0000000502816800
     69.9699707       0.0000000501378097
     70.0700684       0.0000000499946649
     70.1701736       0.0000000498520184
     70.2702713       0.0000000497099840
     70.3703690       0.0000000495685886
     70.4704742       0.0000000494277595
     70.5705719       0.0000000492876135
     70.6706696       0.0000000491479928
     70.7707672       0.0000000490089892
     70.8708725       0.0000000488705723
     70.9709702       0.0000000487327287
     71.0710678       0.0000000485954688
     71.1711731       0.0000000484588008
     71.2712708       0.0000000483226964
     71.3713684       0.0000000481871962
     71.4714737       0.0000000480522515
     71.5715714       0.0000000479178649
     71.6716690       0.0000000477840374
     71.7717743       0.0000000476507426
     71.8718719       0.0000000475180167
     71.9719696       0.0000000473858891
     72.0720749       0.0000000472542912
     72.1721725       0.0000000471232239
     72.2722702       0.0000000469927357
     72.3723755       0.0000000468627299
     72.4724731       0.0000000467333124
     72.5725708       0.0000000466044158
     72.6726761       0.0000000464760348
     72.7727737       0.0000000463481753
     72.8728714       0.0000000462208882
     72.9729767       0.0000000460940942
     73.0730743       0.0000000459678376
     73.1731720       0.0000000458421055
     73.2732697       0.0000000457169205
     73.3733749       0.0000000455921571
     73.4734726       0.0000000454679406
     73.5735703       0.0000000453442768
     73.6736755       0.0000000452210632
     73.7737732       0.0000000450983158
     73.8738708       0.0000000449761426
     73.9739761       0.0000000448544687
     74.0740738       0.0000000447332795
     74.1741714       0.0000000446125443
     74.2742767       0.0000000444923054
     74.3743744       0.0000000443725941
     74.4744720       0.0000000442533306
     74.5745773       0.0000000441345479
     74.6746750       0.0000000440162105
     74.7747726       0.0000000438984082
     74.8748779       0.0000000437810777
     74.9749756       0.0000000436641808
     75.0750732       0.0000000435477585
     75.1751785       0.0000000434318133
     75.2752762       0.0000000433163161
     75.3753738       0.0000000432012433
     75.4754791       0.0000000430867213
     75.5755768       0.0000000429725993
     75.6756744       0.0000000428588990
     75.7757721       0.0000000427457046
     75.8758774       0.0000000426329738
     75.9759750       0.0000000425206616
     76.0760727       0.0000000424087901
     76.1761780       0.0000000422973101
     76.2762756       0.0000000421863201
     76.3763733       0.0000000420757684
     76.4764786       0.0000000419656475
     76.5765762       0.0000000418559610
     76.6766739       0.0000000417466697
     76.7767792       0.0000000416378398
     76.8768768       0.0000000415294419
     76.9769745       0.0000000414214914
     77.0770798       0.0000000413138854
     77.1771774       0.0000000412067363
     77.2772751       0.0000000411000430
     77.3773804       0.0000000409936831
     77.4774780       0.0000000408877728
     77.5775757       0.0000000407822588
     77.6776810       0.0000000406771865
     77.7777786       0.0000000405724662
     77.8778763       0.0000000404682130
     77.9779816       0.0000000403643513
     78.0780792       0.0000000402609022
     78.1781769       0.0000000401578110
     78.2782745       0.0000000400551114
     78.3783798       0.0000000399527923
     78.4784775       0.0000000398508777
     78.5785751       0.0000000397494016
     78.6786804       0.0000000396483005
     78.7787781       0.0000000395475610
     78.8788757       0.0000000394472038
     78.9789810       0.0000000393472188
     79.0790787       0.0000000392476247
     79.1791763       0.0000000391484146
     79.2792816       0.0000000390495804
     79.3793793       0.0000000389511153
     79.4794769       0.0000000388530256
     79.5795822       0.0000000387553018
     79.6796799       0.0000000386579092
     79.7797775       0.0000000385609452
     79.8798828       0.0000000384643192
     79.9799805       0.0000000383680288
     80.0800781       0.0000000382721316
     80.1801834       0.0000000381765790
     80.2802811       0.0000000380814013
     80.3803787       0.0000000379865887
     80.4804840       0.0000000378920965
     80.5805817       0.0000000377979885
     80.6806793       0.0000000377042489
     80.7807770       0.0000000376108055
     80.8808823       0.0000000375177359
     80.9809799       0.0000000374249839
     81.0810776       0.0000000373325762
     81.1811829       0.0000000372405568
     81.2812805       0.0000000371488521
     81.3813782       0.0000000370574706
     81.4814835       0.0000000369664468
     81.5815811       0.0000000368757589
     81.6816788       0.0000000367853787
     81.7817841       0.0000000366953302
     81.8818817       0.0000000366056134
     81.9819794       0.0000000365162490
     82.0820847       0.0000000364272363
     82.1821823       0.0000000363385114
     82.2822800       0.0000000362501026
     82.3823853       0.0000000361620334
     82.4824829       0.0000000360742755
     82.5825806       0.0000000359868336
     82.6826859       0.0000000358997218
     82.7827835       0.0000000358129364
     82.8828812       0.0000000357264458
     82.9829865       0.0000000356402758
     83.0830841       0.0000000355544142
     83.1831818       0.0000000354688424
     83.2832794       0.0000000353835814
     83.3833847       0.0000000352986537
     83.4834824       0.0000000352140451
     83.5835800       0.0000000351296802
     83.6836853       0.0000000350457039
     83.7837830       0.0000000349619494
     83.8838806       0.0000000348785455
     83.9839859       0.0000000347954191
     84.0840836       0.0000000347125579
     84.1841812       0.0000000346300521
     84.2842865       0.0000000345478342
     84.3843842       0.0000000344658722
     84.4844818       0.0000000343841964
     84.5845871       0.0000000343028485
     84.6846848       0.0000000342217794
     84.7847824       0.0000000341409839
     84.8848877       0.0000000340604476
     84.9849854       0.0000000339802424
     85.0850830       0.0000000339002984
     85.1851883       0.0000000338206503
     85.2852859       0.0000000337412890
     85.3853836       0.0000000336621784
     85.4854889       0.0000000335833809
     85.5855865       0.0000000335048264
     85.6856842       0.0000000334266031
     85.7857895       0.0000000333485932
     85.8858871       0.0000000332708570
     85.9859848       0.0000000331934142
     86.0860825       0.0000000331162196
     86.1861877       0.0000000330393248
     86.2862854       0.0000000329627034
     86.3863831       0.0000000328863186
     86.4864883       0.0000000328101729
     86.5865860       0.0000000327343487
     86.6866837       0.0000000326587885
     86.7867889       0.0000000325834494
     86.8868866       0.0000000325083809
     86.9869843       0.0000000324335866
     87.0870895       0.0000000323590439
     87.1871872       0.0000000322847167
     87.2872849       0.0000000322106907
     87.3873901       0.0000000321369183
     87.4874878       0.0000000320634383
     87.5875854       0.0000000319901334
     87.6876907       0.0000000319171416
     87.7877884       0.0000000318443530
     87.8878860       0.0000000317718423
     87.9879913       0.0000000316995575
     88.0880890       0.0000000316275011
     88.1881866       0.0000000315557294
     88.2882919       0.0000000314842156
     88.3883896       0.0000000314129172
     88.4884872       0.0000000313418450
     88.5885849       0.0000000312710289
     88.6886902       0.0000000312004675
     88.7887878       0.0000000311301368
     88.8888855       0.0000000310600347
     88.9889908       0.0000000309901607
     89.0890884       0.0000000309205346
     89.1891861       0.0000000308511613
     89.2892914       0.0000000307819723
     89.3893890       0.0000000307130642
     89.4894867       0.0000000306443599
     89.5895920       0.0000000305759249
     89.6896896       0.0000000305076986
     89.7897873       0.0000000304396819
     89.8898926       0.0000000303719212
     89.9899902       0.0000000303043568
     90.0900879       0.0000000302370243
     90.1901932       0.0000000301699224
     90.2902908       0.0000000301030221
     90.3903885       0.0000000300363568
     90.4904938       0.0000000299699363
     90.5905914       0.0000000299037158
     90.6906891       0.0000000298377146
     90.7907944       0.0000000297719201
     90.8908920       0.0000000297063561
     90.9909897       0.0000000296410096
     91.0910873       0.0000000295759044
     91.1911926       0.0000000295109776
     91.2912903       0.0000000294462732
     91.3913879       0.0000000293817850
     91.4914932       0.0000000293174863
     91.5915909       0.0000000292534148
     91.6916885       0.0000000291895842
     91.7917938       0.0000000291259013
     91.8918915       0.0000000290624935
     91.9919891       0.0000000289992462
     92.0920944       0.0000000289362146
     92.1921921       0.0000000288733961
     92.2922897       0.0000000288107781
     92.3923950       0.0000000287483669
     92.4924927       0.0000000286861561
     92.5925903       0.0000000286241458
     92.6926956       0.0000000285623392
     92.7927933       0.0000000285007299
     92.8928909       0.0000000284393137
     92.9929962       0.0000000283781055
     93.0930939       0.0000000283170946
     93.1931915       0.0000000282562810
     93.2932968       0.0000000281956316
     93.3933945       0.0000000281352128
     93.4934921       0.0000000280749820
     93.5935898       0.0000000280149517
     93.6936951       0.0000000279551063
     93.7937927       0.0000000278954448
     93.8938904       0.0000000278359760
     93.9939957       0.0000000277767039
     94.0940933       0.0000000277176292
     94.1941910       0.0000000276587128
     94.2942963       0.0000000275999946
     94.3943939       0.0000000275414775
     94.4944916       0.0000000274831285
     94.5945969       0.0000000274249812
     94.6946945       0.0000000273670381
     94.7947922       0.0000000273092275
     94.8948975       0.0000000272516285
     94.9949951       0.0000000271942091
     95.0950928       0.0000000271370089
     95.1951981       0.0000000270799224
     95.2952957       0.0000000270230565
     95.3953934       0.0000000269663563
     95.4954987       0.0000000269098444
     95.5955963       0.0000000268534821
     95.6956940       0.0000000267973387
     95.7957993       0.0000000267413339
     95.8958969       0.0000000266855333
     95.9959946       0.0000000266298669
     96.0960999       0.0000000265743919
     96.1961975       0.0000000265191226
     96.2962952       0.0000000264640081
     96.3963928       0.0000000264090471
     96.4964981       0.0000000263542663
     96.5965958       0.0000000262996643
     96.6966934       0.0000000262452283
     96.7967987       0.0000000261909490
     96.8968964       0.0000000261368374
     96.9969940       0.0000000260828983
     97.0970993       0.0000000260291454
     97.1971970       0.0000000259755385
     97.2972946       0.0000000259220946
     97.3973999       0.0000000258688137
     97.4974976       0.0000000258157392
     97.5975952       0.0000000257627766
     97.6977005       0.0000000257099878
     97.7977982       0.0000000256573652
     97.8978958       0.0000000256049270
     97.9980011       0.0000000255526225
     98.0980988       0.0000000255004826
     98.1981964       0.0000000254485116
     98.2983017       0.0000000253966867
     98.3983994       0.0000000253450233
     98.4984970       0.0000000252935167
     98.5986023       0.0000000252421877
     98.6987000       0.0000000251910007
     98.7987976       0.0000000251399611
     98.8988953       0.0000000250890814
     98.9990005       0.0000000250383864
     99.0990982       0.0000000249878154
     99.1991959       0.0000000249373726
     99.2993011       0.0000000248871263
     99.3993988       0.0000000248370115
     99.4994965       0.0000000247870486
     99.5996017       0.0000000247372315
     99.6996994       0.0000000246875445
     99.7997971       0.0000000246380598
     99.8999023       0.0000000245886661
    100.0000000       0.0000000245394525
