# x		H(x,a)
      0.0000000       1.0000000000000000
      0.1001001       0.9900299906730652
      0.2002002       0.9607124924659729
      0.3003003       0.9137664437294006
      0.4004004       0.8518707156181335
      0.5005005       0.7784109115600586
      0.6006006       0.6971734166145325
      0.7007007       0.6120254397392273
      0.8008008       0.5266169309616089
      0.9009009       0.4441368877887726
      1.0010010       0.3671669190588869
      1.1011012       0.2975421659085525
      1.2012012       0.2363501977008674
      1.3013012       0.1840268574797307
      1.4014014       0.1404511550876357
      1.5015016       0.1050738031039484
      1.6016016       0.0770547596669509
      1.7017016       0.0553932532402286
      1.8018018       0.0390383219818478
      1.9019020       0.0269736322558793
      2.0020020       0.0182750145713580
      2.1021020       0.0121431384748452
      2.2022023       0.0079157349949380
      2.3023024       0.0050646507372719
      2.4024024       0.0031830310380009
      2.5025024       0.0019674755668142
      2.6026025       0.0011985145591029
      2.7027028       0.0007219301301026
      2.8028028       0.0004323358510410
      2.9029028       0.0002596204316138
      3.0030031       0.0001583435328550
      3.1031032       0.0000997921215733
      3.2032032       0.0000662649460481
      3.3033032       0.0000471090725704
      3.4034033       0.0000360616547687
      3.5035036       0.0000295226922268
      3.6036036       0.0000254668401435
      3.7037036       0.0000227769109448
      3.8038039       0.0000208472755375
      3.9039040       0.0000193538524464
      4.0040040       0.0000181242984972
      4.1041040       0.0000170665462134
      4.2042041       0.0000161303028258
      4.3043041       0.0000152868508646
      4.4044046       0.0000145186804431
      4.5045047       0.0000138141150302
      4.6046047       0.0000131647249447
      4.7047048       0.0000125639671469
      4.8048048       0.0000120065256050
      4.9049048       0.0000114879219460
      5.0050049       0.0000110043086673
      5.1051049       0.0000105523512573
      5.2052050       0.0000101291392158
      5.3053055       0.0000097321092787
      5.4054055       0.0000093589840041
      5.5055056       0.0000090077699269
      5.6056056       0.0000086766847727
      5.7057056       0.0000083640909582
      5.8058057       0.0000080685939750
      5.9059057       0.0000077888929193
      6.0060062       0.0000075238110379
      6.1061063       0.0000072723302517
      6.2062063       0.0000070334814448
      6.3063064       0.0000068064016424
      6.4064064       0.0000065902977021
      6.5065064       0.0000063844565601
      6.6066065       0.0000061882167263
      6.7067065       0.0000060009760174
      6.8068066       0.0000058221792244
      6.9069071       0.0000056513063865
      7.0070071       0.0000054878930642
      7.1071072       0.0000053315128380
      7.2072072       0.0000051817488387
      7.3073072       0.0000050382221330
      7.4074073       0.0000049006076397
      7.5075073       0.0000047685588534
      7.6076078       0.0000046417908833
      7.7077079       0.0000045200170310
      7.8078079       0.0000044029790033
      7.9079080       0.0000042904290327
      8.0080080       0.0000041821425939
      8.1081085       0.0000040779077615
      8.2082081       0.0000039775189399
      8.3083086       0.0000038807919225
      8.4084082       0.0000037875500728
      8.5085087       0.0000036976212550
      8.6086082       0.0000036108629344
      8.7087088       0.0000035271162516
      8.8088093       0.0000034462469459
      8.9089088       0.0000033681246345
      9.0090094       0.0000032926252542
      9.1091089       0.0000032196363500
      9.2092094       0.0000031490433473
      9.3093090       0.0000030807426051
      9.4094095       0.0000030146389817
      9.5095091       0.0000029506388806
      9.6096096       0.0000028886555597
      9.7097101       0.0000028286006368
      9.8098097       0.0000027703966154
      9.9099102       0.0000027139728417
     10.0100098       0.0000026592491742
     10.1101103       0.0000026061612694
     10.2102098       0.0000025546508127
     10.3103104       0.0000025046493209
     10.4104099       0.0000024561027744
     10.5105104       0.0000024089499389
     10.6106110       0.0000023631439922
     10.7107105       0.0000023186299437
     10.8108110       0.0000022753591574
     10.9109106       0.0000022332887203
     11.0110111       0.0000021923745326
     11.1111107       0.0000021525737774
     11.2112112       0.0000021138471623
     11.3113117       0.0000020761568752
     11.4114113       0.0000020394650593
     11.5115118       0.0000020037361397
     11.6116114       0.0000019689359006
     11.7117119       0.0000019350376586
     11.8118114       0.0000019020057972
     11.9119120       0.0000018698120604
     12.0120125       0.0000018384301417
     12.1121120       0.0000018078294898
     12.2122126       0.0000017779899756
     12.3123121       0.0000017488815475
     12.4124126       0.0000017204818329
     12.5125122       0.0000016927691662
     12.6126127       0.0000016657204053
     12.7127123       0.0000016393154814
     12.8128128       0.0000016135346102
     12.9129133       0.0000015883562245
     13.0130129       0.0000015637631418
     13.1131134       0.0000015397350172
     13.2132130       0.0000015162583736
     13.3133135       0.0000014933143692
     13.4134130       0.0000014708906234
     13.5135136       0.0000014489643824
     13.6136131       0.0000014275265551
     13.7137136       0.0000014065619622
     13.8138142       0.0000013860559646
     13.9139137       0.0000013659929666
     14.0140142       0.0000013463653340
     14.1141138       0.0000013271586361
     14.2142143       0.0000013083588599
     14.3143139       0.0000012899552716
     14.4144144       0.0000012719382982
     14.5145149       0.0000012542971347
     14.6146145       0.0000012370204566
     14.7147150       0.0000012200991144
     14.8148146       0.0000012035222305
     14.9149151       0.0000011872800830
     15.0150146       0.0000011713672865
     15.1151152       0.0000011557695516
     15.2152157       0.0000011404838868
     15.3153152       0.0000011254991389
     15.4154158       0.0000011108077390
     15.5155153       0.0000010964026884
     15.6156158       0.0000010822756779
     15.7157154       0.0000010684219252
     15.8158159       0.0000010548316468
     15.9159155       0.0000010414988978
     16.0160160       0.0000010284175435
     16.1161156       0.0000010155824381
     16.2162170       0.0000010029856130
     16.3163166       0.0000009906222857
     16.4164162       0.0000009784851787
     16.5165157       0.0000009665717838
     16.6166172       0.0000009548735505
     16.7167168       0.0000009433868558
     16.8168163       0.0000009321071093
     16.9169178       0.0000009210283684
     17.0170174       0.0000009101460543
     17.1171169       0.0000008994554410
     17.2172165       0.0000008889529490
     17.3173180       0.0000008786322575
     17.4174175       0.0000008684916522
     17.5175171       0.0000008585260582
     17.6176186       0.0000008487297339
     17.7177181       0.0000008391016096
     17.8178177       0.0000008296364880
     17.9179173       0.0000008203299857
     18.0180187       0.0000008111794980
     18.1181183       0.0000008021823627
     18.2182178       0.0000007933336399
     18.3183174       0.0000007846314001
     18.4184189       0.0000007760706491
     18.5185184       0.0000007676493499
     18.6186180       0.0000007593648536
     18.7187195       0.0000007512149780
     18.8188190       0.0000007431944356
     18.9189186       0.0000007353019750
     19.0190182       0.0000007275344483
     19.1191196       0.0000007198903696
     19.2192192       0.0000007123660034
     19.3193188       0.0000007049585844
     19.4194202       0.0000006976668384
     19.5195198       0.0000006904879259
     19.6196194       0.0000006834192218
     19.7197189       0.0000006764578546
     19.8198204       0.0000006696026840
     19.9199200       0.0000006628523740
     20.0200195       0.0000006562027962
     20.1201210       0.0000006496524667
     20.2202206       0.0000006432007698
     20.3203201       0.0000006368443842
     20.4204197       0.0000006305820014
     20.5205212       0.0000006244117639
     20.6206207       0.0000006183310806
     20.7207203       0.0000006123397149
     20.8208199       0.0000006064344332
     20.9209213       0.0000006006150914
     21.0210209       0.0000005948789446
     21.1211205       0.0000005892239983
     21.2212219       0.0000005836496837
     21.3213215       0.0000005781543979
     21.4214211       0.0000005727361224
     21.5215206       0.0000005673946575
     21.6216221       0.0000005621269294
     21.7217216       0.0000005569325489
     21.8218212       0.0000005518088962
     21.9219227       0.0000005467566595
     22.0220222       0.0000005417739104
     22.1221218       0.0000005368582558
     22.2222214       0.0000005320098327
     22.3223228       0.0000005272266103
     22.4224224       0.0000005225072573
     22.5225220       0.0000005178516607
     22.6226234       0.0000005132579260
     22.7227230       0.0000005087249174
     22.8228226       0.0000005042520930
     22.9229221       0.0000004998376928
     23.0230236       0.0000004954811735
     23.1231232       0.0000004911818681
     23.2232227       0.0000004869380687
     23.3233242       0.0000004827485402
     23.4234238       0.0000004786132372
     23.5235233       0.0000004745314417
     23.6236229       0.0000004705010222
     23.7237244       0.0000004665224275
     23.8238239       0.0000004625935927
     23.9239235       0.0000004587143907
     24.0240250       0.0000004548833203
     24.1241245       0.0000004511010625
     24.2242241       0.0000004473649764
     24.3243237       0.0000004436755815
     24.4244251       0.0000004400313308
     24.5245247       0.0000004364323764
     24.6246243       0.0000004328773428
     24.7247238       0.0000004293652036
     24.8248253       0.0000004258962659
     24.9249249       0.0000004224685823
     25.0250244       0.0000004190825307
     25.1251259       0.0000004157369639
     25.2252254       0.0000004124315730
     25.3253250       0.0000004091654958
     25.4254246       0.0000004059374504
     25.5255260       0.0000004027481224
     25.6256256       0.0000003995959023
     25.7257252       0.0000003964807654
     25.8258266       0.0000003934020662
     25.9259262       0.0000003903590665
     26.0260258       0.0000003873509351
     26.1261253       0.0000003843780727
     26.2262268       0.0000003814389324
     26.3263264       0.0000003785331954
     26.4264259       0.0000003756608784
     26.5265274       0.0000003728207188
     26.6266270       0.0000003700133917
     26.7267265       0.0000003672373685
     26.8268261       0.0000003644924752
     26.9269276       0.0000003617783527
     27.0270271       0.0000003590942116
     27.1271267       0.0000003564401004
     27.2272263       0.0000003538152305
     27.3273277       0.0000003512193345
     27.4274273       0.0000003486521014
     27.5275269       0.0000003461126475
     27.6276283       0.0000003436007838
     27.7277279       0.0000003411165217
     27.8278275       0.0000003386589476
     27.9279270       0.0000003362277405
     28.0280285       0.0000003338229441
     28.1281281       0.0000003314434019
     28.2282276       0.0000003290899995
     28.3283291       0.0000003267607463
     28.4284286       0.0000003244568039
     28.5285282       0.0000003221767420
     28.6286278       0.0000003199209031
     28.7287292       0.0000003176885418
     28.8288288       0.0000003154795100
     28.9289284       0.0000003132935422
     29.0290298       0.0000003111300563
     29.1291294       0.0000003089890991
     29.2292290       0.0000003068700991
     29.3293285       0.0000003047731500
     29.4294300       0.0000003026973722
     29.5295296       0.0000003006425959
     29.6296291       0.0000002986087807
     29.7297306       0.0000002965956021
     29.8298302       0.0000002946025415
     29.9299297       0.0000002926297426
     30.0300293       0.0000002906769269
     30.1301308       0.0000002887429175
     30.2302303       0.0000002868288168
     30.3303299       0.0000002849333360
     30.4304314       0.0000002830568779
     30.5305309       0.0000002811987153
     30.6306305       0.0000002793587549
     30.7307301       0.0000002775370529
     30.8308315       0.0000002757329243
     30.9309311       0.0000002739463389
     31.0310307       0.0000002721772594
     31.1311302       0.0000002704250617
     31.2312317       0.0000002686898322
     31.3313313       0.0000002669713733
     31.4314308       0.0000002652690793
     31.5315323       0.0000002635832207
     31.6316319       0.0000002619134256
     31.7317314       0.0000002602592201
     31.8318310       0.0000002586210239
     31.9319324       0.0000002569976544
     32.0320320       0.0000002553900386
     32.1321335       0.0000002537977179
     32.2322311       0.0000002522197073
     32.3323326       0.0000002506566627
     32.4324341       0.0000002491078743
     32.5325317       0.0000002475736871
     32.6326332       0.0000002460535053
     32.7327309       0.0000002445471155
     32.8328323       0.0000002430546901
     32.9329338       0.0000002415758405
     33.0330315       0.0000002401104861
     33.1331329       0.0000002386584682
     33.2332344       0.0000002372198986
     33.3333321       0.0000002357939804
     33.4334335       0.0000002343807852
     33.5335350       0.0000002329804083
     33.6336327       0.0000002315924084
     33.7337341       0.0000002302168287
     33.8338356       0.0000002288537010
     33.9339333       0.0000002275023895
     34.0340347       0.0000002261630852
     34.1341324       0.0000002248359820
     34.2342339       0.0000002235199794
     34.3343353       0.0000002222154973
     34.4344330       0.0000002209227585
     34.5345345       0.0000002196411200
     34.6346359       0.0000002183705339
     34.7347336       0.0000002171112740
     34.8348351       0.0000002158624948
     34.9349365       0.0000002146246219
     35.0350342       0.0000002133973783
     35.1351357       0.0000002121806353
     35.2352371       0.0000002109740583
     35.3353348       0.0000002097780600
     35.4354362       0.0000002085921030
     35.5355339       0.0000002074162562
     35.6356354       0.0000002062500759
     35.7357368       0.0000002050941027
     35.8358345       0.0000002039476314
     35.9359360       0.0000002028106804
     36.0360374       0.0000002016831912
     36.1361351       0.0000002005651553
     36.2362366       0.0000001994564988
     36.3363380       0.0000001983568123
     36.4364357       0.0000001972662559
     36.5365372       0.0000001961846589
     36.6366348       0.0000001951120127
     36.7367363       0.0000001940482601
     36.8368378       0.0000001929930281
     36.9369354       0.0000001919464463
     37.0370369       0.0000001909081234
     37.1371384       0.0000001898785347
     37.2372360       0.0000001888572580
     37.3373375       0.0000001878438334
     37.4374390       0.0000001868388684
     37.5375366       0.0000001858419480
     37.6376381       0.0000001848527509
     37.7377396       0.0000001838715620
     37.8378372       0.0000001828985356
     37.9379387       0.0000001819326182
     38.0380363       0.0000001809746930
     38.1381378       0.0000001800242491
     38.2382393       0.0000001790812031
     38.3383369       0.0000001781456206
     38.4384384       0.0000001772174749
     38.5385399       0.0000001762964264
     38.6386375       0.0000001753824195
     38.7387390       0.0000001744757993
     38.8388405       0.0000001735759059
     38.9389381       0.0000001726830561
     39.0390396       0.0000001717971547
     39.1391373       0.0000001709179030
     39.2392387       0.0000001700456924
     39.3393402       0.0000001691799601
     39.4394379       0.0000001683207779
     39.5395393       0.0000001674680930
     39.6396408       0.0000001666219135
     39.7397385       0.0000001657820582
     39.8398399       0.0000001649489281
     39.9399414       0.0000001641216585
     40.0400391       0.0000001633008350
     40.1401405       0.0000001624858869
     40.2402420       0.0000001616773057
     40.3403397       0.0000001608746183
     40.4404411       0.0000001600778270
     40.5405388       0.0000001592870702
     40.6406403       0.0000001585020981
     40.7407417       0.0000001577229638
     40.8408394       0.0000001569496588
     40.9409409       0.0000001561818809
     41.0410423       0.0000001554197426
     41.1411400       0.0000001546632266
     41.2412415       0.0000001539120336
     41.3413429       0.0000001531665638
     41.4414406       0.0000001524264052
     41.5415421       0.0000001516914900
     41.6416397       0.0000001509619382
     41.7417412       0.0000001502377760
     41.8418427       0.0000001495186544
     41.9419403       0.0000001488046765
     42.0420418       0.0000001480959866
     42.1421432       0.0000001473922408
     42.2422409       0.0000001466933675
     42.3423424       0.0000001459996677
     42.4424438       0.0000001453107280
     42.5425415       0.0000001446268044
     42.6426430       0.0000001439475652
     42.7427444       0.0000001432730982
     42.8428421       0.0000001426035400
     42.9429436       0.0000001419384816
     43.0430412       0.0000001412780193
     43.1431427       0.0000001406223321
     43.2432442       0.0000001399710882
     43.3433418       0.0000001393244720
     43.4434433       0.0000001386822665
     43.5435448       0.0000001380444899
     43.6436424       0.0000001374111432
     43.7437439       0.0000001367819506
     43.8438454       0.0000001361573209
     43.9439430       0.0000001355368356
     44.0440445       0.0000001349206580
     44.1441460       0.0000001343086583
     44.2442436       0.0000001337007156
     44.3443451       0.0000001330969141
     44.4444427       0.0000001324974418
     44.5445442       0.0000001319017856
     44.6446457       0.0000001313100135
     44.7447433       0.0000001307224919
     44.8448448       0.0000001301387933
     44.9449463       0.0000001295588623
     45.0450439       0.0000001289830146
     45.1451454       0.0000001284110595
     45.2452469       0.0000001278426304
     45.3453445       0.0000001272781327
     45.4454460       0.0000001267173885
     45.5455437       0.0000001261602037
     45.6456451       0.0000001256067479
     45.7457466       0.0000001250570331
     45.8458443       0.0000001245107746
     45.9459457       0.0000001239682256
     46.0460472       0.0000001234291077
     46.1461449       0.0000001228935019
     46.2462463       0.0000001223614007
     46.3463478       0.0000001218327521
     46.4464455       0.0000001213075889
     46.5465469       0.0000001207857410
     46.6466484       0.0000001202672219
     46.7467461       0.0000001197520833
     46.8468475       0.0000001192401501
     46.9469452       0.0000001187316953
     47.0470467       0.0000001182263971
     47.1471481       0.0000001177242872
     47.2472458       0.0000001172253239
     47.3473473       0.0000001167296203
     47.4474487       0.0000001162370772
     47.5475464       0.0000001157475378
     47.6476479       0.0000001152611908
     47.7477493       0.0000001147778009
     47.8478470       0.0000001142974922
     47.9479485       0.0000001138201831
     48.0480499       0.0000001133458876
     48.1481476       0.0000001128746342
     48.2482491       0.0000001124061507
     48.3483467       0.0000001119406382
     48.4484482       0.0000001114780699
     48.5485497       0.0000001110183060
     48.6486473       0.0000001105614863
     48.7487488       0.0000001101073825
     48.8488503       0.0000001096560239
     48.9489479       0.0000001092075413
     49.0490494       0.0000001087616835
     49.1491508       0.0000001083185547
     49.2492485       0.0000001078783393
     49.3493500       0.0000001074406101
     49.4494476       0.0000001070056264
     49.5495491       0.0000001065733194
     49.6496506       0.0000001061433442
     49.7497482       0.0000001057162634
     49.8498497       0.0000001052916955
     49.9499512       0.0000001048696162
     50.0500488       0.0000001044501774
     50.1501503       0.0000001040331284
     50.2502518       0.0000001036186140
     50.3503494       0.0000001032066217
     50.4504509       0.0000001027970274
     50.5505524       0.0000001023899301
     50.6506500       0.0000001019851462
     50.7507515       0.0000001015828339
     50.8508492       0.0000001011829449
     50.9509506       0.0000001007853142
     51.0510521       0.0000001003900751
     51.1511497       0.0000000999971436
     51.2512512       0.0000000996063874
     51.3513527       0.0000000992180920
     51.4514503       0.0000000988320138
     51.5515518       0.0000000984482337
     51.6516533       0.0000000980666572
     51.7517509       0.0000000976872665
     51.8518524       0.0000000973100772
     51.9519501       0.0000000969350560
     52.0520515       0.0000000965621467
     52.1521530       0.0000000961914368
     52.2522507       0.0000000958229381
     52.3523521       0.0000000954565543
     52.4524536       0.0000000950921299
     52.5525513       0.0000000947298275
     52.6526527       0.0000000943696442
     52.7527542       0.0000000940116105
     52.8528519       0.0000000936554951
     52.9529533       0.0000000933013069
     53.0530548       0.0000000929493272
     53.1531525       0.0000000925991744
     53.2532539       0.0000000922510517
     53.3533516       0.0000000919049407
     53.4534531       0.0000000915606349
     53.5535545       0.0000000912183844
     53.6536522       0.0000000908780090
     53.7537537       0.0000000905396328
     53.8538551       0.0000000902028889
     53.9539528       0.0000000898682689
     54.0540543       0.0000000895354002
     54.1541557       0.0000000892044497
     54.2542534       0.0000000888752216
     54.3543549       0.0000000885478985
     54.4544525       0.0000000882224011
     54.5545540       0.0000000878986859
     54.6546555       0.0000000875765973
     54.7547531       0.0000000872565140
     54.8548546       0.0000000869380450
     54.9549561       0.0000000866213269
     55.0550537       0.0000000863062841
     55.1551552       0.0000000859930338
     55.2552567       0.0000000856814497
     55.3553543       0.0000000853716228
     55.4554558       0.0000000850634186
     55.5555573       0.0000000847568590
     55.6556549       0.0000000844520117
     55.7557564       0.0000000841488110
     55.8558540       0.0000000838471816
     55.9559555       0.0000000835472497
     56.0560570       0.0000000832488747
     56.1561546       0.0000000829521806
     56.2562561       0.0000000826569269
     56.3563576       0.0000000823632255
     56.4564552       0.0000000820712611
     56.5565567       0.0000000817806541
     56.6566582       0.0000000814917911
     56.7567558       0.0000000812043150
     56.8568573       0.0000000809183423
     56.9569588       0.0000000806339830
     57.0570564       0.0000000803510203
     57.1571579       0.0000000800697158
     57.2572556       0.0000000797896538
     57.3573570       0.0000000795111573
     57.4574585       0.0000000792341411
     57.5575562       0.0000000789585849
     57.6576576       0.0000000786844857
     57.7577591       0.0000000784117211
     57.8578568       0.0000000781403765
     57.9579582       0.0000000778705126
     58.0580597       0.0000000776020171
     58.1581573       0.0000000773349321
     58.2582588       0.0000000770692109
     58.3583565       0.0000000768047665
     58.4584579       0.0000000765417522
     58.5585594       0.0000000762801246
     58.6586571       0.0000000760197502
     58.7587585       0.0000000757608166
     58.8588600       0.0000000755031655
     58.9589577       0.0000000752466972
     59.0590591       0.0000000749917082
     59.1591606       0.0000000747379478
     59.2592583       0.0000000744854773
     59.3593597       0.0000000742342471
     59.4594612       0.0000000739843516
     59.5595589       0.0000000737356505
     59.6596603       0.0000000734882694
     59.7597580       0.0000000732421166
     59.8598595       0.0000000729971219
     59.9599609       0.0000000727534628
     60.0600586       0.0000000725109684
     60.1601601       0.0000000722696756
     60.2602615       0.0000000720296075
     60.3603592       0.0000000717907304
     60.4604607       0.0000000715530081
     60.5605621       0.0000000713165033
     60.6606598       0.0000000710811857
     60.7607613       0.0000000708469539
     60.8608627       0.0000000706138932
     60.9609604       0.0000000703820859
     61.0610619       0.0000000701512896
     61.1611595       0.0000000699217339
     61.2612610       0.0000000696932717
     61.3613625       0.0000000694659368
     61.4614601       0.0000000692396171
     61.5615616       0.0000000690144396
     61.6616631       0.0000000687904307
     61.7617607       0.0000000685674747
     61.8618622       0.0000000683455739
     61.9619637       0.0000000681247635
     62.0620613       0.0000000679050571
     62.1621628       0.0000000676864381
     62.2622604       0.0000000674686878
     62.3623619       0.0000000672522232
     62.4624634       0.0000000670366337
     62.5625610       0.0000000668221595
     62.6626625       0.0000000666086392
     62.7627640       0.0000000663962786
     62.8628616       0.0000000661847956
     62.9629631       0.0000000659743964
     63.0630646       0.0000000657649773
     63.1631622       0.0000000655565992
     63.2632637       0.0000000653491218
     63.3633652       0.0000000651426817
     63.4634628       0.0000000649372014
     63.5635643       0.0000000647327221
     63.6636620       0.0000000645291556
     63.7637634       0.0000000643265612
     63.8638649       0.0000000641249149
     63.9639626       0.0000000639242343
     64.0640640       0.0000000637245685
     64.1641617       0.0000000635257586
     64.2642670       0.0000000633278045
     64.3643646       0.0000000631308805
     64.4644623       0.0000000629348690
     64.5645676       0.0000000627397400
     64.6646652       0.0000000625454952
     64.7647629       0.0000000623522268
     64.8648682       0.0000000621597778
     64.9649658       0.0000000619682690
     65.0650635       0.0000000617776160
     65.1651688       0.0000000615878002
     65.2652664       0.0000000613989291
     65.3653641       0.0000000612109335
     65.4654617       0.0000000610237497
     65.5655670       0.0000000608374309
     65.6656647       0.0000000606519941
     65.7657623       0.0000000604674092
     65.8658676       0.0000000602835833
     65.9659653       0.0000000601006788
     66.0660629       0.0000000599186010
     66.1661682       0.0000000597373428
     66.2662659       0.0000000595568447
     66.3663635       0.0000000593772396
     66.4664688       0.0000000591984425
     66.5665665       0.0000000590203742
     66.6666641       0.0000000588431488
     66.7667694       0.0000000586667467
     66.8668671       0.0000000584910808
     66.9669647       0.0000000583163227
     67.0670700       0.0000000581422291
     67.1671677       0.0000000579689560
     67.2672653       0.0000000577964939
     67.3673706       0.0000000576247154
     67.4674683       0.0000000574537909
     67.5675659       0.0000000572835875
     67.6676712       0.0000000571141391
     67.7677689       0.0000000569454009
     67.8678665       0.0000000567774146
     67.9679642       0.0000000566102254
     68.0680695       0.0000000564437266
     68.1681671       0.0000000562780163
     68.2682648       0.0000000561130029
     68.3683701       0.0000000559487135
     68.4684677       0.0000000557851276
     68.5685654       0.0000000556222596
     68.6686707       0.0000000554601767
     68.7687683       0.0000000552987053
     68.8688660       0.0000000551379986
     68.9689713       0.0000000549779520
     69.0690689       0.0000000548186434
     69.1691666       0.0000000546599816
     69.2692719       0.0000000545020429
     69.3693695       0.0000000543447744
     69.4694672       0.0000000541881666
     69.5695724       0.0000000540322269
     69.6696701       0.0000000538770320
     69.7697678       0.0000000537224697
     69.8698730       0.0000000535685342
     69.9699707       0.0000000534152538
     70.0700684       0.0000000532627598
     70.1701736       0.0000000531107844
     70.2702713       0.0000000529594711
     70.3703690       0.0000000528088294
     70.4704742       0.0000000526587964
     70.5705719       0.0000000525094852
     70.6706696       0.0000000523607386
     70.7707672       0.0000000522126510
     70.8708725       0.0000000520651847
     70.9709702       0.0000000519183306
     71.0710678       0.0000000517720979
     71.1711731       0.0000000516264926
     71.2712708       0.0000000514814935
     71.3713684       0.0000000513371373
     71.4714737       0.0000000511933711
     71.5715714       0.0000000510501989
     71.6716690       0.0000000509076231
     71.7717743       0.0000000507656163
     71.8718719       0.0000000506242157
     71.9719696       0.0000000504834507
     72.0720749       0.0000000503432453
     72.1721725       0.0000000502036126
     72.2722702       0.0000000500645963
     72.3723755       0.0000000499260891
     72.4724731       0.0000000497882139
     72.5725708       0.0000000496508926
     72.6726761       0.0000000495141149
     72.7727737       0.0000000493779010
     72.8728714       0.0000000492422904
     72.9729767       0.0000000491072122
     73.0730743       0.0000000489726995
     73.1731720       0.0000000488387458
     73.2732697       0.0000000487053824
     73.3733749       0.0000000485724631
     73.4734726       0.0000000484401265
     73.5735703       0.0000000483083736
     73.6736755       0.0000000481771086
     73.7737732       0.0000000480463382
     73.8738708       0.0000000479161775
     73.9739761       0.0000000477865551
     74.0740738       0.0000000476574408
     74.1741714       0.0000000475288154
     74.2742767       0.0000000474007126
     74.3743744       0.0000000472731762
     74.4744720       0.0000000471461206
     74.5745773       0.0000000470195708
     74.6746750       0.0000000468934980
     74.7747726       0.0000000467679957
     74.8748779       0.0000000466429964
     74.9749756       0.0000000465184559
     75.0750732       0.0000000463944246
     75.1751785       0.0000000462708999
     75.2752762       0.0000000461478530
     75.3753738       0.0000000460252560
     75.4754791       0.0000000459032476
     75.5755768       0.0000000457816667
     75.6756744       0.0000000456605360
     75.7757721       0.0000000455399400
     75.8758774       0.0000000454198404
     75.9759750       0.0000000453001880
     76.0760727       0.0000000451810044
     76.1761780       0.0000000450622376
     76.2762756       0.0000000449439950
     76.3763733       0.0000000448262123
     76.4764786       0.0000000447088887
     76.5765762       0.0000000445920370
     76.6766739       0.0000000444756028
     76.7767792       0.0000000443596546
     76.8768768       0.0000000442441695
     76.9769745       0.0000000441291614
     77.0770798       0.0000000440145282
     77.1771774       0.0000000439003720
     77.2772751       0.0000000437867054
     77.3773804       0.0000000436733890
     77.4774780       0.0000000435605591
     77.5775757       0.0000000434481430
     77.6776810       0.0000000433362056
     77.7777786       0.0000000432246412
     77.8778763       0.0000000431135762
     77.9779816       0.0000000430029211
     78.0780792       0.0000000428927068
     78.1781769       0.0000000427828793
     78.2782745       0.0000000426734652
     78.3783798       0.0000000425644555
     78.4784775       0.0000000424558827
     78.5785751       0.0000000423477727
     78.6786804       0.0000000422400596
     78.7787781       0.0000000421327402
     78.8788757       0.0000000420258218
     78.9789810       0.0000000419193004
     79.0790787       0.0000000418131951
     79.1791763       0.0000000417074989
     79.2792816       0.0000000416022047
     79.3793793       0.0000000414973003
     79.4794769       0.0000000413927994
     79.5795822       0.0000000412886895
     79.6796799       0.0000000411849304
     79.7797775       0.0000000410816283
     79.8798828       0.0000000409786850
     79.9799805       0.0000000408761029
     80.0800781       0.0000000407739385
     80.1801834       0.0000000406721362
     80.2802811       0.0000000405707381
     80.3803787       0.0000000404697271
     80.4804840       0.0000000403690603
     80.5805817       0.0000000402688008
     80.6806793       0.0000000401689326
     80.7807770       0.0000000400693822
     80.8808823       0.0000000399702236
     80.9809799       0.0000000398714116
     81.0810776       0.0000000397729626
     81.1811829       0.0000000396749272
     81.2812805       0.0000000395772262
     81.3813782       0.0000000394798723
     81.4814835       0.0000000393829002
     81.5815811       0.0000000392862816
     81.6816788       0.0000000391899947
     81.7817841       0.0000000390940582
     81.8818817       0.0000000389984785
     81.9819794       0.0000000389032742
     82.0820847       0.0000000388084394
     82.1821823       0.0000000387139142
     82.2822800       0.0000000386197300
     82.3823853       0.0000000385259054
     82.4824829       0.0000000384324065
     82.5825806       0.0000000383392488
     82.6826859       0.0000000382464442
     82.7827835       0.0000000381539815
     82.8828812       0.0000000380618407
     82.9829865       0.0000000379700373
     83.0830841       0.0000000378785631
     83.1831818       0.0000000377873994
     83.2832794       0.0000000376965653
     83.3833847       0.0000000376060855
     83.4834824       0.0000000375159437
     83.5835800       0.0000000374260642
     83.6836853       0.0000000373366004
     83.7837830       0.0000000372473688
     83.8838806       0.0000000371585162
     83.9839859       0.0000000370699556
     84.0840836       0.0000000369816766
     84.1841812       0.0000000368937752
     84.2842865       0.0000000368061836
     84.3843842       0.0000000367188676
     84.4844818       0.0000000366318493
     84.5845871       0.0000000365451840
     84.6846848       0.0000000364588151
     84.7847824       0.0000000363727377
     84.8848877       0.0000000362869403
     84.9849854       0.0000000362014917
     85.0850830       0.0000000361163221
     85.1851883       0.0000000360314681
     85.2852859       0.0000000359469199
     85.3853836       0.0000000358626325
     85.4854889       0.0000000357786867
     85.5855865       0.0000000356949963
     85.6856842       0.0000000356116631
     85.7857895       0.0000000355285487
     85.8858871       0.0000000354457328
     85.9859848       0.0000000353632272
     86.0860825       0.0000000352809875
     86.1861877       0.0000000351990653
     86.2862854       0.0000000351174353
     86.3863831       0.0000000350360586
     86.4864883       0.0000000349549356
     86.5865860       0.0000000348741528
     86.6866837       0.0000000347936560
     86.7867889       0.0000000347133877
     86.8868866       0.0000000346334149
     86.9869843       0.0000000345537299
     87.0870895       0.0000000344743153
     87.1871872       0.0000000343951320
     87.2872849       0.0000000343162685
     87.3873901       0.0000000342376710
     87.4874878       0.0000000341593870
     87.5875854       0.0000000340812885
     87.6876907       0.0000000340035270
     87.7877884       0.0000000339259804
     87.8878860       0.0000000338487292
     87.9879913       0.0000000337717185
     88.0880890       0.0000000336949533
     88.1881866       0.0000000336184849
     88.2882919       0.0000000335422975
     88.3883896       0.0000000334663422
     88.4884872       0.0000000333906246
     88.5885849       0.0000000333151798
     88.6886902       0.0000000332400033
     88.7887878       0.0000000331650752
     88.8888855       0.0000000330903913
     88.9889908       0.0000000330159504
     89.0890884       0.0000000329417738
     89.1891861       0.0000000328678667
     89.2892914       0.0000000327941536
     89.3893890       0.0000000327207431
     89.4894867       0.0000000326475469
     89.5895920       0.0000000325746385
     89.6896896       0.0000000325019495
     89.7897873       0.0000000324294880
     89.8898926       0.0000000323572999
     89.9899902       0.0000000322853157
     90.0900879       0.0000000322135821
     90.1901932       0.0000000321420957
     90.2902908       0.0000000320708217
     90.3903885       0.0000000319997992
     90.4904938       0.0000000319290359
     90.5905914       0.0000000318584864
     90.6906891       0.0000000317881687
     90.7907944       0.0000000317180797
     90.8908920       0.0000000316482275
     90.9909897       0.0000000315786083
     91.0910873       0.0000000315092449
     91.1911926       0.0000000314400767
     91.2912903       0.0000000313711404
     91.3913879       0.0000000313024360
     91.4914932       0.0000000312339359
     91.5915909       0.0000000311656762
     91.6916885       0.0000000310976751
     91.7917938       0.0000000310298274
     91.8918915       0.0000000309622709
     91.9919891       0.0000000308948943
     92.0920944       0.0000000308277405
     92.1921921       0.0000000307608154
     92.2922897       0.0000000306941064
     92.3923950       0.0000000306276136
     92.4924927       0.0000000305613338
     92.5925903       0.0000000304952733
     92.6926956       0.0000000304294259
     92.7927933       0.0000000303637883
     92.8928909       0.0000000302983586
     92.9929962       0.0000000302331440
     93.0930939       0.0000000301681455
     93.1931915       0.0000000301033601
     93.2932968       0.0000000300387464
     93.3933945       0.0000000299743777
     93.4934921       0.0000000299102126
     93.5935898       0.0000000298462574
     93.6936951       0.0000000297824996
     93.7937927       0.0000000297189406
     93.8938904       0.0000000296555803
     93.9939957       0.0000000295924334
     94.0940933       0.0000000295294964
     94.1941910       0.0000000294667318
     94.2942963       0.0000000294041724
     94.3943939       0.0000000293418339
     94.4944916       0.0000000292796678
     94.5945969       0.0000000292177209
     94.6946945       0.0000000291559885
     94.7947922       0.0000000290943977
     94.8948975       0.0000000290330367
     94.9949951       0.0000000289718638
     95.0950928       0.0000000289109221
     95.1951981       0.0000000288501024
     95.2952957       0.0000000287895215
     95.3953934       0.0000000287291181
     95.4954987       0.0000000286689132
     95.5955963       0.0000000286088615
     95.6956940       0.0000000285490446
     95.7957993       0.0000000284893827
     95.8958969       0.0000000284299329
     95.9959946       0.0000000283706304
     96.0960999       0.0000000283115265
     96.1961975       0.0000000282526495
     96.2962952       0.0000000281939257
     96.3963928       0.0000000281353765
     96.4964981       0.0000000280770132
     96.5965958       0.0000000280188441
     96.6966934       0.0000000279608489
     96.7967987       0.0000000279030206
     96.8968964       0.0000000278453742
     96.9969940       0.0000000277879096
     97.0970993       0.0000000277306407
     97.1971970       0.0000000276735286
     97.2972946       0.0000000276165906
     97.3973999       0.0000000275598249
     97.4974976       0.0000000275032852
     97.5975952       0.0000000274468575
     97.6977005       0.0000000273906185
     97.7977982       0.0000000273345581
     97.8978958       0.0000000272786915
     97.9980011       0.0000000272229665
     98.0980988       0.0000000271674171
     98.1981964       0.0000000271120515
     98.2983017       0.0000000270568406
     98.3983994       0.0000000270017990
     98.4984970       0.0000000269469220
     98.5986023       0.0000000268922415
     98.6987000       0.0000000268377046
     98.7987976       0.0000000267833291
     98.8988953       0.0000000267291245
     98.9990005       0.0000000266751180
     99.0990982       0.0000000266212393
     99.1991959       0.0000000265674967
     99.2993011       0.0000000265139694
     99.3993988       0.0000000264605782
     99.4994965       0.0000000264073485
     99.5996017       0.0000000263542739
     99.6996994       0.0000000263013404
     99.7997971       0.0000000262486201
     99.8999023       0.0000000261959970
    100.0000000       0.0000000261435683
