# x		H(x,a)
      0.0000000       1.0000000000000000
      0.1001001       0.9900299906730652
      0.2002002       0.9607124924659729
      0.3003003       0.9137664437294006
      0.4004004       0.8518707156181335
      0.5005005       0.7784109115600586
      0.6006006       0.6971734166145325
      0.7007007       0.6120254397392273
      0.8008008       0.5266169309616089
      0.9009009       0.4441368877887726
      1.0010010       0.3671632010489579
      1.1011012       0.2975316408400577
      1.2012012       0.2363336721665127
      1.3013012       0.1840062304934136
      1.4014014       0.1404283550444402
      1.5015016       0.1050503897625094
      1.6016016       0.0770318400296727
      1.7017016       0.0553715294045372
      1.8018018       0.0390181810141093
      1.9019020       0.0269552368557439
      2.0020020       0.0182583790595812
      2.1021020       0.0121281865560559
      2.2022023       0.0079023405712126
      2.3023024       0.0050526653708983
      2.4024024       0.0031723014515774
      2.5025024       0.0019578539721445
      2.6026025       0.0011898643016009
      2.7027028       0.0007141282533500
      2.8028028       0.0004252737065224
      2.9029028       0.0002532031968112
      3.0030031       0.0001524891737431
      3.1031032       0.0000944300300629
      3.2032032       0.0000613345607595
      3.3033032       0.0000425585108998
      3.4034033       0.0000318465060483
      3.5035036       0.0000256048870975
      3.6036036       0.0000218137070352
      3.7037036       0.0000193603399567
      3.8038039       0.0000176430153611
      3.9039040       0.0000163409102722
      4.0040040       0.0000152844456047
      4.1041040       0.0000143838793337
      4.2042041       0.0000135909153232
      4.3043041       0.0000128785150911
      4.4044046       0.0000122306126293
      4.5045047       0.0000116367614884
      4.6046047       0.0000110895932916
      4.7047048       0.0000105834774628
      4.8048048       0.0000101138845215
      4.9049048       0.0000096770219190
      5.0050049       0.0000092696400911
      5.1051049       0.0000088889255667
      5.2052050       0.0000085324267747
      5.3053055       0.0000081979821884
      5.4054055       0.0000078836751935
      5.5055056       0.0000075878253026
      5.6056056       0.0000073089299110
      5.7057056       0.0000070456130021
      5.8058057       0.0000067966957242
      5.9059057       0.0000065610855680
      6.0060062       0.0000063377902494
      6.1061063       0.0000061259517032
      6.2062063       0.0000059247546719
      6.3063064       0.0000057334702062
      6.4064064       0.0000055514319290
      6.5065064       0.0000053780385435
      6.6066065       0.0000052127334708
      6.7067065       0.0000050550084004
      6.8068066       0.0000049043966527
      6.9069071       0.0000047604592613
      7.0070071       0.0000046228056627
      7.1071072       0.0000044910763445
      7.2072072       0.0000043649202710
      7.3073072       0.0000042440188271
      7.4074073       0.0000041280972506
      7.5075073       0.0000040168639874
      7.6076078       0.0000039100794950
      7.7077079       0.0000038075013647
      7.8078079       0.0000037089128776
      7.9079080       0.0000036141047019
      8.0080080       0.0000035228876931
      8.1081085       0.0000034350841834
      8.2082081       0.0000033505201971
      8.3083086       0.0000032690407185
      8.4084082       0.0000031904971370
      8.5085087       0.0000031147446162
      8.6086082       0.0000030416622385
      8.7087088       0.0000029711173825
      8.8088093       0.0000029029955176
      8.9089088       0.0000028371883382
      9.0090094       0.0000027735901814
      9.1091089       0.0000027121071527
      9.2092094       0.0000026526419215
      9.3093090       0.0000025951079215
      9.4094095       0.0000025394244356
      9.5095091       0.0000024855128715
      9.6096096       0.0000024333006443
      9.7097101       0.0000023827123069
      9.8098097       0.0000023336835848
      9.9099102       0.0000022861540896
     10.0100098       0.0000022400566455
     10.1101103       0.0000021953375325
     10.2102098       0.0000021519469958
     10.3103104       0.0000021098273620
     10.4104099       0.0000020689336599
     10.5105104       0.0000020292136564
     10.6106110       0.0000019906283507
     10.7107105       0.0000019531311289
     10.8108110       0.0000019166815289
     10.9109106       0.0000018812429144
     11.0110111       0.0000018467783294
     11.1111107       0.0000018132514540
     11.2112112       0.0000017806297903
     11.3113117       0.0000017488806456
     11.4114113       0.0000017179728526
     11.5115118       0.0000016878759067
     11.6116114       0.0000016585615128
     11.7117119       0.0000016300068223
     11.8118114       0.0000016021820512
     11.9119120       0.0000015750631545
     12.0120125       0.0000015486281902
     12.1121120       0.0000015228511397
     12.2122126       0.0000014977154734
     12.3123121       0.0000014731956208
     12.4124126       0.0000014492726543
     12.5125122       0.0000014259285458
     12.6126127       0.0000014031436332
     12.7127123       0.0000013809010566
     12.8128128       0.0000013591841102
     12.9129133       0.0000013379748395
     13.0130129       0.0000013172583547
     13.1131134       0.0000012970179667
     13.2132130       0.0000012772420402
     13.3133135       0.0000012579148976
     13.4134130       0.0000012390259080
     13.5135136       0.0000012205559724
     13.6136131       0.0000012024975639
     13.7137136       0.0000011848378141
     13.8138142       0.0000011675641534
     13.9139137       0.0000011506639496
     14.0140142       0.0000011341302559
     14.1141138       0.0000011179511151
     14.2142143       0.0000011021150055
     14.3143139       0.0000010866123720
     14.4144144       0.0000010714354520
     14.5145149       0.0000010565752553
     14.6146145       0.0000010420220062
     14.7147150       0.0000010277681037
     14.8148146       0.0000010138042754
     14.9149151       0.0000010001223986
     15.0150146       0.0000009867181170
     15.1151152       0.0000009735791064
     15.2152157       0.0000009607030713
     15.3153152       0.0000009480803628
     15.4154158       0.0000009357048248
     15.5155153       0.0000009235704904
     15.6156158       0.0000009116704171
     15.7157154       0.0000009000006233
     15.8158159       0.0000008885525730
     15.9159155       0.0000008773215380
     16.0160160       0.0000008663023131
     16.1161156       0.0000008554905112
     16.2162170       0.0000008448794567
     16.3163166       0.0000008344649635
     16.4164162       0.0000008242410474
     16.5165157       0.0000008142057221
     16.6166172       0.0000008043514827
     16.7167168       0.0000007946754732
     16.8168163       0.0000007851737910
     16.9169178       0.0000007758414247
     17.0170174       0.0000007666746460
     17.1171169       0.0000007576692705
     17.2172165       0.0000007488223193
     17.3173180       0.0000007401284993
     17.4174175       0.0000007315864933
     17.5175171       0.0000007231918470
     17.6176186       0.0000007149397076
     17.7177181       0.0000007068292756
     17.8178177       0.0000006988561866
     17.9179173       0.0000006910168174
     18.0180187       0.0000006833086960
     18.1181183       0.0000006757298146
     18.2182178       0.0000006682759956
     18.3183174       0.0000006609455416
     18.4184189       0.0000006537343098
     18.5185184       0.0000006466404666
     18.6186180       0.0000006396619305
     18.7187195       0.0000006327967986
     18.8188190       0.0000006260404761
     18.9189186       0.0000006193922612
     19.0190182       0.0000006128491391
     19.1191196       0.0000006064100155
     19.2192192       0.0000006000717599
     19.3193188       0.0000005938320156
     19.4194202       0.0000005876897280
     19.5195198       0.0000005816424551
     19.6196194       0.0000005756879963
     19.7197189       0.0000005698240201
     19.8198204       0.0000005640494622
     19.9199200       0.0000005583632742
     20.0200195       0.0000005527618393
     20.1201210       0.0000005472441014
     20.2202206       0.0000005418094457
     20.3203201       0.0000005364549988
     20.4204197       0.0000005311798498
     20.5205212       0.0000005259822516
     20.6206207       0.0000005208600624
     20.7207203       0.0000005158131982
     20.8208199       0.0000005108387855
     20.9209213       0.0000005059367439
     21.0210209       0.0000005011048333
     21.1211205       0.0000004963413587
     21.2212219       0.0000004916456882
     21.3213215       0.0000004870166637
     21.4214211       0.0000004824524958
     21.5215206       0.0000004779530550
     21.6216221       0.0000004735157194
     21.7217216       0.0000004691401256
     21.8218212       0.0000004648242029
     21.9219227       0.0000004605683087
     22.0220222       0.0000004563710671
     22.1221218       0.0000004522302810
     22.2222214       0.0000004481461917
     22.3223228       0.0000004441169403
     22.4224224       0.0000004401415438
     22.5225220       0.0000004362198078
     22.6226234       0.0000004323501953
     22.7227230       0.0000004285317862
     22.8228226       0.0000004247639958
     22.9229221       0.0000004210455163
     23.0230236       0.0000004173756955
     23.1231232       0.0000004137541205
     23.2232227       0.0000004101792812
     23.3233242       0.0000004066501901
     23.4234238       0.0000004031667166
     23.5235233       0.0000003997283488
     23.6236229       0.0000003963333171
     23.7237244       0.0000003929818379
     23.8238239       0.0000003896723982
     23.9239235       0.0000003864046896
     24.0240250       0.0000003831775208
     24.1241245       0.0000003799914477
     24.2242241       0.0000003768443374
     24.3243237       0.0000003737364951
     24.4244251       0.0000003706666913
     24.5245247       0.0000003676350697
     24.6246243       0.0000003646404539
     24.7247238       0.0000003616819628
     24.8248253       0.0000003587598462
     24.9249249       0.0000003558724767
     25.0250244       0.0000003530201975
     25.1251259       0.0000003502020165
     25.2252254       0.0000003474177110
     25.3253250       0.0000003446664596
     25.4254246       0.0000003419472458
     25.5255260       0.0000003392606706
     25.6256256       0.0000003366053537
     25.7257252       0.0000003339812902
     25.8258266       0.0000003313879001
     25.9259262       0.0000003288245464
     26.0260258       0.0000003262906414
     26.1261253       0.0000003237864337
     26.2262268       0.0000003213105609
     26.3263264       0.0000003188628760
     26.4264259       0.0000003164433637
     26.5265274       0.0000003140509036
     26.6266270       0.0000003116861123
     26.7267265       0.0000003093476725
     26.8268261       0.0000003070354780
     26.9269276       0.0000003047492032
     27.0270271       0.0000003024881896
     27.1271267       0.0000003002524432
     27.2272263       0.0000002980413492
     27.3273277       0.0000002958546785
     27.4274273       0.0000002936921225
     27.5275269       0.0000002915529877
     27.6276283       0.0000002894370811
     27.7277279       0.0000002873444293
     27.8278275       0.0000002852742202
     27.9279270       0.0000002832262494
     28.0280285       0.0000002812005501
     28.1281281       0.0000002791961430
     28.2282276       0.0000002772136820
     28.3283291       0.0000002752516228
     28.4284286       0.0000002733108442
     28.5285282       0.0000002713902139
     28.6286278       0.0000002694899713
     28.7287292       0.0000002676094912
     28.8288288       0.0000002657487424
     28.9289284       0.0000002639073364
     29.0290298       0.0000002620848844
     29.1291294       0.0000002602814283
     29.2292290       0.0000002584964700
     29.3293285       0.0000002567300288
     29.4294300       0.0000002549814871
     29.5295296       0.0000002532506007
     29.6296291       0.0000002515374254
     29.7297306       0.0000002498415877
     29.8298302       0.0000002481626860
     29.9299297       0.0000002465008895
     30.0300293       0.0000002448558714
     30.1301308       0.0000002432267588
     30.2302303       0.0000002416143748
     30.3303299       0.0000002400177069
     30.4304314       0.0000002384370514
     30.5305309       0.0000002368717857
     30.6306305       0.0000002353218659
     30.7307301       0.0000002337873346
     30.8308315       0.0000002322675874
     30.9309311       0.0000002307626509
     31.0310307       0.0000002292724379
     31.1311302       0.0000002277964370
     31.2312317       0.0000002263347446
     31.3313313       0.0000002248871836
     31.4314308       0.0000002234532285
     31.5315323       0.0000002220331227
     31.6316319       0.0000002206265582
     31.7317314       0.0000002192330969
     31.8318310       0.0000002178531313
     31.9319324       0.0000002164856928
     32.0320320       0.0000002151314670
     32.1321335       0.0000002137901461
     32.2322311       0.0000002124608963
     32.3323326       0.0000002111442442
     32.4324341       0.0000002098395971
     32.5325317       0.0000002085472470
     32.6326332       0.0000002072666991
     32.7327309       0.0000002059977864
     32.8328323       0.0000002047406069
     32.9329338       0.0000002034948928
     33.0330315       0.0000002022605149
     33.1331329       0.0000002010373918
     33.2332344       0.0000001998255981
     33.3333321       0.0000001986244468
     33.4334335       0.0000001974340258
     33.5335350       0.0000001962544084
     33.6336327       0.0000001950851938
     33.7337341       0.0000001939264592
     33.8338356       0.0000001927782189
     33.9339333       0.0000001916399309
     34.0340347       0.0000001905117326
     34.1341324       0.0000001893938297
     34.2342339       0.0000001882852810
     34.3343353       0.0000001871864240
     34.4344330       0.0000001860974644
     34.5345345       0.0000001850178537
     34.6346359       0.0000001839475652
     34.7347336       0.0000001828867929
     34.8348351       0.0000001818348895
     34.9349365       0.0000001807921513
     35.0350342       0.0000001797583541
     35.1351357       0.0000001787334081
     35.2352371       0.0000001777170409
     35.3353348       0.0000001767095547
     35.4354362       0.0000001757105570
     35.5355339       0.0000001747200750
     35.6356354       0.0000001737377226
     35.7357368       0.0000001727639695
     35.8358345       0.0000001717982193
     35.9359360       0.0000001708404925
     36.0360374       0.0000001698907559
     36.1361351       0.0000001689489483
     36.2362366       0.0000001680150549
     36.3363380       0.0000001670887132
     36.4364357       0.0000001661700623
     36.5365372       0.0000001652589812
     36.6366348       0.0000001643554230
     36.7367363       0.0000001634593398
     36.8368378       0.0000001625704527
     36.9369354       0.0000001616888486
     37.0370369       0.0000001608142162
     37.1371384       0.0000001599469292
     37.2372360       0.0000001590866247
     37.3373375       0.0000001582329473
     37.4374390       0.0000001573864161
     37.5375366       0.0000001565466356
     37.6376381       0.0000001557133852
     37.7377396       0.0000001548868692
     37.8378372       0.0000001540672125
     37.9379387       0.0000001532535644
     38.0380363       0.0000001524466434
     38.1381378       0.0000001516460171
     38.2382393       0.0000001508516277
     38.3383369       0.0000001500635398
     38.4384384       0.0000001492816855
     38.5385399       0.0000001485058176
     38.6386375       0.0000001477359056
     38.7387390       0.0000001469721982
     38.8388405       0.0000001462141692
     38.9389381       0.0000001454620558
     39.0390396       0.0000001447158095
     39.1391373       0.0000001439751511
     39.2392387       0.0000001432404383
     39.3393402       0.0000001425111895
     39.4394379       0.0000001417874236
     39.5395393       0.0000001410691495
     39.6396408       0.0000001403563621
     39.7397385       0.0000001396489067
     39.8398399       0.0000001389471056
     39.9399414       0.0000001382502474
     40.0400391       0.0000001375588031
     40.1401405       0.0000001368723260
     40.2402420       0.0000001361911975
     40.3403397       0.0000001355150524
     40.4404411       0.0000001348438586
     40.5405388       0.0000001341777531
     40.6406403       0.0000001335165228
     40.7407417       0.0000001328602085
     40.8408394       0.0000001322088030
     40.9409409       0.0000001315620638
     41.0410423       0.0000001309200519
     41.1411400       0.0000001302827910
     41.2412415       0.0000001296500277
     41.3413429       0.0000001290220682
     41.4414406       0.0000001283985798
     41.5415421       0.0000001277795240
     41.6416397       0.0000001271649676
     41.7417412       0.0000001265549551
     41.8418427       0.0000001259491821
     41.9419403       0.0000001253477628
     42.0420418       0.0000001247507841
     42.1421432       0.0000001241579734
     42.2422409       0.0000001235692684
     42.3423424       0.0000001229849280
     42.4424438       0.0000001224045790
     42.5425415       0.0000001218284868
     42.6426430       0.0000001212563111
     42.7427444       0.0000001206881547
     42.8428421       0.0000001201241354
     42.9429436       0.0000001195639217
     43.0430412       0.0000001190075614
     43.1431427       0.0000001184552543
     43.2432442       0.0000001179066580
     43.3433418       0.0000001173619765
     43.4434433       0.0000001168210027
     43.5435448       0.0000001162837518
     43.6436424       0.0000001157502544
     43.7437439       0.0000001152202518
     43.8438454       0.0000001146940904
     43.9439430       0.0000001141714012
     44.0440445       0.0000001136523684
     44.1441460       0.0000001131368329
     44.2442436       0.0000001126247222
     44.3443451       0.0000001121160975
     44.4444427       0.0000001116111317
     44.5445442       0.0000001111093557
     44.6446457       0.0000001106108918
     44.7447433       0.0000001101159693
     44.8448448       0.0000001096242852
     44.9449463       0.0000001091357848
     45.0450439       0.0000001086506922
     45.1451454       0.0000001081689038
     45.2452469       0.0000001076900840
     45.3453445       0.0000001072145847
     45.4454460       0.0000001067422088
     45.5455437       0.0000001062728657
     45.6456451       0.0000001058066614
     45.7457466       0.0000001053435957
     45.8458443       0.0000001048834477
     45.9459457       0.0000001044264209
     46.0460472       0.0000001039722893
     46.1461449       0.0000001035211045
     46.2462463       0.0000001030728855
     46.3463478       0.0000001026275705
     46.4464455       0.0000001021851909
     46.5465469       0.0000001017456043
     46.6466484       0.0000001013088305
     46.7467461       0.0000001008748942
     46.8468475       0.0000001004436548
     46.9469452       0.0000001000153611
     47.0470467       0.0000000995897029
     47.1471481       0.0000000991667424
     47.2472458       0.0000000987464427
     47.3473473       0.0000000983288680
     47.4474487       0.0000000979139644
     47.5475464       0.0000000975016144
     47.6476479       0.0000000970919271
     47.7477493       0.0000000966847320
     47.8478470       0.0000000962801355
     47.9479485       0.0000000958780634
     48.0480499       0.0000000954785399
     48.1481476       0.0000000950815682
     48.2482491       0.0000000946869405
     48.3483467       0.0000000942948010
     48.4484482       0.0000000939051506
     48.5485497       0.0000000935178760
     48.6486473       0.0000000931330531
     48.7487488       0.0000000927505422
     48.8488503       0.0000000923703328
     48.9489479       0.0000000919925453
     49.0490494       0.0000000916169731
     49.1491508       0.0000000912436911
     49.2492485       0.0000000908728697
     49.3493500       0.0000000905041452
     49.4494476       0.0000000901377256
     49.5495491       0.0000000897735721
     49.6496506       0.0000000894113713
     49.7497482       0.0000000890516158
     49.8498497       0.0000000886939726
     49.9499512       0.0000000883384312
     50.0500488       0.0000000879851180
     50.1501503       0.0000000876338031
     50.2502518       0.0000000872846318
     50.3503494       0.0000000869375787
     50.4504509       0.0000000865925546
     50.5505524       0.0000000862496345
     50.6506500       0.0000000859086553
     50.7507515       0.0000000855697666
     50.8508492       0.0000000852329098
     50.9509506       0.0000000848979619
     51.0510521       0.0000000845650259
     51.1511497       0.0000000842340332
     51.2512512       0.0000000839048726
     51.3513527       0.0000000835777840
     51.4514503       0.0000000832525734
     51.5515518       0.0000000829292874
     51.6516533       0.0000000826078591
     51.7517509       0.0000000822882777
     51.8518524       0.0000000819705431
     51.9519501       0.0000000816546377
     52.0520515       0.0000000813405093
     52.1521530       0.0000000810282390
     52.2522507       0.0000000807178376
     52.3523521       0.0000000804092038
     52.4524536       0.0000000801022222
     52.5525513       0.0000000797970328
     52.6526527       0.0000000794936283
     52.7527542       0.0000000791920294
     52.8528519       0.0000000788920599
     52.9529533       0.0000000785936966
     53.0530548       0.0000000782972034
     53.1531525       0.0000000780022494
     53.2532539       0.0000000777090012
     53.3533516       0.0000000774174536
     53.4534531       0.0000000771274225
     53.5535545       0.0000000768391152
     53.6536522       0.0000000765523992
     53.7537537       0.0000000762673644
     53.8538551       0.0000000759836979
     53.9539528       0.0000000757018301
     54.0540543       0.0000000754214355
     54.1541557       0.0000000751426480
     54.2542534       0.0000000748653237
     54.3543549       0.0000000745895990
     54.4544525       0.0000000743154082
     54.5545540       0.0000000740427201
     54.6546555       0.0000000737714057
     54.7547531       0.0000000735017840
     54.8548546       0.0000000732335114
     54.9549561       0.0000000729667218
     55.0550537       0.0000000727013473
     55.1551552       0.0000000724374734
     55.2552567       0.0000000721750042
     55.3553543       0.0000000719140131
     55.4554558       0.0000000716543958
     55.5555573       0.0000000713961629
     55.6556549       0.0000000711393688
     55.7557564       0.0000000708839603
     55.8558540       0.0000000706298803
     55.9559555       0.0000000703772248
     56.0560570       0.0000000701258902
     56.1561546       0.0000000698759566
     56.2562561       0.0000000696272525
     56.3563576       0.0000000693798519
     56.4564552       0.0000000691339085
     56.5565567       0.0000000688891110
     56.6566582       0.0000000686457843
     56.7567558       0.0000000684036211
     56.8568573       0.0000000681627305
     56.9569588       0.0000000679231923
     57.0570564       0.0000000676848335
     57.1571579       0.0000000674478780
     57.2572556       0.0000000672119649
     57.3573570       0.0000000669773697
     57.4574585       0.0000000667440122
     57.5575562       0.0000000665118963
     57.6576576       0.0000000662810022
     57.7577591       0.0000000660512421
     57.8578568       0.0000000658226725
     57.9579582       0.0000000655953416
     58.0580597       0.0000000653691798
     58.1581573       0.0000000651441913
     58.2582588       0.0000000649203559
     58.3583565       0.0000000646976032
     58.4584579       0.0000000644760513
     58.5585594       0.0000000642556625
     58.6586571       0.0000000640363325
     58.7587585       0.0000000638182083
     58.8588600       0.0000000636011734
     58.9589577       0.0000000633851457
     59.0590591       0.0000000631703440
     59.1591606       0.0000000629565893
     59.2592583       0.0000000627439186
     59.3593597       0.0000000625322897
     59.4594612       0.0000000623217838
     59.5595589       0.0000000621122913
     59.6596603       0.0000000619039014
     59.7597580       0.0000000616965462
     59.8598595       0.0000000614901742
     59.9599609       0.0000000612849276
     60.0600586       0.0000000610806581
     60.1601601       0.0000000608773972
     60.2602615       0.0000000606751735
     60.3603592       0.0000000604739548
     60.4604607       0.0000000602737033
     60.5605621       0.0000000600744832
     60.6606598       0.0000000598762567
     60.7607613       0.0000000596789531
     60.8608627       0.0000000594826336
     60.9609604       0.0000000592873648
     61.0610619       0.0000000590929539
     61.1611595       0.0000000588995808
     61.2612610       0.0000000587071322
     61.3613625       0.0000000585156302
     61.4614601       0.0000000583249910
     61.5615616       0.0000000581353018
     61.6616631       0.0000000579466089
     61.7617607       0.0000000577588004
     61.8618622       0.0000000575718771
     61.9619637       0.0000000573858760
     62.0620613       0.0000000572007994
     62.1621628       0.0000000570166436
     62.2622604       0.0000000568332247
     62.3623619       0.0000000566508813
     62.4624634       0.0000000564692771
     62.5625610       0.0000000562886091
     62.6626625       0.0000000561087437
     62.7627640       0.0000000559298615
     62.8628616       0.0000000557517144
     62.9629631       0.0000000555744796
     63.0630646       0.0000000553980748
     63.1631622       0.0000000552225440
     63.2632637       0.0000000550477786
     63.3633652       0.0000000548738791
     63.4634628       0.0000000547007822
     63.5635643       0.0000000545285376
     63.6636620       0.0000000543570602
     63.7637634       0.0000000541864068
     63.8638649       0.0000000540165379
     63.9639626       0.0000000538475054
     64.0640640       0.0000000536793096
     64.1641617       0.0000000535118345
     64.2642670       0.0000000533450814
     64.3643646       0.0000000531792063
     64.4644623       0.0000000530141010
     64.5645676       0.0000000528497213
     64.6646652       0.0000000526860991
     64.7647629       0.0000000525232974
     64.8648682       0.0000000523611903
     64.9649658       0.0000000521998629
     65.0650635       0.0000000520392681
     65.1651688       0.0000000518793718
     65.2652664       0.0000000517202737
     65.3653641       0.0000000515619144
     65.4654617       0.0000000514042322
     65.5655670       0.0000000512472888
     65.6656647       0.0000000510910814
     65.7657623       0.0000000509355942
     65.8658676       0.0000000507807475
     65.9659653       0.0000000506266700
     66.0660629       0.0000000504732940
     66.1661682       0.0000000503206104
     66.2662659       0.0000000501685656
     66.3663635       0.0000000500172730
     66.4664688       0.0000000498666569
     66.5665665       0.0000000497166619
     66.6666641       0.0000000495673769
     66.7667694       0.0000000494187740
     66.8668671       0.0000000492708039
     66.9669647       0.0000000491235954
     67.0670700       0.0000000489769418
     67.1671677       0.0000000488309825
     67.2672653       0.0000000486857078
     67.3673706       0.0000000485410104
     67.4674683       0.0000000483970242
     67.5675659       0.0000000482536543
     67.6676712       0.0000000481109176
     67.7677689       0.0000000479687775
     67.8678665       0.0000000478272713
     67.9679642       0.0000000476864350
     68.0680695       0.0000000475461874
     68.1681671       0.0000000474065960
     68.2682648       0.0000000472675934
     68.3683701       0.0000000471292056
     68.4684677       0.0000000469914039
     68.5685654       0.0000000468542108
     68.6686707       0.0000000467176778
     68.7687683       0.0000000465816608
     68.8688660       0.0000000464462846
     68.9689713       0.0000000463114666
     69.0690689       0.0000000461772763
     69.1691666       0.0000000460436224
     69.2692719       0.0000000459105809
     69.3693695       0.0000000457781102
     69.4694672       0.0000000456461857
     69.5695724       0.0000000455148263
     69.6696701       0.0000000453840880
     69.7697678       0.0000000452538933
     69.8698730       0.0000000451242259
     69.9699707       0.0000000449951115
     70.0700684       0.0000000448666514
     70.1701736       0.0000000447386359
     70.2702713       0.0000000446111700
     70.3703690       0.0000000444842787
     70.4704742       0.0000000443578933
     70.5705719       0.0000000442321216
     70.6706696       0.0000000441068228
     70.7707672       0.0000000439820765
     70.8708725       0.0000000438578604
     70.9709702       0.0000000437341548
     71.0710678       0.0000000436109733
     71.1711731       0.0000000434883221
     71.2712708       0.0000000433661743
     71.3713684       0.0000000432445755
     71.4714737       0.0000000431234726
     71.5715714       0.0000000430028679
     71.6716690       0.0000000428827693
     71.7717743       0.0000000427631461
     71.8718719       0.0000000426440358
     71.9719696       0.0000000425254598
     72.0720749       0.0000000424073563
     72.1721725       0.0000000422897328
     72.2722702       0.0000000421726308
     72.3723755       0.0000000420559617
     72.4724731       0.0000000419398171
     72.5725708       0.0000000418241422
     72.6726761       0.0000000417089271
     72.7727737       0.0000000415941858
     72.8728714       0.0000000414799528
     72.9729767       0.0000000413661685
     73.0730743       0.0000000412528591
     73.1731720       0.0000000411400239
     73.2732697       0.0000000410276815
     73.3733749       0.0000000409157136
     73.4734726       0.0000000408042371
     73.5735703       0.0000000406932559
     73.6736755       0.0000000405826792
     73.7737732       0.0000000404725264
     73.8738708       0.0000000403628816
     73.9739761       0.0000000402536935
     74.0740738       0.0000000401449328
     74.1741714       0.0000000400365805
     74.2742767       0.0000000399286755
     74.3743744       0.0000000398212428
     74.4744720       0.0000000397142134
     74.5745773       0.0000000396076115
     74.6746750       0.0000000395014123
     74.7747726       0.0000000393956949
     74.8748779       0.0000000392903992
     74.9749756       0.0000000391854886
     75.0750732       0.0000000390810117
     75.1751785       0.0000000389769566
     75.2752762       0.0000000388733079
     75.3753738       0.0000000387700379
     75.4754791       0.0000000386672614
     75.5755768       0.0000000385648473
     75.6756744       0.0000000384628090
     75.7757721       0.0000000383612238
     75.8758774       0.0000000382600560
     75.9759750       0.0000000381592672
     76.0760727       0.0000000380588692
     76.1761780       0.0000000379588232
     76.2762756       0.0000000378592161
     76.3763733       0.0000000377600037
     76.4764786       0.0000000376611748
     76.5765762       0.0000000375627461
     76.6766739       0.0000000374646638
     76.7767792       0.0000000373669947
     76.8768768       0.0000000372697141
     76.9769745       0.0000000371728349
     77.0770798       0.0000000370762690
     77.1771774       0.0000000369801108
     77.2772751       0.0000000368843609
     77.3773804       0.0000000367889085
     77.4774780       0.0000000366938643
     77.5775757       0.0000000365991684
     77.6776810       0.0000000365048756
     77.7777786       0.0000000364108972
     77.8778763       0.0000000363173390
     77.9779816       0.0000000362241288
     78.0780792       0.0000000361312906
     78.1781769       0.0000000360387765
     78.2782745       0.0000000359466104
     78.3783798       0.0000000358547859
     78.4784775       0.0000000357633267
     78.5785751       0.0000000356722582
     78.6786804       0.0000000355815241
     78.7787781       0.0000000354911209
     78.8788757       0.0000000354010564
     78.9789810       0.0000000353113266
     79.0790787       0.0000000352219470
     79.1791763       0.0000000351329105
     79.2792816       0.0000000350442170
     79.3793793       0.0000000349558477
     79.4794769       0.0000000348678224
     79.5795822       0.0000000347801192
     79.6796799       0.0000000346927195
     79.7797775       0.0000000346056992
     79.8798828       0.0000000345189844
     79.9799805       0.0000000344325713
     80.0800781       0.0000000343465165
     80.1801834       0.0000000342607581
     80.2802811       0.0000000341753476
     80.3803787       0.0000000340902583
     80.4804840       0.0000000340054570
     80.5805817       0.0000000339210037
     80.6806793       0.0000000338368793
     80.7807770       0.0000000337530192
     80.8808823       0.0000000336694948
     80.9809799       0.0000000335862574
     81.0810776       0.0000000335033266
     81.1811829       0.0000000334207473
     81.2812805       0.0000000333384456
     81.3813782       0.0000000332564379
     81.4814835       0.0000000331747528
     81.5815811       0.0000000330933647
     81.6816788       0.0000000330122581
     81.7817841       0.0000000329314425
     81.8818817       0.0000000328509304
     81.9819794       0.0000000327707313
     82.0820847       0.0000000326908493
     82.1821823       0.0000000326112227
     82.2822800       0.0000000325318841
     82.3823853       0.0000000324528488
     82.4824829       0.0000000323740890
     82.5825806       0.0000000322956203
     82.6826859       0.0000000322174455
     82.7827835       0.0000000321395566
     82.8828812       0.0000000320619390
     82.9829865       0.0000000319846089
     83.0830841       0.0000000319075546
     83.1831818       0.0000000318307573
     83.2832794       0.0000000317542462
     83.3833847       0.0000000316780301
     83.4834824       0.0000000316020956
     83.5835800       0.0000000315263850
     83.6836853       0.0000000314510232
     83.7837830       0.0000000313758604
     83.8838806       0.0000000313010117
     83.9839859       0.0000000312264109
     84.0840836       0.0000000311520476
     84.1841812       0.0000000310780032
     84.2842865       0.0000000310042153
     84.3843842       0.0000000309306651
     84.4844818       0.0000000308573649
     84.5845871       0.0000000307843625
     84.6846848       0.0000000307116095
     84.7847824       0.0000000306390973
     84.8848877       0.0000000305668270
     84.9849854       0.0000000304948472
     85.0850830       0.0000000304231050
     85.1851883       0.0000000303516228
     85.2852859       0.0000000302804054
     85.3853836       0.0000000302094076
     85.4854889       0.0000000301386928
     85.5855865       0.0000000300681977
     85.6856842       0.0000000299979962
     85.7857895       0.0000000299279831
     85.8858871       0.0000000298582252
     85.9859848       0.0000000297887212
     86.0860825       0.0000000297194485
     86.1861877       0.0000000296504408
     86.2862854       0.0000000295816755
     86.3863831       0.0000000295131278
     86.4864883       0.0000000294447898
     86.5865860       0.0000000293767494
     86.6866837       0.0000000293089356
     86.7867889       0.0000000292413242
     86.8868866       0.0000000291739552
     86.9869843       0.0000000291068336
     87.0870895       0.0000000290399326
     87.1871872       0.0000000289732359
     87.2872849       0.0000000289068014
     87.3873901       0.0000000288405955
     87.4874878       0.0000000287746505
     87.5875854       0.0000000287088666
     87.6876907       0.0000000286433598
     87.7877884       0.0000000285780375
     87.8878860       0.0000000285129680
     87.9879913       0.0000000284480947
     88.0880890       0.0000000283834277
     88.1881866       0.0000000283190158
     88.2882919       0.0000000282548382
     88.3883896       0.0000000281908574
     88.4884872       0.0000000281270729
     88.5885849       0.0000000280635211
     88.6886902       0.0000000280001973
     88.7887878       0.0000000279370777
     88.8888855       0.0000000278741678
     88.9889908       0.0000000278114593
     89.0890884       0.0000000277489785
     89.1891861       0.0000000276867176
     89.2892914       0.0000000276246269
     89.3893890       0.0000000275627873
     89.4894867       0.0000000275011327
     89.5895920       0.0000000274397147
     89.6896896       0.0000000273784866
     89.7897873       0.0000000273174474
     89.8898926       0.0000000272566363
     89.9899902       0.0000000271959996
     90.0900879       0.0000000271355727
     90.1901932       0.0000000270753562
     90.2902908       0.0000000270153158
     90.3903885       0.0000000269554873
     90.4904938       0.0000000268958818
     90.5905914       0.0000000268364542
     90.6906891       0.0000000267772208
     90.7907944       0.0000000267181816
     90.8908920       0.0000000266593414
     90.9909897       0.0000000266006938
     91.0910873       0.0000000265422658
     91.1911926       0.0000000264840035
     91.2912903       0.0000000264259322
     91.3913879       0.0000000263680583
     91.4914932       0.0000000263103536
     91.5915909       0.0000000262528572
     91.6916885       0.0000000261955723
     91.7917938       0.0000000261384220
     91.8918915       0.0000000260815161
     91.9919891       0.0000000260247590
     92.0920944       0.0000000259681914
     92.1921921       0.0000000259118150
     92.2922897       0.0000000258556218
     92.3923950       0.0000000257996103
     92.4924927       0.0000000257437804
     92.5925903       0.0000000256881323
     92.6926956       0.0000000256326643
     92.7927933       0.0000000255773749
     92.8928909       0.0000000255222597
     92.9929962       0.0000000254673258
     93.0930939       0.0000000254125721
     93.1931915       0.0000000253579986
     93.2932968       0.0000000253035715
     93.3933945       0.0000000252493489
     93.4934921       0.0000000251952986
     93.5935898       0.0000000251414236
     93.6936951       0.0000000250877163
     93.7937927       0.0000000250341772
     93.8938904       0.0000000249808058
     93.9939957       0.0000000249276138
     94.0940933       0.0000000248745974
     94.1941910       0.0000000248217248
     94.2942963       0.0000000247690270
     94.3943939       0.0000000247165150
     94.4944916       0.0000000246641501
     94.5945969       0.0000000246119671
     94.6946945       0.0000000245599665
     94.7947922       0.0000000245080851
     94.8948975       0.0000000244563939
     94.9949951       0.0000000244048651
     95.0950928       0.0000000243535325
     95.1951981       0.0000000243022999
     95.2952957       0.0000000242512683
     95.3953934       0.0000000242003864
     95.4954987       0.0000000241496696
     95.5955963       0.0000000240990860
     95.6956940       0.0000000240487004
     95.7957993       0.0000000239984417
     95.8958969       0.0000000239483625
     95.9959946       0.0000000238984089
     96.0960999       0.0000000238486204
     96.1961975       0.0000000237990259
     96.2962952       0.0000000237495590
     96.3963928       0.0000000237002390
     96.4964981       0.0000000236510776
     96.5965958       0.0000000236020745
     96.6966934       0.0000000235532235
     96.7967987       0.0000000235045100
     96.8968964       0.0000000234559486
     96.9969940       0.0000000234075439
     97.0970993       0.0000000233593041
     97.1971970       0.0000000233111957
     97.2972946       0.0000000232632345
     97.3973999       0.0000000232154175
     97.4974976       0.0000000231677876
     97.5975952       0.0000000231202573
     97.6977005       0.0000000230728822
     97.7977982       0.0000000230256577
     97.8978958       0.0000000229785995
     97.9980011       0.0000000229316570
     98.0980988       0.0000000228848651
     98.1981964       0.0000000228382253
     98.2983017       0.0000000227917169
     98.3983994       0.0000000227453529
     98.4984970       0.0000000226991285
     98.5986023       0.0000000226530650
     98.6987000       0.0000000226071272
     98.7987976       0.0000000225613260
     98.8988953       0.0000000225156641
     98.9990005       0.0000000224701692
     99.0990982       0.0000000224247846
     99.1991959       0.0000000223795153
     99.2993011       0.0000000223344233
     99.3993988       0.0000000222894481
     99.4994965       0.0000000222446106
     99.5996017       0.0000000221999031
     99.6996994       0.0000000221553127
     99.7997971       0.0000000221109040
     99.8999023       0.0000000220665754
    100.0000000       0.0000000220224119
