# x		H(x,a)
      0.0000000       1.0000000000000000
      0.1001001       0.9900299906730652
      0.2002002       0.9607124924659729
      0.3003003       0.9137664437294006
      0.4004004       0.8518707156181335
      0.5005005       0.7784109115600586
      0.6006006       0.6971734166145325
      0.7007007       0.6120254397392273
      0.8008008       0.5266169309616089
      0.9009009       0.4441368877887726
      1.0010010       0.3671537839170716
      1.1011012       0.2975049825108874
      1.2012012       0.2362918155970560
      1.3013012       0.1839539855796628
      1.4014014       0.1403706061476731
      1.5015016       0.1049910874507943
      1.6016016       0.0769737881529535
      1.7017016       0.0553165063911574
      1.8018018       0.0389671671295004
      1.9019020       0.0269086441892772
      2.0020020       0.0182162439464489
      2.1021020       0.0120903156958286
      2.2022023       0.0078684145903076
      2.3023024       0.0050223083367150
      2.4024024       0.0031451250964581
      2.5025024       0.0019334839811261
      2.6026025       0.0011679545706808
      2.7027028       0.0006943673279071
      2.8028028       0.0004073864005519
      2.9029028       0.0002369493619045
      3.0030031       0.0001376610111784
      3.1031032       0.0000808486990565
      3.2032032       0.0000488466618036
      3.3033032       0.0000310326546012
      3.4034033       0.0000211701889253
      3.5035036       0.0000156817008779
      3.6036036       0.0000125608919164
      3.7037036       0.0000107067046051
      3.8038039       0.0000095271286087
      3.9039040       0.0000087096027198
      4.0040040       0.0000080915388370
      4.1041040       0.0000075891121341
      4.2042041       0.0000071590433116
      4.3043041       0.0000067785830987
      4.4044046       0.0000064352956324
      4.5045047       0.0000061218682408
      4.6046047       0.0000058336109794
      4.7047048       0.0000055672074213
      4.8048048       0.0000053201221408
      4.9049048       0.0000050902972810
      5.0050049       0.0000048759973564
      5.1051049       0.0000046757305263
      5.2052050       0.0000044882044110
      5.3053055       0.0000043122805407
      5.4054055       0.0000041469493264
      5.5055056       0.0000039913270828
      5.6056056       0.0000038446234901
      5.7057056       0.0000037061141120
      5.8058057       0.0000035751795017
      5.9059057       0.0000034512444679
      6.0060062       0.0000033337870144
      6.1061063       0.0000032223565721
      6.2062063       0.0000031165231154
      6.3063064       0.0000030159042586
      6.4064064       0.0000029201489320
      6.5065064       0.0000028289412321
      6.6066065       0.0000027419878718
      6.7067065       0.0000026590217148
      6.8068066       0.0000025797972813
      6.9069071       0.0000025040838184
      7.0070071       0.0000024316756635
      7.1071072       0.0000023623837593
      7.2072072       0.0000022960233930
      7.3073072       0.0000022324271040
      7.4074073       0.0000021714504059
      7.5075073       0.0000021129400583
      7.6076078       0.0000020567692030
      7.7077079       0.0000020028115763
      7.8078079       0.0000019509521467
      7.9079080       0.0000019010814587
      8.0080080       0.0000018530997260
      8.1081085       0.0000018069136771
      8.2082081       0.0000017624315575
      8.3083086       0.0000017195719580
      8.4084082       0.0000016782566031
      8.5085087       0.0000016384093750
      8.6086082       0.0000015999669514
      8.7087088       0.0000015628590277
      8.8088093       0.0000015270258995
      8.9089088       0.0000014924100397
      9.0090094       0.0000014589562635
      9.1091089       0.0000014266151589
      9.2092094       0.0000013953354603
      9.3093090       0.0000013650715929
      9.4094095       0.0000013357811313
      9.5095091       0.0000013074226963
      9.6096096       0.0000012799581052
      9.7097101       0.0000012533478916
      9.8098097       0.0000012275577807
      9.9099102       0.0000012025566031
     10.0100098       0.0000011783084967
     10.1101103       0.0000011547853735
     10.2102098       0.0000011319613171
     10.3103104       0.0000011098055350
     10.4104099       0.0000010882947941
     10.5105104       0.0000010674013921
     10.6106110       0.0000010471049264
     10.7107105       0.0000010273807431
     10.8108110       0.0000010082075391
     10.9109106       0.0000009895662469
     11.0110111       0.0000009714373045
     11.1111107       0.0000009538015863
     11.2112112       0.0000009366419734
     11.3113117       0.0000009199413892
     11.4114113       0.0000009036833609
     11.5115118       0.0000008878519275
     11.6116114       0.0000008724319215
     11.7117119       0.0000008574116635
     11.8118114       0.0000008427753727
     11.9119120       0.0000008285104423
     12.0120125       0.0000008146051408
     12.1121120       0.0000008010459989
     12.2122126       0.0000007878242276
     12.3123121       0.0000007749263341
     12.4124126       0.0000007623424390
     12.5125122       0.0000007500630158
     12.6126127       0.0000007380777831
     12.7127123       0.0000007263777695
     12.8128128       0.0000007149542806
     12.9129133       0.0000007037978198
     13.0130129       0.0000006929006038
     13.1131134       0.0000006822538666
     13.2132130       0.0000006718513523
     13.3133135       0.0000006616849502
     13.4134130       0.0000006517489978
     13.5135136       0.0000006420334966
     13.6136131       0.0000006325344534
     13.7137136       0.0000006232451208
     13.8138142       0.0000006141588702
     13.9139137       0.0000006052690792
     14.0140142       0.0000005965720457
     14.1141138       0.0000005880615682
     14.2142143       0.0000005797315091
     14.3143139       0.0000005715768604
     14.4144144       0.0000005635935719
     14.5145149       0.0000005557768010
     14.6146145       0.0000005481215635
     14.7147150       0.0000005406237355
     14.8148146       0.0000005332785639
     14.9149151       0.0000005260816773
     15.0150146       0.0000005190307936
     15.1151152       0.0000005121194518
     15.2152157       0.0000005053463529
     15.3153152       0.0000004987066456
     15.4154158       0.0000004921969413
     15.5155153       0.0000004858140742
     15.6156158       0.0000004795544171
     15.7157154       0.0000004734158758
     15.8158159       0.0000004673940249
     15.9159155       0.0000004614862710
     16.0160160       0.0000004556899584
     16.1161156       0.0000004500028173
     16.2162170       0.0000004444211702
     16.3163166       0.0000004389429724
     16.4164162       0.0000004335649996
     16.5165157       0.0000004282862153
     16.6166172       0.0000004231027798
     16.7167168       0.0000004180130321
     16.8168163       0.0000004130149451
     16.9169178       0.0000004081059986
     17.0170174       0.0000004032840877
     17.1171169       0.0000003985471134
     17.2172165       0.0000003938934688
     17.3173180       0.0000003893203645
     17.4174175       0.0000003848271238
     17.5175171       0.0000003804113937
     17.6176186       0.0000003760706416
     17.7177181       0.0000003718044170
     17.8178177       0.0000003676104392
     17.9179173       0.0000003634867712
     18.0180187       0.0000003594321705
     18.1181183       0.0000003554455662
     18.2182178       0.0000003515247371
     18.3183174       0.0000003476687492
     18.4184189       0.0000003438755430
     18.5185184       0.0000003401440286
     18.6186180       0.0000003364731994
     18.7187195       0.0000003328620362
     18.8188190       0.0000003293081199
     18.9189186       0.0000003258109818
     19.0190182       0.0000003223692123
     19.1191196       0.0000003189821111
     19.2192192       0.0000003156481129
     19.3193188       0.0000003123658813
     19.4194202       0.0000003091349492
     19.5195198       0.0000003059539669
     19.6196194       0.0000003028218181
     19.7197189       0.0000002997372805
     19.8198204       0.0000002966997381
     19.9199200       0.0000002937087109
     20.0200195       0.0000002907622808
     20.1201210       0.0000002878598507
     20.2202206       0.0000002850011160
     20.3203201       0.0000002821846179
     20.4204197       0.0000002794097573
     20.5205212       0.0000002766757378
     20.6206207       0.0000002739814007
     20.7207203       0.0000002713266223
     20.8208199       0.0000002687100152
     20.9209213       0.0000002661314809
     21.0210209       0.0000002635898034
     21.1211205       0.0000002610841098
     21.2212219       0.0000002586141376
     21.3213215       0.0000002561791608
     21.4214211       0.0000002537783527
     21.5215206       0.0000002514115580
     21.6216221       0.0000002490774124
     21.7217216       0.0000002467758304
     21.8218212       0.0000002445055358
     21.9219227       0.0000002422668991
     22.0220222       0.0000002400590529
     22.1221218       0.0000002378809267
     22.2222214       0.0000002357326255
     22.3223228       0.0000002336131852
     22.4224224       0.0000002315220333
     22.5225220       0.0000002294591531
     22.6226234       0.0000002274236870
     22.7227230       0.0000002254151058
     22.8228226       0.0000002234332031
     22.9229221       0.0000002214771944
     23.0230236       0.0000002195468107
     23.1231232       0.0000002176418089
     23.2232227       0.0000002157613713
     23.3233242       0.0000002139050436
     23.4234238       0.0000002120726503
     23.5235233       0.0000002102640208
     23.6236229       0.0000002084781494
     23.7237244       0.0000002067152256
     23.8238239       0.0000002049744025
     23.9239235       0.0000002032555355
     24.0240250       0.0000002015579921
     24.1241245       0.0000001998820568
     24.2242241       0.0000001982266176
     24.3243237       0.0000001965918412
     24.4244251       0.0000001949770751
     24.5245247       0.0000001933823881
     24.6246243       0.0000001918071656
     24.7247238       0.0000001902509518
     24.8248253       0.0000001887138721
     24.9249249       0.0000001871950696
     25.0250244       0.0000001856947200
     25.1251259       0.0000001842122950
     25.2252254       0.0000001827477004
     25.3253250       0.0000001813004988
     25.4254246       0.0000001798701566
     25.5255260       0.0000001784569576
     25.6256256       0.0000001770602232
     25.7257252       0.0000001756799197
     25.8258266       0.0000001743157426
     25.9259262       0.0000001729673940
     26.0260258       0.0000001716345034
     26.1261253       0.0000001703172407
     26.2262268       0.0000001690149059
     26.3263264       0.0000001677273764
     26.4264259       0.0000001664546626
     26.5265274       0.0000001651962003
     26.6266270       0.0000001639522828
     26.7267265       0.0000001627222233
     26.8268261       0.0000001615059731
     26.9269276       0.0000001603033503
     27.0270271       0.0000001591140020
     27.1271267       0.0000001579379720
     27.2272263       0.0000001567748966
     27.3273277       0.0000001556246662
     27.4274273       0.0000001544871139
     27.5275269       0.0000001533618994
     27.6276283       0.0000001522488931
     27.7277279       0.0000001511481323
     27.8278275       0.0000001500591721
     27.9279270       0.0000001489819025
     28.0280285       0.0000001479163393
     28.1281281       0.0000001468619876
     28.2282276       0.0000001458191872
     28.3283291       0.0000001447870979
     28.4284286       0.0000001437662285
     28.5285282       0.0000001427559392
     28.6286278       0.0000001417563799
     28.7287292       0.0000001407672157
     28.8288288       0.0000001397884231
     28.9289284       0.0000001388198112
     29.0290298       0.0000001378611792
     29.1291294       0.0000001369125187
     29.2292290       0.0000001359736019
     29.3293285       0.0000001350444331
     29.4294300       0.0000001341246574
     29.5295296       0.0000001332142023
     29.6296291       0.0000001323130287
     29.7297306       0.0000001314209746
     29.8298302       0.0000001305378577
     29.9299297       0.0000001296637237
     30.0300293       0.0000001287984335
     30.1301308       0.0000001279414708
     30.2302303       0.0000001270933375
     30.3303299       0.0000001262534565
     30.4304314       0.0000001254220033
     30.5305309       0.0000001245986553
     30.6306305       0.0000001237833695
     30.7307301       0.0000001229761634
     30.8308315       0.0000001221767608
     30.9309311       0.0000001213851438
     31.0310307       0.0000001206012598
     31.1311302       0.0000001198248568
     31.2312317       0.0000001190559794
     31.3313313       0.0000001182945398
     31.4314308       0.0000001175402517
     31.5315323       0.0000001167932508
     31.6316319       0.0000001160533778
     31.7317314       0.0000001153203837
     31.8318310       0.0000001145945163
     31.9319324       0.0000001138752097
     32.0320320       0.0000001131628761
     32.1321335       0.0000001124573118
     32.2322311       0.0000001117581037
     32.3323326       0.0000001110655116
     32.4324341       0.0000001103792512
     32.5325317       0.0000001096994545
     32.6326332       0.0000001090258748
     32.7327309       0.0000001083584055
     32.8328323       0.0000001076971057
     32.9329338       0.0000001070418307
     33.0330315       0.0000001063925281
     33.1331329       0.0000001057491354
     33.2332344       0.0000001051117077
     33.3333321       0.0000001044798859
     33.4334335       0.0000001038537099
     33.5335350       0.0000001032332024
     33.6336327       0.0000001026181788
     33.7337341       0.0000001020086680
     33.8338356       0.0000001014046718
     33.9339333       0.0000001008059097
     34.0340347       0.0000001002124576
     34.1341324       0.0000000996244193
     34.2342339       0.0000000990413116
     34.3343353       0.0000000984632883
     34.4344330       0.0000000978904801
     34.5345345       0.0000000973225888
     34.6346359       0.0000000967595910
     34.7347336       0.0000000962016100
     34.8348351       0.0000000956482913
     34.9349365       0.0000000950997864
     35.0350342       0.0000000945559917
     35.1351357       0.0000000940168575
     35.2352371       0.0000000934822318
     35.3353348       0.0000000929522864
     35.4354362       0.0000000924267879
     35.5355339       0.0000000919057707
     35.6356354       0.0000000913890374
     35.7357368       0.0000000908768218
     35.8358345       0.0000000903688327
     35.9359360       0.0000000898650463
     36.0360374       0.0000000893654663
     36.1361351       0.0000000888700625
     36.2362366       0.0000000883788173
     36.3363380       0.0000000878915427
     36.4364357       0.0000000874083256
     36.5365372       0.0000000869290743
     36.6366348       0.0000000864537841
     36.7367363       0.0000000859824413
     36.8368378       0.0000000855148673
     36.9369354       0.0000000850511285
     37.0370369       0.0000000845910463
     37.1371384       0.0000000841348432
     37.2372360       0.0000000836823126
     37.3373375       0.0000000832332629
     37.4374390       0.0000000827879756
     37.5375366       0.0000000823462371
     37.6376381       0.0000000819079229
     37.7377396       0.0000000814731658
     37.8378372       0.0000000810420157
     37.9379387       0.0000000806140213
     38.0380363       0.0000000801895595
     38.1381378       0.0000000797684210
     38.2382393       0.0000000793505563
     38.3383369       0.0000000789360075
     38.4384384       0.0000000785247475
     38.5385399       0.0000000781166297
     38.6386375       0.0000000777116373
     38.7387390       0.0000000773099123
     38.8388405       0.0000000769111722
     38.9389381       0.0000000765155476
     39.0390396       0.0000000761230181
     39.1391373       0.0000000757334175
     39.2392387       0.0000000753469426
     39.3393402       0.0000000749633413
     39.4394379       0.0000000745826314
     39.5395393       0.0000000742048067
     39.6396408       0.0000000738298664
     39.7397385       0.0000000734577296
     39.8398399       0.0000000730885746
     39.9399414       0.0000000727220091
     40.0400391       0.0000000723583078
     40.1401405       0.0000000719972059
     40.2402420       0.0000000716389182
     40.3403397       0.0000000712832588
     40.4404411       0.0000000709301958
     40.5405388       0.0000000705798185
     40.6406403       0.0000000702319936
     40.7407417       0.0000000698867558
     40.8408394       0.0000000695441137
     40.9409409       0.0000000692039119
     41.0410423       0.0000000688662077
     41.1411400       0.0000000685310018
     41.2412415       0.0000000681981502
     41.3413429       0.0000000678678346
     41.4414406       0.0000000675398666
     41.5415421       0.0000000672142362
     41.6416397       0.0000000668909648
     41.7417412       0.0000000665700914
     41.8418427       0.0000000662514497
     41.9419403       0.0000000659350818
     42.0420418       0.0000000656210668
     42.1421432       0.0000000653092369
     42.2422409       0.0000000649995661
     42.3423424       0.0000000646921993
     42.4424438       0.0000000643869283
     42.5425415       0.0000000640838791
     42.6426430       0.0000000637829087
     42.7427444       0.0000000634840510
     42.8428421       0.0000000631873757
     42.9429436       0.0000000628926910
     43.0430412       0.0000000626000346
     43.1431427       0.0000000623095018
     43.2432442       0.0000000620209371
     43.3433418       0.0000000617344236
     43.4434433       0.0000000614498609
     43.5435448       0.0000000611672633
     43.6436424       0.0000000608866284
     43.7437439       0.0000000606078415
     43.8438454       0.0000000603310657
     43.9439430       0.0000000600561329
     44.0440445       0.0000000597831035
     44.1441460       0.0000000595119262
     44.2442436       0.0000000592425510
     44.3443451       0.0000000589750052
     44.4444427       0.0000000587093854
     44.5445442       0.0000000584454413
     44.6446457       0.0000000581832368
     44.7447433       0.0000000579229060
     44.8448448       0.0000000576642655
     44.9449463       0.0000000574073005
     45.0450439       0.0000000571521411
     45.1451454       0.0000000568987152
     45.2452469       0.0000000566468409
     45.3453445       0.0000000563967159
     45.4454460       0.0000000561482453
     45.5455437       0.0000000559013611
     45.6456451       0.0000000556561218
     45.7457466       0.0000000554125520
     45.8458443       0.0000000551704985
     45.9459457       0.0000000549301012
     46.0460472       0.0000000546912166
     46.1461449       0.0000000544538875
     46.2462463       0.0000000542181126
     46.3463478       0.0000000539838729
     46.4464455       0.0000000537511719
     46.5465469       0.0000000535199466
     46.6466484       0.0000000532901974
     46.7467461       0.0000000530619410
     46.8468475       0.0000000528350956
     46.9469452       0.0000000526098070
     47.0470467       0.0000000523859018
     47.1471481       0.0000000521634182
     47.2472458       0.0000000519423350
     47.3473473       0.0000000517226835
     47.4474487       0.0000000515044356
     47.5475464       0.0000000512875330
     47.6476479       0.0000000510720280
     47.7477493       0.0000000508578348
     47.8478470       0.0000000506450120
     47.9479485       0.0000000504335131
     48.0480499       0.0000000502233598
     48.1481476       0.0000000500145453
     48.2482491       0.0000000498069705
     48.3483467       0.0000000496006954
     48.4484482       0.0000000493957312
     48.5485497       0.0000000491920152
     48.6486473       0.0000000489895914
     48.7487488       0.0000000487883832
     48.8488503       0.0000000485883896
     48.9489479       0.0000000483896669
     49.0490494       0.0000000481921114
     49.1491508       0.0000000479957556
     49.2492485       0.0000000478006965
     49.3493500       0.0000000476067434
     49.4494476       0.0000000474139994
     49.5495491       0.0000000472224485
     49.6496506       0.0000000470319229
     49.7497482       0.0000000468426875
     49.8498497       0.0000000466545598
     49.9499512       0.0000000464675396
     50.0500488       0.0000000462816884
     50.1501503       0.0000000460968950
     50.2502518       0.0000000459132207
     50.3503494       0.0000000457306678
     50.4504509       0.0000000455491777
     50.5505524       0.0000000453687965
     50.6506500       0.0000000451894351
     50.7507515       0.0000000450111707
     50.8508492       0.0000000448339844
     50.9509506       0.0000000446577937
     51.0510521       0.0000000444826626
     51.1511497       0.0000000443085549
     51.2512512       0.0000000441354096
     51.3513527       0.0000000439633602
     51.4514503       0.0000000437922912
     51.5515518       0.0000000436222384
     51.6516533       0.0000000434531566
     51.7517509       0.0000000432850562
     51.8518524       0.0000000431179226
     51.9519501       0.0000000429517490
     52.0520515       0.0000000427865127
     52.1521530       0.0000000426222528
     52.2522507       0.0000000424589750
     52.3523521       0.0000000422966305
     52.4524536       0.0000000421351525
     52.5525513       0.0000000419746174
     52.6526527       0.0000000418150219
     52.7527542       0.0000000416563748
     52.8528519       0.0000000414985860
     52.9529533       0.0000000413416417
     53.0530548       0.0000000411856798
     53.1531525       0.0000000410305270
     53.2532539       0.0000000408762747
     53.3533516       0.0000000407229171
     53.4534531       0.0000000405703551
     53.5535545       0.0000000404187037
     53.6536522       0.0000000402678840
     53.7537537       0.0000000401179534
     53.8538551       0.0000000399687386
     53.9539528       0.0000000398204682
     54.0540543       0.0000000396729790
     54.1541557       0.0000000395263316
     54.2542534       0.0000000393804533
     54.3543549       0.0000000392354171
     54.4544525       0.0000000390911882
     54.5545540       0.0000000389477509
     54.6546555       0.0000000388050310
     54.7547531       0.0000000386632056
     54.8548546       0.0000000385220922
     54.9549561       0.0000000383817577
     55.0550537       0.0000000382421631
     55.1551552       0.0000000381033609
     55.2552567       0.0000000379652975
     55.3553543       0.0000000378280112
     55.4554558       0.0000000376914484
     55.5555573       0.0000000375556171
     55.6556549       0.0000000374205372
     55.7557564       0.0000000372861905
     55.8558540       0.0000000371525374
     55.9559555       0.0000000370196355
     56.0560570       0.0000000368874274
     56.1561546       0.0000000367559610
     56.2562561       0.0000000366251348
     56.3563576       0.0000000364949998
     56.4564552       0.0000000363656280
     56.5565567       0.0000000362368622
     56.6566582       0.0000000361088640
     56.7567558       0.0000000359814875
     56.8568573       0.0000000358547723
     56.9569588       0.0000000357287693
     57.0570564       0.0000000356033937
     57.1571579       0.0000000354787458
     57.2572556       0.0000000353546536
     57.3573570       0.0000000352312508
     57.4574585       0.0000000351085073
     57.5575562       0.0000000349864065
     57.6576576       0.0000000348649515
     57.7577591       0.0000000347440953
     57.8578568       0.0000000346238591
     57.9579582       0.0000000345042844
     58.0580597       0.0000000343853152
     58.1581573       0.0000000342669701
     58.2582588       0.0000000341492293
     58.3583565       0.0000000340320555
     58.4584579       0.0000000339155117
     58.5585594       0.0000000337995877
     58.6586571       0.0000000336842155
     58.7587585       0.0000000335694797
     58.8588600       0.0000000334553189
     58.9589577       0.0000000333416770
     59.0590591       0.0000000332286958
     59.1591606       0.0000000331162520
     59.2592583       0.0000000330043838
     59.3593597       0.0000000328930611
     59.4594612       0.0000000327823352
     59.5595589       0.0000000326721360
     59.6596603       0.0000000325625178
     59.7597580       0.0000000324534505
     59.8598595       0.0000000323448948
     59.9599609       0.0000000322369292
     60.0600586       0.0000000321294816
     60.1601601       0.0000000320225632
     60.2602615       0.0000000319161884
     60.3603592       0.0000000318103441
     60.4604607       0.0000000317050106
     60.5605621       0.0000000316002154
     60.6606598       0.0000000314959450
     60.7607613       0.0000000313921626
     60.8608627       0.0000000312888878
     60.9609604       0.0000000311861779
     61.0610619       0.0000000310839095
     61.1611595       0.0000000309821966
     61.2612610       0.0000000308809638
     61.3613625       0.0000000307802324
     61.4614601       0.0000000306799520
     61.5615616       0.0000000305801722
     61.6616631       0.0000000304809169
     61.7617607       0.0000000303821248
     61.8618622       0.0000000302838028
     61.9619637       0.0000000301859605
     62.0620613       0.0000000300886092
     62.1621628       0.0000000299917376
     62.2622604       0.0000000298952584
     62.3623619       0.0000000297993405
     62.4624634       0.0000000297038136
     62.5625610       0.0000000296087811
     62.6626625       0.0000000295141703
     62.7627640       0.0000000294200727
     62.8628616       0.0000000293263671
     62.9629631       0.0000000292331385
     63.0630646       0.0000000291403428
     63.1631622       0.0000000290480129
     63.2632637       0.0000000289560792
     63.3633652       0.0000000288646047
     63.4634628       0.0000000287735558
     63.5635643       0.0000000286829524
     63.6636620       0.0000000285927531
     63.7637634       0.0000000285029852
     63.8638649       0.0000000284136337
     63.9639626       0.0000000283247135
     64.0640640       0.0000000282362443
     64.1641617       0.0000000281481490
     64.2642670       0.0000000280604351
     64.3643646       0.0000000279731779
     64.4644623       0.0000000278863305
     64.5645676       0.0000000277998670
     64.6646652       0.0000000277138003
     64.7647629       0.0000000276281592
     64.8648682       0.0000000275428907
     64.9649658       0.0000000274580282
     65.0650635       0.0000000273735516
     65.1651688       0.0000000272894455
     65.2652664       0.0000000272057584
     65.3653641       0.0000000271224562
     65.4654617       0.0000000270395133
     65.5655670       0.0000000269569575
     65.6656647       0.0000000268747899
     65.7657623       0.0000000267930012
     65.8658676       0.0000000267115486
     65.9659653       0.0000000266305037
     66.0660629       0.0000000265498252
     66.1661682       0.0000000264695099
     66.2662659       0.0000000263895326
     66.3663635       0.0000000263099503
     66.4664688       0.0000000262307218
     66.5665665       0.0000000261518223
     66.6666641       0.0000000260732941
     66.7667694       0.0000000259951293
     66.8668671       0.0000000259172953
     66.9669647       0.0000000258398586
     67.0670700       0.0000000257627171
     67.1671677       0.0000000256859406
     67.2672653       0.0000000256095226
     67.3673706       0.0000000255334076
     67.4674683       0.0000000254576697
     67.5675659       0.0000000253822565
     67.6676712       0.0000000253071708
     67.7677689       0.0000000252324057
     67.8678665       0.0000000251579700
     67.9679642       0.0000000250838875
     68.0680695       0.0000000250101144
     68.1681671       0.0000000249366872
     68.2682648       0.0000000248635710
     68.3683701       0.0000000247907761
     68.4684677       0.0000000247182894
     68.5685654       0.0000000246461241
     68.6686707       0.0000000245743046
     68.7687683       0.0000000245027580
     68.8688660       0.0000000244315470
     68.9689713       0.0000000243606317
     69.0690689       0.0000000242900449
     69.1691666       0.0000000242197407
     69.2692719       0.0000000241497563
     69.3693695       0.0000000240800755
     69.4694672       0.0000000240106813
     69.5695724       0.0000000239415837
     69.6696701       0.0000000238728149
     69.7697678       0.0000000238043298
     69.8698730       0.0000000237361218
     69.9699707       0.0000000236682055
     70.0700684       0.0000000236006330
     70.1701736       0.0000000235332942
     70.2702713       0.0000000234662443
     70.3703690       0.0000000233994977
     70.4704742       0.0000000233330177
     70.5705719       0.0000000232668585
     70.6706696       0.0000000232009499
     70.7707672       0.0000000231353320
     70.8708725       0.0000000230699918
     70.9709702       0.0000000230049203
     71.0710678       0.0000000229401234
     71.1711731       0.0000000228756062
     71.2712708       0.0000000228113573
     71.3713684       0.0000000227473929
     71.4714737       0.0000000226836904
     71.5715714       0.0000000226202506
     71.6716690       0.0000000225570762
     71.7717743       0.0000000224941532
     71.8718719       0.0000000224314990
     71.9719696       0.0000000223691256
     72.0720749       0.0000000223070035
     72.1721725       0.0000000222451303
     72.2722702       0.0000000221835328
     72.3723755       0.0000000221221612
     72.4724731       0.0000000220610669
     72.5725708       0.0000000220002212
     72.6726761       0.0000000219396161
     72.7727737       0.0000000218792599
     72.8728714       0.0000000218191714
     72.9729767       0.0000000217593177
     73.0730743       0.0000000216997155
     73.1731720       0.0000000216403614
     73.2732697       0.0000000215812687
     73.3733749       0.0000000215223706
     73.4734726       0.0000000214637343
     73.5735703       0.0000000214053560
     73.6736755       0.0000000213471900
     73.7737732       0.0000000212892473
     73.8738708       0.0000000212315727
     73.9739761       0.0000000211741363
     74.0740738       0.0000000211169272
     74.1741714       0.0000000210599338
     74.2742767       0.0000000210031723
     74.3743744       0.0000000209466615
     74.4744720       0.0000000208903612
     74.5745773       0.0000000208342872
     74.6746750       0.0000000207784261
     74.7747726       0.0000000207228135
     74.8748779       0.0000000206674275
     74.9749756       0.0000000206122455
     75.0750732       0.0000000205572851
     75.1751785       0.0000000205025532
     75.2752762       0.0000000204480304
     75.3753738       0.0000000203937083
     75.4754791       0.0000000203396464
     75.5755768       0.0000000202857736
     75.6756744       0.0000000202321019
     75.7757721       0.0000000201786674
     75.8758774       0.0000000201254500
     75.9759750       0.0000000200724321
     76.0760727       0.0000000200196221
     76.1761780       0.0000000199669965
     76.2762756       0.0000000199146022
     76.3763733       0.0000000198624146
     76.4764786       0.0000000198104283
     76.5765762       0.0000000197586513
     76.6766739       0.0000000197070607
     76.7767792       0.0000000196556839
     76.8768768       0.0000000196045138
     76.9769745       0.0000000195535528
     77.0770798       0.0000000195027578
     77.1771774       0.0000000194521767
     77.2772751       0.0000000194018099
     77.3773804       0.0000000193516010
     77.4774780       0.0000000193016065
     77.5775757       0.0000000192517951
     77.6776810       0.0000000192021955
     77.7777786       0.0000000191527611
     77.8778763       0.0000000191035477
     77.9779816       0.0000000190545175
     78.0780792       0.0000000190056811
     78.1781769       0.0000000189570185
     78.2782745       0.0000000189085376
     78.3783798       0.0000000188602350
     78.4784775       0.0000000188121263
     78.5785751       0.0000000187642233
     78.6786804       0.0000000187164968
     78.7787781       0.0000000186689412
     78.8788757       0.0000000186215659
     78.9789810       0.0000000185743672
     79.0790787       0.0000000185273516
     79.1791763       0.0000000184805184
     79.2792816       0.0000000184338619
     79.3793793       0.0000000183873810
     79.4794769       0.0000000183410769
     79.5795822       0.0000000182949447
     79.6796799       0.0000000182489682
     79.7797775       0.0000000182031967
     79.8798828       0.0000000181575822
     79.9799805       0.0000000181121287
     80.0800781       0.0000000180668598
     80.1801834       0.0000000180217497
     80.2802811       0.0000000179768202
     80.3803787       0.0000000179320638
     80.4804840       0.0000000178874573
     80.5805817       0.0000000178430330
     80.6806793       0.0000000177987814
     80.7807770       0.0000000177546701
     80.8808823       0.0000000177107352
     80.9809799       0.0000000176669508
     81.0810776       0.0000000176233276
     81.1811829       0.0000000175798908
     81.2812805       0.0000000175365982
     81.3813782       0.0000000174934615
     81.4814835       0.0000000174504933
     81.5815811       0.0000000174076809
     81.6816788       0.0000000173650183
     81.7817841       0.0000000173225089
     81.8818817       0.0000000172801561
     81.9819794       0.0000000172379711
     82.0820847       0.0000000171959501
     82.1821823       0.0000000171540682
     82.2822800       0.0000000171123333
     82.3823853       0.0000000170707584
     82.4824829       0.0000000170293302
     82.5825806       0.0000000169880537
     82.6826859       0.0000000169469325
     82.7827835       0.0000000169059604
     82.8828812       0.0000000168651331
     82.9829865       0.0000000168244561
     83.0830841       0.0000000167839244
     83.1831818       0.0000000167435287
     83.2832794       0.0000000167032823
     83.3833847       0.0000000166631905
     83.4834824       0.0000000166232473
     83.5835800       0.0000000165834227
     83.6836853       0.0000000165437807
     83.7837830       0.0000000165042440
     83.8838806       0.0000000164648704
     83.9839859       0.0000000164256312
     84.0840836       0.0000000163865162
     84.1841812       0.0000000163475681
     84.2842865       0.0000000163087545
     84.3843842       0.0000000162700637
     84.4844818       0.0000000162315069
     84.5845871       0.0000000161931064
     84.6846848       0.0000000161548365
     84.7847824       0.0000000161166944
     84.8848877       0.0000000160786776
     84.9849854       0.0000000160408162
     85.0850830       0.0000000160030779
     85.1851883       0.0000000159654794
     85.2852859       0.0000000159280148
     85.3853836       0.0000000158906686
     85.4854889       0.0000000158534730
     85.5855865       0.0000000158163892
     85.6856842       0.0000000157794646
     85.7857895       0.0000000157426359
     85.8858871       0.0000000157059410
     85.9859848       0.0000000156693829
     86.0860825       0.0000000156329431
     86.1861877       0.0000000155966445
     86.2862854       0.0000000155604732
     86.3863831       0.0000000155244148
     86.4864883       0.0000000154884686
     86.5865860       0.0000000154526755
     86.6866837       0.0000000154170066
     86.7867889       0.0000000153814413
     86.8868866       0.0000000153460035
     86.9869843       0.0000000153106961
     87.0870895       0.0000000152755067
     87.1871872       0.0000000152404200
     87.2872849       0.0000000152054764
     87.3873901       0.0000000151706503
     87.4874878       0.0000000151359631
     87.5875854       0.0000000151013579
     87.6876907       0.0000000150669023
     87.7877884       0.0000000150325407
     87.8878860       0.0000000149983125
     87.9879913       0.0000000149641883
     88.0880890       0.0000000149301744
     88.1881866       0.0000000148962922
     88.2882919       0.0000000148625338
     88.3883896       0.0000000148288762
     88.4884872       0.0000000147953258
     88.5885849       0.0000000147618968
     88.6886902       0.0000000147285869
     88.7887878       0.0000000146953849
     88.8888855       0.0000000146622941
     88.9889908       0.0000000146293083
     89.0890884       0.0000000145964414
     89.1891861       0.0000000145636926
     89.2892914       0.0000000145310295
     89.3893890       0.0000000144985024
     89.4894867       0.0000000144660686
     89.5895920       0.0000000144337651
     89.6896896       0.0000000144015558
     89.7897873       0.0000000143694470
     89.8898926       0.0000000143374607
     89.9899902       0.0000000143055672
     90.0900879       0.0000000142737802
     90.1901932       0.0000000142421049
     90.2902908       0.0000000142105234
     90.3903885       0.0000000141790527
     90.4904938       0.0000000141476990
     90.5905914       0.0000000141164398
     90.6906891       0.0000000140852808
     90.7907944       0.0000000140542221
     90.8908920       0.0000000140232723
     90.9909897       0.0000000139924234
     91.0910873       0.0000000139616913
     91.1911926       0.0000000139310413
     91.2912903       0.0000000139004979
     91.3913879       0.0000000138700547
     91.4914932       0.0000000138397004
     91.5915909       0.0000000138094562
     91.6916885       0.0000000137793238
     91.7917938       0.0000000137492621
     91.8918915       0.0000000137193270
     91.9919891       0.0000000136894717
     92.0920944       0.0000000136597162
     92.1921921       0.0000000136300624
     92.2922897       0.0000000136005026
     92.3923950       0.0000000135710415
     92.4924927       0.0000000135416728
     92.5925903       0.0000000135124013
     92.6926956       0.0000000134832237
     92.7927933       0.0000000134541416
     92.8928909       0.0000000134251487
     92.9929962       0.0000000133962531
     93.0930939       0.0000000133674514
     93.1931915       0.0000000133387438
     93.2932968       0.0000000133101142
     93.3933945       0.0000000132815930
     93.4934921       0.0000000132531626
     93.5935898       0.0000000132248230
     93.6936951       0.0000000131965728
     93.7937927       0.0000000131684086
     93.8938904       0.0000000131403354
     93.9939957       0.0000000131123546
     94.0940933       0.0000000130844670
     94.1941910       0.0000000130566562
     94.2942963       0.0000000130289362
     94.3943939       0.0000000130013133
     94.4944916       0.0000000129737689
     94.5945969       0.0000000129463200
     94.6946945       0.0000000129189665
     94.7947922       0.0000000128916760
     94.8948975       0.0000000128644856
     94.9949951       0.0000000128373806
     95.0950928       0.0000000128103778
     95.1951981       0.0000000127834290
     95.2952957       0.0000000127565855
     95.3953934       0.0000000127298205
     95.4954987       0.0000000127031431
     95.5955963       0.0000000126765360
     95.6956940       0.0000000126500323
     95.7957993       0.0000000126235942
     95.8958969       0.0000000125972520
     95.9959946       0.0000000125709756
     96.0960999       0.0000000125447860
     96.1961975       0.0000000125186982
     96.2962952       0.0000000124926783
     96.3963928       0.0000000124667346
     96.4964981       0.0000000124408753
     96.5965958       0.0000000124150991
     96.6966934       0.0000000123894020
     96.7967987       0.0000000123637781
     96.8968964       0.0000000123382341
     96.9969940       0.0000000123127724
     97.0970993       0.0000000122873977
     97.1971970       0.0000000122620904
     97.2972946       0.0000000122368623
     97.3973999       0.0000000122117101
     97.4974976       0.0000000121866554
     97.5975952       0.0000000121616542
     97.6977005       0.0000000121367348
     97.7977982       0.0000000121118938
     97.8978958       0.0000000120871396
     97.9980011       0.0000000120624482
     98.0980988       0.0000000120378344
     98.1981964       0.0000000120133009
     98.2983017       0.0000000119888368
     98.3983994       0.0000000119644487
     98.4984970       0.0000000119401336
     98.5986023       0.0000000119159034
     98.6987000       0.0000000118917387
     98.7987976       0.0000000118676461
     98.8988953       0.0000000118436279
     98.9990005       0.0000000118196964
     99.0990982       0.0000000117958240
     99.1991959       0.0000000117720109
     99.2993011       0.0000000117482923
     99.3993988       0.0000000117246347
     99.4994965       0.0000000117010491
     99.5996017       0.0000000116775317
     99.6996994       0.0000000116540769
     99.7997971       0.0000000116307164
     99.8999023       0.0000000116074003
    100.0000000       0.0000000115841682
