# x		H(x,a)
      0.0000000       1.0000000000000000
      0.1001001       0.9900299906730652
      0.2002002       0.9607124924659729
      0.3003003       0.9137664437294006
      0.4004004       0.8518707156181335
      0.5005005       0.7784109115600586
      0.6006006       0.6971734166145325
      0.7007007       0.6120254397392273
      0.8008008       0.5266169309616089
      0.9009009       0.4441368877887726
      1.0010010       0.3671552633888659
      1.1011012       0.2975091706498511
      1.2012012       0.2362983914437035
      1.3013012       0.1839621934806720
      1.4014014       0.1403796787462435
      1.5015016       0.1050004041005592
      1.6016016       0.0769829083547133
      1.7017016       0.0553251507434234
      1.8018018       0.0389751816258862
      1.9019020       0.0269159640969193
      2.0020020       0.0182228635508755
      2.1021020       0.0120962653686069
      2.2022023       0.0078737445062772
      2.3023024       0.0050270775558390
      2.4024024       0.0031493946186903
      2.5025024       0.0019373126098559
      2.6026025       0.0011713966857966
      2.7027028       0.0006974718527237
      2.8028028       0.0004101965741286
      2.9029028       0.0002395029095969
      3.0030031       0.0001399905802267
      3.1031032       0.0000829823842435
      3.2032032       0.0000508085641043
      3.3033032       0.0000328434160877
      3.4034033       0.0000228474834204
      3.5035036       0.0000172406765912
      3.6036036       0.0000140145482046
      3.7037036       0.0000120662285010
      3.8038039       0.0000108021687173
      3.9039040       0.0000099085131640
      4.0040040       0.0000092215753396
      4.1041040       0.0000086565992888
      4.2042041       0.0000081695180846
      4.3043041       0.0000077369090376
      4.4044046       0.0000073457645832
      4.5045047       0.0000069882815832
      4.6046047       0.0000066593482550
      4.7047048       0.0000063552846146
      4.8048048       0.0000060732430089
      4.9049048       0.0000058108914661
      5.0050049       0.0000055662569494
      5.1051049       0.0000053376413516
      5.2052050       0.0000051235688588
      5.3053055       0.0000049227407941
      5.4054055       0.0000047340053698
      5.5055056       0.0000045563520737
      5.6056056       0.0000043888807316
      5.7057056       0.0000042307636002
      5.8058057       0.0000040812936962
      5.9059057       0.0000039398136566
      6.0060062       0.0000038057287480
      6.1061063       0.0000036785236872
      6.2062063       0.0000035577084227
      6.3063064       0.0000034428454725
      6.4064064       0.0000033335348141
      6.5065064       0.0000032294152195
      6.6066065       0.0000031301524828
      6.7067065       0.0000030354413907
      6.8068066       0.0000029450016281
      6.9069071       0.0000028585701262
      7.0070071       0.0000027759113754
      7.1071072       0.0000026968104251
      7.2072072       0.0000026210561473
      7.3073072       0.0000025484569662
      7.4074073       0.0000024788480347
      7.5075073       0.0000024120547436
      7.6076078       0.0000023479321294
      7.7077079       0.0000022863360429
      7.8078079       0.0000022271352448
      7.9079080       0.0000021702048413
      8.0080080       0.0000021154307037
      8.1081085       0.0000020627061753
      8.2082081       0.0000020119269633
      8.3083086       0.0000019630001233
      8.4084082       0.0000019158361919
      8.5085087       0.0000018703480585
      8.6086082       0.0000018264634181
      8.7087088       0.0000017841024462
      8.8088093       0.0000017431966638
      8.9089088       0.0000017036804358
      9.0090094       0.0000016654909263
      9.1091089       0.0000016285714033
      9.2092094       0.0000015928636635
      9.3093090       0.0000015583154623
      9.4094095       0.0000015248786322
      9.5095091       0.0000014925057059
      9.6096096       0.0000014611531561
      9.7097101       0.0000014307758018
      9.8098097       0.0000014013348436
      9.9099102       0.0000013727944108
     10.0100098       0.0000013451136823
     10.1101103       0.0000013182604943
     10.2102098       0.0000012922054245
     10.3103104       0.0000012669132780
     10.4104099       0.0000012423572587
     10.5105104       0.0000012185062113
     10.6106110       0.0000011953364022
     10.7107105       0.0000011728201158
     10.8108110       0.0000011509327539
     10.9109106       0.0000011296524846
     11.0110111       0.0000011089571262
     11.1111107       0.0000010888247716
     11.2112112       0.0000010692359831
     11.3113117       0.0000010501712593
     11.4114113       0.0000010316117651
     11.5115118       0.0000010135390977
     11.6116114       0.0000009959362319
     11.7117119       0.0000009787896809
     11.8118114       0.0000009620814174
     11.9119120       0.0000009457970379
     12.0120125       0.0000009299232935
     12.1121120       0.0000009144446839
     12.2122126       0.0000008993512444
     12.3123121       0.0000008846273460
     12.4124126       0.0000008702620518
     12.5125122       0.0000008562444049
     12.6126127       0.0000008425625209
     12.7127123       0.0000008292062327
     12.8128128       0.0000008161655203
     12.9129133       0.0000008034297223
     13.0130129       0.0000007909898351
     13.1131134       0.0000007788359026
     13.2132130       0.0000007669608284
     13.3133135       0.0000007553552627
     13.4134130       0.0000007440127023
     13.5135136       0.0000007329218521
     13.6136131       0.0000007220781362
     13.7137136       0.0000007114737157
     13.8138142       0.0000007011011974
     13.9139137       0.0000006909529387
     14.0140142       0.0000006810247567
     14.1141138       0.0000006713094964
     14.2142143       0.0000006618001621
     14.3143139       0.0000006524911803
     14.4144144       0.0000006433777470
     14.5145149       0.0000006344543856
     14.6146145       0.0000006257153988
     14.7147150       0.0000006171562372
     14.8148146       0.0000006087711887
     14.9149151       0.0000006005555021
     15.0150146       0.0000005925064727
     15.1151152       0.0000005846167047
     15.2152157       0.0000005768848427
     15.3153152       0.0000005693051624
     15.4154158       0.0000005618738966
     15.5155153       0.0000005545875130
     15.6156158       0.0000005474416775
     15.7157154       0.0000005404341625
     15.8158159       0.0000005335598367
     15.9159155       0.0000005268158360
     16.0160160       0.0000005201989155
     16.1161156       0.0000005137066609
     16.2162170       0.0000005073348498
     16.3163166       0.0000005010811507
     16.4164162       0.0000004949418787
     16.5165157       0.0000004889158535
     16.6166172       0.0000004829985523
     16.7167168       0.0000004771883194
     16.8168163       0.0000004714827287
     16.9169178       0.0000004658788114
     17.0170174       0.0000004603742834
     17.1171169       0.0000004549666913
     17.2172165       0.0000004496543059
     17.3173180       0.0000004444338178
     17.4174175       0.0000004393044854
     17.5175171       0.0000004342636266
     17.6176186       0.0000004293084154
     17.7177181       0.0000004244382397
     17.8178177       0.0000004196505478
     17.9179173       0.0000004149431464
     18.0180187       0.0000004103145531
     18.1181183       0.0000004057635638
     18.2182178       0.0000004012877290
     18.3183174       0.0000003968859019
     18.4184189       0.0000003925556777
     18.5185184       0.0000003882959471
     18.6186180       0.0000003841054667
     18.7187195       0.0000003799830569
     18.8188190       0.0000003759260367
     18.9189186       0.0000003719338658
     19.0190182       0.0000003680048748
     19.1191196       0.0000003641382588
     19.2192192       0.0000003603322639
     19.3193188       0.0000003565854140
     19.4194202       0.0000003528970817
     19.5195198       0.0000003492658210
     19.6196194       0.0000003456902731
     19.7197189       0.0000003421690485
     19.8198204       0.0000003387015383
     19.9199200       0.0000003352870800
     20.0200195       0.0000003319235271
     20.1201210       0.0000003286102415
     20.2202206       0.0000003253468017
     20.3203201       0.0000003221315655
     20.4204197       0.0000003189639094
     20.5205212       0.0000003158428576
     20.6206207       0.0000003127670864
     20.7207203       0.0000003097365120
     20.8208199       0.0000003067494632
     20.9209213       0.0000003038059021
     21.0210209       0.0000003009044504
     21.1211205       0.0000002980440376
     21.2212219       0.0000002952243629
     21.3213215       0.0000002924447215
     21.4214211       0.0000002897040544
     21.5215206       0.0000002870021970
     21.6216221       0.0000002843376291
     21.7217216       0.0000002817102107
     21.8218212       0.0000002791185532
     21.9219227       0.0000002765629887
     22.0220222       0.0000002740425747
     22.1221218       0.0000002715561336
     22.2222214       0.0000002691036940
     22.3223228       0.0000002666842378
     22.4224224       0.0000002642970485
     22.5225220       0.0000002619421510
     22.6226234       0.0000002596184965
     22.7227230       0.0000002573255912
     22.8228226       0.0000002550631188
     22.9229221       0.0000002528302457
     23.0230236       0.0000002506265807
     23.1231232       0.0000002484518910
     23.2232227       0.0000002463052701
     23.3233242       0.0000002441861257
     23.4234238       0.0000002420943405
     23.5235233       0.0000002400296809
     23.6236229       0.0000002379910262
     23.7237244       0.0000002359785360
     23.8238239       0.0000002339912434
     23.9239235       0.0000002320290418
     24.0240250       0.0000002300912017
     24.1241245       0.0000002281780230
     24.2242241       0.0000002262882497
     24.3243237       0.0000002244220263
     24.4244251       0.0000002225786736
     24.5245247       0.0000002207582244
     24.6246243       0.0000002189600116
     24.7247238       0.0000002171834969
     24.8248253       0.0000002154288403
     24.9249249       0.0000002136950110
     25.0250244       0.0000002119822546
     25.1251259       0.0000002102899952
     25.2252254       0.0000002086180799
     25.3253250       0.0000002069659911
     25.4254246       0.0000002053331580
     25.5255260       0.0000002037199196
     25.6256256       0.0000002021254523
     25.7257252       0.0000002005497485
     25.8258266       0.0000001989924602
     25.9259262       0.0000001974532296
     26.0260258       0.0000001959316526
     26.1261253       0.0000001944278983
     26.2262268       0.0000001929412005
     26.3263264       0.0000001914714243
     26.4264259       0.0000001900185216
     26.5265274       0.0000001885819059
     26.6266270       0.0000001871618835
     26.7267265       0.0000001857577106
     26.8268261       0.0000001843692768
     26.9269276       0.0000001829964163
     27.0270271       0.0000001816386945
     27.1271267       0.0000001802961768
     27.2272263       0.0000001789684547
     27.3273277       0.0000001776553959
     27.4274273       0.0000001763568201
     27.5275269       0.0000001750723209
     27.6276283       0.0000001738017433
     27.7277279       0.0000001725451576
     27.8278275       0.0000001713020416
     27.9279270       0.0000001700722608
     28.0280285       0.0000001688558646
     28.1281281       0.0000001676522454
     28.2282276       0.0000001664618282
     28.3283291       0.0000001652836340
     28.4284286       0.0000001641182276
     28.5285282       0.0000001629649367
     28.6286278       0.0000001618238633
     28.7287292       0.0000001606946936
     28.8288288       0.0000001595773180
     28.9289284       0.0000001584715920
     29.0290298       0.0000001573772477
     29.1291294       0.0000001562942982
     29.2292290       0.0000001552224691
     29.3293285       0.0000001541617598
     29.4294300       0.0000001531117898
     29.5295296       0.0000001520724372
     29.6296291       0.0000001510436837
     29.7297306       0.0000001500253547
     29.8298302       0.0000001490172263
     29.9299297       0.0000001480193361
     30.0300293       0.0000001470315448
     30.1301308       0.0000001460532714
     30.2302303       0.0000001450850870
     30.3303299       0.0000001441263046
     30.4304314       0.0000001431771418
     30.5305309       0.0000001422372446
     30.6306305       0.0000001413065423
     30.7307301       0.0000001403850778
     30.8308315       0.0000001394725056
     30.9309311       0.0000001385688121
     31.0310307       0.0000001376739674
     31.1311302       0.0000001367876446
     31.2312317       0.0000001359099264
     31.3313313       0.0000001350407017
     31.4314308       0.0000001341796401
     31.5315323       0.0000001333268806
     31.6316319       0.0000001324822604
     31.7317314       0.0000001316455166
     31.8318310       0.0000001308168875
     31.9319324       0.0000001299957518
     32.0320320       0.0000001291825661
     32.1321335       0.0000001283771256
     32.2322311       0.0000001275789446
     32.3323326       0.0000001267883198
     32.4324341       0.0000001260049050
     32.5325317       0.0000001252288633
     32.6326332       0.0000001244599201
     32.7327309       0.0000001236979675
     32.8328323       0.0000001229430449
     32.9329338       0.0000001221950186
     33.0330315       0.0000001214537988
     33.1331329       0.0000001207193317
     33.2332344       0.0000001199916746
     33.3333321       0.0000001192703877
     33.4334335       0.0000001185555835
     33.5335350       0.0000001178472364
     33.6336327       0.0000001171451481
     33.7337341       0.0000001164493428
     33.8338356       0.0000001157598364
     33.9339333       0.0000001150763210
     34.0340347       0.0000001143988567
     34.1341324       0.0000001137275796
     34.2342339       0.0000001130619221
     34.3343353       0.0000001124020720
     34.4344330       0.0000001117481802
     34.5345345       0.0000001110998975
     34.6346359       0.0000001104571881
     34.7347336       0.0000001098202157
     34.8348351       0.0000001091885792
     34.9349365       0.0000001085624319
     35.0350342       0.0000001079416589
     35.1351357       0.0000001073261841
     35.2352371       0.0000001067158887
     35.3353348       0.0000001061109069
     35.4354362       0.0000001055110305
     35.5355339       0.0000001049162510
     35.6356354       0.0000001043263639
     35.7357368       0.0000001037416427
     35.8358345       0.0000001031617378
     35.9359360       0.0000001025866345
     36.0360374       0.0000001020163289
     36.1361351       0.0000001014507980
     36.2362366       0.0000001008900180
     36.3363380       0.0000001003337638
     36.4364357       0.0000000997821353
     36.5365372       0.0000000992350349
     36.6366348       0.0000000986924642
     36.7367363       0.0000000981543959
     36.8368378       0.0000000976206290
     36.9369354       0.0000000970912417
     37.0370369       0.0000000965660372
     37.1371384       0.0000000960452437
     37.2372360       0.0000000955286546
     37.3373375       0.0000000950160377
     37.4374390       0.0000000945077074
     37.5375366       0.0000000940034349
     37.6376381       0.0000000935030777
     37.7377396       0.0000000930067735
     37.8378372       0.0000000925145888
     37.9379387       0.0000000920260039
     38.0380363       0.0000000915414590
     38.1381378       0.0000000910607033
     38.2382393       0.0000000905836822
     38.3383369       0.0000000901104481
     38.4384384       0.0000000896409691
     38.5385399       0.0000000891750681
     38.6386375       0.0000000887127480
     38.7387390       0.0000000882541594
     38.8388405       0.0000000877989689
     38.9389381       0.0000000873473365
     39.0390396       0.0000000868992342
     39.1391373       0.0000000864544858
     39.2392387       0.0000000860133023
     39.3393402       0.0000000855753934
     39.4394379       0.0000000851407890
     39.5395393       0.0000000847094821
     39.6396408       0.0000000842814647
     39.7397385       0.0000000838566514
     39.8398399       0.0000000834352333
     39.9399414       0.0000000830167793
     40.0400391       0.0000000826015801
     40.1401405       0.0000000821893659
     40.2402420       0.0000000817803610
     40.3403397       0.0000000813743447
     40.4404411       0.0000000809713066
     40.5405388       0.0000000805713227
     40.6406403       0.0000000801742614
     40.7407417       0.0000000797801558
     40.8408394       0.0000000793890080
     40.9409409       0.0000000790006474
     41.0410423       0.0000000786151368
     41.1411400       0.0000000782324743
     41.2412415       0.0000000778525028
     41.3413429       0.0000000774754248
     41.4414406       0.0000000771010319
     41.5415421       0.0000000767293034
     41.6416397       0.0000000763602621
     41.7417412       0.0000000759939658
     41.8418427       0.0000000756302193
     41.9419403       0.0000000752690750
     42.0420418       0.0000000749106002
     42.1421432       0.0000000745546210
     42.2422409       0.0000000742011139
     42.3423424       0.0000000738502318
     42.4424438       0.0000000735017469
     42.5425415       0.0000000731558074
     42.6426430       0.0000000728122215
     42.7427444       0.0000000724710645
     42.8428421       0.0000000721323811
     42.9429436       0.0000000717959897
     43.0430412       0.0000000714618952
     43.1431427       0.0000000711302391
     43.2432442       0.0000000708008280
     43.3433418       0.0000000704737495
     43.4434433       0.0000000701489068
     43.5435448       0.0000000698263029
     43.6436424       0.0000000695059385
     43.7437439       0.0000000691876871
     43.8438454       0.0000000688717306
     43.9439430       0.0000000685578760
     44.0440445       0.0000000682461939
     44.1441460       0.0000000679366314
     44.2442436       0.0000000676291213
     44.3443451       0.0000000673236940
     44.4444427       0.0000000670204696
     44.5445442       0.0000000667191702
     44.6446457       0.0000000664198430
     44.7447433       0.0000000661226606
     44.8448448       0.0000000658274075
     44.9449463       0.0000000655340683
     45.0450439       0.0000000652427838
     45.1451454       0.0000000649534830
     45.2452469       0.0000000646659558
     45.3453445       0.0000000643804197
     45.4454460       0.0000000640967788
     45.5455437       0.0000000638149413
     45.6456451       0.0000000635349871
     45.7457466       0.0000000632569347
     45.8458443       0.0000000629806154
     45.9459457       0.0000000627061826
     46.0460472       0.0000000624334832
     46.1461449       0.0000000621625579
     46.2462463       0.0000000618934097
     46.3463478       0.0000000616260063
     46.4464455       0.0000000613603642
     46.5465469       0.0000000610963978
     46.6466484       0.0000000608341329
     46.7467461       0.0000000605735578
     46.8468475       0.0000000603146035
     46.9469452       0.0000000600574202
     47.0470467       0.0000000598018208
     47.1471481       0.0000000595478399
     47.2472458       0.0000000592954567
     47.3473473       0.0000000590447161
     47.4474487       0.0000000587955743
     47.5475464       0.0000000585479646
     47.6476479       0.0000000583019513
     47.7477493       0.0000000580574345
     47.8478470       0.0000000578144832
     47.9479485       0.0000000575730501
     48.0480499       0.0000000573331425
     48.1481476       0.0000000570947685
     48.2482491       0.0000000568578033
     48.3483467       0.0000000566223298
     48.4484482       0.0000000563883472
     48.5485497       0.0000000561557975
     48.6486473       0.0000000559247202
     48.7487488       0.0000000556950250
     48.8488503       0.0000000554667207
     48.9489479       0.0000000552398670
     49.0490494       0.0000000550143437
     49.1491508       0.0000000547901969
     49.2492485       0.0000000545675267
     49.3493500       0.0000000543461107
     49.4494476       0.0000000541260801
     49.5495491       0.0000000539074130
     49.6496506       0.0000000536899224
     49.7497482       0.0000000534738928
     49.8498497       0.0000000532591318
     49.9499512       0.0000000530456393
     50.0500488       0.0000000528334738
     50.1501503       0.0000000526225209
     50.2502518       0.0000000524128448
     50.3503494       0.0000000522044516
     50.4504509       0.0000000519972694
     50.5505524       0.0000000517913515
     50.6506500       0.0000000515865987
     50.7507515       0.0000000513831009
     50.8508492       0.0000000511808272
     50.9509506       0.0000000509796975
     51.0510521       0.0000000507797731
     51.1511497       0.0000000505810179
     51.2512512       0.0000000503833618
     51.3513527       0.0000000501869558
     51.4514503       0.0000000499916703
     51.5515518       0.0000000497975434
     51.6516533       0.0000000496045304
     51.7517509       0.0000000494126287
     51.8518524       0.0000000492218338
     51.9519501       0.0000000490321383
     52.0520515       0.0000000488435108
     52.1521530       0.0000000486559988
     52.2522507       0.0000000484696050
     52.3523521       0.0000000482842781
     52.4524536       0.0000000480999424
     52.5525513       0.0000000479166801
     52.6526527       0.0000000477344900
     52.7527542       0.0000000475533877
     52.8528519       0.0000000473732593
     52.9529533       0.0000000471941001
     53.0530548       0.0000000470160587
     53.1531525       0.0000000468389451
     53.2532539       0.0000000466628563
     53.3533516       0.0000000464877859
     53.4534531       0.0000000463136266
     53.5535545       0.0000000461405048
     53.6536522       0.0000000459683390
     53.7537537       0.0000000457971825
     53.8538551       0.0000000456268438
     53.9539528       0.0000000454575838
     54.0540543       0.0000000452892145
     54.1541557       0.0000000451218108
     54.2542534       0.0000000449552768
     54.3543549       0.0000000447897082
     54.4544525       0.0000000446250649
     54.5545540       0.0000000444613189
     54.6546555       0.0000000442984008
     54.7547531       0.0000000441364958
     54.8548546       0.0000000439754066
     54.9549561       0.0000000438152021
     55.0550537       0.0000000436558473
     55.1551552       0.0000000434973985
     55.2552567       0.0000000433397887
     55.3553543       0.0000000431830671
     55.4554558       0.0000000430271753
     55.5555573       0.0000000428721086
     55.6556549       0.0000000427179076
     55.7557564       0.0000000425645424
     55.8558540       0.0000000424119717
     55.9559555       0.0000000422602532
     56.0560570       0.0000000421093317
     56.1561546       0.0000000419592570
     56.2562561       0.0000000418099112
     56.3563576       0.0000000416613506
     56.4564552       0.0000000415136688
     56.5565567       0.0000000413666707
     56.6566582       0.0000000412205551
     56.7567558       0.0000000410751413
     56.8568573       0.0000000409304886
     56.9569588       0.0000000407866555
     57.0570564       0.0000000406435262
     57.1571579       0.0000000405012365
     57.2572556       0.0000000403595726
     57.3573570       0.0000000402187047
     57.4574585       0.0000000400785768
     57.5575562       0.0000000399391976
     57.6576576       0.0000000398005502
     57.7577591       0.0000000396625820
     57.8578568       0.0000000395253268
     57.9579582       0.0000000393888249
     58.0580597       0.0000000392530131
     58.1581573       0.0000000391179129
     58.2582588       0.0000000389835038
     58.3583565       0.0000000388497419
     58.4584579       0.0000000387167017
     58.5585594       0.0000000385843643
     58.6586571       0.0000000384526654
     58.7587585       0.0000000383216843
     58.8588600       0.0000000381913630
     58.9589577       0.0000000380616354
     59.0590591       0.0000000379326546
     59.1591606       0.0000000378042971
     59.2592583       0.0000000376765906
     59.3593597       0.0000000375495135
     59.4594612       0.0000000374231071
     59.5595589       0.0000000372973099
     59.6596603       0.0000000371721763
     59.7597580       0.0000000370476659
     59.8598595       0.0000000369237404
     59.9599609       0.0000000368004927
     60.0600586       0.0000000366778362
     60.1601601       0.0000000365557805
     60.2602615       0.0000000364343497
     60.3603592       0.0000000363135205
     60.4604607       0.0000000361932748
     60.5605621       0.0000000360736443
     60.6606598       0.0000000359546136
     60.7607613       0.0000000358361347
     60.8608627       0.0000000357182476
     60.9609604       0.0000000356009940
     61.0610619       0.0000000354842514
     61.1611595       0.0000000353681390
     61.2612610       0.0000000352525763
     61.3613625       0.0000000351375803
     61.4614601       0.0000000350231038
     61.5615616       0.0000000349092016
     61.6616631       0.0000000347958936
     61.7617607       0.0000000346831180
     61.8618622       0.0000000345708761
     61.9619637       0.0000000344591793
     62.0620613       0.0000000343480504
     62.1621628       0.0000000342374684
     62.2622604       0.0000000341273259
     62.3623619       0.0000000340178306
     62.4624634       0.0000000339087813
     62.5625610       0.0000000338002963
     62.6626625       0.0000000336922941
     62.7627640       0.0000000335848755
     62.8628616       0.0000000334779012
     62.9629631       0.0000000333714754
     63.0630646       0.0000000332655458
     63.1631622       0.0000000331601431
     63.2632637       0.0000000330551964
     63.3633652       0.0000000329507718
     63.4634628       0.0000000328468363
     63.5635643       0.0000000327434078
     63.6636620       0.0000000326404352
     63.7637634       0.0000000325379583
     63.8638649       0.0000000324359583
     63.9639626       0.0000000323344538
     64.0640640       0.0000000322334602
     64.1641617       0.0000000321328940
     64.2642670       0.0000000320327616
     64.3643646       0.0000000319331541
     64.4644623       0.0000000318340092
     64.5645676       0.0000000317353084
     64.6646652       0.0000000316370557
     64.7647629       0.0000000315392916
     64.8648682       0.0000000314419493
     64.9649658       0.0000000313450805
     65.0650635       0.0000000312486424
     65.1651688       0.0000000311526291
     65.2652664       0.0000000310570915
     65.3653641       0.0000000309620010
     65.4654617       0.0000000308673161
     65.5655670       0.0000000307730733
     65.6656647       0.0000000306792714
     65.7657623       0.0000000305859048
     65.8658676       0.0000000304929205
     65.9659653       0.0000000304004035
     66.0660629       0.0000000303083061
     66.1661682       0.0000000302166184
     66.2662659       0.0000000301253197
     66.3663635       0.0000000300344711
     66.4664688       0.0000000299440296
     66.5665665       0.0000000298539582
     66.6666641       0.0000000297643148
     66.7667694       0.0000000296750831
     66.8668671       0.0000000295862317
     66.9669647       0.0000000294978348
     67.0670700       0.0000000294097726
     67.1671677       0.0000000293221271
     67.2672653       0.0000000292348904
     67.3673706       0.0000000291480014
     67.4674683       0.0000000290615428
     67.5675659       0.0000000289754509
     67.6676712       0.0000000288897364
     67.7677689       0.0000000288043893
     67.8678665       0.0000000287194149
     67.9679642       0.0000000286348456
     68.0680695       0.0000000285506277
     68.1681671       0.0000000284668041
     68.2682648       0.0000000283833382
     68.3683701       0.0000000283002406
     68.4684677       0.0000000282174914
     68.5685654       0.0000000281351105
     68.6686707       0.0000000280531226
     68.7687683       0.0000000279714493
     68.8688660       0.0000000278901555
     68.9689713       0.0000000278092009
     69.0690689       0.0000000277286249
     69.1691666       0.0000000276483656
     69.2692719       0.0000000275684777
     69.3693695       0.0000000274889277
     69.4694672       0.0000000274097112
     69.5695724       0.0000000273308317
     69.6696701       0.0000000272523281
     69.7697678       0.0000000271741469
     69.8698730       0.0000000270962852
     69.9699707       0.0000000270187540
     70.0700684       0.0000000269416168
     70.1701736       0.0000000268647443
     70.2702713       0.0000000267882029
     70.3703690       0.0000000267120068
     70.4704742       0.0000000266361149
     70.5705719       0.0000000265605906
     70.6706696       0.0000000264853545
     70.7707672       0.0000000264104448
     70.8708725       0.0000000263358520
     70.9709702       0.0000000262615714
     71.0710678       0.0000000261876031
     71.1711731       0.0000000261139534
     71.2712708       0.0000000260406081
     71.3713684       0.0000000259675891
     71.4714737       0.0000000258948682
     71.5715714       0.0000000258224489
     71.6716690       0.0000000257503293
     71.7717743       0.0000000256784988
     71.8718719       0.0000000256069745
     71.9719696       0.0000000255357729
     72.0720749       0.0000000254648542
     72.1721725       0.0000000253942232
     72.2722702       0.0000000253239054
     72.3723755       0.0000000252538464
     72.4724731       0.0000000251841037
     72.5725708       0.0000000251146441
     72.6726761       0.0000000250454593
     72.7727737       0.0000000249765610
     72.8728714       0.0000000249079662
     72.9729767       0.0000000248396375
     73.0730743       0.0000000247715977
     73.1731720       0.0000000247038422
     73.2732697       0.0000000246363836
     73.3733749       0.0000000245691497
     73.4734726       0.0000000245022087
     73.5735703       0.0000000244355678
     73.6736755       0.0000000243691689
     73.7737732       0.0000000243030234
     73.8738708       0.0000000242371831
     73.9739761       0.0000000241716167
     74.0740738       0.0000000241063090
     74.1741714       0.0000000240412470
     74.2742767       0.0000000239764495
     74.3743744       0.0000000239119386
     74.4744720       0.0000000238476694
     74.5745773       0.0000000237836578
     74.6746750       0.0000000237198876
     74.7747726       0.0000000236564046
     74.8748779       0.0000000235931763
     74.9749756       0.0000000235301817
     75.0750732       0.0000000234674433
     75.1751785       0.0000000234049615
     75.2752762       0.0000000233427200
     75.3753738       0.0000000232807079
     75.4754791       0.0000000232189938
     75.5755768       0.0000000231574947
     75.6756744       0.0000000230962235
     75.7757721       0.0000000230352248
     75.8758774       0.0000000229744744
     75.9759750       0.0000000229139505
     76.0760727       0.0000000228536641
     76.1761780       0.0000000227935905
     76.2762756       0.0000000227337793
     76.3763733       0.0000000226742012
     76.4764786       0.0000000226148588
     76.5765762       0.0000000225557509
     76.6766739       0.0000000224968545
     76.7767792       0.0000000224382077
     76.8768768       0.0000000223797924
     76.9769745       0.0000000223216174
     77.0770798       0.0000000222636324
     77.1771774       0.0000000222058909
     77.2772751       0.0000000221483959
     77.3773804       0.0000000220910772
     77.4774780       0.0000000220340050
     77.5775757       0.0000000219771427
     77.6776810       0.0000000219205200
     77.7777786       0.0000000218640882
     77.8778763       0.0000000218079080
     77.9779816       0.0000000217519358
     78.0780792       0.0000000216961888
     78.1781769       0.0000000216406349
     78.2782745       0.0000000215852908
     78.3783798       0.0000000215301520
     78.4784775       0.0000000214752333
     78.5785751       0.0000000214205477
     78.6786804       0.0000000213660638
     78.7787781       0.0000000213117780
     78.8788757       0.0000000212576958
     78.9789810       0.0000000212038153
     79.0790787       0.0000000211501444
     79.1791763       0.0000000210966812
     79.2792816       0.0000000210434191
     79.3793793       0.0000000209903580
     79.4794769       0.0000000209374987
     79.5795822       0.0000000208848348
     79.6796799       0.0000000208323525
     79.7797775       0.0000000207801005
     79.8798828       0.0000000207280278
     79.9799805       0.0000000206761386
     80.0800781       0.0000000206244632
     80.1801834       0.0000000205729687
     80.2802811       0.0000000205216779
     80.3803787       0.0000000204705839
     80.4804840       0.0000000204196650
     80.5805817       0.0000000203689498
     80.6806793       0.0000000203184367
     80.7807770       0.0000000202680805
     80.8808823       0.0000000202179252
     80.9809799       0.0000000201679429
     81.0810776       0.0000000201181437
     81.1811829       0.0000000200685564
     81.2812805       0.0000000200191360
     81.3813782       0.0000000199698922
     81.4814835       0.0000000199208426
     81.5815811       0.0000000198719697
     81.6816788       0.0000000198232656
     81.7817841       0.0000000197747383
     81.8818817       0.0000000197263926
     81.9819794       0.0000000196782346
     82.0820847       0.0000000196302663
     82.1821823       0.0000000195824540
     82.2822800       0.0000000195348107
     82.3823853       0.0000000194873520
     82.4824829       0.0000000194400592
     82.5825806       0.0000000193929369
     82.6826859       0.0000000193459944
     82.7827835       0.0000000192992245
     82.8828812       0.0000000192526169
     82.9829865       0.0000000192061829
     83.0830841       0.0000000191599102
     83.1831818       0.0000000191137974
     83.2832794       0.0000000190678525
     83.3833847       0.0000000190220865
     83.4834824       0.0000000189764879
     83.5835800       0.0000000189310265
     83.6836853       0.0000000188857734
     83.7837830       0.0000000188406375
     83.8838806       0.0000000187956929
     83.9839859       0.0000000187508973
     84.0840836       0.0000000187062455
     84.1841812       0.0000000186617829
     84.2842865       0.0000000186174735
     84.3843842       0.0000000185733064
     84.4844818       0.0000000185292927
     84.5845871       0.0000000184854543
     84.6846848       0.0000000184417672
     84.7847824       0.0000000183982272
     84.8848877       0.0000000183548287
     84.9849854       0.0000000183116064
     85.0850830       0.0000000182685250
     85.1851883       0.0000000182256047
     85.2852859       0.0000000181828357
     85.3853836       0.0000000181402032
     85.4854889       0.0000000180977417
     85.5855865       0.0000000180554093
     85.6856842       0.0000000180132558
     85.7857895       0.0000000179712160
     85.8858871       0.0000000179293255
     85.9859848       0.0000000178875902
     86.0860825       0.0000000178459925
     86.1861877       0.0000000178045553
     86.2862854       0.0000000177632641
     86.3863831       0.0000000177221011
     86.4864883       0.0000000176810678
     86.5865860       0.0000000176402066
     86.6866837       0.0000000175994867
     86.7867889       0.0000000175588873
     86.8868866       0.0000000175184339
     86.9869843       0.0000000174781293
     87.0870895       0.0000000174379583
     87.1871872       0.0000000173979058
     87.2872849       0.0000000173580135
     87.3873901       0.0000000173182574
     87.4874878       0.0000000172786581
     87.5875854       0.0000000172391558
     87.6876907       0.0000000171998210
     87.7877884       0.0000000171605979
     87.8878860       0.0000000171215227
     87.9879913       0.0000000170825676
     88.0880890       0.0000000170437383
     88.1881866       0.0000000170050592
     88.2882919       0.0000000169665222
     88.3883896       0.0000000169281011
     88.4884872       0.0000000168898004
     88.5885849       0.0000000168516392
     88.6886902       0.0000000168136123
     88.7887878       0.0000000167757127
     88.8888855       0.0000000167379351
     88.9889908       0.0000000167002789
     89.0890884       0.0000000166627598
     89.1891861       0.0000000166253769
     89.2892914       0.0000000165880908
     89.3893890       0.0000000165509579
     89.4894867       0.0000000165139335
     89.5895920       0.0000000164770548
     89.6896896       0.0000000164402857
     89.7897873       0.0000000164036349
     89.8898926       0.0000000163671194
     89.9899902       0.0000000163307089
     90.0900879       0.0000000162944236
     90.1901932       0.0000000162582636
     90.2902908       0.0000000162222127
     90.3903885       0.0000000161862861
     90.4904938       0.0000000161504924
     90.5905914       0.0000000161148070
     90.6906891       0.0000000160792391
     90.7907944       0.0000000160437855
     90.8908920       0.0000000160084535
     90.9909897       0.0000000159732380
     91.0910873       0.0000000159381536
     91.1911926       0.0000000159031651
     91.2912903       0.0000000158682973
     91.3913879       0.0000000158335438
     91.4914932       0.0000000157988940
     91.5915909       0.0000000157643677
     91.6916885       0.0000000157299691
     91.7917938       0.0000000156956517
     91.8918915       0.0000000156614802
     91.9919891       0.0000000156274000
     92.0920944       0.0000000155934312
     92.1921921       0.0000000155595784
     92.2922897       0.0000000155258352
     92.3923950       0.0000000154922016
     92.4924927       0.0000000154586777
     92.5925903       0.0000000154252603
     92.6926956       0.0000000153919526
     92.7927933       0.0000000153587529
     92.8928909       0.0000000153256571
     92.9929962       0.0000000152926705
     93.0930939       0.0000000152597919
     93.1931915       0.0000000152270199
     93.2932968       0.0000000151943383
     93.3933945       0.0000000151617793
     93.4934921       0.0000000151293221
     93.5935898       0.0000000150969715
     93.6936951       0.0000000150647226
     93.7937927       0.0000000150325715
     93.8938904       0.0000000150005245
     93.9939957       0.0000000149685827
     94.0940933       0.0000000149367475
     94.1941910       0.0000000149049982
     94.2942963       0.0000000148733547
     94.3943939       0.0000000148418218
     94.4944916       0.0000000148103781
     94.5945969       0.0000000147790426
     94.6946945       0.0000000147478175
     94.7947922       0.0000000147166629
     94.8948975       0.0000000146856250
     94.9949951       0.0000000146546827
     95.0950928       0.0000000146238561
     95.1951981       0.0000000145930934
     95.2952957       0.0000000145624487
     95.3953934       0.0000000145318942
     95.4954987       0.0000000145014422
     95.5955963       0.0000000144710681
     95.6956940       0.0000000144408117
     95.7957993       0.0000000144106311
     95.8958969       0.0000000143805613
     95.9959946       0.0000000143505634
     96.0960999       0.0000000143206664
     96.1961975       0.0000000142908863
     96.2962952       0.0000000142611826
     96.3963928       0.0000000142315661
     96.4964981       0.0000000142020458
     96.5965958       0.0000000141726210
     96.6966934       0.0000000141432847
     96.7967987       0.0000000141140350
     96.8968964       0.0000000140848746
     96.9969940       0.0000000140558082
     97.0970993       0.0000000140268415
     97.1971970       0.0000000139979530
     97.2972946       0.0000000139691530
     97.3973999       0.0000000139404393
     97.4974976       0.0000000139118387
     97.5975952       0.0000000138832970
     97.6977005       0.0000000138548498
     97.7977982       0.0000000138264918
     97.8978958       0.0000000137982340
     97.9980011       0.0000000137700469
     98.0980988       0.0000000137419491
     98.1981964       0.0000000137139417
     98.2983017       0.0000000136860148
     98.3983994       0.0000000136581756
     98.4984970       0.0000000136304171
     98.5986023       0.0000000136027571
     98.6987000       0.0000000135751719
     98.7987976       0.0000000135476689
     98.8988953       0.0000000135202498
     98.9990005       0.0000000134929315
     99.0990982       0.0000000134656785
     99.1991959       0.0000000134384949
     99.2993011       0.0000000134114193
     99.3993988       0.0000000133844132
     99.4994965       0.0000000133574878
     99.5996017       0.0000000133306408
     99.6996994       0.0000000133038649
     99.7997971       0.0000000132771983
     99.8999023       0.0000000132505807
    100.0000000       0.0000000132240613
