# x		H(x,a)
      0.0000000       1.0000000000000000
      0.1001001       0.9900299906730652
      0.2002002       0.9607124924659729
      0.3003003       0.9137664437294006
      0.4004004       0.8518707156181335
      0.5005005       0.7784109115600586
      0.6006006       0.6971734166145325
      0.7007007       0.6120254397392273
      0.8008008       0.5266169309616089
      0.9009009       0.4441368877887726
      1.0010010       0.3671539415103789
      1.1011012       0.2975054286318718
      1.2012012       0.2362925160570978
      1.3013012       0.1839548598888477
      1.4014014       0.1403715725633627
      1.5015016       0.1049920798607805
      1.6016016       0.0769747596413189
      1.7017016       0.0553174271819432
      1.8018018       0.0389680208366328
      1.9019020       0.0269094239061232
      2.0020020       0.0182169490674161
      2.1021020       0.0120909494554992
      2.2022023       0.0078689823325663
      2.3023024       0.0050228163552834
      2.4024024       0.0031455798839616
      2.5025024       0.0019338918061975
      2.6026025       0.0011683212280471
      2.7027028       0.0006946980223247
      2.8028028       0.0004076857406317
      2.9029028       0.0002372213644948
      3.0030031       0.0001379091578654
      3.1031032       0.0000810759788818
      3.2032032       0.0000490556440643
      3.3033032       0.0000312255373972
      3.4034033       0.0000213488548870
      3.5035036       0.0000158477628746
      3.6036036       0.0000127157358323
      3.7037036       0.0000108515215324
      3.8038039       0.0000096629450535
      3.9039040       0.0000088373113018
      4.0040040       0.0000082119113878
      4.1041040       0.0000077028208454
      4.2042041       0.0000072666791204
      4.3043041       0.0000068806641711
      4.4044046       0.0000065322790469
      4.5045047       0.0000062141583738
      4.6046047       0.0000059215687760
      4.7047048       0.0000056511536049
      4.8048048       0.0000054003447203
      4.9049048       0.0000051670552626
      5.0050049       0.0000049495237619
      5.1051049       0.0000047462373905
      5.2052050       0.0000045558832132
      5.3053055       0.0000043773067061
      5.4054055       0.0000042094829787
      5.5055056       0.0000040515137727
      5.6056056       0.0000039025978540
      5.7057056       0.0000037619996828
      5.8058057       0.0000036290904545
      5.9059057       0.0000035032867196
      6.0060062       0.0000033840583686
      6.1061063       0.0000032709472809
      6.2062063       0.0000031635181441
      6.3063064       0.0000030613821919
      6.4064064       0.0000029641827565
      6.5065064       0.0000028715998240
      6.6066065       0.0000027833351936
      6.7067065       0.0000026991178073
      6.8068066       0.0000026186987742
      6.9069071       0.0000025418434870
      7.0070071       0.0000024683435239
      7.1071072       0.0000023980068177
      7.2072072       0.0000023306459664
      7.3073072       0.0000022660907844
      7.4074073       0.0000022041944585
      7.5075073       0.0000021448015482
      7.6076078       0.0000020877839925
      7.7077079       0.0000020330126190
      7.8078079       0.0000019803711121
      7.9079080       0.0000019297485569
      8.0080080       0.0000018810433101
      8.1081085       0.0000018341606114
      8.2082081       0.0000017890076567
      8.3083086       0.0000017455020140
      8.4084082       0.0000017035635745
      8.5085087       0.0000016631154438
      8.6086082       0.0000016240933740
      8.7087088       0.0000015864259382
      8.8088093       0.0000015500523349
      8.9089088       0.0000015149145101
      9.0090094       0.0000014809565523
      9.1091089       0.0000014481274573
      9.2092094       0.0000014163761812
      9.3093090       0.0000013856558711
      9.4094095       0.0000013559237308
      9.5095091       0.0000013271378477
      9.6096096       0.0000012992590067
      9.7097101       0.0000012722475517
      9.8098097       0.0000012460685221
      9.9099102       0.0000012206903333
     10.0100098       0.0000011960765727
     10.1101103       0.0000011721987720
     10.2102098       0.0000011490304407
     10.3103104       0.0000011265407202
     10.4104099       0.0000011047055007
     10.5105104       0.0000010834971695
     10.6106110       0.0000010628945099
     10.7107105       0.0000010428729273
     10.8108110       0.0000010234106873
     10.9109106       0.0000010044881936
     11.0110111       0.0000009860858592
     11.1111107       0.0000009681842539
     11.2112112       0.0000009507657795
     11.3113117       0.0000009338134872
     11.4114113       0.0000009173103029
     11.5115118       0.0000009012401074
     11.6116114       0.0000008855877406
     11.7117119       0.0000008703408606
     11.8118114       0.0000008554839202
     11.9119120       0.0000008410037810
     12.0120125       0.0000008268888077
     12.1121120       0.0000008131252235
     12.2122126       0.0000007997040837
     12.3123121       0.0000007866116569
     12.4124126       0.0000007738380531
     12.5125122       0.0000007613734938
     12.6126127       0.0000007492074815
     12.7127123       0.0000007373310559
     12.8128128       0.0000007257353120
     12.9129133       0.0000007144106527
     13.0130129       0.0000007033490707
     13.1131134       0.0000006925417930
     13.2132130       0.0000006819823964
     13.3133135       0.0000006716627536
     13.4134130       0.0000006615768970
     13.5135136       0.0000006517149549
     13.6136131       0.0000006420726365
     13.7137136       0.0000006326432251
     13.8138142       0.0000006234199757
     13.9139137       0.0000006143961004
     14.0140142       0.0000006055680002
     14.1141138       0.0000005969292131
     14.2142143       0.0000005884734745
     14.3143139       0.0000005801958513
     14.4144144       0.0000005720921875
     14.5145149       0.0000005641575693
     14.6146145       0.0000005563868397
     14.7147150       0.0000005487760434
     14.8148146       0.0000005413200150
     14.9149151       0.0000005340146354
     15.0150146       0.0000005268574287
     15.1151152       0.0000005198418671
     15.2152157       0.0000005129666120
     15.3153152       0.0000005062268038
     15.4154158       0.0000004996189330
     15.5155153       0.0000004931398496
     15.6156158       0.0000004867857483
     15.7157154       0.0000004805546549
     15.8158159       0.0000004744419975
     15.9159155       0.0000004684451994
     16.0160160       0.0000004625614759
     16.1161156       0.0000004567885297
     16.2162170       0.0000004511227279
     16.3163166       0.0000004455619460
     16.4164162       0.0000004401028665
     16.5165157       0.0000004347445302
     16.6166172       0.0000004294828958
     16.7167168       0.0000004243163654
     16.8168163       0.0000004192429723
     16.9169178       0.0000004142599619
     17.0170174       0.0000004093653303
     17.1171169       0.0000004045569127
     17.2172165       0.0000003998330931
     17.3173180       0.0000003951910511
     17.4174175       0.0000003906300623
     17.5175171       0.0000003861477237
     17.6176186       0.0000003817415234
     17.7177181       0.0000003774109601
     17.8178177       0.0000003731537524
     17.9179173       0.0000003689679134
     18.0180187       0.0000003648521657
     18.1181183       0.0000003608054470
     18.2182178       0.0000003568254844
     18.3183174       0.0000003529113782
     18.4184189       0.0000003490609457
     18.5185184       0.0000003452731742
     18.6186180       0.0000003415469961
     18.7187195       0.0000003378813523
     18.8188190       0.0000003342738567
     18.9189186       0.0000003307240082
     19.0190182       0.0000003272303493
     19.1191196       0.0000003237921678
     19.2192192       0.0000003204078670
     19.3193188       0.0000003170761375
     19.4194202       0.0000003137964995
     19.5195198       0.0000003105675524
     19.6196194       0.0000003073881822
     19.7197189       0.0000003042570922
     19.8198204       0.0000003011737977
     19.9199200       0.0000002981376562
     20.0200195       0.0000002951467864
     20.1201210       0.0000002922005757
     20.2202206       0.0000002892987515
     20.3203201       0.0000002864397518
     20.4204197       0.0000002836230577
     20.5205212       0.0000002808478261
     20.6206207       0.0000002781128691
     20.7207203       0.0000002754180511
     20.8208199       0.0000002727619776
     20.9209213       0.0000002701445615
     21.0210209       0.0000002675645801
     21.1211205       0.0000002650210873
     21.2212219       0.0000002625138535
     21.3213215       0.0000002600421770
     21.4214211       0.0000002576051565
     21.5215206       0.0000002552026705
     21.6216221       0.0000002528333458
     21.7217216       0.0000002504970311
     21.8218212       0.0000002481925407
     21.9219227       0.0000002459201132
     22.0220222       0.0000002436789758
     22.1221218       0.0000002414680273
     22.2222214       0.0000002392873098
     22.3223228       0.0000002371359045
     22.4224224       0.0000002350132368
     22.5225220       0.0000002329192508
     22.6226234       0.0000002308530598
     22.7227230       0.0000002288142088
     22.8228226       0.0000002268024222
     22.9229221       0.0000002248169372
     23.0230236       0.0000002228574386
     23.1231232       0.0000002209236870
     23.2232227       0.0000002190149337
     23.3233242       0.0000002171305544
     23.4234238       0.0000002152705481
     23.5235233       0.0000002134346747
     23.6236229       0.0000002116218725
     23.7237244       0.0000002098323652
     23.8238239       0.0000002080652606
     23.9239235       0.0000002063204939
     24.0240250       0.0000002045973433
     24.1241245       0.0000002028961393
     24.2242241       0.0000002012157477
     24.3243237       0.0000001995563187
     24.4244251       0.0000001979171957
     24.5245247       0.0000001962984784
     24.6246243       0.0000001946994993
     24.7247238       0.0000001931198136
     24.8248253       0.0000001915595543
     24.9249249       0.0000001900178430
     25.0250244       0.0000001884948642
     25.1251259       0.0000001869900991
     25.2252254       0.0000001855034186
     25.3253250       0.0000001840343844
     25.4254246       0.0000001825824837
     25.5255260       0.0000001811479730
     25.6256256       0.0000001797301663
     25.7257252       0.0000001783290598
     25.8258266       0.0000001769443114
     25.9259262       0.0000001755756344
     26.0260258       0.0000001742226328
     26.1261253       0.0000001728855197
     26.2262268       0.0000001715635280
     26.3263264       0.0000001702566088
     26.4264259       0.0000001689646921
     26.5265274       0.0000001676872332
     26.6266270       0.0000001664245566
     26.7267265       0.0000001651759708
     26.8268261       0.0000001639413668
     26.9269276       0.0000001627206137
     27.0270271       0.0000001615133306
     27.1271267       0.0000001603195661
     27.2272263       0.0000001591389545
     27.3273277       0.0000001579713875
     27.4274273       0.0000001568166859
     27.5275269       0.0000001556744953
     27.6276283       0.0000001545447119
     27.7277279       0.0000001534273395
     27.8278275       0.0000001523219661
     27.9279270       0.0000001512284459
     28.0280285       0.0000001501468230
     28.1281281       0.0000001490765599
     28.2282276       0.0000001480180291
     28.3283291       0.0000001469704052
     28.4284286       0.0000001459341209
     28.5285282       0.0000001449086028
     28.6286278       0.0000001438939693
     28.7287292       0.0000001428898948
     28.8288288       0.0000001418963324
     28.9289284       0.0000001409131169
     29.0290298       0.0000001399400334
     29.1291294       0.0000001389770756
     29.2292290       0.0000001380239902
     29.3293285       0.0000001370808081
     29.4294300       0.0000001361471718
     29.5295296       0.0000001352229717
     29.6296291       0.0000001343082203
     29.7297306       0.0000001334027309
     29.8298302       0.0000001325062825
     29.9299297       0.0000001316189606
     30.0300293       0.0000001307406140
     30.1301308       0.0000001298707331
     30.2302303       0.0000001290098161
     30.3303299       0.0000001281572795
     30.4304314       0.0000001273132785
     30.5305309       0.0000001264775120
     30.6306305       0.0000001256499254
     30.7307301       0.0000001248305763
     30.8308315       0.0000001240190984
     30.9309311       0.0000001232155497
     31.0310307       0.0000001224198416
     31.1311302       0.0000001216317318
     31.2312317       0.0000001208512554
     31.3313313       0.0000001200783369
     31.4314308       0.0000001193126991
     31.5315323       0.0000001185544202
     31.6316319       0.0000001178033762
     31.7317314       0.0000001170593415
     31.8318310       0.0000001163225184
     31.9319324       0.0000001155923602
     32.0320320       0.0000001148692850
     32.1321335       0.0000001141530890
     32.2322311       0.0000001134433402
     32.3323326       0.0000001127403051
     32.4324341       0.0000001120436954
     32.5325317       0.0000001113536463
     32.6326332       0.0000001106699097
     32.7327309       0.0000001099923773
     32.8328323       0.0000001093210991
     32.9329338       0.0000001086559537
     33.0330315       0.0000001079968515
     33.1331329       0.0000001073437682
     33.2332344       0.0000001066967230
     33.3333321       0.0000001060553649
     33.4334335       0.0000001054197484
     33.5335350       0.0000001047898854
     33.6336327       0.0000001041655884
     33.7337341       0.0000001035468954
     33.8338356       0.0000001029337836
     33.9339333       0.0000001023259942
     34.0340347       0.0000001017235932
     34.1341324       0.0000001011266926
     34.2342339       0.0000001005347912
     34.3343353       0.0000000999480456
     34.4344330       0.0000000993666081
     34.5345345       0.0000000987901460
     34.6346359       0.0000000982186550
     34.7347336       0.0000000976522671
     34.8348351       0.0000000970905994
     34.9349365       0.0000000965338308
     35.0350342       0.0000000959818381
     35.1351357       0.0000000954345658
     35.2352371       0.0000000948918794
     35.3353348       0.0000000943539348
     35.4354362       0.0000000938205214
     35.5355339       0.0000000932916557
     35.6356354       0.0000000927671264
     35.7357368       0.0000000922471897
     35.8358345       0.0000000917315320
     35.9359360       0.0000000912201492
     36.0360374       0.0000000907130330
     36.1361351       0.0000000902101597
     36.2362366       0.0000000897115120
     36.3363380       0.0000000892168942
     36.4364357       0.0000000887263818
     36.5365372       0.0000000882399019
     36.6366348       0.0000000877574499
     36.7367363       0.0000000872790006
     36.8368378       0.0000000868043733
     36.9369354       0.0000000863336417
     37.0370369       0.0000000858666261
     37.1371384       0.0000000854035396
     37.2372360       0.0000000849441862
     37.3373375       0.0000000844883656
     37.4374390       0.0000000840363581
     37.5375366       0.0000000835879657
     37.6376381       0.0000000831430446
     37.7377396       0.0000000827017235
     37.8378372       0.0000000822640723
     37.9379387       0.0000000818296278
     38.0380363       0.0000000813987661
     38.1381378       0.0000000809712761
     38.2382393       0.0000000805471138
     38.3383369       0.0000000801263103
     38.4384384       0.0000000797088507
     38.5385399       0.0000000792945751
     38.6386375       0.0000000788834720
     38.7387390       0.0000000784756934
     38.8388405       0.0000000780709464
     38.9389381       0.0000000776693510
     39.0390396       0.0000000772708943
     39.1391373       0.0000000768754324
     39.2392387       0.0000000764831284
     39.3393402       0.0000000760937392
     39.4394379       0.0000000757072894
     39.5395393       0.0000000753237672
     39.6396408       0.0000000749431724
     39.7397385       0.0000000745654292
     39.8398399       0.0000000741907067
     39.9399414       0.0000000738186134
     40.0400391       0.0000000734494222
     40.1401405       0.0000000730828711
     40.2402420       0.0000000727191914
     40.3403397       0.0000000723581565
     40.4404411       0.0000000719997792
     40.5405388       0.0000000716441119
     40.6406403       0.0000000712910459
     40.7407417       0.0000000709406100
     40.8408394       0.0000000705927942
     40.9409409       0.0000000702474669
     41.0410423       0.0000000699046612
     41.1411400       0.0000000695643968
     41.2412415       0.0000000692265347
     41.3413429       0.0000000688912343
     41.4414406       0.0000000685583233
     41.5415421       0.0000000682277800
     41.6416397       0.0000000678996385
     41.7417412       0.0000000675739266
     41.8418427       0.0000000672504693
     41.9419403       0.0000000669293473
     42.0420418       0.0000000666105912
     42.1421432       0.0000000662940562
     42.2422409       0.0000000659797157
     42.3423424       0.0000000656677115
     42.4424438       0.0000000653578387
     42.5425415       0.0000000650502188
     42.6426430       0.0000000647447075
     42.7427444       0.0000000644413456
     42.8428421       0.0000000641401977
     42.9429436       0.0000000638410698
     43.0430412       0.0000000635440001
     43.1431427       0.0000000632490924
     43.2432442       0.0000000629561760
     43.3433418       0.0000000626653359
     43.4434433       0.0000000623764831
     43.5435448       0.0000000620896258
     43.6436424       0.0000000618047621
     43.7437439       0.0000000615217633
     43.8438454       0.0000000612408203
     43.9439430       0.0000000609617374
     44.0440445       0.0000000606845891
     44.1441460       0.0000000604093297
     44.2442436       0.0000000601358835
     44.3443451       0.0000000598643102
     44.4444427       0.0000000595946763
     44.5445442       0.0000000593267597
     44.6446457       0.0000000590606003
     44.7447433       0.0000000587963406
     44.8448448       0.0000000585338074
     44.9449463       0.0000000582729672
     45.0450439       0.0000000580139583
     45.1451454       0.0000000577567079
     45.2452469       0.0000000575010442
     45.3453445       0.0000000572471428
     45.4454460       0.0000000569949268
     45.5455437       0.0000000567443206
     45.6456451       0.0000000564953843
     45.7457466       0.0000000562481366
     45.8458443       0.0000000560024347
     45.9459457       0.0000000557584085
     46.0460472       0.0000000555159250
     46.1461449       0.0000000552750213
     46.2462463       0.0000000550356966
     46.3463478       0.0000000547979131
     46.4464455       0.0000000545617055
     46.5465469       0.0000000543269855
     46.6466484       0.0000000540937784
     46.7467461       0.0000000538620763
     46.8468475       0.0000000536318154
     46.9469452       0.0000000534031248
     47.0470467       0.0000000531758509
     47.1471481       0.0000000529500075
     47.2472458       0.0000000527255918
     47.3473473       0.0000000525026237
     47.4474487       0.0000000522810903
     47.5475464       0.0000000520609136
     47.6476479       0.0000000518421628
     47.7477493       0.0000000516247384
     47.8478470       0.0000000514087062
     47.9479485       0.0000000511940194
     48.0480499       0.0000000509806969
     48.1481476       0.0000000507687320
     48.2482491       0.0000000505580243
     48.3483467       0.0000000503486411
     48.4484482       0.0000000501405845
     48.5485497       0.0000000499337975
     48.6486473       0.0000000497283248
     48.7487488       0.0000000495240792
     48.8488503       0.0000000493210697
     48.9489479       0.0000000491193530
     49.0490494       0.0000000489188151
     49.1491508       0.0000000487194983
     49.2492485       0.0000000485215013
     49.3493500       0.0000000483246212
     49.4494476       0.0000000481289723
     49.5495491       0.0000000479345322
     49.6496506       0.0000000477411341
     49.7497482       0.0000000475490464
     49.8498497       0.0000000473580815
     49.9499512       0.0000000471682390
     50.0500488       0.0000000469795846
     50.1501503       0.0000000467920026
     50.2502518       0.0000000466055618
     50.3503494       0.0000000464202547
     50.4504509       0.0000000462360286
     50.5505524       0.0000000460529273
     50.6506500       0.0000000458708634
     50.7507515       0.0000000456899095
     50.8508492       0.0000000455100461
     50.9509506       0.0000000453312055
     51.0510521       0.0000000451534311
     51.1511497       0.0000000449766983
     51.2512512       0.0000000448009426
     51.3513527       0.0000000446262932
     51.4514503       0.0000000444526484
     51.5515518       0.0000000442800325
     51.6516533       0.0000000441084029
     51.7517509       0.0000000439377635
     51.8518524       0.0000000437681097
     51.9519501       0.0000000435994310
     52.0520515       0.0000000434317048
     52.1521530       0.0000000432649677
     52.2522507       0.0000000430992285
     52.3523521       0.0000000429344319
     52.4524536       0.0000000427705227
     52.5525513       0.0000000426075687
     52.6526527       0.0000000424455639
     52.7527542       0.0000000422845268
     52.8528519       0.0000000421243532
     52.9529533       0.0000000419650453
     53.0530548       0.0000000418067334
     53.1531525       0.0000000416492418
     53.2532539       0.0000000414926634
     53.3533516       0.0000000413369925
     53.4534531       0.0000000411821285
     53.5535545       0.0000000410281882
     53.6536522       0.0000000408750981
     53.7537537       0.0000000407229037
     53.8538551       0.0000000405714421
     53.9539528       0.0000000404209355
     54.0540543       0.0000000402712190
     54.1541557       0.0000000401223631
     54.2542534       0.0000000399742848
     54.3543549       0.0000000398270585
     54.4544525       0.0000000396806581
     54.5545540       0.0000000395350556
     54.6546555       0.0000000393901879
     54.7547531       0.0000000392462223
     54.8548546       0.0000000391029804
     54.9549561       0.0000000389605266
     55.0550537       0.0000000388188308
     55.1551552       0.0000000386779342
     55.2552567       0.0000000385377917
     55.3553543       0.0000000383984327
     55.4554558       0.0000000382598124
     55.5555573       0.0000000381219266
     55.6556549       0.0000000379848141
     55.7557564       0.0000000378484379
     55.8558540       0.0000000377127735
     55.9559555       0.0000000375778670
     56.0560570       0.0000000374436664
     56.1561546       0.0000000373102141
     56.2562561       0.0000000371774166
     56.3563576       0.0000000370453195
     56.4564552       0.0000000369139990
     56.5565567       0.0000000367832926
     56.6566582       0.0000000366533643
     56.7567558       0.0000000365240598
     56.8568573       0.0000000363954384
     56.9569588       0.0000000362675391
     57.0570564       0.0000000361402663
     57.1571579       0.0000000360137443
     57.2572556       0.0000000358877794
     57.3573570       0.0000000357625139
     57.4574585       0.0000000356379170
     57.5575562       0.0000000355139815
     57.6576576       0.0000000353906920
     57.7577591       0.0000000352680131
     57.8578568       0.0000000351459666
     57.9579582       0.0000000350245851
     58.0580597       0.0000000349038245
     58.1581573       0.0000000347836942
     58.2582588       0.0000000346641776
     58.3583565       0.0000000345452365
     58.4584579       0.0000000344269352
     58.5585594       0.0000000343092633
     58.6586571       0.0000000341921518
     58.7587585       0.0000000340756837
     58.8588600       0.0000000339597996
     58.9589577       0.0000000338444459
     59.0590591       0.0000000337297604
     59.1591606       0.0000000336156243
     59.2592583       0.0000000335020697
     59.3593597       0.0000000333890700
     59.4594612       0.0000000332766703
     59.5595589       0.0000000331648094
     59.6596603       0.0000000330535393
     59.7597580       0.0000000329428260
     59.8598595       0.0000000328326333
     59.9599609       0.0000000327230406
     60.0600586       0.0000000326139718
     60.1601601       0.0000000325054414
     60.2602615       0.0000000323974641
     60.3603592       0.0000000322900202
     60.4604607       0.0000000321830995
     60.5605621       0.0000000320767266
     60.6606598       0.0000000319708816
     60.7607613       0.0000000318655335
     60.8608627       0.0000000317607054
     60.9609604       0.0000000316564430
     61.0610619       0.0000000315526368
     61.1611595       0.0000000314493866
     61.2612610       0.0000000313466288
     61.3613625       0.0000000312443755
     61.4614601       0.0000000311425818
     61.5615616       0.0000000310413016
     61.6616631       0.0000000309405494
     61.7617607       0.0000000308402663
     61.8618622       0.0000000307404592
     61.9619637       0.0000000306411445
     62.0620613       0.0000000305423240
     62.1621628       0.0000000304439928
     62.2622604       0.0000000303460590
     62.3623619       0.0000000302486941
     62.4624634       0.0000000301517285
     62.5625610       0.0000000300552610
     62.6626625       0.0000000299592239
     62.7627640       0.0000000298637103
     62.8628616       0.0000000297685845
     62.9629631       0.0000000296739551
     63.0630646       0.0000000295797614
     63.1631622       0.0000000294860368
     63.2632637       0.0000000293927173
     63.3633652       0.0000000292998635
     63.4634628       0.0000000292074414
     63.5635643       0.0000000291154713
     63.6636620       0.0000000290239110
     63.7637634       0.0000000289327885
     63.8638649       0.0000000288420948
     63.9639626       0.0000000287518325
     64.0640640       0.0000000286620278
     64.1641617       0.0000000285726058
     64.2642670       0.0000000284835680
     64.3643646       0.0000000283949968
     64.4644623       0.0000000283068353
     64.5645676       0.0000000282190701
     64.6646652       0.0000000281317045
     64.7647629       0.0000000280447712
     64.8648682       0.0000000279582194
     64.9649658       0.0000000278720770
     65.0650635       0.0000000277863265
     65.1651688       0.0000000277009526
     65.2652664       0.0000000276160011
     65.3653641       0.0000000275314440
     65.4654617       0.0000000274472519
     65.5655670       0.0000000273634534
     65.6656647       0.0000000272800431
     65.7657623       0.0000000271970210
     65.8658676       0.0000000271143409
     65.9659653       0.0000000270320720
     66.0660629       0.0000000269501788
     66.1661682       0.0000000268686520
     66.2662659       0.0000000267874657
     66.3663635       0.0000000267066874
     66.4664688       0.0000000266262630
     66.5665665       0.0000000265461763
     66.6666641       0.0000000264664627
     66.7667694       0.0000000263871189
     66.8668671       0.0000000263081118
     66.9669647       0.0000000262295075
     67.0670700       0.0000000261512007
     67.1671677       0.0000000260732684
     67.2672653       0.0000000259956963
     67.3673706       0.0000000259184348
     67.4674683       0.0000000258415553
     67.5675659       0.0000000257650019
     67.6676712       0.0000000256887869
     67.7677689       0.0000000256128938
     67.8678665       0.0000000255373347
     67.9679642       0.0000000254621370
     68.0680695       0.0000000253872516
     68.1681671       0.0000000253127169
     68.2682648       0.0000000252384978
     68.3683701       0.0000000251646047
     68.4684677       0.0000000250910258
     68.5685654       0.0000000250177714
     68.6686707       0.0000000249448697
     68.7687683       0.0000000248722417
     68.8688660       0.0000000247999590
     68.9689713       0.0000000247279733
     69.0690689       0.0000000246563210
     69.1691666       0.0000000245849572
     69.2692719       0.0000000245139198
     69.3693695       0.0000000244431859
     69.4694672       0.0000000243727446
     69.5695724       0.0000000243026077
     69.6696701       0.0000000242328015
     69.7697678       0.0000000241632835
     69.8698730       0.0000000240940456
     69.9699707       0.0000000240251054
     70.0700684       0.0000000239565146
     70.1701736       0.0000000238881613
     70.2702713       0.0000000238201016
     70.3703690       0.0000000237523469
     70.4704742       0.0000000236848649
     70.5705719       0.0000000236177089
     70.6706696       0.0000000235508046
     70.7707672       0.0000000234841973
     70.8708725       0.0000000234178709
     70.9709702       0.0000000233518177
     71.0710678       0.0000000232860453
     71.1711731       0.0000000232205559
     71.2712708       0.0000000231553379
     71.3713684       0.0000000230904090
     71.4714737       0.0000000230257454
     71.5715714       0.0000000229613488
     71.6716690       0.0000000228972224
     71.7717743       0.0000000228333487
     71.8718719       0.0000000227697502
     71.9719696       0.0000000227064373
     72.0720749       0.0000000226433773
     72.1721725       0.0000000225805705
     72.2722702       0.0000000225180446
     72.3723755       0.0000000224557472
     72.4724731       0.0000000223937337
     72.5725708       0.0000000223319701
     72.6726761       0.0000000222704503
     72.7727737       0.0000000222091855
     72.8728714       0.0000000221481902
     72.9729767       0.0000000220874327
     73.0730743       0.0000000220269330
     73.1731720       0.0000000219666844
     73.2732697       0.0000000219066992
     73.3733749       0.0000000218469142
     73.4734726       0.0000000217873911
     73.5735703       0.0000000217281342
     73.6736755       0.0000000216690924
     73.7737732       0.0000000216102751
     73.8738708       0.0000000215517311
     73.9739761       0.0000000214934285
     74.0740738       0.0000000214353562
     74.1741714       0.0000000213775024
     74.2742767       0.0000000213198854
     74.3743744       0.0000000212625224
     74.4744720       0.0000000212053728
     74.5745773       0.0000000211484557
     74.6746750       0.0000000210917498
     74.7747726       0.0000000210353022
     74.8748779       0.0000000209790780
     74.9749756       0.0000000209230637
     75.0750732       0.0000000208672773
     75.1751785       0.0000000208117181
     75.2752762       0.0000000207563739
     75.3753738       0.0000000207012318
     75.4754791       0.0000000206463553
     75.5755768       0.0000000205916690
     75.6756744       0.0000000205371866
     75.7757721       0.0000000204829482
     75.8758774       0.0000000204289285
     75.9759750       0.0000000203751097
     76.0760727       0.0000000203215049
     76.1761780       0.0000000202680858
     76.2762756       0.0000000202149015
     76.3763733       0.0000000201619255
     76.4764786       0.0000000201091569
     76.5765762       0.0000000200565993
     76.6766739       0.0000000200042293
     76.7767792       0.0000000199520796
     76.8768768       0.0000000199001367
     76.9769745       0.0000000198484076
     77.0770798       0.0000000197968474
     77.1771774       0.0000000197455010
     77.2772751       0.0000000196943772
     77.3773804       0.0000000196434106
     77.4774780       0.0000000195926603
     77.5775757       0.0000000195421008
     77.6776810       0.0000000194917518
     77.7777786       0.0000000194415723
     77.8778763       0.0000000193916157
     77.9779816       0.0000000193418470
     78.0780792       0.0000000192922753
     78.1781769       0.0000000192428755
     78.2782745       0.0000000191936637
     78.3783798       0.0000000191446347
     78.4784775       0.0000000190958014
     78.5785751       0.0000000190471755
     78.6786804       0.0000000189987293
     78.7787781       0.0000000189504569
     78.8788757       0.0000000189023662
     78.9789810       0.0000000188544570
     79.0790787       0.0000000188067323
     79.1791763       0.0000000187591917
     79.2792816       0.0000000187118325
     79.3793793       0.0000000186646504
     79.4794769       0.0000000186176482
     79.5795822       0.0000000185708179
     79.6796799       0.0000000185241509
     79.7797775       0.0000000184776893
     79.8798828       0.0000000184313860
     79.9799805       0.0000000183852467
     80.0800781       0.0000000183392969
     80.1801834       0.0000000182935058
     80.2802811       0.0000000182479001
     80.3803787       0.0000000182024676
     80.4804840       0.0000000181571894
     80.5805817       0.0000000181120936
     80.6806793       0.0000000180671753
     80.7807770       0.0000000180223984
     80.8808823       0.0000000179778015
     80.9809799       0.0000000179333563
     81.0810776       0.0000000178890754
     81.1811829       0.0000000178449828
     81.2812805       0.0000000178010389
     81.3813782       0.0000000177572508
     81.4814835       0.0000000177136361
     81.5815811       0.0000000176701771
     81.6816788       0.0000000176268693
     81.7817841       0.0000000175837211
     81.8818817       0.0000000175407309
     81.9819794       0.0000000174979087
     82.0820847       0.0000000174552554
     82.1821823       0.0000000174127392
     82.2822800       0.0000000173703764
     82.3823853       0.0000000173281752
     82.4824829       0.0000000172861222
     82.5825806       0.0000000172442225
     82.6826859       0.0000000172024797
     82.7827835       0.0000000171608923
     82.8828812       0.0000000171194494
     82.9829865       0.0000000170781572
     83.0830841       0.0000000170370147
     83.1831818       0.0000000169960097
     83.2832794       0.0000000169551555
     83.3833847       0.0000000169144609
     83.4834824       0.0000000168739149
     83.5835800       0.0000000168334903
     83.6836853       0.0000000167932504
     83.7837830       0.0000000167531153
     83.8838806       0.0000000167131513
     83.9839859       0.0000000166733186
     84.0840836       0.0000000166336130
     84.1841812       0.0000000165940762
     84.2842865       0.0000000165546786
     84.3843842       0.0000000165154050
     84.4844818       0.0000000164762670
     84.5845871       0.0000000164372872
     84.6846848       0.0000000163984409
     84.7847824       0.0000000163597239
     84.8848877       0.0000000163211337
     84.9849854       0.0000000162826991
     85.0850830       0.0000000162443938
     85.1851883       0.0000000162062267
     85.2852859       0.0000000161681999
     85.3853836       0.0000000161302897
     85.4854889       0.0000000160925319
     85.5855865       0.0000000160548904
     85.6856842       0.0000000160174068
     85.7857895       0.0000000159800251
     85.8858871       0.0000000159427771
     85.9859848       0.0000000159056660
     86.0860825       0.0000000158686763
     86.1861877       0.0000000158318311
     86.2862854       0.0000000157951132
     86.3863831       0.0000000157585111
     86.4864883       0.0000000157220258
     86.5865860       0.0000000156856924
     86.6866837       0.0000000156494832
     86.7867889       0.0000000156133820
     86.8868866       0.0000000155774115
     86.9869843       0.0000000155415714
     87.0870895       0.0000000155058510
     87.1871872       0.0000000154702361
     87.2872849       0.0000000154347646
     87.3873901       0.0000000153994136
     87.4874878       0.0000000153642034
     87.5875854       0.0000000153290762
     87.6876907       0.0000000152941008
     87.7877884       0.0000000152592220
     87.8878860       0.0000000152244768
     87.9879913       0.0000000151898387
     88.0880890       0.0000000151553106
     88.1881866       0.0000000151209177
     88.2882919       0.0000000150866503
     88.3883896       0.0000000150524865
     88.4884872       0.0000000150184283
     88.5885849       0.0000000149844963
     88.6886902       0.0000000149506851
     88.7887878       0.0000000149169817
     88.8888855       0.0000000148833910
     88.9889908       0.0000000148499085
     89.0890884       0.0000000148165464
     89.1891861       0.0000000147833026
     89.2892914       0.0000000147501488
     89.3893890       0.0000000147171297
     89.4894867       0.0000000146842069
     89.5895920       0.0000000146514148
     89.6896896       0.0000000146187213
     89.7897873       0.0000000145861298
     89.8898926       0.0000000145536594
     89.9899902       0.0000000145212847
     90.0900879       0.0000000144890196
     90.1901932       0.0000000144568649
     90.2902908       0.0000000144248083
     90.3903885       0.0000000143928628
     90.4904938       0.0000000143610359
     90.5905914       0.0000000143293065
     90.6906891       0.0000000142976773
     90.7907944       0.0000000142661515
     90.8908920       0.0000000142347346
     90.9909897       0.0000000142034203
     91.0910873       0.0000000141722229
     91.1911926       0.0000000141411137
     91.2912903       0.0000000141101079
     91.3913879       0.0000000140792054
     91.4914932       0.0000000140483934
     91.5915909       0.0000000140176930
     91.6916885       0.0000000139871063
     91.7917938       0.0000000139565915
     91.8918915       0.0000000139262051
     91.9919891       0.0000000138959015
     92.0920944       0.0000000138656961
     92.1921921       0.0000000138355940
     92.2922897       0.0000000138055891
     92.3923950       0.0000000137756829
     92.4924927       0.0000000137458722
     92.5925903       0.0000000137161586
     92.6926956       0.0000000136865405
     92.7927933       0.0000000136570196
     92.8928909       0.0000000136275909
     92.9929962       0.0000000135982610
     93.0930939       0.0000000135690236
     93.1931915       0.0000000135398834
     93.2932968       0.0000000135108226
     93.3933945       0.0000000134818719
     93.4934921       0.0000000134530120
     93.5935898       0.0000000134242445
     93.6936951       0.0000000133955679
     93.7937927       0.0000000133669805
     93.8938904       0.0000000133384831
     93.9939957       0.0000000133100806
     94.0940933       0.0000000132817722
     94.1941910       0.0000000132535419
     94.2942963       0.0000000132254041
     94.3943939       0.0000000131973635
     94.4944916       0.0000000131694043
     94.5945969       0.0000000131415415
     94.6946945       0.0000000131137767
     94.7947922       0.0000000130860737
     94.8948975       0.0000000130584741
     94.9949951       0.0000000130309607
     95.0950928       0.0000000130035506
     95.1951981       0.0000000129761947
     95.2952957       0.0000000129489460
     95.3953934       0.0000000129217781
     95.4954987       0.0000000128946986
     95.5955963       0.0000000128676892
     95.6956940       0.0000000128407858
     95.7957993       0.0000000128139502
     95.8958969       0.0000000127872106
     95.9959946       0.0000000127605374
     96.0960999       0.0000000127339533
     96.1961975       0.0000000127074714
     96.2962952       0.0000000126810595
     96.3963928       0.0000000126547253
     96.4964981       0.0000000126284748
     96.5965958       0.0000000126023105
     96.6966934       0.0000000125762254
     96.7967987       0.0000000125502157
     96.8968964       0.0000000125242867
     96.9969940       0.0000000124984408
     97.0970993       0.0000000124726836
     97.1971970       0.0000000124469952
     97.2972946       0.0000000124213860
     97.3973999       0.0000000123958551
     97.4974976       0.0000000123704227
     97.5975952       0.0000000123450442
     97.6977005       0.0000000123197476
     97.7977982       0.0000000122945325
     97.8978958       0.0000000122694053
     97.9980011       0.0000000122443414
     98.0980988       0.0000000122193567
     98.1981964       0.0000000121944532
     98.2983017       0.0000000121696205
     98.3983994       0.0000000121448646
     98.4984970       0.0000000121201833
     98.5986023       0.0000000120955871
     98.6987000       0.0000000120710585
     98.7987976       0.0000000120466021
     98.8988953       0.0000000120222224
     98.9990005       0.0000000119979297
     99.0990982       0.0000000119736973
     99.1991959       0.0000000119495249
     99.2993011       0.0000000119254481
     99.3993988       0.0000000119014345
     99.4994965       0.0000000118774936
     99.5996017       0.0000000118536218
     99.6996994       0.0000000118298123
     99.7997971       0.0000000118060999
     99.8999023       0.0000000117824316
    100.0000000       0.0000000117588497
