# x		H(x,a)
      0.0000000       1.0000000000000000
      0.1001001       0.9900299906730652
      0.2002002       0.9607124924659729
      0.3003003       0.9137664437294006
      0.4004004       0.8518707156181335
      0.5005005       0.7784109115600586
      0.6006006       0.6971734166145325
      0.7007007       0.6120254397392273
      0.8008008       0.5266169309616089
      0.9009009       0.4441368877887726
      1.0010010       0.3671602239892842
      1.1011012       0.2975232132806012
      1.2012012       0.2363204399515327
      1.3013012       0.1839897141903609
      1.4014014       0.1404100987551413
      1.5015016       0.1050316423860640
      1.6016016       0.0770134879496906
      1.7017016       0.0553541348568193
      1.8018018       0.0390020538757104
      1.9019020       0.0269405074041872
      2.0020020       0.0182450587858203
      2.1021020       0.0121162143461197
      2.2022023       0.0078916154708094
      2.3023024       0.0050430685311719
      2.4024024       0.0031637101283492
      2.5025024       0.0019501498261158
      2.6026025       0.0011829379292628
      2.7027028       0.0007078811858276
      2.8028028       0.0004196189497381
      2.9029028       0.0002480648337389
      3.0030031       0.0001478015116445
      3.1031032       0.0000901365312207
      3.2032032       0.0000573867310957
      3.3033032       0.0000389148147571
      3.4034033       0.0000284713752810
      3.5035036       0.0000224678466533
      3.6036036       0.0000188885929372
      3.7037036       0.0000166246460945
      3.8038039       0.0000150773196220
      3.9039040       0.0000139284064988
      4.0040040       0.0000130105336426
      4.1041040       0.0000122358344061
      4.2042041       0.0000115575926271
      4.3043041       0.0000109501303414
      4.4044046       0.0000103985255363
      4.5045047       0.0000098933250115
      4.6046047       0.0000094280072857
      4.7047048       0.0000089976714998
      4.8048048       0.0000085984201463
      4.9049048       0.0000082270094087
      5.0050049       0.0000078806678754
      5.1051049       0.0000075569984180
      5.2052050       0.0000072539169964
      5.3053055       0.0000069695863044
      5.4054055       0.0000067023757038
      5.5055056       0.0000064508559704
      5.6056056       0.0000062137506324
      5.7057056       0.0000059898892482
      5.8058057       0.0000057782701542
      5.9059057       0.0000055779642717
      6.0060062       0.0000053881277098
      6.1061063       0.0000052080310530
      6.2062063       0.0000050369816989
      6.3063064       0.0000048743597154
      6.4064064       0.0000047195982795
      6.5065064       0.0000045721867776
      6.6066065       0.0000044316505462
      6.7067065       0.0000042975592826
      6.8068066       0.0000041695158745
      6.9069071       0.0000040471462136
      7.0070071       0.0000039301181913
      7.1071072       0.0000038181279102
      7.2072072       0.0000037108751215
      7.3073072       0.0000036080894738
      7.4074073       0.0000035095378737
      7.5075073       0.0000034149722212
      7.6076078       0.0000033241880489
      7.7077079       0.0000032369803861
      7.8078079       0.0000031531644504
      7.9079080       0.0000030725625714
      8.0080080       0.0000029950138315
      8.1081085       0.0000029203668729
      8.2082081       0.0000028484739452
      8.3083086       0.0000027792036262
      8.4084082       0.0000027124289415
      8.5085087       0.0000026480272624
      8.6086082       0.0000025858956983
      8.7087088       0.0000025259212409
      8.8088093       0.0000024680071590
      8.9089088       0.0000024120603056
      9.0090094       0.0000023579918985
      9.1091089       0.0000023057216284
      9.2092094       0.0000022551666480
      9.3093090       0.0000022062535093
      9.4094095       0.0000021589137635
      9.5095091       0.0000021130804480
      9.6096096       0.0000020686917892
      9.7097101       0.0000020256837310
      9.8098097       0.0000019840013488
      9.9099102       0.0000019435937875
     10.0100098       0.0000019044035942
     10.1101103       0.0000018663853357
     10.2102098       0.0000018294964083
     10.3103104       0.0000017936880946
     10.4104099       0.0000017589218285
     10.5105104       0.0000017251536487
     10.6106110       0.0000016923499752
     10.7107105       0.0000016604715200
     10.8108110       0.0000016294835185
     10.9109106       0.0000015993550163
     11.0110111       0.0000015700546303
     11.1111107       0.0000015415515887
     11.2112112       0.0000015138178385
     11.3113117       0.0000014868260528
     11.4114113       0.0000014605496003
     11.5115118       0.0000014349624925
     11.6116114       0.0000014100404933
     11.7117119       0.0000013857644419
     11.8118114       0.0000013621090416
     11.9119120       0.0000013390536503
     12.0120125       0.0000013165796188
     12.1121120       0.0000012946651649
     12.2122126       0.0000012732958271
     12.3123121       0.0000012524500329
     12.4124126       0.0000012321117725
     12.5125122       0.0000012122656013
     12.6126127       0.0000011928947848
     12.7127123       0.0000011739850293
     12.8128128       0.0000011555220906
     12.9129133       0.0000011374908857
     13.0130129       0.0000011198786868
     13.1131134       0.0000011026710897
     13.2132130       0.0000010858584979
     13.3133135       0.0000010694273437
     13.4134130       0.0000010533685779
     13.5135136       0.0000010376662462
     13.6136131       0.0000010223137040
     13.7137136       0.0000010073001705
     13.8138142       0.0000009926147867
     13.9139137       0.0000009782469586
     14.0140142       0.0000009641906949
     14.1141138       0.0000009504358508
     14.2142143       0.0000009369726190
     14.3143139       0.0000009237929434
     14.4144144       0.0000009108902868
     14.5145149       0.0000008982566456
     14.6146145       0.0000008858840406
     14.7147150       0.0000008737659977
     14.8148146       0.0000008618945098
     14.9149151       0.0000008502627708
     15.0150146       0.0000008388670790
     15.1151152       0.0000008276967945
     15.2152157       0.0000008167500092
     15.3153152       0.0000008060188213
     15.4154158       0.0000007954976423
     15.5155153       0.0000007851815648
     15.6156158       0.0000007750645893
     15.7157154       0.0000007651433741
     15.8158159       0.0000007554107012
     15.9159155       0.0000007458625707
     16.0160160       0.0000007364944361
     16.1161156       0.0000007273027149
     16.2162170       0.0000007182815864
     16.3163166       0.0000007094275777
     16.4164162       0.0000007007356732
     16.5165157       0.0000006922040764
     16.6166172       0.0000006838264128
     16.7167168       0.0000006756002881
     16.8168163       0.0000006675223593
     16.9169178       0.0000006595883691
     17.0170174       0.0000006517951367
     17.1171169       0.0000006441391387
     17.2172165       0.0000006366178291
     17.3173180       0.0000006292267182
     17.4174175       0.0000006219646629
     17.5175171       0.0000006148278675
     17.6176186       0.0000006078122573
     17.7177181       0.0000006009171148
     17.8178177       0.0000005941387137
     17.9179173       0.0000005874739907
     18.0180187       0.0000005809208570
     18.1181183       0.0000005744776180
     18.2182178       0.0000005681406964
     18.3183174       0.0000005619085802
     18.4184189       0.0000005557779131
     18.5185184       0.0000005497469953
     18.6186180       0.0000005438141706
     18.7187195       0.0000005379776632
     18.8188190       0.0000005322337881
     18.9189186       0.0000005265816970
     19.0190182       0.0000005210190866
     19.1191196       0.0000005155447341
     19.2192192       0.0000005101562232
     19.3193188       0.0000005048514285
     19.4194202       0.0000004996295186
     19.5195198       0.0000004944884370
     19.6196194       0.0000004894261786
     19.7197189       0.0000004844408432
     19.8198204       0.0000004795315916
     19.9199200       0.0000004746973542
     20.0200195       0.0000004699353100
     20.1201210       0.0000004652443393
     20.2202206       0.0000004606240115
     20.3203201       0.0000004560719178
     20.4204197       0.0000004515871466
     20.5205212       0.0000004471684059
     20.6206207       0.0000004428137400
     20.7207203       0.0000004385230800
     20.8208199       0.0000004342940244
     20.9209213       0.0000004301265632
     21.0210209       0.0000004260186373
     21.1211205       0.0000004219689463
     21.2212219       0.0000004179768856
     21.3213215       0.0000004140414487
     21.4214211       0.0000004101612143
     21.5215206       0.0000004063359486
     21.6216221       0.0000004025634884
     21.7217216       0.0000003988435784
     21.8218212       0.0000003951743247
     21.9219227       0.0000003915561845
     22.0220222       0.0000003879878109
     22.1221218       0.0000003844675135
     22.2222214       0.0000003809953444
     22.3223228       0.0000003775698697
     22.4224224       0.0000003741901758
     22.5225220       0.0000003708560805
     22.6226234       0.0000003675662847
     22.7227230       0.0000003643200159
     22.8228226       0.0000003611168115
     22.9229221       0.0000003579555110
     23.0230236       0.0000003548355844
     23.1231232       0.0000003517566712
     23.2232227       0.0000003487175120
     23.3233242       0.0000003457172004
     23.4234238       0.0000003427557083
     23.5235233       0.0000003398325520
     23.6236229       0.0000003369462174
     23.7237244       0.0000003340969546
     23.8238239       0.0000003312833698
     23.9239235       0.0000003285052975
     24.0240250       0.0000003257617166
     24.1241245       0.0000003230530289
     24.2242241       0.0000003203774883
     24.3243237       0.0000003177353214
     24.4244251       0.0000003151255236
     24.5245247       0.0000003125481631
     24.6246243       0.0000003100022670
     24.7247238       0.0000003074870459
     24.8248253       0.0000003050028015
     24.9249249       0.0000003025480844
     25.0250244       0.0000003001231950
     25.1251259       0.0000002977273095
     25.2252254       0.0000002953601763
     25.3253250       0.0000002930212074
     25.4254246       0.0000002907094369
     25.5255260       0.0000002884254028
     25.6256256       0.0000002861679674
     25.7257252       0.0000002839370971
     25.8258266       0.0000002817323235
     25.9259262       0.0000002795530560
     26.0260258       0.0000002773988232
     26.1261253       0.0000002752698256
     26.2262268       0.0000002731649811
     26.3263264       0.0000002710840691
     26.4264259       0.0000002690270924
     26.5265274       0.0000002669930988
     26.6266270       0.0000002649826776
     26.7267265       0.0000002629946266
     26.8268261       0.0000002610288888
     26.9269276       0.0000002590851800
     27.0270271       0.0000002571629566
     27.1271267       0.0000002552622298
     27.2272263       0.0000002533824499
     27.3273277       0.0000002515234333
     27.4274273       0.0000002496848980
     27.5275269       0.0000002478663075
     27.6276283       0.0000002460674459
     27.7277279       0.0000002442883717
     27.8278275       0.0000002425283539
     27.9279270       0.0000002407872618
     28.0280285       0.0000002390651103
     28.1281281       0.0000002373610223
     28.2282276       0.0000002356756292
     28.3283291       0.0000002340075909
     28.4284286       0.0000002323575991
     28.5285282       0.0000002307247356
     28.6286278       0.0000002291092607
     28.7287292       0.0000002275105566
     28.8288288       0.0000002259285919
     28.9289284       0.0000002243631068
     29.0290298       0.0000002228137483
     29.1291294       0.0000002212805154
     29.2292290       0.0000002197630275
     29.3293285       0.0000002182612890
     29.4294300       0.0000002167747341
     29.5295296       0.0000002153032169
     29.6296291       0.0000002138467268
     29.7297306       0.0000002124049896
     29.8298302       0.0000002109776627
     29.9299297       0.0000002095648813
     30.0300293       0.0000002081663689
     30.1301308       0.0000002067813450
     30.2302303       0.0000002054105677
     30.3303299       0.0000002040531340
     30.4304314       0.0000002027093170
     30.5305309       0.0000002013786194
     30.6306305       0.0000002000609288
     30.7307301       0.0000001987563479
     30.8308315       0.0000001974643123
     30.9309311       0.0000001961848770
     31.0310307       0.0000001949179589
     31.1311302       0.0000001936631223
     31.2312317       0.0000001924204367
     31.3313313       0.0000001911897961
     31.4314308       0.0000001899707142
     31.5315323       0.0000001887633906
     31.6316319       0.0000001875675856
     31.7317314       0.0000001863829145
     31.8318310       0.0000001852097506
     31.9319324       0.0000001840471876
     32.0320320       0.0000001828958962
     32.1321335       0.0000001817555578
     32.2322311       0.0000001806254722
     32.3323326       0.0000001795061295
     32.4324341       0.0000001783969610
     32.5325317       0.0000001772982586
     32.6326332       0.0000001762096085
     32.7327309       0.0000001751308085
     32.8328323       0.0000001740620214
     32.9329338       0.0000001730029568
     33.0330315       0.0000001719535360
     33.1331329       0.0000001709136848
     33.2332344       0.0000001698834729
     33.3333321       0.0000001688622890
     33.4334335       0.0000001678502611
     33.5335350       0.0000001668473851
     33.6336327       0.0000001658533751
     33.7337341       0.0000001648682804
     33.8338356       0.0000001638920743
     33.9339333       0.0000001629243442
     34.0340347       0.0000001619652095
     34.1341324       0.0000001610148112
     34.2342339       0.0000001600723773
     34.3343353       0.0000001591381646
     34.4344330       0.0000001582123877
     34.5345345       0.0000001572945386
     34.6346359       0.0000001563846152
     34.7347336       0.0000001554828048
     34.8348351       0.0000001545885166
     34.9349365       0.0000001537020183
     35.0350342       0.0000001528231328
     35.1351357       0.0000001519517615
     35.2352371       0.0000001510876895
     35.3353348       0.0000001502311826
     35.4354362       0.0000001493818596
     35.5355339       0.0000001485397968
     35.6356354       0.0000001477046342
     35.7357368       0.0000001468767872
     35.8358345       0.0000001460557512
     35.9359360       0.0000001452415289
     36.0360374       0.0000001444341019
     36.1361351       0.0000001436334196
     36.2362366       0.0000001428394667
     36.3363380       0.0000001420519184
     36.4364357       0.0000001412709372
     36.5365372       0.0000001404963641
     36.6366348       0.0000001397281892
     36.7367363       0.0000001389663917
     36.8368378       0.0000001382106883
     36.9369354       0.0000001374611793
     37.0370369       0.0000001367176023
     37.1371384       0.0000001359802696
     37.2372360       0.0000001352488806
     37.3373375       0.0000001345231241
     37.4374390       0.0000001338034405
     37.5375366       0.0000001330894900
     37.6376381       0.0000001323810875
     37.7377396       0.0000001316784280
     37.8378372       0.0000001309815778
     37.9379387       0.0000001302898484
     38.0380363       0.0000001296038314
     38.1381378       0.0000001289231898
     38.2382393       0.0000001282478265
     38.3383369       0.0000001275778226
     38.4384384       0.0000001269131322
     38.5385399       0.0000001262535320
     38.6386375       0.0000001255989644
     38.7387390       0.0000001249496982
     38.8388405       0.0000001243052466
     38.9389381       0.0000001236658259
     39.0390396       0.0000001230314021
     39.1391373       0.0000001224017292
     39.2392387       0.0000001217771107
     39.3393402       0.0000001211571173
     39.4394379       0.0000001205418055
     39.5395393       0.0000001199311734
     39.6396408       0.0000001193251808
     39.7397385       0.0000001187237317
     39.8398399       0.0000001181270974
     39.9399414       0.0000001175346569
     40.0400391       0.0000001169468122
     40.1401405       0.0000001163632007
     40.2402420       0.0000001157841354
     40.3403397       0.0000001152093080
     40.4404411       0.0000001146386810
     40.5405388       0.0000001140723927
     40.6406403       0.0000001135102396
     40.7407417       0.0000001129522527
     40.8408394       0.0000001123984632
     40.9409409       0.0000001118486337
     41.0410423       0.0000001113028143
     41.1411400       0.0000001107610588
     41.2412415       0.0000001102230907
     41.3413429       0.0000001096892233
     41.4414406       0.0000001091591775
     41.5415421       0.0000001086328733
     41.6416397       0.0000001081103997
     41.7417412       0.0000001075918009
     41.8418427       0.0000001070767931
     41.9419403       0.0000001065654948
     42.0420418       0.0000001060579666
     42.1421432       0.0000001055539855
     42.2422409       0.0000001050534843
     42.3423424       0.0000001045567054
     42.4424438       0.0000001040633217
     42.5425415       0.0000001035735413
     42.6426430       0.0000001030871030
     42.7427444       0.0000001026040893
     42.8428421       0.0000001021245864
     42.9429436       0.0000001016483176
     43.0430412       0.0000001011753154
     43.1431427       0.0000001007057679
     43.2432442       0.0000001002393777
     43.3433418       0.0000000997763019
     43.4434433       0.0000000993163951
     43.5435448       0.0000000988596515
     43.6436424       0.0000000984060765
     43.7437439       0.0000000979554977
     43.8438454       0.0000000975081739
     43.9439430       0.0000000970638171
     44.0440445       0.0000000966225470
     44.1441460       0.0000000961842707
     44.2442436       0.0000000957488875
     44.3443451       0.0000000953164836
     44.4444427       0.0000000948871785
     44.5445442       0.0000000944605897
     44.6446457       0.0000000940368106
     44.7447433       0.0000000936160491
     44.8448448       0.0000000931980358
     44.9449463       0.0000000927827294
     45.0450439       0.0000000923703327
     45.1451454       0.0000000919607396
     45.2452469       0.0000000915536591
     45.3453445       0.0000000911494092
     45.4454460       0.0000000907478259
     45.5455437       0.0000000903487981
     45.6456451       0.0000000899524508
     45.7457466       0.0000000895587776
     45.8458443       0.0000000891675699
     45.9459457       0.0000000887790290
     46.0460472       0.0000000883929485
     46.1461449       0.0000000880093710
     46.2462463       0.0000000876283137
     46.3463478       0.0000000872497225
     46.4464455       0.0000000868736279
     46.5465469       0.0000000864999137
     46.6466484       0.0000000861285869
     46.7467461       0.0000000857596719
     46.8468475       0.0000000853930534
     46.9469452       0.0000000850289268
     47.0470467       0.0000000846670538
     47.1471481       0.0000000843074723
     47.2472458       0.0000000839501506
     47.3473473       0.0000000835951449
     47.4474487       0.0000000832424136
     47.5475464       0.0000000828918497
     47.6476479       0.0000000825435511
     47.7477493       0.0000000821973626
     47.8478470       0.0000000818533892
     47.9479485       0.0000000815115699
     48.0480499       0.0000000811719086
     48.1481476       0.0000000808344281
     48.2482491       0.0000000804989285
     48.3483467       0.0000000801655520
     48.4484482       0.0000000798342855
     48.5485497       0.0000000795050319
     48.6486473       0.0000000791778760
     48.7487488       0.0000000788526741
     48.8488503       0.0000000785294462
     48.9489479       0.0000000782082620
     49.0490494       0.0000000778889666
     49.1491508       0.0000000775716142
     49.2492485       0.0000000772563627
     49.3493500       0.0000000769428867
     49.4494476       0.0000000766313691
     49.5495491       0.0000000763217831
     49.6496506       0.0000000760138541
     49.7497482       0.0000000757080036
     49.8498497       0.0000000754039560
     49.9499512       0.0000000751016883
     50.0500488       0.0000000748013141
     50.1501503       0.0000000745026411
     50.2502518       0.0000000742057902
     50.3503494       0.0000000739107408
     50.4504509       0.0000000736174112
     50.5505524       0.0000000733258814
     50.6506500       0.0000000730359956
     50.7507515       0.0000000727478781
     50.8508492       0.0000000724615004
     50.9509506       0.0000000721767409
     51.0510521       0.0000000718936960
     51.1511497       0.0000000716122966
     51.2512512       0.0000000713324623
     51.3513527       0.0000000710543788
     51.4514503       0.0000000707778994
     51.5515518       0.0000000705030598
     51.6516533       0.0000000702297860
     51.7517509       0.0000000699580931
     51.8518524       0.0000000696879733
     51.9519501       0.0000000694194040
     52.0520515       0.0000000691523439
     52.1521530       0.0000000688868637
     52.2522507       0.0000000686229676
     52.3523521       0.0000000683605847
     52.4524536       0.0000000680996047
     52.5525513       0.0000000678401430
     52.6526527       0.0000000675822013
     52.7527542       0.0000000673257987
     52.8528519       0.0000000670707633
     52.9529533       0.0000000668171160
     53.0530548       0.0000000665650492
     53.1531525       0.0000000663142905
     53.2532539       0.0000000660649828
     53.3533516       0.0000000658171220
     53.4534531       0.0000000655705466
     53.5535545       0.0000000653254476
     53.6536522       0.0000000650816914
     53.7537537       0.0000000648393632
     53.8538551       0.0000000645982122
     53.9539528       0.0000000643585724
     54.0540543       0.0000000641201930
     54.1541557       0.0000000638831795
     54.2542534       0.0000000636474094
     54.3543549       0.0000000634129983
     54.4544525       0.0000000631798913
     54.5545540       0.0000000629480634
     54.6546555       0.0000000627174070
     54.7547531       0.0000000624881743
     54.8548546       0.0000000622601088
     54.9549561       0.0000000620332956
     55.0550537       0.0000000618076843
     55.1551552       0.0000000615833463
     55.2552567       0.0000000613602065
     55.3553543       0.0000000611383226
     55.4554558       0.0000000609176059
     55.5555573       0.0000000606980681
     55.6556549       0.0000000604797527
     55.7557564       0.0000000602626178
     55.8558540       0.0000000600466096
     55.9559555       0.0000000598318113
     56.0560570       0.0000000596181340
     56.1561546       0.0000000594056537
     56.2562561       0.0000000591942191
     56.3563576       0.0000000589838878
     56.4564552       0.0000000587747947
     56.5565567       0.0000000585666799
     56.6566582       0.0000000583598120
     56.7567558       0.0000000581539352
     56.8568573       0.0000000579491377
     56.9569588       0.0000000577454964
     57.0570564       0.0000000575428568
     57.1571579       0.0000000573414029
     57.2572556       0.0000000571408387
     57.3573570       0.0000000569413920
     57.4574585       0.0000000567430089
     57.5575562       0.0000000565456740
     57.6576576       0.0000000563493763
     57.7577591       0.0000000561540396
     57.8578568       0.0000000559597137
     57.9579582       0.0000000557664554
     58.0580597       0.0000000555741780
     58.1581573       0.0000000553829054
     58.2582588       0.0000000551926123
     58.3583565       0.0000000550032291
     58.4584579       0.0000000548148695
     58.5585594       0.0000000546275128
     58.6586571       0.0000000544410484
     58.7587585       0.0000000542556079
     58.8588600       0.0000000540710996
     58.9589577       0.0000000538874305
     59.0590591       0.0000000537048210
     59.1591606       0.0000000535230934
     59.2592583       0.0000000533422862
     59.3593597       0.0000000531623720
     59.4594612       0.0000000529834077
     59.5595589       0.0000000528053044
     59.6596603       0.0000000526281388
     59.7597580       0.0000000524518566
     59.8598595       0.0000000522764083
     59.9599609       0.0000000521019128
     60.0600586       0.0000000519282513
     60.1601601       0.0000000517554521
     60.2602615       0.0000000515835277
     60.3603592       0.0000000514124593
     60.4604607       0.0000000512422163
     60.5605621       0.0000000510728446
     60.6606598       0.0000000509043227
     60.7607613       0.0000000507365835
     60.8608627       0.0000000505696758
     60.9609604       0.0000000504036689
     61.0610619       0.0000000502383875
     61.1611595       0.0000000500739911
     61.2612610       0.0000000499103770
     61.3613625       0.0000000497475725
     61.4614601       0.0000000495854971
     61.5615616       0.0000000494242366
     61.6616631       0.0000000492638115
     61.7617607       0.0000000491041477
     61.8618622       0.0000000489452327
     61.9619637       0.0000000487870996
     62.0620613       0.0000000486297592
     62.1621628       0.0000000484731959
     62.2622604       0.0000000483172596
     62.3623619       0.0000000481622393
     62.4624634       0.0000000480078451
     62.5625610       0.0000000478542508
     62.6626625       0.0000000477013400
     62.7627640       0.0000000475492617
     62.8628616       0.0000000473978083
     62.9629631       0.0000000472471300
     63.0630646       0.0000000470971553
     63.1631622       0.0000000469479292
     63.2632637       0.0000000467993427
     63.3633652       0.0000000466514994
     63.4634628       0.0000000465043443
     63.5635643       0.0000000463579123
     63.6636620       0.0000000462121282
     63.7637634       0.0000000460670425
     63.8638649       0.0000000459226330
     63.9639626       0.0000000457789251
     64.0640640       0.0000000456359340
     64.1641617       0.0000000454935537
     64.2642670       0.0000000453517876
     64.3643646       0.0000000452107629
     64.4644623       0.0000000450703930
     64.5645676       0.0000000449306535
     64.6646652       0.0000000447915500
     64.7647629       0.0000000446531346
     64.8648682       0.0000000445153186
     64.9649658       0.0000000443781694
     65.0650635       0.0000000442416381
     65.1651688       0.0000000441056999
     65.2652664       0.0000000439704432
     65.3653641       0.0000000438358105
     65.4654617       0.0000000437017558
     65.5655670       0.0000000435683301
     65.6656647       0.0000000434355287
     65.7657623       0.0000000433033348
     65.8658676       0.0000000431716920
     65.9659653       0.0000000430407055
     66.0660629       0.0000000429103109
     66.1661682       0.0000000427805031
     66.2662659       0.0000000426512417
     66.3663635       0.0000000425226191
     66.4664688       0.0000000423945727
     66.5665665       0.0000000422670526
     66.6666641       0.0000000421401387
     66.7667694       0.0000000420138007
     66.8668671       0.0000000418880029
     66.9669647       0.0000000417628523
     67.0670700       0.0000000416381743
     67.1671677       0.0000000415140874
     67.2672653       0.0000000413905781
     67.3673706       0.0000000412675600
     67.4674683       0.0000000411451525
     67.5675659       0.0000000410232650
     67.6676712       0.0000000409019140
     67.7677689       0.0000000407810756
     67.8678665       0.0000000406607715
     67.9679642       0.0000000405410369
     68.0680695       0.0000000404218039
     68.1681671       0.0000000403031270
     68.2682648       0.0000000401849582
     68.3683701       0.0000000400673042
     68.4684677       0.0000000399501522
     68.5685654       0.0000000398335184
     68.6686707       0.0000000397174410
     68.7687683       0.0000000396018024
     68.8688660       0.0000000394867138
     68.9689713       0.0000000393720961
     69.0690689       0.0000000392580123
     69.1691666       0.0000000391443873
     69.2692719       0.0000000390312780
     69.3693695       0.0000000389186581
     69.4694672       0.0000000388065034
     69.5695724       0.0000000386948263
     69.6696701       0.0000000385836795
     69.7697678       0.0000000384729926
     69.8698730       0.0000000383627546
     69.9699707       0.0000000382529855
     70.0700684       0.0000000381437769
     70.1701736       0.0000000380349381
     70.2702713       0.0000000379265740
     70.3703690       0.0000000378186973
     70.4704742       0.0000000377112482
     70.5705719       0.0000000376043223
     70.6706696       0.0000000374978006
     70.7707672       0.0000000373917473
     70.8708725       0.0000000372861427
     70.9709702       0.0000000371809709
     71.0710678       0.0000000370762478
     71.1711731       0.0000000369719744
     71.2712708       0.0000000368681320
     71.3713684       0.0000000367647516
     71.4714737       0.0000000366617948
     71.5715714       0.0000000365592618
     71.6716690       0.0000000364571598
     71.7717743       0.0000000363554611
     71.8718719       0.0000000362541975
     71.9719696       0.0000000361533902
     72.0720749       0.0000000360529863
     72.1721725       0.0000000359529846
     72.2722702       0.0000000358534296
     72.3723755       0.0000000357542416
     72.4724731       0.0000000356555003
     72.5725708       0.0000000355571563
     72.6726761       0.0000000354592100
     72.7727737       0.0000000353616592
     72.8728714       0.0000000352645453
     72.9729767       0.0000000351678048
     73.0730743       0.0000000350714737
     73.1731720       0.0000000349755476
     73.2732697       0.0000000348800402
     73.3733749       0.0000000347848471
     73.4734726       0.0000000346900770
     73.5735703       0.0000000345957275
     73.6736755       0.0000000345017196
     73.7737732       0.0000000344080695
     73.8738708       0.0000000343148563
     73.9739761       0.0000000342220281
     74.0740738       0.0000000341295646
     74.1741714       0.0000000340374466
     74.2742767       0.0000000339457104
     74.3743744       0.0000000338543749
     74.4744720       0.0000000337633804
     74.5745773       0.0000000336727567
     74.6746750       0.0000000335824696
     74.7747726       0.0000000334925932
     74.8748779       0.0000000334030761
     74.9749756       0.0000000333138875
     75.0750732       0.0000000332250636
     75.1751785       0.0000000331366023
     75.2752762       0.0000000330484816
     75.3753738       0.0000000329606856
     75.4754791       0.0000000328733102
     75.5755768       0.0000000327862396
     75.6756744       0.0000000326994910
     75.7757721       0.0000000326131280
     75.8758774       0.0000000325271201
     75.9759750       0.0000000324414310
     76.0760727       0.0000000323560796
     76.1761780       0.0000000322710266
     76.2762756       0.0000000321863441
     76.3763733       0.0000000321019973
     76.4764786       0.0000000320179774
     76.5765762       0.0000000319342952
     76.6766739       0.0000000318509087
     76.7767792       0.0000000317678767
     76.8768768       0.0000000316851742
     76.9769745       0.0000000316028074
     77.0770798       0.0000000315207155
     77.1771774       0.0000000314389626
     77.2772751       0.0000000313575630
     77.3773804       0.0000000312764116
     77.4774780       0.0000000311956073
     77.5775757       0.0000000311151039
     77.6776810       0.0000000310349417
     77.7777786       0.0000000309550395
     77.8778763       0.0000000308755026
     77.9779816       0.0000000307962608
     78.0780792       0.0000000307173284
     78.1781769       0.0000000306386781
     78.2782745       0.0000000305603230
     78.3783798       0.0000000304822554
     78.4784775       0.0000000304045009
     78.5785751       0.0000000303270787
     78.6786804       0.0000000302499441
     78.7787781       0.0000000301730857
     78.8788757       0.0000000300965132
     78.9789810       0.0000000300202316
     79.0790787       0.0000000299442440
     79.1791763       0.0000000298685490
     79.2792816       0.0000000297931448
     79.3793793       0.0000000297180204
     79.4794769       0.0000000296431837
     79.5795822       0.0000000295686222
     79.6796799       0.0000000294943189
     79.7797775       0.0000000294203377
     79.8798828       0.0000000293466144
     79.9799805       0.0000000292731509
     80.0800781       0.0000000291999876
     80.1801834       0.0000000291270825
     80.2802811       0.0000000290544697
     80.3803787       0.0000000289821276
     80.4804840       0.0000000289100357
     80.5805817       0.0000000288382362
     80.6806793       0.0000000287667162
     80.7807770       0.0000000286954240
     80.8808823       0.0000000286244126
     80.9809799       0.0000000285536492
     81.0810776       0.0000000284831455
     81.1811829       0.0000000284129423
     81.2812805       0.0000000283429715
     81.3813782       0.0000000282732500
     81.4814835       0.0000000282038058
     81.5815811       0.0000000281346109
     81.6816788       0.0000000280656560
     81.7817841       0.0000000279969546
     81.8818817       0.0000000279285066
     81.9819794       0.0000000278603255
     82.0820847       0.0000000277924102
     82.1821823       0.0000000277247163
     82.2822800       0.0000000276572665
     82.3823853       0.0000000275900709
     82.4824829       0.0000000275231155
     82.5825806       0.0000000274564011
     82.6826859       0.0000000273899408
     82.7827835       0.0000000273237229
     82.8828812       0.0000000272577376
     82.9829865       0.0000000271919937
     83.0830841       0.0000000271264841
     83.1831818       0.0000000270611962
     83.2832794       0.0000000269961478
     83.3833847       0.0000000269313521
     83.4834824       0.0000000268667941
     83.5835800       0.0000000268024293
     83.6836853       0.0000000267383616
     83.7837830       0.0000000266744600
     83.8838806       0.0000000266108252
     83.9839859       0.0000000265474061
     84.0840836       0.0000000264841885
     84.1841812       0.0000000264212359
     84.2842865       0.0000000263585054
     84.3843842       0.0000000262959750
     84.4844818       0.0000000262336575
     84.5845871       0.0000000261715935
     84.6846848       0.0000000261097408
     84.7847824       0.0000000260480963
     84.8848877       0.0000000259866537
     84.9849854       0.0000000259254599
     85.0850830       0.0000000258644665
     85.1851883       0.0000000258036968
     85.2852859       0.0000000257431493
     85.3853836       0.0000000256827884
     85.4854889       0.0000000256226726
     85.5855865       0.0000000255627391
     85.6856842       0.0000000255030563
     85.7857895       0.0000000254435376
     85.8858871       0.0000000253842287
     85.9859848       0.0000000253251417
     86.0860825       0.0000000252662478
     86.1861877       0.0000000252075798
     86.2862854       0.0000000251491216
     86.3863831       0.0000000250908428
     86.4864883       0.0000000250327462
     86.5865860       0.0000000249748983
     86.6866837       0.0000000249172462
     86.7867889       0.0000000248597658
     86.8868866       0.0000000248024937
     86.9869843       0.0000000247454275
     87.0870895       0.0000000246885539
     87.1871872       0.0000000246318469
     87.2872849       0.0000000245753694
     87.3873901       0.0000000245190829
     87.4874878       0.0000000244630201
     87.5875854       0.0000000244070899
     87.6876907       0.0000000243514026
     87.7877884       0.0000000242958678
     87.8878860       0.0000000242405471
     87.9879913       0.0000000241853949
     88.0880890       0.0000000241304200
     88.1881866       0.0000000240756598
     88.2882919       0.0000000240210973
     88.3883896       0.0000000239667014
     88.4884872       0.0000000239124756
     88.5885849       0.0000000238584461
     88.6886902       0.0000000238046126
     88.7887878       0.0000000237509510
     88.8888855       0.0000000236974679
     88.9889908       0.0000000236441550
     89.0890884       0.0000000235910352
     89.1891861       0.0000000235381052
     89.2892914       0.0000000234853168
     89.3893890       0.0000000234327436
     89.4894867       0.0000000233803251
     89.5895920       0.0000000233281138
     89.6896896       0.0000000232760572
     89.7897873       0.0000000232241647
     89.8898926       0.0000000231724668
     89.9899902       0.0000000231209174
     90.0900879       0.0000000230695450
     90.1901932       0.0000000230183481
     90.2902908       0.0000000229673075
     90.3903885       0.0000000229164442
     90.4904938       0.0000000228657703
     90.5905914       0.0000000228152452
     90.6906891       0.0000000227648878
     90.7907944       0.0000000227146932
     90.8908920       0.0000000226646707
     90.9909897       0.0000000226148113
     91.0910873       0.0000000225651395
     91.1911926       0.0000000225156058
     91.2912903       0.0000000224662382
     91.3913879       0.0000000224170351
     91.4914932       0.0000000223679779
     91.5915909       0.0000000223190943
     91.6916885       0.0000000222703949
     91.7917938       0.0000000222218079
     91.8918915       0.0000000221734280
     91.9919891       0.0000000221251757
     92.0920944       0.0000000220770831
     92.1921921       0.0000000220291550
     92.2922897       0.0000000219813819
     92.3923950       0.0000000219337639
     92.4924927       0.0000000218862993
     92.5925903       0.0000000218389899
     92.6926956       0.0000000217918324
     92.7927933       0.0000000217448284
     92.8928909       0.0000000216979722
     92.9929962       0.0000000216512690
     93.0930939       0.0000000216047208
     93.1931915       0.0000000215583214
     93.2932968       0.0000000215120503
     93.3933945       0.0000000214659549
     93.4934921       0.0000000214200020
     93.5935898       0.0000000213742010
     93.6936951       0.0000000213285410
     93.7937927       0.0000000212830228
     93.8938904       0.0000000212376506
     93.9939957       0.0000000211924276
     94.0940933       0.0000000211473551
     94.1941910       0.0000000211024065
     94.2942963       0.0000000210576058
     94.3943939       0.0000000210129610
     94.4944916       0.0000000209684417
     94.5945969       0.0000000209240789
     94.6946945       0.0000000208798701
     94.7947922       0.0000000208357608
     94.8948975       0.0000000207918178
     94.9949951       0.0000000207480093
     95.0950928       0.0000000207043680
     95.1951981       0.0000000206608120
     95.2952957       0.0000000206174251
     95.3953934       0.0000000205741693
     95.4954987       0.0000000205310534
     95.5955963       0.0000000204880491
     95.6956940       0.0000000204452128
     95.7957993       0.0000000204024847
     95.8958969       0.0000000203599093
     95.9959946       0.0000000203174395
     96.0960999       0.0000000202751142
     96.1961975       0.0000000202329483
     96.2962952       0.0000000201908944
     96.3963928       0.0000000201489640
     96.4964981       0.0000000201071701
     96.5965958       0.0000000200655095
     96.6966934       0.0000000200239777
     96.7967987       0.0000000199825645
     96.8968964       0.0000000199412814
     96.9969940       0.0000000199001283
     97.0970993       0.0000000198591165
     97.1971970       0.0000000198182146
     97.2972946       0.0000000197774393
     97.3973999       0.0000000197367894
     97.4974976       0.0000000196962966
     97.5975952       0.0000000196558864
     97.6977005       0.0000000196156126
     97.7977982       0.0000000195754627
     97.8978958       0.0000000195354556
     97.9980011       0.0000000194955486
     98.0980988       0.0000000194557685
     98.1981964       0.0000000194161172
     98.2983017       0.0000000193765769
     98.3983994       0.0000000193371604
     98.4984970       0.0000000192978620
     98.5986023       0.0000000192587006
     98.6987000       0.0000000192196462
     98.7987976       0.0000000191807066
     98.8988953       0.0000000191418873
     98.9990005       0.0000000191032098
     99.0990982       0.0000000190646255
     99.1991959       0.0000000190261395
     99.2993011       0.0000000189878039
     99.3993988       0.0000000189495696
     99.4994965       0.0000000189114494
     99.5996017       0.0000000188734404
     99.6996994       0.0000000188355314
     99.7997971       0.0000000187977771
     99.8999023       0.0000000187600923
    100.0000000       0.0000000187225442
