# x		H(x,a)
      0.0000000       1.0000000000000000
      0.1001001       0.9900299906730652
      0.2002002       0.9607124924659729
      0.3003003       0.9137664437294006
      0.4004004       0.8518707156181335
      0.5005005       0.7784109115600586
      0.6006006       0.6971734166145325
      0.7007007       0.6120254397392273
      0.8008008       0.5266169309616089
      0.9009009       0.4441368877887726
      1.0010010       0.3671613488668022
      1.1011012       0.2975263976226907
      1.2012012       0.2363254397224778
      1.3013012       0.1839959548438137
      1.4014014       0.1404169968641553
      1.5015016       0.1050387260474769
      1.6016016       0.0770204222553124
      1.7017016       0.0553607073592124
      1.8018018       0.0390081474907338
      1.9019020       0.0269460728981558
      2.0020020       0.0182500918377792
      2.1021020       0.0121207380287868
      2.2022023       0.0078956679298976
      2.3023024       0.0050466946853001
      2.4024024       0.0031669563425505
      2.5025024       0.0019530608302270
      2.6026025       0.0011855550479846
      2.7027028       0.0007102416305456
      2.8028028       0.0004217555914858
      2.9029028       0.0002500063576464
      3.0030031       0.0001495727372078
      3.1031032       0.0000917588231337
      3.2032032       0.0000588784104798
      3.3033032       0.0000402915783528
      3.4034033       0.0000297466632494
      3.5035036       0.0000236531727434
      3.6036036       0.0000199938404875
      3.7037036       0.0000176583235500
      3.8038039       0.0000160467648206
      3.9039040       0.0000148399672004
      4.0040040       0.0000138697284249
      4.1041040       0.0000130474694600
      4.2042041       0.0000123258800481
      4.3043041       0.0000116787677242
      4.4044046       0.0000110907765447
      4.5045047       0.0000105520802083
      4.6046047       0.0000100558346524
      4.7047048       0.0000095968656415
      4.8048048       0.0000091710361254
      4.9049048       0.0000087748955290
      5.0050049       0.0000084054888495
      5.1051049       0.0000080602647767
      5.2052050       0.0000077369999381
      5.3053055       0.0000074337338044
      5.4054055       0.0000071487277321
      5.5055056       0.0000068804582124
      5.6056056       0.0000066275626958
      5.7057056       0.0000063887924544
      5.8058057       0.0000061630805157
      5.9059057       0.0000059494349656
      6.0060062       0.0000057469563149
      6.1061063       0.0000055548657101
      6.2062063       0.0000053724253495
      6.3063064       0.0000051989727100
      6.4064064       0.0000050339047366
      6.5065064       0.0000048766767952
      6.6066065       0.0000047267815265
      6.7067065       0.0000045837602857
      6.8068066       0.0000044471890852
      6.9069071       0.0000043166701736
      7.0070071       0.0000041918491764
      7.1071072       0.0000040724004519
      7.2072072       0.0000039580052412
      7.3073072       0.0000038483745768
      7.4074073       0.0000037432594001
      7.5075073       0.0000036423961735
      7.6076078       0.0000035455661147
      7.7077079       0.0000034525510295
      7.8078079       0.0000033631530388
      7.9079080       0.0000032771834888
      8.0080080       0.0000031944702030
      8.1081085       0.0000031148520598
      8.2082081       0.0000030381714100
      8.3083086       0.0000029642880413
      8.4084082       0.0000028930662712
      8.5085087       0.0000028243755885
      8.6086082       0.0000027581064111
      8.7087088       0.0000026941379657
      8.8088093       0.0000026323667596
      8.9089088       0.0000025726942410
      9.0090094       0.0000025150251245
      9.1091089       0.0000024592736632
      9.2092094       0.0000024053520815
      9.3093090       0.0000023531816217
      9.4094095       0.0000023026891333
      9.5095091       0.0000022538033754
      9.6096096       0.0000022064585207
      9.7097101       0.0000021605865352
      9.8098097       0.0000021161282424
      9.9099102       0.0000020730298475
     10.0100098       0.0000020312296444
     10.1101103       0.0000019906792351
     10.2102098       0.0000019513337585
     10.3103104       0.0000019131406978
     10.4104099       0.0000018760590976
     10.5105104       0.0000018400420991
     10.6106110       0.0000018050541036
     10.7107105       0.0000017710525169
     10.8108110       0.0000017380008832
     10.9109106       0.0000017058659737
     11.0110111       0.0000016746141476
     11.1111107       0.0000016442129557
     11.2112112       0.0000016146321569
     11.3113117       0.0000015858428604
     11.4114113       0.0000015578165414
     11.5115118       0.0000015305253234
     11.6116114       0.0000015039436979
     11.7117119       0.0000014780509171
     11.8118114       0.0000014528201160
     11.9119120       0.0000014282294490
     12.0120125       0.0000014042588022
     12.1121120       0.0000013808848744
     12.2122126       0.0000013580924011
     12.3123121       0.0000013358585038
     12.4124126       0.0000013141656654
     12.5125122       0.0000012929978145
     12.6126127       0.0000012723369862
     12.7127123       0.0000012521679277
     12.8128128       0.0000012324754747
     12.9129133       0.0000012132434354
     13.0130129       0.0000011944582511
     13.1131134       0.0000011761046968
     13.2132130       0.0000011581724265
     13.3133135       0.0000011406470713
     13.4134130       0.0000011235189237
     13.5135136       0.0000011067709413
     13.6136131       0.0000010903958764
     13.7137136       0.0000010743824314
     13.8138142       0.0000010587190726
     13.9139137       0.0000010433944198
     14.0140142       0.0000010284019647
     14.1141138       0.0000010137312190
     14.2142143       0.0000009993713514
     14.3143139       0.0000009853140464
     14.4144144       0.0000009715519842
     14.5145149       0.0000009580771292
     14.6146145       0.0000009448804805
     14.7147150       0.0000009319554920
     14.8148146       0.0000009192933680
     14.9149151       0.0000009068869729
     15.0150146       0.0000008947323266
     15.1151152       0.0000008828181800
     15.2152157       0.0000008711424475
     15.3153152       0.0000008596965132
     15.4154158       0.0000008484747409
     15.5155153       0.0000008374716331
     15.6156158       0.0000008266808842
     15.7157154       0.0000008160989609
     15.8158159       0.0000008057181389
     15.9159155       0.0000007955341580
     16.0160160       0.0000007855421368
     16.1161156       0.0000007757382570
     16.2162170       0.0000007661163950
     16.3163166       0.0000007566727581
     16.4164162       0.0000007474019615
     16.5165157       0.0000007383021391
     16.6166172       0.0000007293665926
     16.7167168       0.0000007205926606
     16.8168163       0.0000007119767614
     16.9169178       0.0000007035144203
     17.0170174       0.0000006952021208
     17.1171169       0.0000006870362819
     17.2172165       0.0000006790141310
     17.3173180       0.0000006711307933
     17.4174175       0.0000006633851033
     17.5175171       0.0000006557730123
     17.6176186       0.0000006482901835
     17.7177181       0.0000006409358576
     17.8178177       0.0000006337060633
     17.9179173       0.0000006265974854
     18.0180187       0.0000006196079336
     18.1181183       0.0000006127356325
     18.2182178       0.0000006059766419
     18.3183174       0.0000005993295242
     18.4184189       0.0000005927905623
     18.5185184       0.0000005863580486
     18.6186180       0.0000005800300657
     18.7187195       0.0000005738048989
     18.8188190       0.0000005676785150
     18.9189186       0.0000005616499835
     19.0190182       0.0000005557168604
     19.1191196       0.0000005498780077
     19.2192192       0.0000005441306208
     19.3193188       0.0000005384725959
     19.4194202       0.0000005329029403
     19.5195198       0.0000005274194348
     19.6196194       0.0000005220200915
     19.7197189       0.0000005167027517
     19.8198204       0.0000005114665106
     19.9199200       0.0000005063103913
     20.0200195       0.0000005012312013
     20.1201210       0.0000004962278333
     20.2202206       0.0000004912997698
     20.3203201       0.0000004864445543
     20.4204197       0.0000004816611369
     20.5205212       0.0000004769480913
     20.6206207       0.0000004723034765
     20.7207203       0.0000004677270188
     20.8208199       0.0000004632163149
     20.9209213       0.0000004587713411
     21.0210209       0.0000004543898429
     21.1211205       0.0000004500704203
     21.2212219       0.0000004458124833
     21.3213215       0.0000004416150230
     21.4214211       0.0000004374763162
     21.5215206       0.0000004333963661
     21.6216221       0.0000004293726547
     21.7217216       0.0000004254050263
     21.8218212       0.0000004214914413
     21.9219227       0.0000004176323357
     22.0220222       0.0000004138263178
     22.1221218       0.0000004100715556
     22.2222214       0.0000004063681727
     22.3223228       0.0000004027145665
     22.4224224       0.0000003991097822
     22.5225220       0.0000003955536576
     22.6226234       0.0000003920447861
     22.7227230       0.0000003885823308
     22.8228226       0.0000003851658076
     22.9229221       0.0000003817939401
     23.0230236       0.0000003784662649
     23.1231232       0.0000003751823019
     23.2232227       0.0000003719407367
     23.3233242       0.0000003687406451
     23.4234238       0.0000003655819026
     23.5235233       0.0000003624640761
     23.6236229       0.0000003593855280
     23.7237244       0.0000003563465297
     23.8238239       0.0000003533455753
     23.9239235       0.0000003503824732
     24.0240250       0.0000003474561997
     24.1241245       0.0000003445671260
     24.2242241       0.0000003417133851
     24.3243237       0.0000003388952854
     24.4244251       0.0000003361116459
     24.5245247       0.0000003333626554
     24.6246243       0.0000003306472123
     24.7247238       0.0000003279645203
     24.8248253       0.0000003253148377
     24.9249249       0.0000003226965988
     25.0250244       0.0000003201102398
     25.1251259       0.0000003175547728
     25.2252254       0.0000003150300305
     25.3253250       0.0000003125352731
     25.4254246       0.0000003100695797
     25.5255260       0.0000003076334361
     25.6256256       0.0000003052256497
     25.7257252       0.0000003028462257
     25.8258266       0.0000003004945926
     25.9259262       0.0000002981702248
     26.0260258       0.0000002958725463
     26.1261253       0.0000002936017296
     26.2262268       0.0000002913567255
     26.3263264       0.0000002891371905
     26.4264259       0.0000002869432407
     26.5265274       0.0000002847737899
     26.6266270       0.0000002826294748
     26.7267265       0.0000002805090592
     26.8268261       0.0000002784124214
     26.9269276       0.0000002763392649
     27.0270271       0.0000002742890213
     27.1271267       0.0000002722616878
     27.2272263       0.0000002702567486
     27.3273277       0.0000002682739324
     27.4274273       0.0000002663129565
     27.5275269       0.0000002643732467
     27.6276283       0.0000002624545961
     27.7277279       0.0000002605570390
     27.8278275       0.0000002586798136
     27.9279270       0.0000002568227742
     28.0280285       0.0000002549859118
     28.1281281       0.0000002531683353
     28.2282276       0.0000002513707313
     28.3283291       0.0000002495915684
     28.4284286       0.0000002478317078
     28.5285282       0.0000002460901290
     28.6286278       0.0000002443670323
     28.7287292       0.0000002426618525
     28.8288288       0.0000002409745676
     28.9289284       0.0000002393048264
     29.0290298       0.0000002376522624
     29.1291294       0.0000002360169400
     29.2292290       0.0000002343983977
     29.3293285       0.0000002327966300
     29.4294300       0.0000002312110764
     29.5295296       0.0000002296415910
     29.6296291       0.0000002280881049
     29.7297306       0.0000002265503439
     29.8298302       0.0000002250279768
     29.9299297       0.0000002235210871
     30.0300293       0.0000002220294474
     30.1301308       0.0000002205521757
     30.2302303       0.0000002190901169
     30.3303299       0.0000002176423094
     30.4304314       0.0000002162089968
     30.5305309       0.0000002147896453
     30.6306305       0.0000002133842240
     30.7307301       0.0000002119927436
     30.8308315       0.0000002106146894
     30.9309311       0.0000002092500424
     31.0310307       0.0000002078987523
     31.1311302       0.0000002065603392
     31.2312317       0.0000002052349044
     31.3313313       0.0000002039222939
     31.4314308       0.0000002026220341
     31.5315323       0.0000002013343057
     31.6316319       0.0000002000588573
     31.7317314       0.0000001987953058
     31.8318310       0.0000001975439931
     31.9319324       0.0000001963040203
     32.0320320       0.0000001950760516
     32.1321335       0.0000001938597800
     32.2322311       0.0000001926544475
     32.3323326       0.0000001914605408
     32.4324341       0.0000001902775133
     32.5325317       0.0000001891056305
     32.6326332       0.0000001879444793
     32.7327309       0.0000001867938597
     32.8328323       0.0000001856538701
     32.9329338       0.0000001845242843
     33.0330315       0.0000001834049861
     33.1331329       0.0000001822958831
     33.2332344       0.0000001811970438
     33.3333321       0.0000001801078732
     33.4334335       0.0000001790284426
     33.5335350       0.0000001779587832
     33.6336327       0.0000001768985643
     33.7337341       0.0000001758478676
     33.8338356       0.0000001748066676
     33.9339333       0.0000001737744940
     34.0340347       0.0000001727514698
     34.1341324       0.0000001717377759
     34.2342339       0.0000001707325874
     34.3343353       0.0000001697361574
     34.4344330       0.0000001687487083
     34.5345345       0.0000001677697568
     34.6346359       0.0000001667992189
     34.7347336       0.0000001658373481
     34.8348351       0.0000001648835152
     34.9349365       0.0000001639379707
     35.0350342       0.0000001630005665
     35.1351357       0.0000001620711699
     35.2352371       0.0000001611495586
     35.3353348       0.0000001602359917
     35.4354362       0.0000001593301119
     35.5355339       0.0000001584319753
     35.6356354       0.0000001575411998
     35.7357368       0.0000001566582011
     35.8358345       0.0000001557824990
     35.9359360       0.0000001549140533
     36.0360374       0.0000001540528368
     36.1361351       0.0000001531988371
     36.2362366       0.0000001523520188
     36.3363380       0.0000001515120428
     36.4364357       0.0000001506790319
     36.5365372       0.0000001498528646
     36.6366348       0.0000001490335437
     36.7367363       0.0000001482210194
     36.8368378       0.0000001474149791
     36.9369354       0.0000001466155693
     37.0370369       0.0000001458224688
     37.1371384       0.0000001450360254
     37.2372360       0.0000001442559371
     37.3373375       0.0000001434818509
     37.4374390       0.0000001427142293
     37.5375366       0.0000001419527238
     37.6376381       0.0000001411971453
     37.7377396       0.0000001404477017
     37.8378372       0.0000001397044597
     37.9379387       0.0000001389666634
     38.0380363       0.0000001382349553
     38.1381378       0.0000001375089611
     38.2382393       0.0000001367886419
     38.3383369       0.0000001360739995
     38.4384384       0.0000001353650514
     38.5385399       0.0000001346615155
     38.6386375       0.0000001339633677
     38.7387390       0.0000001332708646
     38.8388405       0.0000001325834906
     38.9389381       0.0000001319014995
     39.0390396       0.0000001312248159
     39.1391373       0.0000001305532141
     39.2392387       0.0000001298869855
     39.3393402       0.0000001292257134
     39.4394379       0.0000001285694343
     39.5395393       0.0000001279181254
     39.6396408       0.0000001272717752
     39.7397385       0.0000001266302796
     39.8398399       0.0000001259938966
     39.9399414       0.0000001253620037
     40.0400391       0.0000001247350211
     40.1401405       0.0000001241125391
     40.2402420       0.0000001234949090
     40.3403397       0.0000001228818008
     40.4404411       0.0000001222731839
     40.5405388       0.0000001216691634
     40.6406403       0.0000001210695696
     40.7407417       0.0000001204744496
     40.8408394       0.0000001198837719
     40.9409409       0.0000001192973175
     41.0410423       0.0000001187151529
     41.1411400       0.0000001181373225
     41.2412415       0.0000001175635268
     41.3413429       0.0000001169941127
     41.4414406       0.0000001164287435
     41.5415421       0.0000001158673951
     41.6416397       0.0000001153101328
     41.7417412       0.0000001147569853
     41.8418427       0.0000001142076891
     41.9419403       0.0000001136623454
     42.0420418       0.0000001131210249
     42.1421432       0.0000001125834655
     42.2422409       0.0000001120496346
     42.3423424       0.0000001115197825
     42.4424438       0.0000001109935436
     42.5425415       0.0000001104711383
     42.6426430       0.0000001099523029
     42.7427444       0.0000001094371228
     42.8428421       0.0000001089256877
     42.9429436       0.0000001084177048
     43.0430412       0.0000001079132038
     43.1431427       0.0000001074123827
     43.2432442       0.0000001069149311
     43.3433418       0.0000001064210191
     43.4434433       0.0000001059304756
     43.5435448       0.0000001054433271
     43.6436424       0.0000001049595501
     43.7437439       0.0000001044789569
     43.8438454       0.0000001040018441
     43.9439430       0.0000001035278924
     44.0440445       0.0000001030572340
     44.1441460       0.0000001025897635
     44.2442436       0.0000001021253957
     44.3443451       0.0000001016641924
     44.4444427       0.0000001012062942
     44.5445442       0.0000001007513038
     44.6446457       0.0000001002992957
     44.7447433       0.0000000998505181
     44.8448448       0.0000000994046617
     44.9449463       0.0000000989617033
     45.0450439       0.0000000985218399
     45.1451454       0.0000000980849677
     45.2452469       0.0000000976507854
     45.3453445       0.0000000972196056
     45.4454460       0.0000000967912840
     45.5455437       0.0000000963656820
     45.6456451       0.0000000959429363
     45.7457466       0.0000000955230466
     45.8458443       0.0000000951057865
     45.9459457       0.0000000946913723
     46.0460472       0.0000000942795790
     46.1461449       0.0000000938704528
     46.2462463       0.0000000934640202
     46.3463478       0.0000000930602202
     46.4464455       0.0000000926590774
     46.5465469       0.0000000922604728
     46.6466484       0.0000000918644136
     46.7467461       0.0000000914709328
     46.8468475       0.0000000910798916
     46.9469452       0.0000000906915234
     47.0470467       0.0000000903055583
     47.1471481       0.0000000899220299
     47.2472458       0.0000000895409070
     47.3473473       0.0000000891622573
     47.4474487       0.0000000887860370
     47.5475464       0.0000000884121266
     47.6476479       0.0000000880406329
     47.7477493       0.0000000876713925
     47.8478470       0.0000000873045094
     47.9479485       0.0000000869399225
     48.0480499       0.0000000865776485
     48.1481476       0.0000000862176875
     48.2482491       0.0000000858598482
     48.3483467       0.0000000855042617
     48.4484482       0.0000000851509369
     48.5485497       0.0000000847997642
     48.6486473       0.0000000844508156
     48.7487488       0.0000000841039584
     48.8488503       0.0000000837592027
     48.9489479       0.0000000834166293
     49.0490494       0.0000000830760696
     49.1491508       0.0000000827375930
     49.2492485       0.0000000824013384
     49.3493500       0.0000000820669859
     49.4494476       0.0000000817347241
     49.5495491       0.0000000814045201
     49.6496506       0.0000000810760823
     49.7497482       0.0000000807498716
     49.8498497       0.0000000804255666
     49.9499512       0.0000000801031730
     50.0500488       0.0000000797827891
     50.1501503       0.0000000794642294
     50.2502518       0.0000000791476054
     50.3503494       0.0000000788329072
     50.4504509       0.0000000785200564
     50.5505524       0.0000000782091006
     50.6506500       0.0000000778999057
     50.7507515       0.0000000775926077
     50.8508492       0.0000000772871551
     50.9509506       0.0000000769834337
     51.0510521       0.0000000766815344
     51.1511497       0.0000000763814024
     51.2512512       0.0000000760829215
     51.3513527       0.0000000757863307
     51.4514503       0.0000000754914326
     51.5515518       0.0000000751982881
     51.6516533       0.0000000749068189
     51.7517509       0.0000000746170334
     51.8518524       0.0000000743289205
     51.9519501       0.0000000740424673
     52.0520515       0.0000000737576268
     52.1521530       0.0000000734744613
     52.2522507       0.0000000731929936
     52.3523521       0.0000000729131384
     52.4524536       0.0000000726347725
     52.5525513       0.0000000723580371
     52.6526527       0.0000000720829162
     52.7527542       0.0000000718094321
     52.8528519       0.0000000715374206
     52.9529533       0.0000000712668796
     53.0530548       0.0000000709980207
     53.1531525       0.0000000707305605
     53.2532539       0.0000000704646530
     53.3533516       0.0000000702002876
     53.4534531       0.0000000699372943
     53.5535545       0.0000000696758685
     53.6536522       0.0000000694158827
     53.7537537       0.0000000691574159
     53.8538551       0.0000000689001947
     53.9539528       0.0000000686446005
     54.0540543       0.0000000683903496
     54.1541557       0.0000000681375534
     54.2542534       0.0000000678860752
     54.3543549       0.0000000676360532
     54.4544525       0.0000000673874286
     54.5545540       0.0000000671401638
     54.6546555       0.0000000668941369
     54.7547531       0.0000000666496495
     54.8548546       0.0000000664063912
     54.9549561       0.0000000661644725
     55.0550537       0.0000000659238325
     55.1551552       0.0000000656845627
     55.2552567       0.0000000654465576
     55.3553543       0.0000000652099035
     55.4554558       0.0000000649744894
     55.5555573       0.0000000647403266
     55.6556549       0.0000000645074750
     55.7557564       0.0000000642758786
     55.8558540       0.0000000640454798
     55.9559555       0.0000000638163753
     56.0560570       0.0000000635884707
     56.1561546       0.0000000633618458
     56.2562561       0.0000000631363167
     56.3563576       0.0000000629119887
     56.4564552       0.0000000626889686
     56.5565567       0.0000000624669918
     56.6566582       0.0000000622463460
     56.7567558       0.0000000620267583
     56.8568573       0.0000000618083309
     56.9569588       0.0000000615911193
     57.0570564       0.0000000613749845
     57.1571579       0.0000000611601195
     57.2572556       0.0000000609461997
     57.3573570       0.0000000607334711
     57.4574585       0.0000000605218744
     57.5575562       0.0000000603113947
     57.6576576       0.0000000601020220
     57.7577591       0.0000000598936800
     57.8578568       0.0000000596864169
     57.9579582       0.0000000594802809
     58.0580597       0.0000000592752050
     58.1581573       0.0000000590711900
     58.2582588       0.0000000588682227
     58.3583565       0.0000000586662348
     58.4584579       0.0000000584653299
     58.5585594       0.0000000582654920
     58.6586571       0.0000000580666094
     58.7587585       0.0000000578688246
     58.8588600       0.0000000576720198
     58.9589577       0.0000000574761219
     59.0590591       0.0000000572813547
     59.1591606       0.0000000570875281
     59.2592583       0.0000000568946762
     59.3593597       0.0000000567027794
     59.4594612       0.0000000565118966
     59.5595589       0.0000000563219272
     59.6596603       0.0000000561329738
     59.7597580       0.0000000559449520
     59.8598595       0.0000000557578133
     59.9599609       0.0000000555716981
     60.0600586       0.0000000553864725
     60.1601601       0.0000000552021684
     60.2602615       0.0000000550187889
     60.3603592       0.0000000548363277
     60.4604607       0.0000000546547492
     60.5605621       0.0000000544740935
     60.6606598       0.0000000542943502
     60.7607613       0.0000000541154421
     60.8608627       0.0000000539374247
     60.9609604       0.0000000537603627
     61.0610619       0.0000000535840696
     61.1611595       0.0000000534087255
     61.2612610       0.0000000532342150
     61.3613625       0.0000000530605703
     61.4614601       0.0000000528877027
     61.5615616       0.0000000527157015
     61.6616631       0.0000000525445918
     61.7617607       0.0000000523742945
     61.8618622       0.0000000522048008
     61.9619637       0.0000000520361325
     62.0620613       0.0000000518683146
     62.1621628       0.0000000517013250
     62.2622604       0.0000000515350063
     62.3623619       0.0000000513696579
     62.4624634       0.0000000512049839
     62.5625610       0.0000000510411598
     62.6626625       0.0000000508780688
     62.7627640       0.0000000507158603
     62.8628616       0.0000000505543187
     62.9629631       0.0000000503936100
     63.0630646       0.0000000502336436
     63.1631622       0.0000000500744772
     63.2632637       0.0000000499159991
     63.3633652       0.0000000497583106
     63.4634628       0.0000000496013556
     63.5635643       0.0000000494451721
     63.6636620       0.0000000492896769
     63.7637634       0.0000000491349316
     63.8638649       0.0000000489809046
     63.9639626       0.0000000488276210
     64.0640640       0.0000000486751104
     64.1641617       0.0000000485232497
     64.2642670       0.0000000483720440
     64.3643646       0.0000000482216278
     64.4644623       0.0000000480719100
     64.5645676       0.0000000479228582
     64.6646652       0.0000000477744911
     64.7647629       0.0000000476268617
     64.8648682       0.0000000474798695
     64.9649658       0.0000000473335828
     65.0650635       0.0000000471879594
     65.1651688       0.0000000470429682
     65.2652664       0.0000000468987019
     65.3653641       0.0000000467551030
     65.4654617       0.0000000466121233
     65.5655670       0.0000000464698113
     65.6656647       0.0000000463281671
     65.7657623       0.0000000461871711
     65.8658676       0.0000000460467608
     65.9659653       0.0000000459070500
     66.0660629       0.0000000457679750
     66.1661682       0.0000000456295208
     66.2662659       0.0000000454916527
     66.3663635       0.0000000453544618
     66.4664688       0.0000000452178877
     66.5665665       0.0000000450818762
     66.6666641       0.0000000449465068
     66.7667694       0.0000000448117582
     66.8668671       0.0000000446775844
     66.9669647       0.0000000445440946
     67.0670700       0.0000000444111157
     67.1671677       0.0000000442787665
     67.2672653       0.0000000441470307
     67.3673706       0.0000000440158208
     67.4674683       0.0000000438852616
     67.5675659       0.0000000437552552
     67.6676712       0.0000000436258229
     67.7677689       0.0000000434969351
     67.8678665       0.0000000433686220
     67.9679642       0.0000000432409153
     68.0680695       0.0000000431137401
     68.1681671       0.0000000429871629
     68.2682648       0.0000000428611204
     68.3683701       0.0000000427356335
     68.4684677       0.0000000426106785
     68.5685654       0.0000000424862760
     68.6686707       0.0000000423624711
     68.7687683       0.0000000422391312
     68.8688660       0.0000000421163750
     68.9689713       0.0000000419941259
     69.0690689       0.0000000418724464
     69.1691666       0.0000000417512511
     69.2692719       0.0000000416306146
     69.3693695       0.0000000415104881
     69.4694672       0.0000000413908662
     69.5695724       0.0000000412717500
     69.6696701       0.0000000411532040
     69.7697678       0.0000000410351478
     69.8698730       0.0000000409175675
     69.9699707       0.0000000408004861
     70.0700684       0.0000000406840024
     70.1701736       0.0000000405679199
     70.2702713       0.0000000404523372
     70.3703690       0.0000000403372773
     70.4704742       0.0000000402226719
     70.5705719       0.0000000401086277
     70.6706696       0.0000000399950059
     70.7707672       0.0000000398818912
     70.8708725       0.0000000397692534
     70.9709702       0.0000000396570782
     71.0710678       0.0000000395453832
     71.1711731       0.0000000394341669
     71.2712708       0.0000000393234057
     71.3713684       0.0000000392131449
     71.4714737       0.0000000391033330
     71.5715714       0.0000000389939684
     71.6716690       0.0000000388850660
     71.7717743       0.0000000387765940
     71.8718719       0.0000000386685883
     71.9719696       0.0000000385610662
     72.0720749       0.0000000384539745
     72.1721725       0.0000000383473150
     72.2722702       0.0000000382411294
     72.3723755       0.0000000381353356
     72.4724731       0.0000000380300188
     72.5725708       0.0000000379251265
     72.6726761       0.0000000378206567
     72.7727737       0.0000000377166125
     72.8728714       0.0000000376130262
     72.9729767       0.0000000375098466
     73.0730743       0.0000000374071013
     73.1731720       0.0000000373047831
     73.2732697       0.0000000372029168
     73.3733749       0.0000000371013855
     73.4734726       0.0000000370003000
     73.5735703       0.0000000368996687
     73.6736755       0.0000000367994018
     73.7737732       0.0000000366995154
     73.8738708       0.0000000366000943
     73.9739761       0.0000000365010779
     74.0740738       0.0000000364024627
     74.1741714       0.0000000363042095
     74.2742767       0.0000000362063612
     74.3743744       0.0000000361089489
     74.4744720       0.0000000360118921
     74.5745773       0.0000000359152343
     74.6746750       0.0000000358189329
     74.7747726       0.0000000357230704
     74.8748779       0.0000000356275921
     74.9749756       0.0000000355324651
     75.0750732       0.0000000354377216
     75.1751785       0.0000000353433701
     75.2752762       0.0000000352493829
     75.3753738       0.0000000351557372
     75.4754791       0.0000000350625454
     75.5755768       0.0000000349696772
     75.6756744       0.0000000348771507
     75.7757721       0.0000000347850380
     75.8758774       0.0000000346933033
     75.9759750       0.0000000346019072
     76.0760727       0.0000000345108675
     76.1761780       0.0000000344201491
     76.2762756       0.0000000343298316
     76.3763733       0.0000000342398620
     76.4764786       0.0000000341502509
     76.5765762       0.0000000340609961
     76.6766739       0.0000000339720568
     76.7767792       0.0000000338834960
     76.8768768       0.0000000337952833
     76.9769745       0.0000000337074357
     77.0770798       0.0000000336198722
     77.1771774       0.0000000335326770
     77.2772751       0.0000000334458526
     77.3773804       0.0000000333593008
     77.4774780       0.0000000332731166
     77.5775757       0.0000000331872480
     77.6776810       0.0000000331017477
     77.7777786       0.0000000330165294
     77.8778763       0.0000000329316919
     77.9779816       0.0000000328471712
     78.0780792       0.0000000327629882
     78.1781769       0.0000000326790947
     78.2782745       0.0000000325955214
     78.3783798       0.0000000325122566
     78.4784775       0.0000000324293244
     78.5785751       0.0000000323467454
     78.6786804       0.0000000322644695
     78.7787781       0.0000000321824931
     78.8788757       0.0000000321008275
     78.9789810       0.0000000320194621
     79.0790787       0.0000000319384188
     79.1791763       0.0000000318576809
     79.2792816       0.0000000317772533
     79.3793793       0.0000000316971264
     79.4794769       0.0000000316173060
     79.5795822       0.0000000315377765
     79.6796799       0.0000000314585221
     79.7797775       0.0000000313796175
     79.8798828       0.0000000313009857
     79.9799805       0.0000000312226305
     80.0800781       0.0000000311445929
     80.1801834       0.0000000310668345
     80.2802811       0.0000000309893819
     80.3803787       0.0000000309122252
     80.4804840       0.0000000308353333
     80.5805817       0.0000000307587533
     80.6806793       0.0000000306824664
     80.7807770       0.0000000306064264
     80.8808823       0.0000000305306878
     80.9809799       0.0000000304552110
     81.0810776       0.0000000303800127
     81.1811829       0.0000000303051301
     81.2812805       0.0000000302305031
     81.3813782       0.0000000301561402
     81.4814835       0.0000000300820721
     81.5815811       0.0000000300082679
     81.6816788       0.0000000299347217
     81.7817841       0.0000000298614445
     81.8818817       0.0000000297884365
     81.9819794       0.0000000297157119
     82.0820847       0.0000000296432766
     82.1821823       0.0000000295710758
     82.2822800       0.0000000294991317
     82.3823853       0.0000000294274645
     82.4824829       0.0000000293560492
     82.5825806       0.0000000292848905
     82.6826859       0.0000000292140055
     82.7827835       0.0000000291433785
     82.8828812       0.0000000290729959
     82.9829865       0.0000000290028774
     83.0830841       0.0000000289330017
     83.1831818       0.0000000288633689
     83.2832794       0.0000000287939878
     83.3833847       0.0000000287248770
     83.4834824       0.0000000286560196
     83.5835800       0.0000000285873715
     83.6836853       0.0000000285190341
     83.7837830       0.0000000284508743
     83.8838806       0.0000000283830026
     83.9839859       0.0000000283153614
     84.0840836       0.0000000282479293
     84.1841812       0.0000000281807898
     84.2842865       0.0000000281138787
     84.3843842       0.0000000280471864
     84.4844818       0.0000000279807170
     84.5845871       0.0000000279145195
     84.6846848       0.0000000278485510
     84.7847824       0.0000000277827993
     84.8848877       0.0000000277172660
     84.9849854       0.0000000276519956
     85.0850830       0.0000000275869389
     85.1851883       0.0000000275221222
     85.2852859       0.0000000274575451
     85.3853836       0.0000000273931654
     85.4854889       0.0000000273290426
     85.5855865       0.0000000272651186
     85.6856842       0.0000000272014610
     85.7857895       0.0000000271379783
     85.8858871       0.0000000270747195
     85.9859848       0.0000000270116975
     86.0860825       0.0000000269488833
     86.1861877       0.0000000268863062
     86.2862854       0.0000000268239529
     86.3863831       0.0000000267617947
     86.4864883       0.0000000266998287
     86.5865860       0.0000000266381281
     86.6866837       0.0000000265766388
     86.7867889       0.0000000265153290
     86.8868866       0.0000000264542432
     86.9869843       0.0000000263933783
     87.0870895       0.0000000263327152
     87.1871872       0.0000000262722321
     87.2872849       0.0000000262119949
     87.3873901       0.0000000261519596
     87.4874878       0.0000000260921638
     87.5875854       0.0000000260325091
     87.6876907       0.0000000259731122
     87.7877884       0.0000000259138787
     87.8878860       0.0000000258548735
     87.9879913       0.0000000257960484
     88.0880890       0.0000000257374117
     88.1881866       0.0000000256790045
     88.2882919       0.0000000256208099
     88.3883896       0.0000000255627913
     88.4884872       0.0000000255049545
     88.5885849       0.0000000254473273
     88.6886902       0.0000000253899079
     88.7887878       0.0000000253326722
     88.8888855       0.0000000252756274
     88.9889908       0.0000000252187631
     89.0890884       0.0000000251621067
     89.1891861       0.0000000251056518
     89.2892914       0.0000000250493472
     89.3893890       0.0000000249932742
     89.4894867       0.0000000249373653
     89.5895920       0.0000000248816753
     89.6896896       0.0000000248261526
     89.7897873       0.0000000247708026
     89.8898926       0.0000000247156628
     89.9899902       0.0000000246606810
     90.0900879       0.0000000246058871
     90.1901932       0.0000000245512819
     90.2902908       0.0000000244968412
     90.3903885       0.0000000244425924
     90.4904938       0.0000000243885407
     90.5905914       0.0000000243346537
     90.6906891       0.0000000242809421
     90.7907944       0.0000000242274028
     90.8908920       0.0000000241740497
     90.9909897       0.0000000241208707
     91.0910873       0.0000000240678900
     91.1911926       0.0000000240150571
     91.2912903       0.0000000239624027
     91.3913879       0.0000000239099221
     91.4914932       0.0000000238575978
     91.5915909       0.0000000238054603
     91.6916885       0.0000000237535163
     91.7917938       0.0000000237016944
     91.8918915       0.0000000236500917
     91.9919891       0.0000000235986272
     92.0920944       0.0000000235473324
     92.1921921       0.0000000234962114
     92.2922897       0.0000000234452565
     92.3923950       0.0000000233944676
     92.4924927       0.0000000233438416
     92.5925903       0.0000000232933817
     92.6926956       0.0000000232430846
     92.7927933       0.0000000231929504
     92.8928909       0.0000000231429713
     92.9929962       0.0000000230931598
     93.0930939       0.0000000230435112
     93.1931915       0.0000000229940240
     93.2932968       0.0000000229446699
     93.3933945       0.0000000228955039
     93.4934921       0.0000000228464913
     93.5935898       0.0000000227976401
     93.6936951       0.0000000227489408
     93.7937927       0.0000000227003904
     93.8938904       0.0000000226519954
     93.9939957       0.0000000226037598
     94.0940933       0.0000000225556871
     94.1941910       0.0000000225077448
     94.2942963       0.0000000224599590
     94.3943939       0.0000000224123422
     94.4944916       0.0000000223648592
     94.5945969       0.0000000223175416
     94.6946945       0.0000000222703897
     94.7947922       0.0000000222233441
     94.8948975       0.0000000221764730
     94.9949951       0.0000000221297482
     95.0950928       0.0000000220831974
     95.1951981       0.0000000220367411
     95.2952957       0.0000000219904669
     95.3953934       0.0000000219443294
     95.4954987       0.0000000218983418
     95.5955963       0.0000000218524733
     95.6956940       0.0000000218067846
     95.7957993       0.0000000217612118
     95.8958969       0.0000000217158007
     95.9959946       0.0000000216705043
     96.0960999       0.0000000216253577
     96.1961975       0.0000000215803850
     96.2962952       0.0000000215355308
     96.3963928       0.0000000214908089
     96.4964981       0.0000000214462289
     96.5965958       0.0000000214017946
     96.6966934       0.0000000213574954
     96.7967987       0.0000000213133268
     96.8968964       0.0000000212692913
     96.9969940       0.0000000212254001
     97.0970993       0.0000000211816561
     97.1971970       0.0000000211380331
     97.2972946       0.0000000210945415
     97.3973999       0.0000000210511832
     97.4974976       0.0000000210079932
     97.5975952       0.0000000209648928
     97.6977005       0.0000000209219356
     97.7977982       0.0000000208791133
     97.8978958       0.0000000208364413
     97.9980011       0.0000000207938759
     98.0980988       0.0000000207514470
     98.1981964       0.0000000207091537
     98.2983017       0.0000000206669817
     98.3983994       0.0000000206249399
     98.4984970       0.0000000205830254
     98.5986023       0.0000000205412571
     98.6987000       0.0000000204996009
     98.7987976       0.0000000204580688
     98.8988953       0.0000000204166633
     98.9990005       0.0000000203754093
     99.0990982       0.0000000203342577
     99.1991959       0.0000000202932077
     99.2993011       0.0000000202523184
     99.3993988       0.0000000202115371
     99.4994965       0.0000000201708792
     99.5996017       0.0000000201303389
     99.6996994       0.0000000200899052
     99.7997971       0.0000000200496365
     99.8999023       0.0000000200094411
    100.0000000       0.0000000199693930
