# x		H(x,a)
      0.0000000       1.0000000000000000
      0.1001001       0.9900299906730652
      0.2002002       0.9607124924659729
      0.3003003       0.9137664437294006
      0.4004004       0.8518707156181335
      0.5005005       0.7784109115600586
      0.6006006       0.6971734166145325
      0.7007007       0.6120254397392273
      0.8008008       0.5266169309616089
      0.9009009       0.4441368877887726
      1.0010010       0.3671525832656418
      1.1011012       0.2975015836658332
      1.2012012       0.2362864790293656
      1.3013012       0.1839473245425460
      1.4014014       0.1403632433570250
      1.5015016       0.1049835266164715
      1.6016016       0.0769663867400145
      1.7017016       0.0553094911446001
      1.8018018       0.0389606630358358
      1.9019020       0.0269027037866786
      2.0020020       0.0182108718608408
      2.1021020       0.0120854872935501
      2.2022023       0.0078640891435341
      2.3023024       0.0050184379207727
      2.4024024       0.0031416602044916
      2.5025024       0.0019303768913794
      2.6026025       0.0011651611576514
      2.7027028       0.0006918478775275
      2.8028028       0.0004051058308065
      2.9029028       0.0002348770536298
      3.0030031       0.0001357704724745
      3.1031032       0.0000791171259471
      3.2032032       0.0000472544985549
      3.3033032       0.0000295631470691
      3.4034033       0.0000198089945556
      3.5035036       0.0000144165292946
      3.6036036       0.0000113811906011
      3.7037036       0.0000096033965282
      3.8038039       0.0000084923804109
      3.9039040       0.0000077366374235
      4.0040040       0.0000071744687770
      4.1041040       0.0000067228028277
      4.2042041       0.0000063390022973
      4.3043041       0.0000060008630294
      4.4044046       0.0000056964122843
      4.5045047       0.0000054187380583
      4.6046047       0.0000051634912395
      4.7047048       0.0000049276504698
      4.8048048       0.0000047089339238
      4.9049048       0.0000045055063348
      5.0050049       0.0000043158224985
      5.1051049       0.0000041385624646
      5.2052050       0.0000039725799528
      5.3053055       0.0000038168670229
      5.4054055       0.0000036705297252
      5.5055056       0.0000035327861763
      5.6056056       0.0000034029362570
      5.7057056       0.0000032803393987
      5.8058057       0.0000031644471035
      5.9059057       0.0000030547503839
      6.0060062       0.0000029507871792
      6.1061063       0.0000028521579508
      6.2062063       0.0000027584832215
      6.3063064       0.0000026694238745
      6.4064064       0.0000025846693514
      6.5065064       0.0000025039400723
      6.6066065       0.0000024269762812
      6.7067065       0.0000023535414914
      6.8068066       0.0000022834188664
      6.9069071       0.0000022164037241
      7.0070071       0.0000021523141896
      7.1071072       0.0000020909828036
      7.2072072       0.0000020322462388
      7.3073072       0.0000019759562360
      7.4074073       0.0000019219847151
      7.5075073       0.0000018701962211
      7.6076078       0.0000018204785490
      7.7077079       0.0000017727197596
      7.8078079       0.0000017268181196
      7.9079080       0.0000016826768488
      8.0080080       0.0000016402075918
      8.1081085       0.0000015993275258
      8.2082081       0.0000015599557360
      8.3083086       0.0000015220200579
      8.4084082       0.0000014854511350
      8.5085087       0.0000014501817779
      8.6086082       0.0000014161557566
      8.7087088       0.0000013833108621
      8.8088093       0.0000013515944659
      8.9089088       0.0000013209553782
      9.0090094       0.0000012913450485
      9.1091089       0.0000012627193138
      9.2092094       0.0000012350332699
      9.3093090       0.0000012082461779
      9.4094095       0.0000011823207572
      9.5095091       0.0000011572203068
      9.6096096       0.0000011329109268
      9.7097101       0.0000011093578220
      9.8098097       0.0000010865305565
      9.9099102       0.0000010644015817
     10.0100098       0.0000010429392697
     10.1101103       0.0000010221186061
     10.2102098       0.0000010019166540
     10.3103104       0.0000009823062432
     10.4104099       0.0000009632666699
     10.5105104       0.0000009447736507
     10.6106110       0.0000009268088675
     10.7107105       0.0000009093508143
     10.8108110       0.0000008923803165
     10.9109106       0.0000008758804981
     11.0110111       0.0000008598343325
     11.1111107       0.0000008442246590
     11.2112112       0.0000008290363925
     11.3113117       0.0000008142544890
     11.4114113       0.0000007998642300
     11.5115118       0.0000007858515782
     11.6116114       0.0000007722031265
     11.7117119       0.0000007589084481
     11.8118114       0.0000007459536606
     11.9119120       0.0000007333275391
     12.0120125       0.0000007210197712
     12.1121120       0.0000007090183362
     12.2122126       0.0000006973155079
     12.3123121       0.0000006858994001
     12.4124126       0.0000006747611961
     12.5125122       0.0000006638925073
     12.6126127       0.0000006532841654
     12.7127123       0.0000006429283130
     12.8128128       0.0000006328171909
     12.9129133       0.0000006229424854
     13.0130129       0.0000006132971744
     13.1131134       0.0000006038735220
     13.2132130       0.0000005946661297
     13.3133135       0.0000005856677202
     13.4134130       0.0000005768732140
     13.5135136       0.0000005682738891
     13.6136131       0.0000005598661380
     13.7137136       0.0000005516439909
     13.8138142       0.0000005436016220
     13.9139137       0.0000005357330939
     14.0140142       0.0000005280352862
     14.1141138       0.0000005205025181
     14.2142143       0.0000005131293925
     14.3143139       0.0000005059116101
     14.4144144       0.0000004988454699
     14.5145149       0.0000004919267547
     14.6146145       0.0000004851509379
     14.7147150       0.0000004785145585
     14.8148146       0.0000004720131362
     14.9149151       0.0000004656431327
     15.0150146       0.0000004594022453
     15.1151152       0.0000004532849121
     15.2152157       0.0000004472899393
     15.3153152       0.0000004414130060
     15.4154158       0.0000004356511840
     15.5155153       0.0000004300016082
     15.6156158       0.0000004244610938
     15.7157154       0.0000004190277729
     15.8158159       0.0000004136977285
     15.9159155       0.0000004084687614
     16.0160160       0.0000004033383089
     16.1161156       0.0000003983045158
     16.2162170       0.0000003933641036
     16.3163166       0.0000003885152694
     16.4164162       0.0000003837551576
     16.5165157       0.0000003790828576
     16.6166172       0.0000003744948593
     16.7167168       0.0000003699898324
     16.8168163       0.0000003655660063
     16.9169178       0.0000003612210054
     17.0170174       0.0000003569530336
     17.1171169       0.0000003527602610
     17.2172165       0.0000003486412527
     17.3173180       0.0000003445935363
     17.4174175       0.0000003406164940
     17.5175171       0.0000003367080744
     17.6176186       0.0000003328660086
     17.7177181       0.0000003290899014
     17.8178177       0.0000003253777418
     17.9179173       0.0000003217278217
     18.0180187       0.0000003181390414
     18.1181183       0.0000003146104310
     18.2182178       0.0000003111400383
     18.3183174       0.0000003077270650
     18.4184189       0.0000003043696228
     18.5185184       0.0000003010668187
     18.6186180       0.0000002978176861
     18.7187195       0.0000002946213808
     18.8188190       0.0000002914757430
     18.9189186       0.0000002883804029
     19.0190182       0.0000002853340434
     19.1191196       0.0000002823360897
     19.2192192       0.0000002793850561
     19.3193188       0.0000002764799436
     19.4194202       0.0000002736201526
     19.5195198       0.0000002708046657
     19.6196194       0.0000002680323483
     19.7197189       0.0000002653021414
     19.8198204       0.0000002626135855
     19.9199200       0.0000002599661533
     20.0200195       0.0000002573582554
     20.1201210       0.0000002547892543
     20.2202206       0.0000002522589522
     20.3203201       0.0000002497659898
     20.4204197       0.0000002473099265
     20.5205212       0.0000002448900272
     20.6206207       0.0000002425052175
     20.7207203       0.0000002401554273
     20.8208199       0.0000002378394200
     20.9209213       0.0000002355571291
     21.0210209       0.0000002333074406
     21.1211205       0.0000002310896298
     21.2212219       0.0000002289033910
     21.3213215       0.0000002267481951
     21.4214211       0.0000002246231781
     21.5215206       0.0000002225282831
     21.6216221       0.0000002204623105
     21.7217216       0.0000002184251205
     21.8218212       0.0000002164157071
     21.9219227       0.0000002144342126
     22.0220222       0.0000002124800100
     22.1221218       0.0000002105521248
     22.2222214       0.0000002086506100
     22.3223228       0.0000002067746716
     22.4224224       0.0000002049237797
     22.5225220       0.0000002030978805
     22.6226234       0.0000002012962387
     22.7227230       0.0000001995184256
     22.8228226       0.0000001977642172
     22.9229221       0.0000001960329346
     23.0230236       0.0000001943243260
     23.1231232       0.0000001926381688
     23.2232227       0.0000001909737752
     23.3233242       0.0000001893306721
     23.4234238       0.0000001877088272
     23.5235233       0.0000001861079687
     23.6236229       0.0000001845272790
     23.7237244       0.0000001829668846
     23.8238239       0.0000001814260433
     23.9239235       0.0000001799046452
     24.0240250       0.0000001784021357
     24.1241245       0.0000001769187395
     24.2242241       0.0000001754534830
     24.3243237       0.0000001740065207
     24.4244251       0.0000001725772556
     24.5245247       0.0000001711657801
     24.6246243       0.0000001697715367
     24.7247238       0.0000001683940891
     24.8248253       0.0000001670336026
     24.9249249       0.0000001656892799
     25.0250244       0.0000001643612914
     25.1251259       0.0000001630491882
     25.2252254       0.0000001617528402
     25.3253250       0.0000001604719132
     25.4254246       0.0000001592058915
     25.5255260       0.0000001579550577
     25.6256256       0.0000001567187669
     25.7257252       0.0000001554970424
     25.8258266       0.0000001542895972
     25.9259262       0.0000001530961546
     26.0260258       0.0000001519163882
     26.1261253       0.0000001507504556
     26.2262268       0.0000001495977251
     26.3263264       0.0000001484581233
     26.4264259       0.0000001473316183
     26.5265274       0.0000001462177210
     26.6266270       0.0000001451167229
     26.7267265       0.0000001440279740
     26.8268261       0.0000001429514523
     26.9269276       0.0000001418869877
     27.0270271       0.0000001408342784
     27.1271267       0.0000001397933673
     27.2272263       0.0000001387639072
     27.3273277       0.0000001377458262
     27.4274273       0.0000001367389705
     27.5275269       0.0000001357430258
     27.6276283       0.0000001347578780
     27.7277279       0.0000001337835620
     27.8278275       0.0000001328197273
     27.9279270       0.0000001318662045
     28.0280285       0.0000001309230686
     28.1281281       0.0000001299898410
     28.2282276       0.0000001290668399
     28.3283291       0.0000001281533344
     28.4284286       0.0000001272497332
     28.5285282       0.0000001263555146
     28.6286278       0.0000001254707873
     28.7287292       0.0000001245952639
     28.8288288       0.0000001237289232
     28.9289284       0.0000001228715911
     29.0290298       0.0000001220230815
     29.1291294       0.0000001211834177
     29.2292290       0.0000001203523552
     29.3293285       0.0000001195299436
     29.4294300       0.0000001187158369
     29.5295296       0.0000001179099621
     29.6296291       0.0000001171123253
     29.7297306       0.0000001163227645
     29.8298302       0.0000001155410991
     29.9299297       0.0000001147673880
     30.0300293       0.0000001140014925
     30.1301308       0.0000001132429881
     30.2302303       0.0000001124922979
     30.3303299       0.0000001117489067
     30.4304314       0.0000001110129679
     30.5305309       0.0000001102842217
     30.6306305       0.0000001095625925
     30.7307301       0.0000001088481392
     30.8308315       0.0000001081405621
     30.9309311       0.0000001074398792
     31.0310307       0.0000001067460669
     31.1311302       0.0000001060588565
     31.2312317       0.0000001053783090
     31.3313313       0.0000001047043476
     31.4314308       0.0000001040367241
     31.5315323       0.0000001033755357
     31.6316319       0.0000001027206538
     31.7317314       0.0000001020718846
     31.8318310       0.0000001014293935
     31.9319324       0.0000001007927279
     32.0320320       0.0000001001622231
     32.1321335       0.0000000995377254
     32.2322311       0.0000000989188398
     32.3323326       0.0000000983058320
     32.4324341       0.0000000976984042
     32.5325317       0.0000000970967004
     32.6326332       0.0000000965004991
     32.7327309       0.0000000959097104
     32.8328323       0.0000000953243884
     32.9329338       0.0000000947443931
     33.0330315       0.0000000941696848
     33.1331329       0.0000000936002187
     33.2332344       0.0000000930360191
     33.3333321       0.0000000924767753
     33.4334335       0.0000000919225390
     33.5335350       0.0000000913733280
     33.6336327       0.0000000908289541
     33.7337341       0.0000000902894625
     33.8338356       0.0000000897548531
     33.9339333       0.0000000892248863
     34.0340347       0.0000000886996147
     34.1341324       0.0000000881791319
     34.2342339       0.0000000876630169
     34.3343353       0.0000000871513944
     34.4344330       0.0000000866443925
     34.5345345       0.0000000861417393
     34.6346359       0.0000000856434249
     34.7347336       0.0000000851495424
     34.8348351       0.0000000846597964
     34.9349365       0.0000000841743103
     35.0350342       0.0000000836929896
     35.1351357       0.0000000832157935
     35.2352371       0.0000000827425844
     35.3353348       0.0000000822735207
     35.4354362       0.0000000818083957
     35.5355339       0.0000000813472389
     35.6356354       0.0000000808898693
     35.7357368       0.0000000804365003
     35.8358345       0.0000000799868614
     35.9359360       0.0000000795409526
     36.0360374       0.0000000790987674
     36.1361351       0.0000000786602811
     36.2362366       0.0000000782254769
     36.3363380       0.0000000777941824
     36.4364357       0.0000000773664735
     36.5365372       0.0000000769422832
     36.6366348       0.0000000765215944
     36.7367363       0.0000000761044026
     36.8368378       0.0000000756905417
     36.9369354       0.0000000752800805
     37.0370369       0.0000000748728566
     37.1371384       0.0000000744690676
     37.2372360       0.0000000740685219
     37.3373375       0.0000000736710645
     37.4374390       0.0000000732769339
     37.5375366       0.0000000728859391
     37.6376381       0.0000000724979907
     37.7377396       0.0000000721131707
     37.8378372       0.0000000717315524
     37.9379387       0.0000000713527363
     38.0380363       0.0000000709770332
     38.1381378       0.0000000706042784
     38.2382393       0.0000000702344202
     38.3383369       0.0000000698674924
     38.4384384       0.0000000695034792
     38.5385399       0.0000000691422499
     38.6386375       0.0000000687837855
     38.7387390       0.0000000684282135
     38.8388405       0.0000000680752823
     38.9389381       0.0000000677251090
     39.0390396       0.0000000673776703
     39.1391373       0.0000000670328309
     39.2392387       0.0000000666907607
     39.3393402       0.0000000663512211
     39.4394379       0.0000000660142500
     39.5395393       0.0000000656798369
     39.6396408       0.0000000653479706
     39.7397385       0.0000000650185912
     39.8398399       0.0000000646918391
     39.9399414       0.0000000643673945
     40.0400391       0.0000000640454682
     40.1401405       0.0000000637258502
     40.2402420       0.0000000634087281
     40.3403397       0.0000000630939260
     40.4404411       0.0000000627814240
     40.5405388       0.0000000624713003
     40.6406403       0.0000000621634381
     40.7407417       0.0000000618578680
     40.8408394       0.0000000615545805
     40.9409409       0.0000000612534646
     41.0410423       0.0000000609545544
     41.1411400       0.0000000606578603
     41.2412415       0.0000000603632490
     41.3413429       0.0000000600708799
     41.4414406       0.0000000597805925
     41.5415421       0.0000000594923701
     41.6416397       0.0000000592062392
     41.7417412       0.0000000589222288
     41.8418427       0.0000000586401907
     41.9419403       0.0000000583601775
     42.0420418       0.0000000580822328
     42.1421432       0.0000000578062225
     42.2422409       0.0000000575321360
     42.3423424       0.0000000572600778
     42.4424438       0.0000000569898733
     42.5425415       0.0000000567216479
     42.6426430       0.0000000564552491
     42.7427444       0.0000000561907265
     42.8428421       0.0000000559281271
     42.9429436       0.0000000556673009
     43.0430412       0.0000000554082635
     43.1431427       0.0000000551511238
     43.2432442       0.0000000548957035
     43.3433418       0.0000000546421031
     43.4434433       0.0000000543902355
     43.5435448       0.0000000541401016
     43.6436424       0.0000000538917028
     43.7437439       0.0000000536449464
     43.8438454       0.0000000533999753
     43.9439430       0.0000000531566228
     44.0440445       0.0000000529149607
     44.1441460       0.0000000526749382
     44.2442436       0.0000000524365089
     44.3443451       0.0000000521996988
     44.4444427       0.0000000519645894
     44.5445442       0.0000000517309746
     44.6446457       0.0000000514988928
     44.7447433       0.0000000512684652
     44.8448448       0.0000000510395400
     44.9449463       0.0000000508121027
     45.0450439       0.0000000505862543
     45.1451454       0.0000000503619392
     45.2452469       0.0000000501390059
     45.3453445       0.0000000499176153
     45.4454460       0.0000000496976908
     45.5455437       0.0000000494791706
     45.6456451       0.0000000492621068
     45.7457466       0.0000000490465150
     45.8458443       0.0000000488322731
     45.9459457       0.0000000486194894
     46.0460472       0.0000000484080550
     46.1461449       0.0000000481979907
     46.2462463       0.0000000479893040
     46.3463478       0.0000000477819707
     46.4464455       0.0000000475760031
     46.5465469       0.0000000473713410
     46.6466484       0.0000000471679820
     46.7467461       0.0000000469659491
     46.8468475       0.0000000467651721
     46.9469452       0.0000000465657611
     47.0470467       0.0000000463675813
     47.1471481       0.0000000461706564
     47.2472458       0.0000000459749708
     47.3473473       0.0000000457805564
     47.4474487       0.0000000455873846
     47.5475464       0.0000000453953973
     47.6476479       0.0000000452046530
     47.7477493       0.0000000450150652
     47.8478470       0.0000000448266901
     47.9479485       0.0000000446394939
     48.0480499       0.0000000444534790
     48.1481476       0.0000000442686551
     48.2482491       0.0000000440849244
     48.3483467       0.0000000439023512
     48.4484482       0.0000000437209341
     48.5485497       0.0000000435406201
     48.6486473       0.0000000433614530
     48.7487488       0.0000000431833613
     48.8488503       0.0000000430063446
     48.9489479       0.0000000428304507
     49.0490494       0.0000000426555902
     49.1491508       0.0000000424817956
     49.2492485       0.0000000423091450
     49.3493500       0.0000000421374713
     49.4494476       0.0000000419668712
     49.5495491       0.0000000417973285
     49.6496506       0.0000000416286936
     49.7497482       0.0000000414611965
     49.8498497       0.0000000412946796
     49.9499512       0.0000000411291453
     50.0500488       0.0000000409646447
     50.1501503       0.0000000408010826
     50.2502518       0.0000000406385105
     50.3503494       0.0000000404769291
     50.4504509       0.0000000403162895
     50.5505524       0.0000000401566321
     50.6506500       0.0000000399978752
     50.7507515       0.0000000398400926
     50.8508492       0.0000000396832576
     50.9509506       0.0000000395273118
     51.0510521       0.0000000393722993
     51.1511497       0.0000000392181947
     51.2512512       0.0000000390649422
     51.3513527       0.0000000389126552
     51.4514503       0.0000000387612415
     51.5515518       0.0000000386107237
     51.6516533       0.0000000384610710
     51.7517509       0.0000000383122782
     51.8518524       0.0000000381643466
     51.9519501       0.0000000380172659
     52.0520515       0.0000000378710130
     52.1521530       0.0000000377256227
     52.2522507       0.0000000375811004
     52.3523521       0.0000000374374061
     52.4524536       0.0000000372944830
     52.5525513       0.0000000371523907
     52.6526527       0.0000000370111277
     52.7527542       0.0000000368707089
     52.8528519       0.0000000367310436
     52.9529533       0.0000000365921344
     53.0530548       0.0000000364540898
     53.1531525       0.0000000363167612
     53.2532539       0.0000000361802313
     53.3533516       0.0000000360444883
     53.4534531       0.0000000359094580
     53.5535545       0.0000000357752247
     53.6536522       0.0000000356417327
     53.7537537       0.0000000355090291
     53.8538551       0.0000000353769549
     53.9539528       0.0000000352457212
     54.0540543       0.0000000351151738
     54.1541557       0.0000000349853759
     54.2542534       0.0000000348562575
     54.3543549       0.0000000347278773
     54.4544525       0.0000000346002207
     54.5545540       0.0000000344732626
     54.6546555       0.0000000343469403
     54.7547531       0.0000000342214055
     54.8548546       0.0000000340965057
     54.9549561       0.0000000339722912
     55.0550537       0.0000000338487338
     55.1551552       0.0000000337258779
     55.2552567       0.0000000336036789
     55.3553543       0.0000000334821619
     55.4554558       0.0000000333612893
     55.5555573       0.0000000332410607
     55.6556549       0.0000000331215036
     55.7557564       0.0000000330025864
     55.8558540       0.0000000328842922
     55.9559555       0.0000000327666584
     56.0560570       0.0000000326496395
     56.1561546       0.0000000325332765
     56.2562561       0.0000000324174789
     56.3563576       0.0000000323022938
     56.4564552       0.0000000321877860
     56.5565567       0.0000000320738134
     56.6566582       0.0000000319605208
     56.7567558       0.0000000318477742
     56.8568573       0.0000000317356202
     56.9569588       0.0000000316240935
     57.0570564       0.0000000315131196
     57.1571579       0.0000000314027951
     57.2572556       0.0000000312929590
     57.3573570       0.0000000311837321
     57.4574585       0.0000000310750868
     57.5575562       0.0000000309670186
     57.6576576       0.0000000308595167
     57.7577591       0.0000000307525415
     57.8578568       0.0000000306461212
     57.9579582       0.0000000305402777
     58.0580597       0.0000000304349825
     58.1581573       0.0000000303302302
     58.2582588       0.0000000302260173
     58.3583565       0.0000000301223023
     58.4584579       0.0000000300191482
     58.5585594       0.0000000299165404
     58.6586571       0.0000000298144279
     58.7587585       0.0000000297128716
     58.8588600       0.0000000296118236
     58.9589577       0.0000000295112430
     59.0590591       0.0000000294112359
     59.1591606       0.0000000293117139
     59.2592583       0.0000000292126946
     59.3593597       0.0000000291141651
     59.4594612       0.0000000290161555
     59.5595589       0.0000000289186174
     59.6596603       0.0000000288215974
     59.7597580       0.0000000287250552
     59.8598595       0.0000000286289694
     59.9599609       0.0000000285334090
     60.0600586       0.0000000284383050
     60.1601601       0.0000000283436711
     60.2602615       0.0000000282495183
     60.3603592       0.0000000281558339
     60.4604607       0.0000000280625966
     60.5605621       0.0000000279698430
     60.6606598       0.0000000278775550
     60.7607613       0.0000000277856931
     60.8608627       0.0000000276942859
     60.9609604       0.0000000276033731
     61.0610619       0.0000000275128557
     61.1611595       0.0000000274228264
     61.2612610       0.0000000273332228
     61.3613625       0.0000000272440646
     61.4614601       0.0000000271553033
     61.5615616       0.0000000270669911
     61.6616631       0.0000000269791346
     61.7617607       0.0000000268916934
     61.8618622       0.0000000268046645
     61.9619637       0.0000000267180623
     62.0620613       0.0000000266318966
     62.1621628       0.0000000265461594
     62.2622604       0.0000000264607587
     62.3623619       0.0000000263758611
     62.4624634       0.0000000262913100
     62.5625610       0.0000000262071953
     62.6626625       0.0000000261234527
     62.7627640       0.0000000260401684
     62.8628616       0.0000000259572236
     62.9629631       0.0000000258747071
     63.0630646       0.0000000257925724
     63.1631622       0.0000000257108505
     63.2632637       0.0000000256294795
     63.3633652       0.0000000255485133
     63.4634628       0.0000000254679229
     63.5635643       0.0000000253877310
     63.6636620       0.0000000253078920
     63.7637634       0.0000000252284360
     63.8638649       0.0000000251493514
     63.9639626       0.0000000250706481
     64.0640640       0.0000000249923413
     64.1641617       0.0000000249143678
     64.2642670       0.0000000248367291
     64.3643646       0.0000000247594985
     64.4644623       0.0000000246826248
     64.5645676       0.0000000246060964
     64.6646652       0.0000000245299161
     64.7647629       0.0000000244541164
     64.8648682       0.0000000243786407
     64.9649658       0.0000000243035322
     65.0650635       0.0000000242287597
     65.1651688       0.0000000241543155
     65.2652664       0.0000000240802406
     65.3653641       0.0000000240065102
     65.4654617       0.0000000239330967
     65.5655670       0.0000000238600267
     65.6656647       0.0000000237872967
     65.7657623       0.0000000237149034
     65.8658676       0.0000000236428086
     65.9659653       0.0000000235710734
     66.0660629       0.0000000234996640
     66.1661682       0.0000000234285759
     66.2662659       0.0000000233577862
     66.3663635       0.0000000232873468
     66.4664688       0.0000000232172222
     66.5665665       0.0000000231473857
     66.6666641       0.0000000230778815
     66.7667694       0.0000000230086942
     66.8668671       0.0000000229398016
     66.9669647       0.0000000228712630
     67.0670700       0.0000000228029833
     67.1671677       0.0000000227350282
     67.2672653       0.0000000226673879
     67.3673706       0.0000000226000193
     67.4674683       0.0000000225329829
     67.5675659       0.0000000224662319
     67.6676712       0.0000000223997743
     67.7677689       0.0000000223335961
     67.8678665       0.0000000222677131
     67.9679642       0.0000000222021416
     68.0680695       0.0000000221368434
     68.1681671       0.0000000220718522
     68.2682648       0.0000000220071360
     68.3683701       0.0000000219427038
     68.4684677       0.0000000218785450
     68.5685654       0.0000000218146703
     68.6686707       0.0000000217511015
     68.7687683       0.0000000216877735
     68.8688660       0.0000000216247441
     68.9689713       0.0000000215619742
     69.0690689       0.0000000214994972
     69.1691666       0.0000000214372711
     69.2692719       0.0000000213753280
     69.3693695       0.0000000213136506
     69.4694672       0.0000000212522284
     69.5695724       0.0000000211910700
     69.6696701       0.0000000211302019
     69.7697678       0.0000000210695846
     69.8698730       0.0000000210092128
     69.9699707       0.0000000209490980
     70.0700684       0.0000000208892896
     70.1701736       0.0000000208296852
     70.2702713       0.0000000207703401
     70.3703690       0.0000000207112613
     70.4704742       0.0000000206524189
     70.5705719       0.0000000205938609
     70.6706696       0.0000000205355244
     70.7707672       0.0000000204774447
     70.8708725       0.0000000204196097
     70.9709702       0.0000000203620136
     71.0710678       0.0000000203046623
     71.1711731       0.0000000202475568
     71.2712708       0.0000000201906895
     71.3713684       0.0000000201340743
     71.4714737       0.0000000200776897
     71.5715714       0.0000000200215380
     71.6716690       0.0000000199656204
     71.7717743       0.0000000199099272
     71.8718719       0.0000000198544702
     71.9719696       0.0000000197992633
     72.0720749       0.0000000197442761
     72.1721725       0.0000000196895125
     72.2722702       0.0000000196349911
     72.3723755       0.0000000195806711
     72.4724731       0.0000000195265963
     72.5725708       0.0000000194727397
     72.6726761       0.0000000194190976
     72.7727737       0.0000000193656758
     72.8728714       0.0000000193124896
     72.9729767       0.0000000192595113
     73.0730743       0.0000000192067564
     73.1731720       0.0000000191542228
     73.2732697       0.0000000191019173
     73.3733749       0.0000000190497860
     73.4734726       0.0000000189978858
     73.5735703       0.0000000189462146
     73.6736755       0.0000000188947315
     73.7737732       0.0000000188434459
     73.8738708       0.0000000187923968
     73.9739761       0.0000000187415581
     74.0740738       0.0000000186909229
     74.1741714       0.0000000186404760
     74.2742767       0.0000000185902365
     74.3743744       0.0000000185402153
     74.4744720       0.0000000184903856
     74.5745773       0.0000000184407538
     74.6746750       0.0000000183913076
     74.7747726       0.0000000183420878
     74.8748779       0.0000000182930648
     74.9749756       0.0000000182442185
     75.0750732       0.0000000181955750
     75.1751785       0.0000000181471292
     75.2752762       0.0000000180988716
     75.3753738       0.0000000180507905
     75.4754791       0.0000000180029391
     75.5755768       0.0000000179552550
     75.6756744       0.0000000179077492
     75.7757721       0.0000000178604525
     75.8758774       0.0000000178133512
     75.9759750       0.0000000177664236
     76.0760727       0.0000000177196804
     76.1761780       0.0000000176731020
     76.2762756       0.0000000176267261
     76.3763733       0.0000000175805320
     76.4764786       0.0000000175345202
     76.5765762       0.0000000174886913
     76.6766739       0.0000000174430276
     76.7767792       0.0000000173975535
     76.8768768       0.0000000173522612
     76.9769745       0.0000000173071549
     77.0770798       0.0000000172621962
     77.1771774       0.0000000172174250
     77.2772751       0.0000000171728459
     77.3773804       0.0000000171284038
     77.4774780       0.0000000170841522
     77.5775757       0.0000000170400660
     77.6776810       0.0000000169961643
     77.7777786       0.0000000169524077
     77.8778763       0.0000000169088484
     77.9779816       0.0000000168654507
     78.0780792       0.0000000168222264
     78.1781769       0.0000000167791528
     78.2782745       0.0000000167362408
     78.3783798       0.0000000166934891
     78.4784775       0.0000000166509071
     78.5785751       0.0000000166085067
     78.6786804       0.0000000165662626
     78.7787781       0.0000000165241725
     78.8788757       0.0000000164822394
     78.9789810       0.0000000164404626
     79.0790787       0.0000000163988484
     79.1791763       0.0000000163573948
     79.2792816       0.0000000163160996
     79.3793793       0.0000000162749578
     79.4794769       0.0000000162339738
     79.5795822       0.0000000161931416
     79.6796799       0.0000000161524465
     79.7797775       0.0000000161119332
     79.8798828       0.0000000160715592
     79.9799805       0.0000000160313277
     80.0800781       0.0000000159912602
     80.1801834       0.0000000159513337
     80.2802811       0.0000000159115649
     80.3803787       0.0000000158719488
     80.4804840       0.0000000158324680
     80.5805817       0.0000000157931465
     80.6806793       0.0000000157539795
     80.7807770       0.0000000157149354
     80.8808823       0.0000000156760471
     80.9809799       0.0000000156372940
     81.0810776       0.0000000155986833
     81.1811829       0.0000000155602357
     81.2812805       0.0000000155219171
     81.3813782       0.0000000154837365
     81.4814835       0.0000000154457053
     81.5815811       0.0000000154078107
     81.6816788       0.0000000153700479
     81.7817841       0.0000000153324227
     81.8818817       0.0000000152949369
     81.9819794       0.0000000152575976
     82.0820847       0.0000000152204049
     82.1821823       0.0000000151833320
     82.2822800       0.0000000151463938
     82.3823853       0.0000000151095941
     82.4824829       0.0000000150729265
     82.5825806       0.0000000150363904
     82.6826859       0.0000000149999944
     82.7827835       0.0000000149637305
     82.8828812       0.0000000149275933
     82.9829865       0.0000000148915900
     83.0830841       0.0000000148557125
     83.1831818       0.0000000148199594
     83.2832794       0.0000000147843353
     83.3833847       0.0000000147488499
     83.4834824       0.0000000147134958
     83.5835800       0.0000000146782474
     83.6836853       0.0000000146431584
     83.7837830       0.0000000146081636
     83.8838806       0.0000000145733149
     83.9839859       0.0000000145385829
     84.0840836       0.0000000145039612
     84.1841812       0.0000000144694865
     84.2842865       0.0000000144351322
     84.3843842       0.0000000144008885
     84.4844818       0.0000000143667608
     84.5845871       0.0000000143327711
     84.6846848       0.0000000142988973
     84.7847824       0.0000000142651380
     84.8848877       0.0000000142314893
     84.9849854       0.0000000141979770
     85.0850830       0.0000000141645746
     85.1851883       0.0000000141312955
     85.2852859       0.0000000140981346
     85.3853836       0.0000000140650799
     85.4854889       0.0000000140321557
     85.5855865       0.0000000139993351
     85.6856842       0.0000000139666500
     85.7857895       0.0000000139340547
     85.8858871       0.0000000139015745
     85.9859848       0.0000000138692161
     86.0860825       0.0000000138369614
     86.1861877       0.0000000138048334
     86.2862854       0.0000000137728188
     86.3863831       0.0000000137409030
     86.4864883       0.0000000137090863
     86.5865860       0.0000000136774044
     86.6866837       0.0000000136458327
     86.7867889       0.0000000136143537
     86.8868866       0.0000000135829898
     86.9869843       0.0000000135517364
     87.0870895       0.0000000135205903
     87.1871872       0.0000000134895336
     87.2872849       0.0000000134586051
     87.3873901       0.0000000134277799
     87.4874878       0.0000000133970779
     87.5875854       0.0000000133664480
     87.6876907       0.0000000133359494
     87.7877884       0.0000000133055373
     87.8878860       0.0000000132752412
     87.9879913       0.0000000132450374
     88.0880890       0.0000000132149313
     88.1881866       0.0000000131849405
     88.2882919       0.0000000131550601
     88.3883896       0.0000000131252704
     88.4884872       0.0000000130955739
     88.5885849       0.0000000130659855
     88.6886902       0.0000000130365027
     88.7887878       0.0000000130071154
     88.8888855       0.0000000129778252
     88.9889908       0.0000000129486291
     89.0890884       0.0000000129195378
     89.1891861       0.0000000128905513
     89.2892914       0.0000000128616426
     89.3893890       0.0000000128328510
     89.4894867       0.0000000128041442
     89.5895920       0.0000000127755506
     89.6896896       0.0000000127470417
     89.7897873       0.0000000127186231
     89.8898926       0.0000000126903106
     89.9899902       0.0000000126620807
     90.0900879       0.0000000126339455
     90.1901932       0.0000000126059088
     90.2902908       0.0000000125779571
     90.3903885       0.0000000125501016
     90.4904938       0.0000000125223496
     90.5905914       0.0000000124946804
     90.6906891       0.0000000124671020
     90.7907944       0.0000000124396130
     90.8908920       0.0000000124122178
     90.9909897       0.0000000123849136
     91.0910873       0.0000000123577104
     91.1911926       0.0000000123305831
     91.2912903       0.0000000123035475
     91.3913879       0.0000000122766011
     91.4914932       0.0000000122497350
     91.5915909       0.0000000122229657
     91.6916885       0.0000000121962949
     91.7917938       0.0000000121696869
     91.8918915       0.0000000121431908
     91.9919891       0.0000000121167664
     92.0920944       0.0000000120904285
     92.1921921       0.0000000120641807
     92.2922897       0.0000000120380175
     92.3923950       0.0000000120119397
     92.4924927       0.0000000119859464
     92.5925903       0.0000000119600370
     92.6926956       0.0000000119342121
     92.7927933       0.0000000119084703
     92.8928909       0.0000000118828097
     92.9929962       0.0000000118572339
     93.0930939       0.0000000118317403
     93.1931915       0.0000000118063313
     93.2932968       0.0000000117809909
     93.3933945       0.0000000117557464
     93.4934921       0.0000000117305810
     93.5935898       0.0000000117054979
     93.6936951       0.0000000116804922
     93.7937927       0.0000000116555641
     93.8938904       0.0000000116307159
     93.9939957       0.0000000116059491
     94.0940933       0.0000000115812662
     94.1941910       0.0000000115566506
     94.2942963       0.0000000115321149
     94.3943939       0.0000000115076654
     94.4944916       0.0000000114832856
     94.5945969       0.0000000114589904
     94.6946945       0.0000000114347798
     94.7947922       0.0000000114106233
     94.8948975       0.0000000113865576
     94.9949951       0.0000000113625665
     95.0950928       0.0000000113386659
     95.1951981       0.0000000113148127
     95.2952957       0.0000000112910533
     95.3953934       0.0000000112673629
     95.4954987       0.0000000112437507
     95.5955963       0.0000000112201992
     95.6956940       0.0000000111967406
     95.7957993       0.0000000111733409
     95.8958969       0.0000000111500249
     95.9959946       0.0000000111267672
     96.0960999       0.0000000111035863
     96.1961975       0.0000000110804957
     96.2962952       0.0000000110574650
     96.3963928       0.0000000110345026
     96.4964981       0.0000000110116121
     96.5965958       0.0000000109887984
     96.6966934       0.0000000109660530
     96.7967987       0.0000000109433735
     96.8968964       0.0000000109207638
     96.9969940       0.0000000108982269
     97.0970993       0.0000000108757671
     97.1971970       0.0000000108533690
     97.2972946       0.0000000108310383
     97.3973999       0.0000000108087757
     97.4974976       0.0000000107865992
     97.5975952       0.0000000107644702
     97.6977005       0.0000000107424137
     97.7977982       0.0000000107204262
     97.8978958       0.0000000106985165
     97.9980011       0.0000000106766606
     98.0980988       0.0000000106548752
     98.1981964       0.0000000106331602
     98.2983017       0.0000000106115065
     98.3983994       0.0000000105899194
     98.4984970       0.0000000105683991
     98.5986023       0.0000000105469530
     98.6987000       0.0000000105255642
     98.7987976       0.0000000105042398
     98.8988953       0.0000000104829795
     98.9990005       0.0000000104617985
     99.0990982       0.0000000104406683
     99.1991959       0.0000000104195910
     99.2993011       0.0000000103985969
     99.3993988       0.0000000103776573
     99.4994965       0.0000000103567818
     99.5996017       0.0000000103359666
     99.6996994       0.0000000103152061
     99.7997971       0.0000000102945285
     99.8999023       0.0000000102738910
    100.0000000       0.0000000102533282
