# x		H(x,a)
      0.0000000       1.0000000000000000
      0.1001001       0.9900299906730652
      0.2002002       0.9607124924659729
      0.3003003       0.9137664437294006
      0.4004004       0.8518707156181335
      0.5005005       0.7784109115600586
      0.6006006       0.6971734166145325
      0.7007007       0.6120254397392273
      0.8008008       0.5266169309616089
      0.9009009       0.4441368877887726
      1.0010010       0.3671553737800466
      1.1011012       0.2975094831467681
      1.2012012       0.2362988821009961
      1.3013012       0.1839628059205259
      1.4014014       0.1403803557016475
      1.5015016       0.1050010992651432
      1.6016016       0.0769835888619341
      1.7017016       0.0553257957449938
      1.8018018       0.0389757796304760
      1.9019020       0.0269165102720658
      2.0020020       0.0182233574735667
      2.1021020       0.0120967093071366
      2.2022023       0.0078741421981743
      2.3023024       0.0050274334152918
      2.4024024       0.0031497131878118
      2.5025024       0.0019375982835493
      2.6026025       0.0011716535206899
      2.7027028       0.0006977034997093
      2.8028028       0.0004104062552361
      2.9029028       0.0002396934443574
      3.0030031       0.0001401644010340
      3.1031032       0.0000831415898777
      3.2032032       0.0000509549526169
      3.3033032       0.0000329785256840
      3.4034033       0.0000229726354425
      3.5035036       0.0000173569996828
      3.6036036       0.0000141230136278
      3.7037036       0.0000121676700584
      3.8038039       0.0000108973060316
      3.9039040       0.0000099979707459
      4.0040040       0.0000093058933780
      4.1041040       0.0000087362497226
      4.2042041       0.0000082449150341
      4.3043041       0.0000078084142010
      4.4044046       0.0000074136998738
      4.5045047       0.0000070529289618
      4.6046047       0.0000067209608587
      4.7047048       0.0000064140870393
      4.8048048       0.0000061294369582
      4.9049048       0.0000058646589192
      5.0050049       0.0000056177611530
      5.1051049       0.0000053870300411
      5.2052050       0.0000051709767393
      5.3053055       0.0000049682902114
      5.4054055       0.0000047778085526
      5.5055056       0.0000045985117776
      5.6056056       0.0000044294907556
      5.7057056       0.0000042699105612
      5.8058057       0.0000041190571360
      5.9059057       0.0000039762685896
      6.0060062       0.0000038409426101
      6.1061063       0.0000037125608215
      6.2062063       0.0000035906274850
      6.3063064       0.0000034747017767
      6.4064064       0.0000033643796531
      6.5065064       0.0000032592969300
      6.6066065       0.0000031591155062
      6.7067065       0.0000030635282566
      6.8068066       0.0000029722515566
      6.9069071       0.0000028850201598
      7.0070071       0.0000028015965249
      7.1071072       0.0000027217637896
      7.2072072       0.0000026453086172
      7.3073072       0.0000025720376887
      7.4074073       0.0000025017845299
      7.5075073       0.0000024343730234
      7.6076078       0.0000023696575203
      7.7077079       0.0000023074914197
      7.8078079       0.0000022477428309
      7.9079080       0.0000021902854621
      8.0080080       0.0000021350043543
      8.1081085       0.0000020817922728
      8.2082081       0.0000020305432567
      8.3083086       0.0000019811636573
      8.4084082       0.0000019335630300
      8.5085087       0.0000018876540454
      8.6086082       0.0000018433635432
      8.7087088       0.0000018006105388
      8.8088093       0.0000017593262258
      8.9089088       0.0000017194444209
      9.0090094       0.0000016809017134
      9.1091089       0.0000016436404391
      9.2092094       0.0000016076023929
      9.3093090       0.0000015727344934
      9.4094095       0.0000015389882301
      9.5095091       0.0000015063157363
      9.6096096       0.0000014746730912
      9.7097101       0.0000014440146609
      9.8098097       0.0000014143012843
      9.9099102       0.0000013854967409
     10.0100098       0.0000013575598495
     10.1101103       0.0000013304582319
     10.2102098       0.0000013041620645
     10.3103104       0.0000012786359422
     10.4104099       0.0000012538527231
     10.5105104       0.0000012297809422
     10.6106110       0.0000012063967650
     10.7107105       0.0000011836720562
     10.8108110       0.0000011615822560
     10.9109106       0.0000011401050403
     11.0110111       0.0000011192181571
     11.1111107       0.0000010988997065
     11.2112112       0.0000010791295539
     11.3113117       0.0000010598883747
     11.4114113       0.0000010411571432
     11.5115118       0.0000010229172668
     11.6116114       0.0000010051515207
     11.7117119       0.0000009878463376
     11.8118114       0.0000009709834613
     11.9119120       0.0000009545483754
     12.0120125       0.0000009385278088
     12.1121120       0.0000009229059382
     12.2122126       0.0000009076727887
     12.3123121       0.0000008928127537
     12.4124126       0.0000008783145915
     12.5125122       0.0000008641672089
     12.6126127       0.0000008503586701
     12.7127123       0.0000008368787564
     12.8128128       0.0000008237174916
     12.9129133       0.0000008108637847
     13.0130129       0.0000007983088488
     13.1131134       0.0000007860423897
     13.2132130       0.0000007740574912
     13.3133135       0.0000007623444573
     13.4134130       0.0000007508969657
     13.5135136       0.0000007397034844
     13.6136131       0.0000007287594404
     13.7137136       0.0000007180569244
     13.8138142       0.0000007075884664
     13.9139137       0.0000006973462525
     14.0140142       0.0000006873262318
     14.1141138       0.0000006775210764
     14.2142143       0.0000006679237528
     14.3143139       0.0000006585286146
     14.4144144       0.0000006493308348
     14.5145149       0.0000006403249521
     14.6146145       0.0000006315050458
     14.7147150       0.0000006228667266
     14.8148146       0.0000006144040543
     14.9149151       0.0000006061123843
     15.0150146       0.0000005979888998
     15.1151152       0.0000005900261441
     15.2152157       0.0000005822226592
     15.3153152       0.0000005745729023
     15.4154158       0.0000005670729326
     15.5155153       0.0000005597190410
     15.6156158       0.0000005525070883
     15.7157154       0.0000005454347238
     15.8158159       0.0000005384968128
     15.9159155       0.0000005316904085
     16.0160160       0.0000005250122275
     16.1161156       0.0000005184599168
     16.2162170       0.0000005120292045
     16.3163166       0.0000005057175809
     16.4164162       0.0000004995215508
     16.5165157       0.0000004934397657
     16.6166172       0.0000004874676944
     16.7167168       0.0000004816036446
     16.8168163       0.0000004758452943
     16.9169178       0.0000004701895343
     17.0170174       0.0000004646340848
     17.1171169       0.0000004591764962
     17.2172165       0.0000004538149070
     17.3173180       0.0000004485461453
     17.4174175       0.0000004433693910
     17.5175171       0.0000004382818651
     17.6176186       0.0000004332807870
     17.7177181       0.0000004283655116
     17.8178177       0.0000004235335340
     17.9179173       0.0000004187825643
     18.0180187       0.0000004141111768
     18.1181183       0.0000004095180778
     18.2182178       0.0000004050007672
     18.3183174       0.0000004005582491
     18.4184189       0.0000003961879726
     18.5185184       0.0000003918888323
     18.6186180       0.0000003876595441
     18.7187195       0.0000003834990303
     18.8188190       0.0000003794044554
     18.9189186       0.0000003753753380
     19.0190182       0.0000003714099847
     19.1191196       0.0000003675075992
     19.2192192       0.0000003636663984
     19.3193188       0.0000003598848602
     19.4194202       0.0000003561624131
     19.5195198       0.0000003524975370
     19.6196194       0.0000003488889231
     19.7197189       0.0000003453351079
     19.8198204       0.0000003418355143
     19.9199200       0.0000003383894601
     20.0200195       0.0000003349947907
     20.1201210       0.0000003316508256
     20.2202206       0.0000003283571975
     20.3203201       0.0000003251122110
     20.4204197       0.0000003219152481
     20.5205212       0.0000003187653099
     20.6206207       0.0000003156611177
     20.7207203       0.0000003126024752
     20.8208199       0.0000003095878030
     20.9209213       0.0000003066170230
     21.0210209       0.0000003036886792
     21.1211205       0.0000003008018223
     21.2212219       0.0000002979560846
     21.3213215       0.0000002951506885
     21.4214211       0.0000002923846467
     21.5215206       0.0000002896578011
     21.6216221       0.0000002869685768
     21.7217216       0.0000002843168632
     21.8218212       0.0000002817012182
     21.9219227       0.0000002791219837
     22.0220222       0.0000002765782883
     22.1221218       0.0000002740688284
     22.2222214       0.0000002715936881
     22.3223228       0.0000002691518229
     22.4224224       0.0000002667425876
     22.5225220       0.0000002643658679
     22.6226234       0.0000002620207332
     22.7227230       0.0000002597066176
     22.8228226       0.0000002574232075
     22.9229221       0.0000002551696673
     23.0230236       0.0000002529456077
     23.1231232       0.0000002507507984
     23.2232227       0.0000002485843057
     23.3233242       0.0000002464455623
     23.4234238       0.0000002443344289
     23.5235233       0.0000002422506501
     23.6236229       0.0000002401931246
     23.7237244       0.0000002381620191
     23.8238239       0.0000002361563359
     23.9239235       0.0000002341759975
     24.0240250       0.0000002322202230
     24.1241245       0.0000002302893187
     24.2242241       0.0000002283820460
     24.3243237       0.0000002264986040
     24.4244251       0.0000002246381639
     24.5245247       0.0000002228008852
     24.6246243       0.0000002209860248
     24.7247238       0.0000002191930923
     24.8248253       0.0000002174221797
     24.9249249       0.0000002156722986
     25.0250244       0.0000002139437252
     25.1251259       0.0000002122357841
     25.2252254       0.0000002105483966
     25.3253250       0.0000002088810204
     25.4254246       0.0000002072331063
     25.5255260       0.0000002056049268
     25.6256256       0.0000002039956895
     25.7257252       0.0000002024054152
     25.8258266       0.0000002008337187
     25.9259262       0.0000001992802413
     26.0260258       0.0000001977445905
     26.1261253       0.0000001962269277
     26.2262268       0.0000001947264703
     26.3263264       0.0000001932430835
     26.4264259       0.0000001917767598
     26.5265274       0.0000001903268356
     26.6266270       0.0000001888936834
     26.7267265       0.0000001874765066
     26.8268261       0.0000001860752328
     26.9269276       0.0000001846896604
     27.0270271       0.0000001833193770
     27.1271267       0.0000001819644392
     27.2272263       0.0000001806244370
     27.3273277       0.0000001792992267
     27.4274273       0.0000001779886282
     27.5275269       0.0000001766922336
     27.6276283       0.0000001754099257
     27.7277279       0.0000001741416912
     27.8278275       0.0000001728870788
     27.9279270       0.0000001716459300
     28.0280285       0.0000001704182724
     28.1281281       0.0000001692035069
     28.2282276       0.0000001680020761
     28.3283291       0.0000001668129943
     28.4284286       0.0000001656368211
     28.5285282       0.0000001644728294
     28.6286278       0.0000001633212116
     28.7287292       0.0000001621815777
     28.8288288       0.0000001610538806
     28.9289284       0.0000001599379274
     29.0290298       0.0000001588334487
     29.1291294       0.0000001577404838
     29.2292290       0.0000001566587208
     29.3293285       0.0000001555881974
     29.4294300       0.0000001545285189
     29.5295296       0.0000001534795511
     29.6296291       0.0000001524412772
     29.7297306       0.0000001514135351
     29.8298302       0.0000001503960746
     29.9299297       0.0000001493889481
     30.0300293       0.0000001483920162
     30.1301308       0.0000001474046940
     30.2302303       0.0000001464275339
     30.3303299       0.0000001454598940
     30.4304314       0.0000001445019578
     30.5305309       0.0000001435533565
     30.6306305       0.0000001426140327
     30.7307301       0.0000001416840434
     30.8308315       0.0000001407630285
     30.9309311       0.0000001398509755
     31.0310307       0.0000001389478553
     31.1311302       0.0000001380533267
     31.2312317       0.0000001371674868
     31.3313313       0.0000001362902245
     31.4314308       0.0000001354211948
     31.5315323       0.0000001345605394
     31.6316319       0.0000001337081070
     31.7317314       0.0000001328636213
     31.8318310       0.0000001320273233
     31.9319324       0.0000001311986004
     32.0320320       0.0000001303778881
     32.1321335       0.0000001295650067
     32.2322311       0.0000001287594164
     32.3323326       0.0000001279614679
     32.4324341       0.0000001271708124
     32.5325317       0.0000001263875904
     32.6326332       0.0000001256115386
     32.7327309       0.0000001248425358
     32.8328323       0.0000001240806235
     32.9329338       0.0000001233256793
     33.0330315       0.0000001225776011
     33.1331329       0.0000001218363357
     33.2332344       0.0000001211019415
     33.3333321       0.0000001203740003
     33.4334335       0.0000001196525519
     33.5335350       0.0000001189376585
     33.6336327       0.0000001182290702
     33.7337341       0.0000001175268504
     33.8338356       0.0000001168309532
     33.9339333       0.0000001161411058
     34.0340347       0.0000001154573823
     34.1341324       0.0000001147798831
     34.2342339       0.0000001141080737
     34.3343353       0.0000001134421194
     34.4344330       0.0000001127821728
     34.5345345       0.0000001121278825
     34.6346359       0.0000001114792503
     34.7347336       0.0000001108363795
     34.8348351       0.0000001101988789
     34.9349365       0.0000001095669408
     35.0350342       0.0000001089404250
     35.1351357       0.0000001083192678
     35.2352371       0.0000001077033126
     35.3353348       0.0000001070927451
     35.4354362       0.0000001064873183
     35.5355339       0.0000001058870368
     35.6356354       0.0000001052916951
     35.7357368       0.0000001047015629
     35.8358345       0.0000001041162821
     35.9359360       0.0000001035358569
     36.0360374       0.0000001029602779
     36.1361351       0.0000001023895096
     36.2362366       0.0000001018235412
     36.3363380       0.0000001012621400
     36.4364357       0.0000001007054067
     36.5365372       0.0000001001532500
     36.6366348       0.0000000996056592
     36.7367363       0.0000000990626078
     36.8368378       0.0000000985239054
     36.9369354       0.0000000979896189
     37.0370369       0.0000000974595504
     37.1371384       0.0000000969339430
     37.2372360       0.0000000964125760
     37.3373375       0.0000000958952097
     37.4374390       0.0000000953821803
     37.5375366       0.0000000948732382
     37.6376381       0.0000000943682531
     37.7377396       0.0000000938673516
     37.8378372       0.0000000933706137
     37.9379387       0.0000000928775157
     38.0380363       0.0000000923884828
     38.1381378       0.0000000919032755
     38.2382393       0.0000000914218449
     38.3383369       0.0000000909442318
     38.4384384       0.0000000904704107
     38.5385399       0.0000000900002036
     38.6386375       0.0000000895336004
     38.7387390       0.0000000890707669
     38.8388405       0.0000000886113729
     38.9389381       0.0000000881555547
     39.0390396       0.0000000877033040
     39.1391373       0.0000000872544428
     39.2392387       0.0000000868091721
     39.3393402       0.0000000863672178
     39.4394379       0.0000000859285919
     39.5395393       0.0000000854932999
     39.6396408       0.0000000850613156
     39.7397385       0.0000000846325654
     39.8398399       0.0000000842072550
     39.9399414       0.0000000837849248
     40.0400391       0.0000000833658870
     40.1401405       0.0000000829498573
     40.2402420       0.0000000825370686
     40.3403397       0.0000000821272982
     40.4404411       0.0000000817205302
     40.5405388       0.0000000813168471
     40.6406403       0.0000000809161107
     40.7407417       0.0000000805183547
     40.8408394       0.0000000801235809
     40.9409409       0.0000000797316368
     41.0410423       0.0000000793425484
     41.1411400       0.0000000789563450
     41.2412415       0.0000000785728623
     41.3413429       0.0000000781922988
     41.4414406       0.0000000778144439
     41.5415421       0.0000000774392653
     41.6416397       0.0000000770668230
     41.7417412       0.0000000766971385
     41.8418427       0.0000000763300149
     41.9419403       0.0000000759655303
     42.0420418       0.0000000756037404
     42.1421432       0.0000000752444701
     42.2422409       0.0000000748876956
     42.3423424       0.0000000745335654
     42.4424438       0.0000000741818499
     42.5425415       0.0000000738327110
     42.6426430       0.0000000734859496
     42.7427444       0.0000000731416353
     42.8428421       0.0000000727998199
     42.9429436       0.0000000724603077
     43.0430412       0.0000000721231289
     43.1431427       0.0000000717884078
     43.2432442       0.0000000714559368
     43.3433418       0.0000000711258360
     43.4434433       0.0000000707979890
     43.5435448       0.0000000704723927
     43.6436424       0.0000000701490731
     43.7437439       0.0000000698278716
     43.8438454       0.0000000695089968
     43.9439430       0.0000000691922352
     44.0440445       0.0000000688776713
     44.1441460       0.0000000685652450
     44.2442436       0.0000000682548828
     44.3443451       0.0000000679466344
     44.4444427       0.0000000676406082
     44.5445442       0.0000000673365181
     44.6446457       0.0000000670344243
     44.7447433       0.0000000667344823
     44.8448448       0.0000000664365000
     44.9449463       0.0000000661404495
     45.0450439       0.0000000658464728
     45.1451454       0.0000000655544862
     45.2452469       0.0000000652643027
     45.3453445       0.0000000649761293
     45.4454460       0.0000000646898572
     45.5455437       0.0000000644054187
     45.6456451       0.0000000641228698
     45.7457466       0.0000000638422417
     45.8458443       0.0000000635633704
     45.9459457       0.0000000632863986
     46.0460472       0.0000000630111780
     46.1461449       0.0000000627377437
     46.2462463       0.0000000624661051
     46.3463478       0.0000000621962236
     46.4464455       0.0000000619281280
     46.5465469       0.0000000616617204
     46.6466484       0.0000000613970199
     46.7467461       0.0000000611340341
     46.8468475       0.0000000608726934
     46.9469452       0.0000000606131306
     47.0470467       0.0000000603551634
     47.1471481       0.0000000600988394
     47.2472458       0.0000000598441188
     47.3473473       0.0000000595910472
     47.4474487       0.0000000593396055
     47.5475464       0.0000000590897015
     47.6476479       0.0000000588414190
     47.7477493       0.0000000585946323
     47.8478470       0.0000000583494358
     47.9479485       0.0000000581057701
     48.0480499       0.0000000578636421
     48.1481476       0.0000000576230666
     48.2482491       0.0000000573839053
     48.3483467       0.0000000571462479
     48.4484482       0.0000000569101130
     48.5485497       0.0000000566754042
     48.6486473       0.0000000564421867
     48.7487488       0.0000000562103694
     48.8488503       0.0000000559799489
     48.9489479       0.0000000557509979
     49.0490494       0.0000000555233891
     49.1491508       0.0000000552971628
     49.2492485       0.0000000550724325
     49.3493500       0.0000000548489680
     49.4494476       0.0000000546269078
     49.5495491       0.0000000544062111
     49.6496506       0.0000000541867081
     49.7497482       0.0000000539686797
     49.8498497       0.0000000537519383
     49.9499512       0.0000000535364649
     50.0500488       0.0000000533223375
     50.1501503       0.0000000531094283
     50.2502518       0.0000000528978177
     50.3503494       0.0000000526874931
     50.4504509       0.0000000524783980
     50.5505524       0.0000000522705704
     50.6506500       0.0000000520639258
     50.7507515       0.0000000518585429
     50.8508492       0.0000000516543964
     50.9509506       0.0000000514514060
     51.0510521       0.0000000512496366
     51.1511497       0.0000000510490391
     51.2512512       0.0000000508495557
     51.3513527       0.0000000506513294
     51.4514503       0.0000000504542356
     51.5515518       0.0000000502583161
     51.6516533       0.0000000500635134
     51.7517509       0.0000000498698372
     51.8518524       0.0000000496772803
     51.9519501       0.0000000494858287
     52.0520515       0.0000000492954543
     52.1521530       0.0000000491062079
     52.2522507       0.0000000489180894
     52.3523521       0.0000000487310468
     52.4524536       0.0000000485450074
     52.5525513       0.0000000483600507
     52.6526527       0.0000000481761757
     52.7527542       0.0000000479933951
     52.8528519       0.0000000478115970
     52.9529533       0.0000000476307833
     53.0530548       0.0000000474510944
     53.1531525       0.0000000472723418
     53.2532539       0.0000000470946202
     53.3533516       0.0000000469179330
     53.4534531       0.0000000467421624
     53.5535545       0.0000000465674391
     53.6536522       0.0000000463936776
     53.7537537       0.0000000462209384
     53.8538551       0.0000000460490250
     53.9539528       0.0000000458781976
     54.0540543       0.0000000457082698
     54.1541557       0.0000000455393170
     54.2542534       0.0000000453712458
     54.3543549       0.0000000452041435
     54.4544525       0.0000000450379727
     54.5545540       0.0000000448727147
     54.6546555       0.0000000447082869
     54.7547531       0.0000000445448827
     54.8548546       0.0000000443823059
     54.9549561       0.0000000442206201
     55.0550537       0.0000000440597929
     55.1551552       0.0000000438998721
     55.2552567       0.0000000437408088
     55.3553543       0.0000000435826369
     55.4554558       0.0000000434253009
     55.5555573       0.0000000432688022
     55.6556549       0.0000000431131756
     55.7557564       0.0000000429583910
     55.8558540       0.0000000428044037
     55.9559555       0.0000000426512876
     56.0560570       0.0000000424989683
     56.1561546       0.0000000423474990
     56.2562561       0.0000000421967705
     56.3563576       0.0000000420468396
     56.4564552       0.0000000418977880
     56.5565567       0.0000000417494318
     56.6566582       0.0000000416019652
     56.7567558       0.0000000414552059
     56.8568573       0.0000000413092169
     56.9569588       0.0000000411640480
     57.0570564       0.0000000410195978
     57.1571579       0.0000000408759881
     57.2572556       0.0000000407330155
     57.3573570       0.0000000405908424
     57.4574585       0.0000000404494218
     57.5575562       0.0000000403087500
     57.6576576       0.0000000401688194
     57.7577591       0.0000000400295768
     57.8578568       0.0000000398910504
     57.9579582       0.0000000397532837
     58.0580597       0.0000000396162164
     58.1581573       0.0000000394798669
     58.2582588       0.0000000393442178
     58.3583565       0.0000000392092185
     58.4584579       0.0000000390749474
     58.5585594       0.0000000389413825
     58.6586571       0.0000000388084616
     58.7587585       0.0000000386762717
     58.8588600       0.0000000385447413
     58.9589577       0.0000000384138164
     59.0590591       0.0000000382836454
     59.1591606       0.0000000381540973
     59.2592583       0.0000000380252094
     59.3593597       0.0000000378969540
     59.4594612       0.0000000377693819
     59.5595589       0.0000000376424187
     59.6596603       0.0000000375161256
     59.7597580       0.0000000373904650
     59.8598595       0.0000000372653919
     59.9599609       0.0000000371410034
     60.0600586       0.0000000370172121
     60.1601601       0.0000000368940309
     60.2602615       0.0000000367714713
     60.3603592       0.0000000366495260
     60.4604607       0.0000000365281670
     60.5605621       0.0000000364074327
     60.6606598       0.0000000362872982
     60.7607613       0.0000000361677246
     60.8608627       0.0000000360487427
     60.9609604       0.0000000359304074
     61.0610619       0.0000000358125823
     61.1611595       0.0000000356953941
     61.2612610       0.0000000355787617
     61.3613625       0.0000000354627054
     61.4614601       0.0000000353471712
     61.5615616       0.0000000352322147
     61.6616631       0.0000000351178588
     61.7617607       0.0000000350040382
     61.8618622       0.0000000348907575
     61.9619637       0.0000000347780281
     62.0620613       0.0000000346658698
     62.1621628       0.0000000345542616
     62.2622604       0.0000000344431047
     62.3623619       0.0000000343325928
     62.4624634       0.0000000342225355
     62.5625610       0.0000000341130490
     62.6626625       0.0000000340040450
     62.7627640       0.0000000338956347
     62.8628616       0.0000000337876708
     62.9629631       0.0000000336802623
     63.0630646       0.0000000335733497
     63.1631622       0.0000000334669704
     63.2632637       0.0000000333610530
     63.3633652       0.0000000332556611
     63.4634628       0.0000000331507643
     63.5635643       0.0000000330463778
     63.6636620       0.0000000329424563
     63.7637634       0.0000000328390274
     63.8638649       0.0000000327360879
     63.9639626       0.0000000326336408
     64.0640640       0.0000000325317112
     64.1641617       0.0000000324302147
     64.2642670       0.0000000323291580
     64.3643646       0.0000000322286298
     64.4644623       0.0000000321285672
     64.5645676       0.0000000320289486
     64.6646652       0.0000000319297874
     64.7647629       0.0000000318311244
     64.8648682       0.0000000317328798
     64.9649658       0.0000000316351118
     65.0650635       0.0000000315377840
     65.1651688       0.0000000314408806
     65.2652664       0.0000000313444627
     65.3653641       0.0000000312484855
     65.4654617       0.0000000311529294
     65.5655670       0.0000000310578123
     65.6656647       0.0000000309631455
     65.7657623       0.0000000308689140
     65.8658676       0.0000000307750707
     65.9659653       0.0000000306816950
     66.0660629       0.0000000305887452
     66.1661682       0.0000000304962113
     66.2662659       0.0000000304040660
     66.3663635       0.0000000303123774
     66.4664688       0.0000000302210991
     66.5665665       0.0000000301301967
     66.6666641       0.0000000300397224
     66.7667694       0.0000000299496630
     66.8668671       0.0000000298599900
     66.9669647       0.0000000297707719
     67.0670700       0.0000000296818975
     67.1671677       0.0000000295934429
     67.2672653       0.0000000295053973
     67.3673706       0.0000000294177054
     67.4674683       0.0000000293304441
     67.5675659       0.0000000292435587
     67.6676712       0.0000000291570508
     67.7677689       0.0000000290709100
     67.8678665       0.0000000289851513
     67.9679642       0.0000000288998010
     68.0680695       0.0000000288148020
     68.1681671       0.0000000287302068
     68.2682648       0.0000000286459692
     68.3683701       0.0000000285620967
     68.4684677       0.0000000284785881
     68.5685654       0.0000000283954417
     68.6686707       0.0000000283126948
     68.7687683       0.0000000282302651
     68.8688660       0.0000000281482213
     68.9689713       0.0000000280665167
     69.0690689       0.0000000279851940
     69.1691666       0.0000000279041939
     69.2692719       0.0000000278235654
     69.3693695       0.0000000277432811
     69.4694672       0.0000000276633300
     69.5695724       0.0000000275837223
     69.6696701       0.0000000275044906
     69.7697678       0.0000000274255875
     69.8698730       0.0000000273470069
     69.9699707       0.0000000272687535
     70.0700684       0.0000000271909009
     70.1701736       0.0000000271133219
     70.2702713       0.0000000270360740
     70.3703690       0.0000000269591715
     70.4704742       0.0000000268825761
     70.5705719       0.0000000268063519
     70.6706696       0.0000000267304185
     70.7707672       0.0000000266548180
     70.8708725       0.0000000265795376
     70.9709702       0.0000000265045644
     71.0710678       0.0000000264299146
     71.1711731       0.0000000263555818
     71.2712708       0.0000000262815580
     71.3713684       0.0000000262078638
     71.4714737       0.0000000261344725
     71.5715714       0.0000000260613809
     71.6716690       0.0000000259885954
     71.7717743       0.0000000259160988
     71.8718719       0.0000000258439147
     71.9719696       0.0000000257720519
     72.0720749       0.0000000257004782
     72.1721725       0.0000000256291952
     72.2722702       0.0000000255582256
     72.3723755       0.0000000254875176
     72.4724731       0.0000000254171292
     72.5725708       0.0000000253470269
     72.6726761       0.0000000252772042
     72.7727737       0.0000000252076663
     72.8728714       0.0000000251384352
     72.9729767       0.0000000250694778
     73.0730743       0.0000000250008063
     73.1731720       0.0000000249324238
     73.2732697       0.0000000248643415
     73.3733749       0.0000000247964850
     73.4734726       0.0000000247289263
     73.5735703       0.0000000246616678
     73.6736755       0.0000000245946543
     73.7737732       0.0000000245278970
     73.8738708       0.0000000244614484
     73.9739761       0.0000000243952739
     74.0740738       0.0000000243293610
     74.1741714       0.0000000242636983
     74.2742767       0.0000000241983018
     74.3743744       0.0000000241331920
     74.4744720       0.0000000240683284
     74.5745773       0.0000000240037257
     74.6746750       0.0000000239393656
     74.7747726       0.0000000238752946
     74.8748779       0.0000000238114814
     74.9749756       0.0000000237479033
     75.0750732       0.0000000236845846
     75.1751785       0.0000000236215256
     75.2752762       0.0000000235587100
     75.3753738       0.0000000234961236
     75.4754791       0.0000000234338372
     75.5755768       0.0000000233717687
     75.6756744       0.0000000233099310
     75.7757721       0.0000000232483676
     75.8758774       0.0000000231870542
     75.9759750       0.0000000231259718
     76.0760727       0.0000000230651269
     76.1761780       0.0000000230044962
     76.2762756       0.0000000229441327
     76.3763733       0.0000000228840039
     76.4764786       0.0000000228241108
     76.5765762       0.0000000227644585
     76.6766739       0.0000000227050175
     76.7767792       0.0000000226458263
     76.8768768       0.0000000225868712
     76.9769745       0.0000000225281581
     77.0770798       0.0000000224696363
     77.1771774       0.0000000224113596
     77.2772751       0.0000000223533312
     77.3773804       0.0000000222954834
     77.4774780       0.0000000222378839
     77.5775757       0.0000000221804957
     77.6776810       0.0000000221233505
     77.7777786       0.0000000220663943
     77.8778763       0.0000000220096946
     77.9779816       0.0000000219532062
     78.0780792       0.0000000218969412
     78.1781769       0.0000000218408740
     78.2782745       0.0000000217850181
     78.3783798       0.0000000217293674
     78.4784775       0.0000000216739400
     78.5785751       0.0000000216187506
     78.6786804       0.0000000215637613
     78.7787781       0.0000000215089747
     78.8788757       0.0000000214543917
     78.9789810       0.0000000214000119
     79.0790787       0.0000000213458448
     79.1791763       0.0000000212918870
     79.2792816       0.0000000212381319
     79.3793793       0.0000000211845794
     79.4794769       0.0000000211312317
     79.5795822       0.0000000210780811
     79.6796799       0.0000000210251117
     79.7797775       0.0000000209723762
     79.8798828       0.0000000209198229
     79.9799805       0.0000000208674546
     80.0800781       0.0000000208153002
     80.1801834       0.0000000207633298
     80.2802811       0.0000000207115648
     80.3803787       0.0000000206599965
     80.4804840       0.0000000206086063
     80.5805817       0.0000000205574215
     80.6806793       0.0000000205064405
     80.7807770       0.0000000204556192
     80.8808823       0.0000000204049990
     80.9809799       0.0000000203545548
     81.0810776       0.0000000203042953
     81.1811829       0.0000000202542494
     81.2812805       0.0000000202043718
     81.3813782       0.0000000201546739
     81.4814835       0.0000000201051672
     81.5815811       0.0000000200558434
     81.6816788       0.0000000200066883
     81.7817841       0.0000000199577116
     81.8818817       0.0000000199089180
     81.9819794       0.0000000198603154
     82.0820847       0.0000000198119026
     82.1821823       0.0000000197636471
     82.2822800       0.0000000197155654
     82.3823853       0.0000000196676651
     82.4824829       0.0000000196199369
     82.5825806       0.0000000195723778
     82.6826859       0.0000000195250016
     82.7827835       0.0000000194777979
     82.8828812       0.0000000194307598
     82.9829865       0.0000000193838951
     83.0830841       0.0000000193371965
     83.1831818       0.0000000192906561
     83.2832794       0.0000000192442867
     83.3833847       0.0000000191980948
     83.4834824       0.0000000191520766
     83.5835800       0.0000000191061922
     83.6836853       0.0000000190605212
     83.7837830       0.0000000190149685
     83.8838806       0.0000000189696059
     83.9839859       0.0000000189243969
     84.0840836       0.0000000188793315
     84.1841812       0.0000000188344586
     84.2842865       0.0000000187897390
     84.3843842       0.0000000187451646
     84.4844818       0.0000000187007421
     84.5845871       0.0000000186564997
     84.6846848       0.0000000186124069
     84.7847824       0.0000000185684644
     84.8848877       0.0000000185246632
     84.9849854       0.0000000184810415
     85.0850830       0.0000000184375639
     85.1851883       0.0000000183942426
     85.2852859       0.0000000183510805
     85.3853836       0.0000000183080547
     85.4854889       0.0000000182651987
     85.5855865       0.0000000182224745
     85.6856842       0.0000000181799313
     85.7857895       0.0000000181375014
     85.8858871       0.0000000180952238
     85.9859848       0.0000000180531032
     86.0860825       0.0000000180111200
     86.1861877       0.0000000179692991
     86.2862854       0.0000000179276274
     86.3863831       0.0000000178860820
     86.4864883       0.0000000178446680
     86.5865860       0.0000000178034293
     86.6866837       0.0000000177623335
     86.7867889       0.0000000177213580
     86.8868866       0.0000000176805318
     86.9869843       0.0000000176398528
     87.0870895       0.0000000175993089
     87.1871872       0.0000000175588865
     87.2872849       0.0000000175186260
     87.3873901       0.0000000174785017
     87.4874878       0.0000000174385376
     87.5875854       0.0000000173986670
     87.6876907       0.0000000173589689
     87.7877884       0.0000000173193821
     87.8878860       0.0000000172799451
     87.9879913       0.0000000172406328
     88.0880890       0.0000000172014413
     88.1881866       0.0000000171624050
     88.2882919       0.0000000171235110
     88.3883896       0.0000000170847342
     88.4884872       0.0000000170460792
     88.5885849       0.0000000170075655
     88.6886902       0.0000000169691877
     88.7887878       0.0000000169309355
     88.8888855       0.0000000168928101
     88.9889908       0.0000000168548076
     89.0890884       0.0000000168169390
     89.1891861       0.0000000167792083
     89.2892914       0.0000000167415789
     89.3893890       0.0000000167041014
     89.4894867       0.0000000166667353
     89.5895920       0.0000000166295167
     89.6896896       0.0000000165924060
     89.7897873       0.0000000165554151
     89.8898926       0.0000000165185628
     89.9899902       0.0000000164818152
     90.0900879       0.0000000164451946
     90.1901932       0.0000000164086992
     90.2902908       0.0000000163723144
     90.3903885       0.0000000163360556
     90.4904938       0.0000000162999313
     90.5905914       0.0000000162639168
     90.6906891       0.0000000162280181
     90.7907944       0.0000000161922370
     90.8908920       0.0000000161565789
     90.9909897       0.0000000161210358
     91.0910873       0.0000000160856271
     91.1911926       0.0000000160503158
     91.2912903       0.0000000160151251
     91.3913879       0.0000000159800503
     91.4914932       0.0000000159450807
     91.5915909       0.0000000159102346
     91.6916885       0.0000000158755180
     91.7917938       0.0000000158408823
     91.8918915       0.0000000158063943
     91.9919891       0.0000000157719990
     92.0920944       0.0000000157377152
     92.1921921       0.0000000157035488
     92.2922897       0.0000000156694937
     92.3923950       0.0000000156355498
     92.4924927       0.0000000156017156
     92.5925903       0.0000000155679894
     92.6926956       0.0000000155343728
     92.7927933       0.0000000155008660
     92.8928909       0.0000000154674629
     92.9929962       0.0000000154341722
     93.0930939       0.0000000154009895
     93.1931915       0.0000000153679150
     93.2932968       0.0000000153349291
     93.3933945       0.0000000153020692
     93.4934921       0.0000000152693127
     93.5935898       0.0000000152366642
     93.6936951       0.0000000152041160
     93.7937927       0.0000000151716670
     93.8938904       0.0000000151393237
     93.9939957       0.0000000151070856
     94.0940933       0.0000000150749557
     94.1941910       0.0000000150429131
     94.2942963       0.0000000150109765
     94.3943939       0.0000000149791520
     94.4944916       0.0000000149474167
     94.5945969       0.0000000149157927
     94.6946945       0.0000000148842777
     94.7947922       0.0000000148528345
     94.8948975       0.0000000148215098
     94.9949951       0.0000000147902820
     95.0950928       0.0000000147591704
     95.1951981       0.0000000147281205
     95.2952957       0.0000000146971937
     95.3953934       0.0000000146663586
     95.4954987       0.0000000146356213
     95.5955963       0.0000000146049664
     95.6956940       0.0000000145744311
     95.7957993       0.0000000145439728
     95.8958969       0.0000000145136225
     95.9959946       0.0000000144833485
     96.0960999       0.0000000144531756
     96.1961975       0.0000000144231196
     96.2962952       0.0000000143931399
     96.3963928       0.0000000143632490
     96.4964981       0.0000000143334559
     96.5965958       0.0000000143037599
     96.6966934       0.0000000142741523
     96.7967987       0.0000000142446312
     96.8968964       0.0000000142152011
     96.9969940       0.0000000141858666
     97.0970993       0.0000000141566302
     97.1971970       0.0000000141274735
     97.2972946       0.0000000140984085
     97.3973999       0.0000000140694298
     97.4974976       0.0000000140405643
     97.5975952       0.0000000140117591
     97.6977005       0.0000000139830468
     97.7977982       0.0000000139544269
     97.8978958       0.0000000139259089
     97.9980011       0.0000000138974599
     98.0980988       0.0000000138691033
     98.1981964       0.0000000138408372
     98.2983017       0.0000000138126515
     98.3983994       0.0000000137845536
     98.4984970       0.0000000137565395
     98.5986023       0.0000000137286239
     98.6987000       0.0000000137007815
     98.7987976       0.0000000136730244
     98.8988953       0.0000000136453528
     98.9990005       0.0000000136177806
     99.0990982       0.0000000135902767
     99.1991959       0.0000000135628389
     99.2993011       0.0000000135355141
     99.3993988       0.0000000135082570
     99.4994965       0.0000000134810822
     99.5996017       0.0000000134539890
     99.6996994       0.0000000134269651
     99.7997971       0.0000000134000524
     99.8999023       0.0000000133731870
    100.0000000       0.0000000133464213
