# x		H(x,a)
      0.0000000       1.0000000000000000
      0.1001001       0.9900299906730652
      0.2002002       0.9607124924659729
      0.3003003       0.9137664437294006
      0.4004004       0.8518707156181335
      0.5005005       0.7784109115600586
      0.6006006       0.6971734166145325
      0.7007007       0.6120254397392273
      0.8008008       0.5266169309616089
      0.9009009       0.4441368877887726
      1.0010010       0.3671514829307177
      1.1011012       0.2974984688021496
      1.2012012       0.2362815883457142
      1.3013012       0.1839412200439178
      1.4014014       0.1403564957544832
      1.5015016       0.1049765975002906
      1.6016016       0.0769596037336774
      1.7017016       0.0553030620407888
      1.8018018       0.0389547023732340
      1.9019020       0.0268972597187722
      2.0020020       0.0182059486279745
      2.1021020       0.0120810623118821
      2.2022023       0.0078601250997781
      2.3023024       0.0050148908846222
      2.4024024       0.0031384848112032
      2.5025024       0.0019275294065875
      2.6026025       0.0011626011388667
      2.7027028       0.0006895389343349
      2.8028028       0.0004030158086877
      2.9029028       0.0002329778912591
      3.0030031       0.0001340378909104
      3.1031032       0.0000775302301184
      3.2032032       0.0000457953634151
      3.3033032       0.0000282164220863
      3.4034033       0.0000185615322428
      3.5035036       0.0000132570654541
      3.6036036       0.0000103000558961
      3.7037036       0.0000085922720890
      3.8038039       0.0000075440886132
      3.9039040       0.0000068449656644
      4.0040040       0.0000063340212108
      4.1041040       0.0000059288756947
      4.2042041       0.0000055874769129
      4.3043041       0.0000052881229639
      4.4044046       0.0000050192650203
      4.5045047       0.0000047743569157
      4.6046047       0.0000045493620512
      4.7047048       0.0000043415294090
      4.8048048       0.0000041488119734
      4.9049048       0.0000039695748818
      5.0050049       0.0000038024525116
      5.1051049       0.0000036462764354
      5.2052050       0.0000035000375049
      5.3053055       0.0000033628462901
      5.4054055       0.0000032339160496
      5.5055056       0.0000031125572375
      5.6056056       0.0000029981533800
      5.7057056       0.0000028901392282
      5.8058057       0.0000027880324593
      5.9059057       0.0000026913844612
      6.0060062       0.0000025997877418
      6.1061063       0.0000025128905484
      6.2062063       0.0000024303587076
      6.3063064       0.0000023518929514
      6.4064064       0.0000022772202853
      6.5065064       0.0000022060936340
      6.6066065       0.0000021382845955
      6.7067065       0.0000020735851874
      6.8068066       0.0000020118035338
      6.9069071       0.0000019527599553
      7.0070071       0.0000018962938520
      7.1071072       0.0000018422580122
      7.2072072       0.0000017905082839
      7.3073072       0.0000017409140224
      7.4074073       0.0000016933623920
      7.5075073       0.0000016477341052
      7.6076078       0.0000016039306491
      7.7077079       0.0000015618526260
      7.8078079       0.0000015214111670
      7.9079080       0.0000014825206857
      8.0080080       0.0000014451030290
      8.1081085       0.0000014090856371
      8.2082081       0.0000013743971785
      8.3083086       0.0000013409740447
      8.4084082       0.0000013087550841
      8.5085087       0.0000012776809561
      8.6086082       0.0000012477024187
      8.7087088       0.0000012187645654
      8.8088093       0.0000011908207367
      8.9089088       0.0000011638262279
      9.0090094       0.0000011377381812
      9.1091089       0.0000011125174595
      9.2092094       0.0000010881246585
      9.3093090       0.0000010645239235
      9.4094095       0.0000010416823296
      9.5095091       0.0000010195675968
      9.6096096       0.0000009981498575
      9.7097101       0.0000009773984305
      9.8098097       0.0000009572865050
      9.9099102       0.0000009377897814
     10.0100098       0.0000009188804921
     10.1101103       0.0000009005364617
     10.2102098       0.0000008827374848
     10.3103104       0.0000008654598777
     10.4104099       0.0000008486850181
     10.5105104       0.0000008323917201
     10.6106110       0.0000008165639827
     10.7107105       0.0000008011824085
     10.8108110       0.0000007862306761
     10.9109106       0.0000007716935995
     11.0110111       0.0000007575559932
     11.1111107       0.0000007438031860
     11.2112112       0.0000007304215542
     11.3113117       0.0000007173979905
     11.4114113       0.0000007047195104
     11.5115118       0.0000006923736254
     11.6116114       0.0000006803487051
     11.7117119       0.0000006686354419
     11.8118114       0.0000006572216637
     11.9119120       0.0000006460973641
     12.0120125       0.0000006352536209
     12.1121120       0.0000006246798056
     12.2122126       0.0000006143690577
     12.3123121       0.0000006043108923
     12.4124126       0.0000005944976060
     12.5125122       0.0000005849217177
     12.6126127       0.0000005755752988
     12.7127123       0.0000005664512785
     12.8128128       0.0000005575429180
     12.9129133       0.0000005488427449
     13.0130129       0.0000005403447578
     13.1131134       0.0000005320420932
     13.2132130       0.0000005239299293
     13.3133135       0.0000005160018858
     13.4134130       0.0000005082535055
     13.5135136       0.0000005006770613
     13.6136131       0.0000004932694211
     13.7137136       0.0000004860253208
     13.8138142       0.0000004789396129
     13.9139137       0.0000004720070570
     14.0140142       0.0000004652248274
     14.1141138       0.0000004585881443
     14.2142143       0.0000004520920351
     14.3143139       0.0000004457328813
     14.4144144       0.0000004395072591
     14.5145149       0.0000004334114978
     14.6146145       0.0000004274416761
     14.7147150       0.0000004215946886
     14.8148146       0.0000004158666584
     14.9149151       0.0000004102543331
     15.0150146       0.0000004047558343
     15.1151152       0.0000003993661599
     15.2152157       0.0000003940843018
     15.3153152       0.0000003889064648
     15.4154158       0.0000003838299821
     15.5155153       0.0000003788524170
     15.6156158       0.0000003739709628
     15.7157154       0.0000003691839473
     15.8158159       0.0000003644879119
     15.9159155       0.0000003598809204
     16.0160160       0.0000003553607467
     16.1161156       0.0000003509257509
     16.2162170       0.0000003465730045
     16.3163166       0.0000003423009322
     16.4164162       0.0000003381070474
     16.5165157       0.0000003339905139
     16.6166172       0.0000003299482618
     16.7167168       0.0000003259791596
     16.8168163       0.0000003220815113
     16.9169178       0.0000003182533727
     17.0170174       0.0000003144930706
     17.1171169       0.0000003107990235
     17.2172165       0.0000003071699781
     17.3173180       0.0000003036037508
     17.4174175       0.0000003000997973
     17.5175171       0.0000002966562714
     17.6176186       0.0000002932712132
     17.7177181       0.0000002899442727
     17.8178177       0.0000002866736839
     17.9179173       0.0000002834579425
     18.0180187       0.0000002802960520
     18.1181183       0.0000002771871489
     18.2182178       0.0000002741295714
     18.3183174       0.0000002711225679
     18.4184189       0.0000002681645148
     18.5185184       0.0000002652545759
     18.6186180       0.0000002623919270
     18.7187195       0.0000002595758325
     18.8188190       0.0000002568044061
     18.9189186       0.0000002540772189
     19.0190182       0.0000002513932384
     19.1191196       0.0000002487518789
     19.2192192       0.0000002461518980
     19.3193188       0.0000002435923234
     19.4194202       0.0000002410727425
     19.5195198       0.0000002385921321
     19.6196194       0.0000002361495813
     19.7197189       0.0000002337441446
     19.8198204       0.0000002313754057
     19.9199200       0.0000002290429148
     20.0200195       0.0000002267451862
     20.1201210       0.0000002244817891
     20.2202206       0.0000002222524445
     20.3203201       0.0000002200560573
     20.4204197       0.0000002178921330
     20.5205212       0.0000002157600712
     20.6206207       0.0000002136589512
     20.7207203       0.0000002115886919
     20.8208199       0.0000002095481542
     20.9209213       0.0000002075373354
     21.0210209       0.0000002055552675
     21.1211205       0.0000002036012527
     21.2212219       0.0000002016750932
     21.3213215       0.0000001997762379
     21.4214211       0.0000001979040033
     21.5215206       0.0000001960583034
     21.6216221       0.0000001942380731
     21.7217216       0.0000001924432080
     21.8218212       0.0000001906727859
     21.9219227       0.0000001889270214
     22.0220222       0.0000001872052705
     22.1221218       0.0000001855067241
     22.2222214       0.0000001838314016
     22.3223228       0.0000001821785919
     22.4224224       0.0000001805478672
     22.5225220       0.0000001789391547
     22.6226234       0.0000001773518261
     22.7227230       0.0000001757854930
     22.8228226       0.0000001742399289
     22.9229221       0.0000001727145951
     23.0230236       0.0000001712092219
     23.1231232       0.0000001697236342
     23.2232227       0.0000001682572224
     23.3233242       0.0000001668095806
     23.4234238       0.0000001653806392
     23.5235233       0.0000001639702103
     23.6236229       0.0000001625775502
     23.7237244       0.0000001612027655
     23.8238239       0.0000001598452125
     23.9239235       0.0000001585047839
     24.0240250       0.0000001571809885
     24.1241245       0.0000001558740460
     24.2242241       0.0000001545830903
     24.3243237       0.0000001533082440
     24.4244251       0.0000001520490003
     24.5245247       0.0000001508054055
     24.6246243       0.0000001495770179
     24.7247238       0.0000001483634199
     24.8248253       0.0000001471647729
     24.9249249       0.0000001459803452
     25.0250244       0.0000001448103317
     25.1251259       0.0000001436543008
     25.2252254       0.0000001425121727
     25.3253250       0.0000001413835934
     25.4254246       0.0000001402681610
     25.5255260       0.0000001391661139
     25.6256256       0.0000001380768973
     25.7257252       0.0000001370004846
     25.8258266       0.0000001359366794
     25.9259262       0.0000001348851766
     26.0260258       0.0000001338457667
     26.1261253       0.0000001328185133
     26.2262268       0.0000001318029107
     26.3263264       0.0000001307988608
     26.4264259       0.0000001298063671
     26.5265274       0.0000001288249626
     26.6266270       0.0000001278549175
     26.7267265       0.0000001268956886
     26.8268261       0.0000001259472205
     26.9269276       0.0000001250093802
     27.0270271       0.0000001240818900
     27.1271267       0.0000001231647832
     27.2272263       0.0000001222577890
     27.3273277       0.0000001213608005
     27.4274273       0.0000001204737016
     27.5275269       0.0000001195962394
     27.6276283       0.0000001187282794
     27.7277279       0.0000001178698687
     27.8278275       0.0000001170206622
     27.9279270       0.0000001161805798
     28.0280285       0.0000001153496222
     28.1281281       0.0000001145273979
     28.2282276       0.0000001137141836
     28.3283291       0.0000001129093516
     28.4284286       0.0000001121132293
     28.5285282       0.0000001113253838
     28.6286278       0.0000001105458981
     28.7287292       0.0000001097745059
     28.8288288       0.0000001090112137
     28.9289284       0.0000001082558773
     29.0290298       0.0000001075082870
     29.1291294       0.0000001067685116
     29.2292290       0.0000001060363015
     29.3293285       0.0000001053117162
     29.4294300       0.0000001045944535
     29.5295296       0.0000001038844405
     29.6296291       0.0000001031816799
     29.7297306       0.0000001024860409
     29.8298302       0.0000001017973557
     29.9299297       0.0000001011156735
     30.0300293       0.0000001004408934
     30.1301308       0.0000000997726108
     30.2302303       0.0000000991112069
     30.3303299       0.0000000984562486
     30.4304314       0.0000000978078516
     30.5305309       0.0000000971657860
     30.6306305       0.0000000965299998
     30.7307301       0.0000000959005269
     30.8308315       0.0000000952771163
     30.9309311       0.0000000946597859
     31.0310307       0.0000000940484923
     31.1311302       0.0000000934430349
     31.2312317       0.0000000928434372
     31.3313313       0.0000000922496460
     31.4314308       0.0000000916614366
     31.5315323       0.0000000910788948
     31.6316319       0.0000000905019162
     31.7317314       0.0000000899303112
     31.8318310       0.0000000893642461
     31.9319324       0.0000000888033159
     32.0320320       0.0000000882478138
     32.1321335       0.0000000876975992
     32.2322311       0.0000000871523340
     32.3323326       0.0000000866122386
     32.4324341       0.0000000860770609
     32.5325317       0.0000000855469343
     32.6326332       0.0000000850216550
     32.7327309       0.0000000845011372
     32.8328323       0.0000000839854437
     32.9329338       0.0000000834744385
     33.0330315       0.0000000829680945
     33.1331329       0.0000000824663606
     33.2332344       0.0000000819692810
     33.3333321       0.0000000814765589
     33.4334335       0.0000000809882473
     33.5335350       0.0000000805043602
     33.6336327       0.0000000800247473
     33.7337341       0.0000000795494344
     33.8338356       0.0000000790784139
     33.9339333       0.0000000786114849
     34.0340347       0.0000000781486905
     34.1341324       0.0000000776901220
     34.2342339       0.0000000772353980
     34.3343353       0.0000000767846349
     34.4344330       0.0000000763379473
     34.5345345       0.0000000758950877
     34.6346359       0.0000000754560413
     34.7347336       0.0000000750209160
     34.8348351       0.0000000745894171
     34.9349365       0.0000000741616793
     35.0350342       0.0000000737376163
     35.1351357       0.0000000733171717
     35.2352371       0.0000000729002650
     35.3353348       0.0000000724869929
     35.4354362       0.0000000720771936
     35.5355339       0.0000000716708913
     35.6356354       0.0000000712679273
     35.7357368       0.0000000708684841
     35.8358345       0.0000000704723408
     35.9359360       0.0000000700794659
     36.0360374       0.0000000696898803
     36.1361351       0.0000000693035524
     36.2362366       0.0000000689204670
     36.3363380       0.0000000685404778
     36.4364357       0.0000000681636448
     36.5365372       0.0000000677899072
     36.6366348       0.0000000674192661
     36.7367363       0.0000000670516902
     36.8368378       0.0000000666870674
     36.9369354       0.0000000663254328
     37.0370369       0.0000000659666516
     37.1371384       0.0000000656108861
     37.2372360       0.0000000652579836
     37.3373375       0.0000000649078052
     37.4374390       0.0000000645605561
     37.5375366       0.0000000642160779
     37.6376381       0.0000000638742730
     37.7377396       0.0000000635352291
     37.8378372       0.0000000631990012
     37.9379387       0.0000000628652436
     38.0380363       0.0000000625342357
     38.1381378       0.0000000622058186
     38.2382393       0.0000000618799572
     38.3383369       0.0000000615566713
     38.4384384       0.0000000612359626
     38.5385399       0.0000000609176969
     38.6386375       0.0000000606018776
     38.7387390       0.0000000602885949
     38.8388405       0.0000000599776506
     38.9389381       0.0000000596691308
     39.0390396       0.0000000593630161
     39.1391373       0.0000000590592007
     39.2392387       0.0000000587578171
     39.3393402       0.0000000584586696
     39.4394379       0.0000000581617853
     39.5395393       0.0000000578671497
     39.6396408       0.0000000575747540
     39.7397385       0.0000000572845524
     39.8398399       0.0000000569966743
     39.9399414       0.0000000567108195
     40.0400391       0.0000000564271868
     40.1401405       0.0000000561455887
     40.2402420       0.0000000558661934
     40.3403397       0.0000000555888338
     40.4404411       0.0000000553135079
     40.5405388       0.0000000550402653
     40.6406403       0.0000000547690237
     40.7407417       0.0000000544997977
     40.8408394       0.0000000542325967
     40.9409409       0.0000000539672976
     41.0410423       0.0000000537039431
     41.1411400       0.0000000534425344
     41.2412415       0.0000000531829732
     41.3413429       0.0000000529253796
     41.4414406       0.0000000526696256
     41.5415421       0.0000000524156820
     41.6416397       0.0000000521635868
     41.7417412       0.0000000519133627
     41.8418427       0.0000000516648756
     41.9419403       0.0000000514181668
     42.0420418       0.0000000511732861
     42.1421432       0.0000000509301099
     42.2422409       0.0000000506886210
     42.3423424       0.0000000504489229
     42.4424438       0.0000000502108633
     42.5425415       0.0000000499745401
     42.6426430       0.0000000497398341
     42.7427444       0.0000000495067766
     42.8428421       0.0000000492754175
     42.9429436       0.0000000490456133
     43.0430412       0.0000000488173919
     43.1431427       0.0000000485908304
     43.2432442       0.0000000483657978
     43.3433418       0.0000000481423630
     43.4434433       0.0000000479204550
     43.5435448       0.0000000477000771
     43.6436424       0.0000000474812250
     43.7437439       0.0000000472638211
     43.8438454       0.0000000470479836
     43.9439430       0.0000000468335828
     44.0440445       0.0000000466206658
     44.1441460       0.0000000464091942
     44.2442436       0.0000000461991247
     44.3443451       0.0000000459904860
     44.4444427       0.0000000457833451
     44.5445442       0.0000000455775162
     44.6446457       0.0000000453730413
     44.7447433       0.0000000451700234
     44.8448448       0.0000000449683288
     44.9449463       0.0000000447679430
     45.0450439       0.0000000445689641
     45.1451454       0.0000000443713276
     45.2452469       0.0000000441749143
     45.3453445       0.0000000439798591
     45.4454460       0.0000000437860973
     45.5455437       0.0000000435935660
     45.6456451       0.0000000434023248
     45.7457466       0.0000000432123766
     45.8458443       0.0000000430236172
     45.9459457       0.0000000428361465
     46.0460472       0.0000000426498611
     46.1461449       0.0000000424647848
     46.2462463       0.0000000422809221
     46.3463478       0.0000000420982493
     46.4464455       0.0000000419167847
     46.5465469       0.0000000417364646
     46.6466484       0.0000000415572988
     46.7467461       0.0000000413792958
     46.8468475       0.0000000412023990
     46.9469452       0.0000000410267091
     47.0470467       0.0000000408521040
     47.1471481       0.0000000406786084
     47.2472458       0.0000000405061970
     47.3473473       0.0000000403349057
     47.4474487       0.0000000401647145
     47.5475464       0.0000000399955622
     47.6476479       0.0000000398275077
     47.7477493       0.0000000396604726
     47.8478470       0.0000000394945048
     47.9479485       0.0000000393295740
     48.0480499       0.0000000391656911
     48.1481476       0.0000000390028516
     48.2482491       0.0000000388409736
     48.3483467       0.0000000386801170
     48.4484482       0.0000000385202806
     48.5485497       0.0000000383614143
     48.6486473       0.0000000382035622
     48.7487488       0.0000000380466511
     48.8488503       0.0000000378906906
     48.9489479       0.0000000377357204
     49.0490494       0.0000000375816620
     49.1491508       0.0000000374285383
     49.2492485       0.0000000372764224
     49.3493500       0.0000000371251720
     49.4494476       0.0000000369748662
     49.5495491       0.0000000368254883
     49.6496506       0.0000000366769119
     49.7497482       0.0000000365293405
     49.8498497       0.0000000363826309
     49.9499512       0.0000000362367878
     50.0500488       0.0000000360918530
     50.1501503       0.0000000359477459
     50.2502518       0.0000000358045121
     50.3503494       0.0000000356621543
     50.4504509       0.0000000355206230
     50.5505524       0.0000000353799567
     50.6506500       0.0000000352400833
     50.7507515       0.0000000351010682
     50.8508492       0.0000000349628887
     50.9509506       0.0000000348254918
     51.0510521       0.0000000346889206
     51.1511497       0.0000000345531448
     51.2512512       0.0000000344181223
     51.3513527       0.0000000342839482
     51.4514503       0.0000000341505462
     51.5515518       0.0000000340179356
     51.6516533       0.0000000338860806
     51.7517509       0.0000000337549888
     51.8518524       0.0000000336246525
     51.9519501       0.0000000334950672
     52.0520515       0.0000000333662123
     52.1521530       0.0000000332381158
     52.2522507       0.0000000331107859
     52.3523521       0.0000000329841848
     52.4524536       0.0000000328582588
     52.5525513       0.0000000327330735
     52.6526527       0.0000000326086103
     52.7527542       0.0000000324848969
     52.8528519       0.0000000323618441
     52.9529533       0.0000000322394553
     53.0530548       0.0000000321178328
     53.1531525       0.0000000319968419
     53.2532539       0.0000000318765510
     53.3533516       0.0000000317569551
     53.4534531       0.0000000316379850
     53.5535545       0.0000000315197208
     53.6536522       0.0000000314021101
     53.7537537       0.0000000312851875
     53.8538551       0.0000000311688286
     53.9539528       0.0000000310532010
     54.0540543       0.0000000309381830
     54.1541557       0.0000000308238257
     54.2542534       0.0000000307100636
     54.3543549       0.0000000305969583
     54.4544525       0.0000000304844834
     54.5545540       0.0000000303726293
     54.6546555       0.0000000302613352
     54.7547531       0.0000000301507316
     54.8548546       0.0000000300406884
     54.9549561       0.0000000299312496
     55.0550537       0.0000000298223879
     55.1551552       0.0000000297141464
     55.2552567       0.0000000296064826
     55.3553543       0.0000000294994215
     55.4554558       0.0000000293929290
     55.5555573       0.0000000292869984
     55.6556549       0.0000000291816631
     55.7557564       0.0000000290768931
     55.8558540       0.0000000289726688
     55.9559555       0.0000000288690267
     56.0560570       0.0000000287659270
     56.1561546       0.0000000286634067
     56.2562561       0.0000000285613858
     56.3563576       0.0000000284598984
     56.4564552       0.0000000283590127
     56.5565567       0.0000000282585967
     56.6566582       0.0000000281587831
     56.7567558       0.0000000280594454
     56.8568573       0.0000000279606316
     56.9569588       0.0000000278623732
     57.0570564       0.0000000277645986
     57.1571579       0.0000000276673956
     57.2572556       0.0000000275706254
     57.3573570       0.0000000274743907
     57.4574585       0.0000000273786691
     57.5575562       0.0000000272834561
     57.6576576       0.0000000271887395
     57.7577591       0.0000000270944924
     57.8578568       0.0000000270007288
     57.9579582       0.0000000269074795
     58.0580597       0.0000000268147056
     58.1581573       0.0000000267224153
     58.2582588       0.0000000266305962
     58.3583565       0.0000000265392210
     58.4584579       0.0000000264483380
     58.5585594       0.0000000263579373
     58.6586571       0.0000000262679670
     58.7587585       0.0000000261784918
     58.8588600       0.0000000260894629
     58.9589577       0.0000000260008445
     59.0590591       0.0000000259127366
     59.1591606       0.0000000258250518
     59.2592583       0.0000000257378121
     59.3593597       0.0000000256510018
     59.4594612       0.0000000255646520
     59.5595589       0.0000000254787150
     59.6596603       0.0000000253932334
     59.7597580       0.0000000253081785
     59.8598595       0.0000000252235211
     59.9599609       0.0000000251393279
     60.0600586       0.0000000250555371
     60.1601601       0.0000000249721587
     60.2602615       0.0000000248892067
     60.3603592       0.0000000248066642
     60.4604607       0.0000000247245208
     60.5605621       0.0000000246428001
     60.6606598       0.0000000245614856
     60.7607613       0.0000000244805541
     60.8608627       0.0000000244000180
     60.9609604       0.0000000243199202
     61.0610619       0.0000000242401712
     61.1611595       0.0000000241608494
     61.2612610       0.0000000240819068
     61.3613625       0.0000000240033519
     61.4614601       0.0000000239251503
     61.5615616       0.0000000238473401
     61.6616631       0.0000000237699360
     61.7617607       0.0000000236928958
     61.8618622       0.0000000236162210
     61.9619637       0.0000000235399200
     62.0620613       0.0000000234640041
     62.1621628       0.0000000233884608
     62.2622604       0.0000000233132225
     62.3623619       0.0000000232384222
     62.4624634       0.0000000231639277
     62.5625610       0.0000000230898183
     62.6626625       0.0000000230160374
     62.7627640       0.0000000229426603
     62.8628616       0.0000000228695820
     62.9629631       0.0000000227968807
     63.0630646       0.0000000227245177
     63.1631622       0.0000000226525161
     63.2632637       0.0000000225808229
     63.3633652       0.0000000225094881
     63.4634628       0.0000000224384854
     63.5635643       0.0000000223678314
     63.6636620       0.0000000222974896
     63.7637634       0.0000000222274857
     63.8638649       0.0000000221578063
     63.9639626       0.0000000220884664
     64.0640640       0.0000000220194748
     64.1641617       0.0000000219507741
     64.2642670       0.0000000218823735
     64.3643646       0.0000000218143284
     64.4644623       0.0000000217465999
     64.5645676       0.0000000216791745
     64.6646652       0.0000000216120549
     64.7647629       0.0000000215452709
     64.8648682       0.0000000214787733
     64.9649658       0.0000000214125993
     65.0650635       0.0000000213467206
     65.1651688       0.0000000212811327
     65.2652664       0.0000000212158691
     65.3653641       0.0000000211509067
     65.4654617       0.0000000210862277
     65.5655670       0.0000000210218489
     65.6656647       0.0000000209577713
     65.7657623       0.0000000208939896
     65.8658676       0.0000000208304701
     65.9659653       0.0000000207672673
     66.0660629       0.0000000207043525
     66.1661682       0.0000000206417203
     66.2662659       0.0000000205793513
     66.3663635       0.0000000205172914
     66.4664688       0.0000000204555087
     66.5665665       0.0000000203939792
     66.6666641       0.0000000203327415
     66.7667694       0.0000000202717838
     66.8668671       0.0000000202110874
     66.9669647       0.0000000201507007
     67.0670700       0.0000000200905424
     67.1671677       0.0000000200306699
     67.2672653       0.0000000199710781
     67.3673706       0.0000000199117217
     67.4674683       0.0000000198526589
     67.5675659       0.0000000197938472
     67.6676712       0.0000000197352943
     67.7677689       0.0000000196769890
     67.8678665       0.0000000196189416
     67.9679642       0.0000000195611720
     68.0680695       0.0000000195036410
     68.1681671       0.0000000194463799
     68.2682648       0.0000000193893623
     68.3683701       0.0000000193325943
     68.4684677       0.0000000192760667
     68.5685654       0.0000000192197905
     68.6686707       0.0000000191637836
     68.7687683       0.0000000191079881
     68.8688660       0.0000000190524575
     68.9689713       0.0000000189971534
     69.0690689       0.0000000189421097
     69.1691666       0.0000000188872819
     69.2692719       0.0000000188327083
     69.3693695       0.0000000187783687
     69.4694672       0.0000000187242527
     69.5695724       0.0000000186703677
     69.6696701       0.0000000186167394
     69.7697678       0.0000000185633336
     69.8698730       0.0000000185101416
     69.9699707       0.0000000184571781
     70.0700684       0.0000000184044840
     70.1701736       0.0000000183519717
     70.2702713       0.0000000182996841
     70.3703690       0.0000000182476323
     70.4704742       0.0000000181957897
     70.5705719       0.0000000181441986
     70.6706696       0.0000000180927995
     70.7707672       0.0000000180416296
     70.8708725       0.0000000179906747
     70.9709702       0.0000000179399288
     71.0710678       0.0000000178893993
     71.1711731       0.0000000178390866
     71.2712708       0.0000000177889850
     71.3713684       0.0000000177391016
     71.4714737       0.0000000176894270
     71.5715714       0.0000000176399536
     71.6716690       0.0000000175906878
     71.7717743       0.0000000175416193
     71.8718719       0.0000000174927591
     71.9719696       0.0000000174441186
     72.0720749       0.0000000173956721
     72.1721725       0.0000000173474225
     72.2722702       0.0000000172993879
     72.3723755       0.0000000172515282
     72.4724731       0.0000000172038851
     72.5725708       0.0000000171564346
     72.6726761       0.0000000171091736
     72.7727737       0.0000000170621060
     72.8728714       0.0000000170152484
     72.9729767       0.0000000169685717
     73.0730743       0.0000000169220917
     73.1731720       0.0000000168758065
     73.2732697       0.0000000168297222
     73.3733749       0.0000000167837931
     73.4734726       0.0000000167380659
     73.5735703       0.0000000166925405
     73.6736755       0.0000000166471819
     73.7737732       0.0000000166019965
     73.8738708       0.0000000165570209
     73.9739761       0.0000000165122296
     74.0740738       0.0000000164676148
     74.1741714       0.0000000164231701
     74.2742767       0.0000000163789067
     74.3743744       0.0000000163348371
     74.4744720       0.0000000162909321
     74.5745773       0.0000000162472062
     74.6746750       0.0000000162036413
     74.7747726       0.0000000161602747
     74.8748779       0.0000000161170830
     74.9749756       0.0000000160740484
     75.0750732       0.0000000160311914
     75.1751785       0.0000000159885093
     75.2752762       0.0000000159459898
     75.3753738       0.0000000159036285
     75.4754791       0.0000000158614685
     75.5755768       0.0000000158194585
     75.6756744       0.0000000157776021
     75.7757721       0.0000000157359316
     75.8758774       0.0000000156944336
     75.9759750       0.0000000156530878
     76.0760727       0.0000000156119030
     76.1761780       0.0000000155708648
     76.2762756       0.0000000155300082
     76.3763733       0.0000000154893085
     76.4764786       0.0000000154487692
     76.5765762       0.0000000154083924
     76.6766739       0.0000000153681578
     76.7767792       0.0000000153280952
     76.8768768       0.0000000152881911
     76.9769745       0.0000000152484499
     77.0770798       0.0000000152088375
     77.1771774       0.0000000151693928
     77.2772751       0.0000000151301165
     77.3773804       0.0000000150909606
     77.4774780       0.0000000150519746
     77.5775757       0.0000000150131299
     77.6776810       0.0000000149744506
     77.7777786       0.0000000149358990
     77.8778763       0.0000000148975214
     77.9779816       0.0000000148592867
     78.0780792       0.0000000148212036
     78.1781769       0.0000000147832542
     78.2782745       0.0000000147454477
     78.3783798       0.0000000147077805
     78.4784775       0.0000000146702618
     78.5785751       0.0000000146329057
     78.6786804       0.0000000145956871
     78.7787781       0.0000000145586023
     78.8788757       0.0000000145216590
     78.9789810       0.0000000144848518
     79.0790787       0.0000000144481868
     79.1791763       0.0000000144116650
     79.2792816       0.0000000143752806
     79.3793793       0.0000000143390332
     79.4794769       0.0000000143029234
     79.5795822       0.0000000142669480
     79.6796799       0.0000000142310960
     79.7797775       0.0000000141953996
     79.8798828       0.0000000141598293
     79.9799805       0.0000000141243831
     80.0800781       0.0000000140890818
     80.1801834       0.0000000140539052
     80.2802811       0.0000000140188666
     80.3803787       0.0000000139839619
     80.4804840       0.0000000139491778
     80.5805817       0.0000000139145350
     80.6806793       0.0000000138800270
     80.7807770       0.0000000138456273
     80.8808823       0.0000000138113645
     80.9809799       0.0000000137772214
     81.0810776       0.0000000137432019
     81.1811829       0.0000000137093288
     81.2812805       0.0000000136755678
     81.3813782       0.0000000136419284
     81.4814835       0.0000000136084210
     81.5815811       0.0000000135750354
     81.6816788       0.0000000135417637
     81.7817841       0.0000000135086141
     81.8818817       0.0000000134755865
     81.9819794       0.0000000134426890
     82.0820847       0.0000000134099192
     82.1821823       0.0000000133772593
     82.2822800       0.0000000133447136
     82.3823853       0.0000000133122931
     82.4824829       0.0000000132799853
     82.5825806       0.0000000132477963
     82.6826859       0.0000000132157279
     82.7827835       0.0000000131837775
     82.8828812       0.0000000131519390
     82.9829865       0.0000000131202179
     83.0830841       0.0000000130886094
     83.1831818       0.0000000130571073
     83.2832794       0.0000000130257219
     83.3833847       0.0000000129944576
     83.4834824       0.0000000129633099
     83.5835800       0.0000000129322531
     83.6836853       0.0000000129013383
     83.7837830       0.0000000128705062
     83.8838806       0.0000000128398028
     83.9839859       0.0000000128092028
     84.0840836       0.0000000127786985
     84.1841812       0.0000000127483253
     84.2842865       0.0000000127180568
     84.3843842       0.0000000126878866
     84.4844818       0.0000000126578182
     84.5845871       0.0000000126278713
     84.6846848       0.0000000125980272
     84.7847824       0.0000000125682842
     84.8848877       0.0000000125386369
     84.9849854       0.0000000125091112
     85.0850830       0.0000000124796821
     85.1851883       0.0000000124503614
     85.2852859       0.0000000124211455
     85.3853836       0.0000000123920219
     85.4854889       0.0000000123630154
     85.5855865       0.0000000123340968
     85.6856842       0.0000000123053005
     85.7857895       0.0000000122765822
     85.8858871       0.0000000122479658
     85.9859848       0.0000000122194562
     86.0860825       0.0000000121910402
     86.1861877       0.0000000121627328
     86.2862854       0.0000000121345256
     86.3863831       0.0000000121064062
     86.4864883       0.0000000120783742
     86.5865860       0.0000000120504620
     86.6866837       0.0000000120226462
     86.7867889       0.0000000119949103
     86.8868866       0.0000000119672770
     86.9869843       0.0000000119397426
     87.0870895       0.0000000119123006
     87.1871872       0.0000000118849393
     87.2872849       0.0000000118576883
     87.3873901       0.0000000118305296
     87.4874878       0.0000000118034792
     87.5875854       0.0000000117764938
     87.6876907       0.0000000117496242
     87.7877884       0.0000000117228292
     87.8878860       0.0000000116961354
     87.9879913       0.0000000116695246
     88.0880890       0.0000000116429988
     88.1881866       0.0000000116165767
     88.2882919       0.0000000115902508
     88.3883896       0.0000000115640039
     88.4884872       0.0000000115378408
     88.5885849       0.0000000115117717
     88.6886902       0.0000000114857957
     88.7887878       0.0000000114599043
     88.8888855       0.0000000114340982
     88.9889908       0.0000000114083750
     89.0890884       0.0000000113827444
     89.1891861       0.0000000113572060
     89.2892914       0.0000000113317351
     89.3893890       0.0000000113063689
     89.4894867       0.0000000112810773
     89.5895920       0.0000000112558841
     89.6896896       0.0000000112307662
     89.7897873       0.0000000112057282
     89.8898926       0.0000000111807832
     89.9899902       0.0000000111559120
     90.0900879       0.0000000111311239
     90.1901932       0.0000000111064218
     90.2902908       0.0000000110817943
     90.3903885       0.0000000110572521
     90.4904938       0.0000000110328011
     90.5905914       0.0000000110084241
     90.6906891       0.0000000109841262
     90.7907944       0.0000000109599066
     90.8908920       0.0000000109357699
     90.9909897       0.0000000109117133
     91.0910873       0.0000000108877461
     91.1911926       0.0000000108638460
     91.2912903       0.0000000108400258
     91.3913879       0.0000000108162855
     91.4914932       0.0000000107926153
     91.5915909       0.0000000107690293
     91.6916885       0.0000000107455318
     91.7917938       0.0000000107220883
     91.8918915       0.0000000106987443
     91.9919891       0.0000000106754632
     92.0920944       0.0000000106522586
     92.1921921       0.0000000106291323
     92.2922897       0.0000000106060819
     92.3923950       0.0000000105831060
     92.4924927       0.0000000105602045
     92.5925903       0.0000000105373774
     92.6926956       0.0000000105146239
     92.7927933       0.0000000104919447
     92.8928909       0.0000000104693358
     92.9929962       0.0000000104468024
     93.0930939       0.0000000104243418
     93.1931915       0.0000000104019549
     93.2932968       0.0000000103796285
     93.3933945       0.0000000103573864
     93.4934921       0.0000000103352148
     93.5935898       0.0000000103131153
     93.6936951       0.0000000102910847
     93.7937927       0.0000000102691213
     93.8938904       0.0000000102472293
     93.9939957       0.0000000102254086
     94.0940933       0.0000000102036623
     94.1941910       0.0000000101819737
     94.2942963       0.0000000101603565
     94.3943939       0.0000000101388155
     94.4944916       0.0000000101173352
     94.5945969       0.0000000100959297
     94.6946945       0.0000000100745987
     94.7947922       0.0000000100533174
     94.8948975       0.0000000100321139
     94.9949951       0.0000000100109764
     95.0950928       0.0000000099899187
     95.1951981       0.0000000099689031
     95.2952957       0.0000000099479698
     95.3953934       0.0000000099270977
     95.4954987       0.0000000099062937
     95.5955963       0.0000000098855437
     95.6956940       0.0000000098648762
     95.7957993       0.0000000098442594
     95.8958969       0.0000000098237171
     95.9959946       0.0000000098032257
     96.0960999       0.0000000097828024
     96.1961975       0.0000000097624577
     96.2962952       0.0000000097421668
     96.3963928       0.0000000097219356
     96.4964981       0.0000000097017693
     96.5965958       0.0000000096816680
     96.6966934       0.0000000096616289
     96.7967987       0.0000000096416468
     96.8968964       0.0000000096217267
     96.9969940       0.0000000096018708
     97.0970993       0.0000000095820828
     97.1971970       0.0000000095623478
     97.2972946       0.0000000095426737
     97.3973999       0.0000000095230592
     97.4974976       0.0000000095035212
     97.5975952       0.0000000094840243
     97.6977005       0.0000000094645908
     97.7977982       0.0000000094452192
     97.8978958       0.0000000094259149
     97.9980011       0.0000000094066600
     98.0980988       0.0000000093874663
     98.1981964       0.0000000093683337
     98.2983017       0.0000000093492560
     98.3983994       0.0000000093302370
     98.4984970       0.0000000093112755
     98.5986023       0.0000000092923806
     98.6987000       0.0000000092735364
     98.7987976       0.0000000092547481
     98.8988953       0.0000000092360175
     98.9990005       0.0000000092173558
     99.0990982       0.0000000091987389
     99.1991959       0.0000000091801690
     99.2993011       0.0000000091616713
     99.3993988       0.0000000091432239
     99.4994965       0.0000000091248303
     99.5996017       0.0000000091064908
     99.6996994       0.0000000090882009
     99.7997971       0.0000000090699837
     99.8999023       0.0000000090518003
    100.0000000       0.0000000090336834
