# x		H(x,a)
      0.0000000       1.0000000000000000
      0.1001001       0.9900299906730652
      0.2002002       0.9607124924659729
      0.3003003       0.9137664437294006
      0.4004004       0.8518707156181335
      0.5005005       0.7784109115600586
      0.6006006       0.6971734166145325
      0.7007007       0.6120254397392273
      0.8008008       0.5266169309616089
      0.9009009       0.4441368877887726
      1.0010010       0.3671637341801886
      1.1011012       0.2975331500449257
      1.2012012       0.2363360417833236
      1.3013012       0.1840091882168555
      1.4014014       0.1404316243672150
      1.5015016       0.1050537470284728
      1.6016016       0.0770351264972929
      1.7017016       0.0553746444163504
      1.8018018       0.0390210690570572
      1.9019020       0.0269578745959840
      2.0020020       0.0182607644452526
      2.1021020       0.0121303305282808
      2.2022023       0.0079042612092709
      2.3023024       0.0050543839688195
      2.4024024       0.0031738399794218
      2.5025024       0.0019592336262259
      2.6026025       0.0011911046763986
      2.7027028       0.0007152469739510
      2.8028028       0.0004262863544942
      2.9029028       0.0002541233737396
      3.0030031       0.0001533286400542
      3.1031032       0.0000951989078956
      3.2032032       0.0000620415331097
      3.3033032       0.0000432110200704
      3.4034033       0.0000324509204706
      3.5035036       0.0000261666661261
      3.6036036       0.0000223375339167
      3.7037036       0.0000198502442234
      3.8038039       0.0000181024774178
      3.9039040       0.0000167729389919
      4.0040040       0.0000156916546171
      4.1041040       0.0000147685508605
      4.2042041       0.0000139550403026
      4.3043041       0.0000132238493439
      4.4044046       0.0000125587011295
      4.5045047       0.0000119489746939
      4.6046047       0.0000113871487451
      4.7047048       0.0000108674618788
      4.8048048       0.0000103852712018
      4.9049048       0.0000099366891299
      5.0050049       0.0000095183763618
      5.1051049       0.0000091274461221
      5.2052050       0.0000087613813347
      5.3053055       0.0000084179624148
      5.4054055       0.0000080952216467
      5.5055056       0.0000077914332659
      5.6056056       0.0000075050547780
      5.7057056       0.0000072346708247
      5.8058057       0.0000069790747705
      5.9059057       0.0000067371420311
      6.0060062       0.0000065078552051
      6.1061063       0.0000062903326925
      6.2062063       0.0000060837360668
      6.3063064       0.0000058873190323
      6.4064064       0.0000057003958997
      6.5065064       0.0000055223500269
      6.6066065       0.0000053526088433
      6.7067065       0.0000051906517398
      6.8068066       0.0000050359985310
      6.9069071       0.0000048881987148
      7.0070071       0.0000047468515058
      7.1071072       0.0000046115874896
      7.2072072       0.0000044820463836
      7.3073072       0.0000043579008999
      7.4074073       0.0000042388683330
      7.5075073       0.0000041246506056
      7.6076078       0.0000040150003653
      7.7077079       0.0000039096699959
      7.8078079       0.0000038084357963
      7.9079080       0.0000037110839416
      8.0080080       0.0000036174192644
      8.1081085       0.0000035272596206
      8.2082081       0.0000034404265309
      8.3083086       0.0000033567605485
      8.4084082       0.0000032761093446
      8.5085087       0.0000031983238247
      8.6086082       0.0000031232807820
      8.7087088       0.0000030508426948
      8.8088093       0.0000029808931544
      8.9089088       0.0000029133197245
      9.0090094       0.0000028480154394
      9.1091089       0.0000027848823439
      9.2092094       0.0000027238215491
      9.3093090       0.0000026647435797
      9.4094095       0.0000026075661188
      9.5095091       0.0000025522078599
      9.6096096       0.0000024985943673
      9.7097101       0.0000024466489075
      9.8098097       0.0000023963042548
      9.9099102       0.0000023474995056
     10.0100098       0.0000023001651485
     10.1101103       0.0000022542459241
     10.2102098       0.0000022096913257
     10.3103104       0.0000021664413998
     10.4104099       0.0000021244501058
     10.5105104       0.0000020836644225
     10.6106110       0.0000020440438641
     10.7107105       0.0000020055403971
     10.8108110       0.0000019681127679
     10.9109106       0.0000019317229951
     11.0110111       0.0000018963337562
     11.1111107       0.0000018619072527
     11.2112112       0.0000018284100420
     11.3113117       0.0000017958089793
     11.4114113       0.0000017640718423
     11.5115118       0.0000017331674293
     11.6116114       0.0000017030665246
     11.7117119       0.0000016737455037
     11.8118114       0.0000016451740559
     11.9119120       0.0000016173275617
     12.0120125       0.0000015901831496
     12.1121120       0.0000015637144359
     12.2122126       0.0000015379043788
     12.3123121       0.0000015127266137
     12.4124126       0.0000014881616698
     12.5125122       0.0000014641911941
     12.6126127       0.0000014407948988
     12.7127123       0.0000014179552972
     12.8128128       0.0000013956556208
     12.9129133       0.0000013738772181
     13.0130129       0.0000013526048201
     13.1131134       0.0000013318214117
     13.2132130       0.0000013115148342
     13.3133135       0.0000012916691414
     13.4134130       0.0000012722731780
     13.5135136       0.0000012533077161
     13.6136131       0.0000012347646386
     13.7137136       0.0000012166310893
     13.8138142       0.0000011988938345
     13.9139137       0.0000011815402144
     14.0140142       0.0000011645628284
     14.1141138       0.0000011479495908
     14.2142143       0.0000011316885580
     14.3143139       0.0000011157699938
     14.4144144       0.0000011001857843
     14.5145149       0.0000010849268264
     14.6146145       0.0000010699830169
     14.7147150       0.0000010553466672
     14.8148146       0.0000010410081556
     14.9149151       0.0000010269591447
     15.0150146       0.0000010131952251
     15.1151152       0.0000009997036312
     15.2152157       0.0000009864820624
     15.3153152       0.0000009735206547
     15.4154158       0.0000009608131311
     15.5155153       0.0000009483532029
     15.6156158       0.0000009361336789
     15.7157154       0.0000009241507587
     15.8158159       0.0000009123955132
     15.9159155       0.0000009008631750
     16.0160160       0.0000008895481101
     16.1161156       0.0000008784462814
     16.2162170       0.0000008675504376
     16.3163166       0.0000008568565368
     16.4164162       0.0000008463582211
     16.5165157       0.0000008360536056
     16.6166172       0.0000008259349549
     16.7167168       0.0000008159993713
     16.8168163       0.0000008062426646
     16.9169178       0.0000007966599747
     17.0170174       0.0000007872471673
     17.1171169       0.0000007780001231
     17.2172165       0.0000007689158183
     17.3173180       0.0000007599886976
     17.4174175       0.0000007512175230
     17.5175171       0.0000007425975477
     17.6176186       0.0000007341240505
     17.7177181       0.0000007257959687
     17.8178177       0.0000007176089349
     17.9179173       0.0000007095591762
     18.0180187       0.0000007016442155
     18.1181183       0.0000006938620268
     18.2182178       0.0000006862081801
     18.3183174       0.0000006786810133
     18.4184189       0.0000006712762755
     18.5185184       0.0000006639920563
     18.6186180       0.0000006568262617
     18.7187195       0.0000006497769216
     18.8188190       0.0000006428392942
     18.9189186       0.0000006360126335
     19.0190182       0.0000006292940224
     19.1191196       0.0000006226820706
     19.2192192       0.0000006161737189
     19.3193188       0.0000006097665249
     19.4194202       0.0000006034594716
     19.5195198       0.0000005972499637
     19.6196194       0.0000005911357127
     19.7197189       0.0000005851143303
     19.8198204       0.0000005791848380
     19.9199200       0.0000005733460638
     20.0200195       0.0000005675943521
     20.1201210       0.0000005619285305
     20.2202206       0.0000005563480603
     20.3203201       0.0000005508499969
     20.4204197       0.0000005454332141
     20.5205212       0.0000005400961629
     20.6206207       0.0000005348365892
     20.7207203       0.0000005296542074
     20.8208199       0.0000005245463138
     20.9209213       0.0000005195127707
     21.0210209       0.0000005145512657
     21.1211205       0.0000005096599087
     21.2212219       0.0000005048382433
     21.3213215       0.0000005000849645
     21.4214211       0.0000004953984235
     21.5215206       0.0000004907781829
     21.6216221       0.0000004862217363
     21.7217216       0.0000004817287930
     21.8218212       0.0000004772970650
     21.9219227       0.0000004729270059
     22.0220222       0.0000004686170843
     22.1221218       0.0000004643651792
     22.2222214       0.0000004601714684
     22.3223228       0.0000004560341311
     22.4224224       0.0000004519520303
     22.5225220       0.0000004479250526
     22.6226234       0.0000004439516450
     22.7227230       0.0000004400307937
     22.8228226       0.0000004361619273
     22.9229221       0.0000004323436317
     23.0230236       0.0000004285753117
     23.1231232       0.0000004248565672
     23.2232227       0.0000004211858247
     23.3233242       0.0000004175620269
     23.4234238       0.0000004139850549
     23.5235233       0.0000004104544585
     23.6236229       0.0000004069682975
     23.7237244       0.0000004035269195
     23.8238239       0.0000004001286346
     23.9239235       0.0000003967732547
     24.0240250       0.0000003934595024
     24.1241245       0.0000003901879165
     24.2242241       0.0000003869563788
     24.3243237       0.0000003837651484
     24.4244251       0.0000003806129818
     24.5245247       0.0000003774999960
     24.6246243       0.0000003744250002
     24.7247238       0.0000003713871343
     24.8248253       0.0000003683866250
     24.9249249       0.0000003654217641
     25.0250244       0.0000003624929244
     25.1251259       0.0000003595991300
     25.2252254       0.0000003567401145
     25.3253250       0.0000003539150296
     25.4254246       0.0000003511228699
     25.5255260       0.0000003483641961
     25.6256256       0.0000003456376510
     25.7257252       0.0000003429431499
     25.8258266       0.0000003402801595
     25.9259262       0.0000003376480635
     26.0260258       0.0000003350461481
     26.1261253       0.0000003324747328
     26.2262268       0.0000003299324359
     26.3263264       0.0000003274190613
     26.4264259       0.0000003249346368
     26.5265274       0.0000003224779515
     26.6266270       0.0000003200497182
     26.7267265       0.0000003176485544
     26.8268261       0.0000003152743334
     26.9269276       0.0000003129266863
     27.0270271       0.0000003106049677
     27.1271267       0.0000003083092738
     27.2272263       0.0000003060388349
     27.3273277       0.0000003037935010
     27.4274273       0.0000003015728646
     27.5275269       0.0000002993763492
     27.6276283       0.0000002972036920
     27.7277279       0.0000002950548825
     27.8278275       0.0000002929291430
     27.9279270       0.0000002908261998
     28.0280285       0.0000002887461476
     28.1281281       0.0000002866879147
     28.2282276       0.0000002846522797
     28.3283291       0.0000002826375676
     28.4284286       0.0000002806447154
     28.5285282       0.0000002786725409
     28.6286278       0.0000002767213020
     28.7287292       0.0000002747903879
     28.8288288       0.0000002728796732
     28.9289284       0.0000002709888717
     29.0290298       0.0000002691175139
     29.1291294       0.0000002672656495
     29.2292290       0.0000002654328018
     29.3293285       0.0000002636189970
     29.4294300       0.0000002618235344
     29.5295296       0.0000002600462191
     29.6296291       0.0000002582870403
     29.7297306       0.0000002565456987
     29.8298302       0.0000002548217368
     29.9299297       0.0000002531153593
     30.0300293       0.0000002514262144
     30.1301308       0.0000002497533610
     30.2302303       0.0000002480977258
     30.3303299       0.0000002464582250
     30.4304314       0.0000002448351207
     30.5305309       0.0000002432278777
     30.6306305       0.0000002416363568
     30.7307301       0.0000002400606591
     30.8308315       0.0000002385001438
     30.9309311       0.0000002369548190
     31.0310307       0.0000002354246257
     31.1311302       0.0000002339089940
     31.2312317       0.0000002324080789
     31.3313313       0.0000002309217041
     31.4314308       0.0000002294492582
     31.5315323       0.0000002279910488
     31.6316319       0.0000002265467126
     31.7317314       0.0000002251158807
     31.8318310       0.0000002236989106
     31.9319324       0.0000002222947394
     32.0320320       0.0000002209041971
     32.1321335       0.0000002195269010
     32.2322311       0.0000002181619462
     32.3323326       0.0000002168099807
     32.4324341       0.0000002154703238
     32.5325317       0.0000002141432790
     32.6326332       0.0000002128283829
     32.7327309       0.0000002115254266
     32.8328323       0.0000002102345186
     32.9329338       0.0000002089553739
     33.0330315       0.0000002076878632
     33.1331329       0.0000002064319205
     33.2332344       0.0000002051876011
     33.3333321       0.0000002039542146
     33.4334335       0.0000002027318572
     33.5335350       0.0000002015205947
     33.6336327       0.0000002003200169
     33.7337341       0.0000001991301858
     33.8338356       0.0000001979511285
     33.9339333       0.0000001967822933
     34.0340347       0.0000001956238128
     34.1341324       0.0000001944759124
     34.2342339       0.0000001933376316
     34.3343353       0.0000001922092806
     34.4344330       0.0000001910911120
     34.5345345       0.0000001899825282
     34.6346359       0.0000001888835050
     34.7347336       0.0000001877942689
     34.8348351       0.0000001867141354
     34.9349365       0.0000001856434230
     35.0350342       0.0000001845818909
     35.1351357       0.0000001835294509
     35.2352371       0.0000001824858024
     35.3353348       0.0000001814512932
     35.4354362       0.0000001804254872
     35.5355339       0.0000001794084141
     35.6356354       0.0000001783997079
     35.7357368       0.0000001773998129
     35.8358345       0.0000001764081579
     35.9359360       0.0000001754247295
     36.0360374       0.0000001744494962
     36.1361351       0.0000001734824345
     36.2362366       0.0000001725234821
     36.3363380       0.0000001715722821
     36.4364357       0.0000001706289787
     36.5365372       0.0000001696934381
     36.6366348       0.0000001687656386
     36.7367363       0.0000001678455239
     36.8368378       0.0000001669327819
     36.9369354       0.0000001660275290
     37.0370369       0.0000001651294121
     37.1371384       0.0000001642388531
     37.2372360       0.0000001633554702
     37.3373375       0.0000001624788875
     37.4374390       0.0000001616096405
     37.5375366       0.0000001607473236
     37.6376381       0.0000001598917143
     37.7377396       0.0000001590430108
     37.8378372       0.0000001582013688
     37.9379387       0.0000001573658924
     38.0380363       0.0000001565373061
     38.1381378       0.0000001557151965
     38.2382393       0.0000001548995038
     38.3383369       0.0000001540902590
     38.4384384       0.0000001532874322
     38.5385399       0.0000001524907594
     38.6386375       0.0000001517001708
     38.7387390       0.0000001509159771
     38.8388405       0.0000001501376007
     38.9389381       0.0000001493652977
     39.0390396       0.0000001485990357
     39.1391373       0.0000001478385150
     39.2392387       0.0000001470840680
     39.3393402       0.0000001463352387
     39.4394379       0.0000001455920609
     39.5395393       0.0000001448545202
     39.6396408       0.0000001441226135
     39.7397385       0.0000001433961699
     39.8398399       0.0000001426755353
     39.9399414       0.0000001419599800
     40.0400391       0.0000001412499773
     40.1401405       0.0000001405450820
     40.2402420       0.0000001398456755
     40.3403397       0.0000001391513949
     40.4404411       0.0000001384621864
     40.5405388       0.0000001377782137
     40.6406403       0.0000001370992248
     40.7407417       0.0000001364252996
     40.8408394       0.0000001357564183
     40.9409409       0.0000001350923226
     41.0410423       0.0000001344330881
     41.1411400       0.0000001337787398
     41.2412415       0.0000001331289820
     41.3413429       0.0000001324841683
     41.4414406       0.0000001318439564
     41.5415421       0.0000001312082857
     41.6416397       0.0000001305772362
     41.7417412       0.0000001299508566
     41.8418427       0.0000001293288345
     41.9419403       0.0000001287112879
     42.0420418       0.0000001280982834
     42.1421432       0.0000001274895666
     42.2422409       0.0000001268850615
     42.3423424       0.0000001262850366
     42.4424438       0.0000001256891216
     42.5425415       0.0000001250975507
     42.6426430       0.0000001245100291
     42.7427444       0.0000001239266361
     42.8428421       0.0000001233474941
     42.9429436       0.0000001227722389
     43.0430412       0.0000001222009450
     43.1431427       0.0000001216338199
     43.2432442       0.0000001210705121
     43.3433418       0.0000001205112066
     43.4434433       0.0000001199557181
     43.5435448       0.0000001194040499
     43.6436424       0.0000001188562210
     43.7437439       0.0000001183120061
     43.8438454       0.0000001177717230
     43.9439430       0.0000001172350189
     44.0440445       0.0000001167020463
     44.1441460       0.0000001161726807
     44.2442436       0.0000001156468356
     44.3443451       0.0000001151245630
     44.4444427       0.0000001146060397
     44.5445442       0.0000001140908116
     44.6446457       0.0000001135789667
     44.7447433       0.0000001130707662
     44.8448448       0.0000001125658752
     44.9449463       0.0000001120642638
     45.0450439       0.0000001115661620
     45.1451454       0.0000001110714520
     45.2452469       0.0000001105797778
     45.3453445       0.0000001100915131
     45.4454460       0.0000001096064832
     45.5455437       0.0000001091245310
     45.6456451       0.0000001086458056
     45.7457466       0.0000001081703315
     45.8458443       0.0000001076978323
     45.9459457       0.0000001072285439
     46.0460472       0.0000001067622218
     46.1461449       0.0000001062989379
     46.2462463       0.0000001058386880
     46.3463478       0.0000001053814221
     46.4464455       0.0000001049271720
     46.5465469       0.0000001044757878
     46.6466484       0.0000001040273017
     46.7467461       0.0000001035817144
     46.8468475       0.0000001031389022
     46.9469452       0.0000001026991198
     47.0470467       0.0000001022620384
     47.1471481       0.0000001018277337
     47.2472458       0.0000001013961565
     47.3473473       0.0000001009673736
     47.4474487       0.0000001005413361
     47.5475464       0.0000001001179174
     47.6476479       0.0000000996972433
     47.7477493       0.0000000992791145
     47.8478470       0.0000000988636647
     47.9479485       0.0000000984508010
     48.0480499       0.0000000980405604
     48.1481476       0.0000000976329407
     48.2482491       0.0000000972277295
     48.3483467       0.0000000968250558
     48.4484482       0.0000000964249531
     48.5485497       0.0000000960272803
     48.6486473       0.0000000956321349
     48.7487488       0.0000000952393548
     48.8488503       0.0000000948489493
     48.9489479       0.0000000944610226
     49.0490494       0.0000000940753769
     49.1491508       0.0000000936920759
     49.2492485       0.0000000933113021
     49.3493500       0.0000000929326888
     49.4494476       0.0000000925564308
     49.5495491       0.0000000921825083
     49.6496506       0.0000000918105873
     49.7497482       0.0000000914411793
     49.8498497       0.0000000910739382
     49.9499512       0.0000000907088585
     50.0500488       0.0000000903460589
     50.1501503       0.0000000899853224
     50.2502518       0.0000000896267800
     50.3503494       0.0000000892704180
     50.4504509       0.0000000889161331
     50.5505524       0.0000000885640094
     50.6506500       0.0000000882138850
     50.7507515       0.0000000878658905
     50.8508492       0.0000000875200025
     50.9509506       0.0000000871760706
     51.0510521       0.0000000868341951
     51.1511497       0.0000000864943239
     51.2512512       0.0000000861563248
     51.3513527       0.0000000858204640
     51.4514503       0.0000000854865287
     51.5515518       0.0000000851545688
     51.6516533       0.0000000848245150
     51.7517509       0.0000000844963566
     51.8518524       0.0000000841701010
     51.9519501       0.0000000838457167
     52.0520515       0.0000000835231581
     52.1521530       0.0000000832025082
     52.2522507       0.0000000828837780
     52.3523521       0.0000000825668586
     52.4524536       0.0000000822516443
     52.5525513       0.0000000819382657
     52.6526527       0.0000000816267161
     52.7527542       0.0000000813170303
     52.8528519       0.0000000810090017
     52.9529533       0.0000000807026395
     53.0530548       0.0000000803981885
     53.1531525       0.0000000800953161
     53.2532539       0.0000000797942065
     53.3533516       0.0000000794948295
     53.4534531       0.0000000791970154
     53.5535545       0.0000000789009709
     53.6536522       0.0000000786065662
     53.7537537       0.0000000783138881
     53.8538551       0.0000000780226098
     53.9539528       0.0000000777331722
     54.0540543       0.0000000774452555
     54.1541557       0.0000000771589904
     54.2542534       0.0000000768742228
     54.3543549       0.0000000765910940
     54.4544525       0.0000000763095488
     54.5545540       0.0000000760295435
     54.6546555       0.0000000757509454
     54.7547531       0.0000000754740820
     54.8548546       0.0000000751986208
     54.9549561       0.0000000749246736
     55.0550537       0.0000000746521770
     55.1551552       0.0000000743812200
     55.2552567       0.0000000741117041
     55.3553543       0.0000000738437169
     55.4554558       0.0000000735771337
     55.5555573       0.0000000733119713
     55.6556549       0.0000000730482857
     55.7557564       0.0000000727860231
     55.8558540       0.0000000725251245
     55.9559555       0.0000000722656894
     56.0560570       0.0000000720076117
     56.1561546       0.0000000717509731
     56.2562561       0.0000000714955923
     56.3563576       0.0000000712415515
     56.4564552       0.0000000709890088
     56.5565567       0.0000000707376511
     56.6566582       0.0000000704877872
     56.7567558       0.0000000702391266
     56.8568573       0.0000000699917762
     56.9569588       0.0000000697458047
     57.0570564       0.0000000695010535
     57.1571579       0.0000000692577411
     57.2572556       0.0000000690154960
     57.3573570       0.0000000687746025
     57.4574585       0.0000000685349903
     57.5575562       0.0000000682966509
     57.6576576       0.0000000680595525
     57.7577591       0.0000000678236231
     57.8578568       0.0000000675889214
     57.9579582       0.0000000673554912
     58.0580597       0.0000000671232604
     58.1581573       0.0000000668922341
     58.2582588       0.0000000666623981
     58.3583565       0.0000000664336609
     58.4584579       0.0000000662061636
     58.5585594       0.0000000659798612
     58.6586571       0.0000000657546464
     58.7587585       0.0000000655306772
     58.8588600       0.0000000653078150
     58.9589577       0.0000000650859816
     59.0590591       0.0000000648654282
     59.1591606       0.0000000646459325
     59.2592583       0.0000000644275575
     59.3593597       0.0000000642102427
     59.4594612       0.0000000639940955
     59.5595589       0.0000000637789723
     59.6596603       0.0000000635649971
     59.7597580       0.0000000633520808
     59.8598595       0.0000000631401644
     59.9599609       0.0000000629294134
     60.0600586       0.0000000627196628
     60.1601601       0.0000000625109518
     60.2602615       0.0000000623033031
     60.3603592       0.0000000620966778
     60.4604607       0.0000000618910565
     60.5605621       0.0000000616864922
     60.6606598       0.0000000614829402
     60.7607613       0.0000000612803469
     60.8608627       0.0000000610787564
     60.9609604       0.0000000608782500
     61.0610619       0.0000000606786171
     61.1611595       0.0000000604800554
     61.2612610       0.0000000602824424
     61.3613625       0.0000000600858072
     61.4614601       0.0000000598900449
     61.5615616       0.0000000596952771
     61.6616631       0.0000000595015132
     61.7617607       0.0000000593086702
     61.8618622       0.0000000591167306
     61.9619637       0.0000000589257317
     62.0620613       0.0000000587356955
     62.1621628       0.0000000585465995
     62.2622604       0.0000000583582547
     62.3623619       0.0000000581710217
     62.4624634       0.0000000579845428
     62.5625610       0.0000000577990266
     62.6626625       0.0000000576143365
     62.7627640       0.0000000574306574
     62.8628616       0.0000000572477284
     62.9629631       0.0000000570657389
     63.0630646       0.0000000568845972
     63.1631622       0.0000000567043553
     63.2632637       0.0000000565249016
     63.3633652       0.0000000563463275
     63.4634628       0.0000000561685929
     63.5635643       0.0000000559917299
     63.6636620       0.0000000558156515
     63.7637634       0.0000000556404101
     63.8638649       0.0000000554659900
     63.9639626       0.0000000552924193
     64.0640640       0.0000000551197180
     64.1641617       0.0000000549477478
     64.2642670       0.0000000547765169
     64.3643646       0.0000000546061848
     64.4644623       0.0000000544366474
     64.5645676       0.0000000542678661
     64.6646652       0.0000000540998478
     64.7647629       0.0000000539326794
     64.8648682       0.0000000537662199
     64.9649658       0.0000000536005657
     65.0650635       0.0000000534356654
     65.1651688       0.0000000532714752
     65.2652664       0.0000000531081095
     65.3653641       0.0000000529455013
     65.4654617       0.0000000527835877
     65.5655670       0.0000000526224290
     65.6656647       0.0000000524620312
     65.7657623       0.0000000523023694
     65.8658676       0.0000000521433685
     65.9659653       0.0000000519851568
     66.0660629       0.0000000518276685
     66.1661682       0.0000000516708850
     66.2662659       0.0000000515147603
     66.3663635       0.0000000513594083
     66.4664688       0.0000000512047516
     66.5665665       0.0000000510507327
     66.6666641       0.0000000508974402
     66.7667694       0.0000000507448522
     66.8668671       0.0000000505929112
     66.9669647       0.0000000504417502
     67.0670700       0.0000000502911632
     67.1671677       0.0000000501412898
     67.2672653       0.0000000499921142
     67.3673706       0.0000000498435303
     67.4674683       0.0000000496956837
     67.5675659       0.0000000495484684
     67.6676712       0.0000000494018957
     67.7677689       0.0000000492559465
     67.8678665       0.0000000491106404
     67.9679642       0.0000000489660274
     68.0680695       0.0000000488220148
     68.1681671       0.0000000486786779
     68.2682648       0.0000000485359479
     68.3683701       0.0000000483938452
     68.4684677       0.0000000482523466
     68.5685654       0.0000000481114722
     68.6686707       0.0000000479712723
     68.7687683       0.0000000478316078
     68.8688660       0.0000000476925977
     68.9689713       0.0000000475541641
     69.0690689       0.0000000474163712
     69.1691666       0.0000000472791322
     69.2692719       0.0000000471425193
     69.3693695       0.0000000470064922
     69.4694672       0.0000000468710294
     69.5695724       0.0000000467361443
     69.6696701       0.0000000466019032
     69.7697678       0.0000000464682113
     69.8698730       0.0000000463350650
     69.9699707       0.0000000462024867
     70.0700684       0.0000000460705780
     70.1701736       0.0000000459391267
     70.2702713       0.0000000458082407
     70.3703690       0.0000000456779453
     70.4704742       0.0000000455481678
     70.5705719       0.0000000454190213
     70.6706696       0.0000000452903617
     70.7707672       0.0000000451622706
     70.8708725       0.0000000450347192
     70.9709702       0.0000000449076901
     71.0710678       0.0000000447812071
     71.1711731       0.0000000446552643
     71.2712708       0.0000000445298431
     71.3713684       0.0000000444049776
     71.4714737       0.0000000442806268
     71.5715714       0.0000000441567861
     71.6716690       0.0000000440334608
     71.7717743       0.0000000439106324
     71.8718719       0.0000000437883230
     71.9719696       0.0000000436665647
     72.0720749       0.0000000435452939
     72.1721725       0.0000000434245151
     72.2722702       0.0000000433042713
     72.3723755       0.0000000431844682
     72.4724731       0.0000000430652094
     72.5725708       0.0000000429464261
     72.6726761       0.0000000428281244
     72.7727737       0.0000000427103021
     72.8728714       0.0000000425930049
     72.9729767       0.0000000424761652
     73.0730743       0.0000000423598160
     73.1731720       0.0000000422439505
     73.2732697       0.0000000421285944
     73.3733749       0.0000000420136231
     73.4734726       0.0000000418991564
     73.5735703       0.0000000417851984
     73.6736755       0.0000000416716533
     73.7737732       0.0000000415585466
     73.8738708       0.0000000414459589
     73.9739761       0.0000000413338377
     74.0740738       0.0000000412221591
     74.1741714       0.0000000411109004
     74.2742767       0.0000000410000988
     74.3743744       0.0000000408897825
     74.4744720       0.0000000407798816
     74.5745773       0.0000000406704236
     74.6746750       0.0000000405613738
     74.7747726       0.0000000404528165
     74.8748779       0.0000000403446935
     74.9749756       0.0000000402369733
     75.0750732       0.0000000401296868
     75.1751785       0.0000000400228445
     75.2752762       0.0000000399164113
     75.3753738       0.0000000398103713
     75.4754791       0.0000000397048398
     75.5755768       0.0000000395996755
     75.6756744       0.0000000394948986
     75.7757721       0.0000000393905886
     75.8758774       0.0000000392867059
     75.9759750       0.0000000391832076
     76.0760727       0.0000000390801188
     76.1761780       0.0000000389773935
     76.2762756       0.0000000388751143
     76.3763733       0.0000000387732361
     76.4764786       0.0000000386717539
     76.5765762       0.0000000385706844
     76.6766739       0.0000000384699697
     76.7767792       0.0000000383696817
     76.8768768       0.0000000382697915
     76.9769745       0.0000000381703095
     77.0770798       0.0000000380711550
     77.1771774       0.0000000379724118
     77.2772751       0.0000000378740966
     77.3773804       0.0000000377760800
     77.4774780       0.0000000376784852
     77.5775757       0.0000000375812507
     77.6776810       0.0000000374844296
     77.7777786       0.0000000373879277
     77.8778763       0.0000000372918570
     77.9779816       0.0000000371961497
     78.0780792       0.0000000371008176
     78.1781769       0.0000000370058212
     78.2782745       0.0000000369111822
     78.3783798       0.0000000368168905
     78.4784775       0.0000000367229803
     78.5785751       0.0000000366294679
     78.6786804       0.0000000365362993
     78.7787781       0.0000000364434670
     78.8788757       0.0000000363509890
     78.9789810       0.0000000362588519
     79.0790787       0.0000000361670713
     79.1791763       0.0000000360756495
     79.2792816       0.0000000359845710
     79.3793793       0.0000000358938382
     79.4794769       0.0000000358034462
     79.5795822       0.0000000357133921
     79.6796799       0.0000000356236437
     79.7797775       0.0000000355342916
     79.8798828       0.0000000354452477
     79.9799805       0.0000000353565172
     80.0800781       0.0000000352681489
     80.1801834       0.0000000351800954
     80.2802811       0.0000000350923871
     80.3803787       0.0000000350050156
     80.4804840       0.0000000349179412
     80.5805817       0.0000000348312214
     80.6806793       0.0000000347448403
     80.7807770       0.0000000346587315
     80.8808823       0.0000000345729656
     80.9809799       0.0000000344874920
     81.0810776       0.0000000344023376
     81.1811829       0.0000000343175423
     81.2812805       0.0000000342330331
     81.3813782       0.0000000341488268
     81.4814835       0.0000000340649471
     81.5815811       0.0000000339813766
     81.6816788       0.0000000338980901
     81.7817841       0.0000000338151072
     81.8818817       0.0000000337324341
     81.9819794       0.0000000336500870
     82.0820847       0.0000000335680577
     82.1821823       0.0000000334862951
     82.2822800       0.0000000334048298
     82.3823853       0.0000000333236715
     82.4824829       0.0000000332428008
     82.5825806       0.0000000331622211
     82.6826859       0.0000000330819482
     82.7827835       0.0000000330019707
     82.8828812       0.0000000329222734
     82.9829865       0.0000000328428672
     83.0830841       0.0000000327637426
     83.1831818       0.0000000326848872
     83.2832794       0.0000000326063209
     83.3833847       0.0000000325280601
     83.4834824       0.0000000324500870
     83.5835800       0.0000000323723460
     83.6836853       0.0000000322949621
     83.7837830       0.0000000322177845
     83.8838806       0.0000000321409254
     83.9839859       0.0000000320643232
     84.0840836       0.0000000319879670
     84.1841812       0.0000000319119372
     84.2842865       0.0000000318361671
     84.3843842       0.0000000317606431
     84.4844818       0.0000000316853783
     84.5845871       0.0000000316104124
     84.6846848       0.0000000315357049
     84.7847824       0.0000000314612534
     84.8848877       0.0000000313870405
     84.9849854       0.0000000313131280
     85.0850830       0.0000000312394623
     85.1851883       0.0000000311660631
     85.2852859       0.0000000310929318
     85.3853836       0.0000000310200288
     85.4854889       0.0000000309474194
     85.5855865       0.0000000308750285
     85.6856842       0.0000000308029452
     85.7857895       0.0000000307310584
     85.8858871       0.0000000306594233
     85.9859848       0.0000000305880584
     86.0860825       0.0000000305169243
     86.1861877       0.0000000304460654
     86.2862854       0.0000000303754551
     86.3863831       0.0000000303050649
     86.4864883       0.0000000302348995
     86.5865860       0.0000000301650267
     86.6866837       0.0000000300953962
     86.7867889       0.0000000300259672
     86.8868866       0.0000000299567963
     86.9869843       0.0000000298878701
     87.0870895       0.0000000298191770
     87.1871872       0.0000000297506871
     87.2872849       0.0000000296824699
     87.3873901       0.0000000296144843
     87.4874878       0.0000000295467730
     87.5875854       0.0000000294792210
     87.6876907       0.0000000294119603
     87.7877884       0.0000000293448859
     87.8878860       0.0000000292780650
     87.9879913       0.0000000292114524
     88.0880890       0.0000000291450548
     88.1881866       0.0000000290789134
     88.2882919       0.0000000290130130
     88.3883896       0.0000000289473116
     88.4884872       0.0000000288818188
     88.5885849       0.0000000288165622
     88.6886902       0.0000000287515403
     88.7887878       0.0000000286867283
     88.8888855       0.0000000286221293
     88.9889908       0.0000000285577376
     89.0890884       0.0000000284935770
     89.1891861       0.0000000284296493
     89.2892914       0.0000000283658906
     89.3893890       0.0000000283023935
     89.4894867       0.0000000282390807
     89.5895920       0.0000000281760181
     89.6896896       0.0000000281131446
     89.7897873       0.0000000280504661
     89.8898926       0.0000000279880225
     89.9899902       0.0000000279257652
     90.0900879       0.0000000278637177
     90.1901932       0.0000000278018777
     90.2902908       0.0000000277402321
     90.3903885       0.0000000276787987
     90.4904938       0.0000000276175920
     90.5905914       0.0000000275565689
     90.6906891       0.0000000274957493
     90.7907944       0.0000000274351208
     90.8908920       0.0000000273747008
     90.9909897       0.0000000273144827
     91.0910873       0.0000000272544880
     91.1911926       0.0000000271946583
     91.2912903       0.0000000271350353
     91.3913879       0.0000000270756035
     91.4914932       0.0000000270163529
     91.5915909       0.0000000269573127
     91.6916885       0.0000000268984892
     91.7917938       0.0000000268398086
     91.8918915       0.0000000267813735
     91.9919891       0.0000000267230926
     92.0920944       0.0000000266650078
     92.1921921       0.0000000266071172
     92.2922897       0.0000000265494177
     92.3923950       0.0000000264919031
     92.4924927       0.0000000264345764
     92.5925903       0.0000000263774345
     92.6926956       0.0000000263204775
     92.7927933       0.0000000262637052
     92.8928909       0.0000000262071100
     92.9929962       0.0000000261507028
     93.0930939       0.0000000260944789
     93.1931915       0.0000000260384413
     93.2932968       0.0000000259825528
     93.3933945       0.0000000259268755
     93.4934921       0.0000000258713753
     93.5935898       0.0000000258160552
     93.6936951       0.0000000257609074
     93.7937927       0.0000000257059290
     93.8938904       0.0000000256511277
     93.9939957       0.0000000255965062
     94.0940933       0.0000000255420681
     94.1941910       0.0000000254877778
     94.2942963       0.0000000254336659
     94.3943939       0.0000000253797447
     94.4944916       0.0000000253259747
     94.5945969       0.0000000252723904
     94.6946945       0.0000000252189951
     94.7947922       0.0000000251657208
     94.8948975       0.0000000251126439
     94.9949951       0.0000000250597322
     95.0950928       0.0000000250070224
     95.1951981       0.0000000249544142
     95.2952957       0.0000000249020126
     95.3953934       0.0000000248497651
     95.4954987       0.0000000247976893
     95.5955963       0.0000000247457488
     95.6956940       0.0000000246940108
     95.7957993       0.0000000246424018
     95.8958969       0.0000000245909808
     95.9959946       0.0000000245396845
     96.0960999       0.0000000244885614
     96.1961975       0.0000000244376364
     96.2962952       0.0000000243868430
     96.3963928       0.0000000243361994
     96.4964981       0.0000000242857178
     96.5965958       0.0000000242353993
     96.6966934       0.0000000241852359
     96.7967987       0.0000000241352176
     96.8968964       0.0000000240853545
     96.9969940       0.0000000240356497
     97.0970993       0.0000000239861151
     97.1971970       0.0000000239367145
     97.2972946       0.0000000238874657
     97.3973999       0.0000000238383674
     97.4974976       0.0000000237894586
     97.5975952       0.0000000237406530
     97.6977005       0.0000000236920076
     97.7977982       0.0000000236435143
     97.8978958       0.0000000235951942
     97.9980011       0.0000000235469924
     98.0980988       0.0000000234989458
     98.1981964       0.0000000234510547
     98.2983017       0.0000000234032980
     98.3983994       0.0000000233556887
     98.4984970       0.0000000233082237
     98.5986023       0.0000000232609266
     98.6987000       0.0000000232137545
     98.7987976       0.0000000231667237
     98.8988953       0.0000000231198369
     98.9990005       0.0000000230731196
     99.0990982       0.0000000230265196
     99.1991959       0.0000000229800357
     99.2993011       0.0000000229337320
     99.3993988       0.0000000228875506
     99.4994965       0.0000000228415102
     99.5996017       0.0000000227956030
     99.6996994       0.0000000227498169
     99.7997971       0.0000000227042152
     99.8999023       0.0000000226586988
    100.0000000       0.0000000226133481
