# x		H(x,a)
      0.0000000       1.0000000000000000
      0.1001001       0.9900299906730652
      0.2002002       0.9607124924659729
      0.3003003       0.9137664437294006
      0.4004004       0.8518707156181335
      0.5005005       0.7784109115600586
      0.6006006       0.6971734166145325
      0.7007007       0.6120254397392273
      0.8008008       0.5266169309616089
      0.9009009       0.4441368877887726
      1.0010010       0.3671641613694908
      1.1011012       0.2975343593497355
      1.2012012       0.2363379405305278
      1.3013012       0.1840115582105801
      1.4014014       0.1404342440500765
      1.5015016       0.1050564371798096
      1.6016016       0.0770377599175661
      1.7017016       0.0553771404412950
      1.8018018       0.0390233832125496
      1.9019020       0.0269599881796077
      2.0020020       0.0182626758339387
      2.1021020       0.0121320484739552
      2.2022023       0.0079058002000019
      2.3023024       0.0050557610635837
      2.4024024       0.0031750727848201
      2.5025024       0.0019603391215625
      2.6026025       0.0011920985670859
      2.7027028       0.0007161433924536
      2.8028028       0.0004270977792495
      2.9029028       0.0002548606986624
      3.0030031       0.0001540012931944
      3.1031032       0.0000958149986702
      3.2032032       0.0000626080244925
      3.3033032       0.0000437338701381
      3.4034033       0.0000329352320236
      3.5035036       0.0000266168136480
      3.6036036       0.0000227572701570
      3.7037036       0.0000202428023945
      3.8038039       0.0000184706396051
      3.9039040       0.0000171191192767
      4.0040040       0.0000160179479958
      4.1041040       0.0000150767837720
      4.2042041       0.0000142468101183
      4.3043041       0.0000135005625056
      4.4044046       0.0000128215951746
      4.5045047       0.0000121991481934
      4.6046047       0.0000116255773577
      4.7047048       0.0000110950165301
      4.8048048       0.0000106027320092
      4.9049048       0.0000101447572512
      5.0050049       0.0000097176867119
      5.1051049       0.0000093185701121
      5.2052050       0.0000089448397497
      5.3053055       0.0000085942302657
      5.4054055       0.0000082647313300
      5.5055056       0.0000079545816997
      5.6056056       0.0000076622056672
      5.7057056       0.0000073861614505
      5.8058057       0.0000071252133408
      5.9059057       0.0000068782146870
      6.0060062       0.0000066441262016
      6.1061063       0.0000064220484435
      6.2062063       0.0000062111268073
      6.3063064       0.0000060105961751
      6.4064064       0.0000058197593126
      6.5065064       0.0000056379850798
      6.6066065       0.0000054646900650
      6.7067065       0.0000052993410825
      6.8068066       0.0000051414501593
      6.9069071       0.0000049905554927
      7.0070071       0.0000048462481782
      7.1071072       0.0000047081517774
      7.2072072       0.0000045758981476
      7.3073072       0.0000044491531321
      7.4074073       0.0000043276285359
      7.5075073       0.0000042110188759
      7.6076078       0.0000040990726375
      7.7077079       0.0000039915362571
      7.8078079       0.0000038881823764
      7.9079080       0.0000037887917747
      8.0080080       0.0000036931661660
      8.1081085       0.0000036011187637
      8.2082081       0.0000035124671678
      8.3083086       0.0000034270493474
      8.4084082       0.0000033447093002
      8.5085087       0.0000032652953691
      8.6086082       0.0000031886805086
      8.7087088       0.0000031147257480
      8.8088093       0.0000030433113538
      8.9089088       0.0000029743232946
      9.0090094       0.0000029076512581
      9.1091089       0.0000028431964892
      9.2092094       0.0000027808568976
      9.3093090       0.0000027205421153
      9.4094095       0.0000026621670744
      9.5095091       0.0000026056498427
      9.6096096       0.0000025509137003
      9.7097101       0.0000024978804096
      9.8098097       0.0000024464817772
      9.9099102       0.0000023966549588
     10.0100098       0.0000023483294945
     10.1101103       0.0000023014487254
     10.2102098       0.0000022559608551
     10.3103104       0.0000022118054162
     10.4104099       0.0000021689349644
     10.5105104       0.0000021272953981
     10.6106110       0.0000020868451117
     10.7107105       0.0000020475355992
     10.8108110       0.0000020093241718
     10.9109106       0.0000019721724376
     11.0110111       0.0000019360420794
     11.1111107       0.0000019008947844
     11.2112112       0.0000018666960737
     11.3113117       0.0000018334124413
     11.4114113       0.0000018010107149
     11.5115118       0.0000017694590991
     11.6116114       0.0000017387277484
     11.7117119       0.0000017087927040
     11.8118114       0.0000016796232711
     11.9119120       0.0000016511936555
     12.0120125       0.0000016234808869
     12.1121120       0.0000015964580029
     12.2122126       0.0000015701071915
     12.3123121       0.0000015444021733
     12.4124126       0.0000015193229726
     12.5125122       0.0000014948505970
     12.6126127       0.0000014709643665
     12.7127123       0.0000014476466753
     12.8128128       0.0000014248799233
     12.9129133       0.0000014026455559
     13.0130129       0.0000013809278013
     13.1131134       0.0000013597091093
     13.2132130       0.0000013389773964
     13.3133135       0.0000013187159705
     13.4134130       0.0000012989140273
     13.5135136       0.0000012795513917
     13.6136131       0.0000012606200442
     13.7137136       0.0000012421067519
     13.8138142       0.0000012239981557
     13.9139137       0.0000012062810013
     14.0140142       0.0000011889481350
     14.1141138       0.0000011719871468
     14.2142143       0.0000011553854777
     14.3143139       0.0000011391336543
     14.4144144       0.0000011232231896
     14.5145149       0.0000011076446670
     14.6146145       0.0000010923878330
     14.7147150       0.0000010774451709
     14.8148146       0.0000010628063328
     14.9149151       0.0000010484631261
     15.0150146       0.0000010344110621
     15.1151152       0.0000010206368539
     15.2152157       0.0000010071384398
     15.3153152       0.0000009939056531
     15.4154158       0.0000009809319885
     15.5155153       0.0000009682112005
     15.6156158       0.0000009557358426
     15.7157154       0.0000009435019965
     15.8158159       0.0000009315006252
     15.9159155       0.0000009197268173
     16.0160160       0.0000009081748784
     16.1161156       0.0000008968405423
     16.2162170       0.0000008857165498
     16.3163166       0.0000008747986159
     16.4164162       0.0000008640804803
     16.5165157       0.0000008535601508
     16.6166172       0.0000008432296693
     16.7167168       0.0000008330859911
     16.8168163       0.0000008231250561
     16.9169178       0.0000008133416323
     17.0170174       0.0000008037316970
     17.1171169       0.0000007942910501
     17.2172165       0.0000007850165181
     17.3173180       0.0000007759024781
     17.4174175       0.0000007669476134
     17.5175171       0.0000007581472190
     17.6176186       0.0000007494962311
     17.7177181       0.0000007409937390
     17.8178177       0.0000007326353249
     17.9179173       0.0000007244169724
     18.0180187       0.0000007163363341
     18.1181183       0.0000007083911206
     18.2182178       0.0000007005770349
     18.3183174       0.0000006928922519
     18.4184189       0.0000006853324628
     18.5185184       0.0000006778957246
     18.6186180       0.0000006705798758
     18.7187195       0.0000006633829214
     18.8188190       0.0000006563000785
     18.9189186       0.0000006493304510
     19.0190182       0.0000006424711228
     19.1191196       0.0000006357207359
     19.2192192       0.0000006290761153
     19.3193188       0.0000006225347306
     19.4194202       0.0000006160955948
     19.5195198       0.0000006097560096
     19.6196194       0.0000006035137891
     19.7197189       0.0000005973663458
     19.8198204       0.0000005913126831
     19.9199200       0.0000005853516455
     20.0200195       0.0000005794795467
     20.1201210       0.0000005736950923
     20.2202206       0.0000005679977172
     20.3203201       0.0000005623844589
     20.4204197       0.0000005568543087
     20.5205212       0.0000005514055282
     20.6206207       0.0000005460358021
     20.7207203       0.0000005407449260
     20.8208199       0.0000005355300800
     20.9209213       0.0000005303911581
     21.0210209       0.0000005253256835
     21.1211205       0.0000005203319590
     21.2212219       0.0000005154093097
     21.3213215       0.0000005105565267
     21.4214211       0.0000005057718116
     21.5215206       0.0000005010548009
     21.6216221       0.0000004964029641
     21.7217216       0.0000004918159328
     21.8218212       0.0000004872914007
     21.9219227       0.0000004828298107
     22.0220222       0.0000004784296723
     22.1221218       0.0000004740887503
     22.2222214       0.0000004698072499
     22.3223228       0.0000004655832929
     22.4224224       0.0000004614156871
     22.5225220       0.0000004573044428
     22.6226234       0.0000004532477502
     22.7227230       0.0000004492447936
     22.8228226       0.0000004452949147
     22.9229221       0.0000004413966434
     23.0230236       0.0000004375494891
     23.1231232       0.0000004337528178
     23.2232227       0.0000004300052396
     23.3233242       0.0000004263056020
     23.4234238       0.0000004226536984
     23.5235233       0.0000004190491860
     23.6236229       0.0000004154900079
     23.7237244       0.0000004119765872
     23.8238239       0.0000004085071367
     23.9239235       0.0000004050814863
     24.0240250       0.0000004016983481
     24.1241245       0.0000003983582868
     24.2242241       0.0000003950590343
     24.3243237       0.0000003918009936
     24.4244251       0.0000003885828126
     24.5245247       0.0000003854046503
     24.6246243       0.0000003822653043
     24.7247238       0.0000003791637896
     24.8248253       0.0000003761004515
     24.9249249       0.0000003730735071
     25.0250244       0.0000003700833775
     25.1251259       0.0000003671289578
     25.2252254       0.0000003642100593
     25.3253250       0.0000003613258561
     25.4254246       0.0000003584752343
     25.5255260       0.0000003556587809
     25.6256256       0.0000003528751182
     25.7257252       0.0000003501242252
     25.8258266       0.0000003474054686
     25.9259262       0.0000003447182532
     26.0260258       0.0000003420618629
     26.1261253       0.0000003394365611
     26.2262268       0.0000003368410484
     26.3263264       0.0000003342750552
     26.4264259       0.0000003317385998
     26.5265274       0.0000003292305069
     26.6266270       0.0000003267514089
     26.7267265       0.0000003242999595
     26.8268261       0.0000003218759865
     26.9269276       0.0000003194792238
     27.0270271       0.0000003171088937
     27.1271267       0.0000003147650812
     27.2272263       0.0000003124471338
     27.3273277       0.0000003101547578
     27.4274273       0.0000003078876686
     27.5275269       0.0000003056451618
     27.6276283       0.0000003034269778
     27.7277279       0.0000003012331648
     27.8278275       0.0000002990629336
     27.9279270       0.0000002969159649
     28.0280285       0.0000002947923382
     28.1281281       0.0000002926910165
     28.2282276       0.0000002906127502
     28.3283291       0.0000002885558630
     28.4284286       0.0000002865212940
     28.5285282       0.0000002845078166
     28.6286278       0.0000002825157277
     28.7287292       0.0000002805443593
     28.8288288       0.0000002785936634
     28.9289284       0.0000002766632578
     29.0290298       0.0000002747527174
     29.1291294       0.0000002728620735
     29.2292290       0.0000002709908463
     29.3293285       0.0000002691390433
     29.4294300       0.0000002673059809
     29.5295296       0.0000002654914645
     29.6296291       0.0000002636954396
     29.7297306       0.0000002619176317
     29.8298302       0.0000002601576030
     29.9299297       0.0000002584154432
     30.0300293       0.0000002566909485
     30.1301308       0.0000002549830641
     30.2302303       0.0000002532927648
     30.3303299       0.0000002516189245
     30.4304314       0.0000002499618424
     30.5305309       0.0000002483209493
     30.6306305       0.0000002466961090
     30.7307301       0.0000002450874296
     30.8308315       0.0000002434942118
     30.9309311       0.0000002419165178
     31.0310307       0.0000002403542670
     31.1311302       0.0000002388069315
     31.2312317       0.0000002372745749
     31.3313313       0.0000002357570708
     31.4314308       0.0000002342538232
     31.5315323       0.0000002327650525
     31.6316319       0.0000002312904898
     31.7317314       0.0000002298296879
     31.8318310       0.0000002283830409
     31.9319324       0.0000002269494943
     32.0320320       0.0000002255298202
     32.1321335       0.0000002241236853
     32.2322311       0.0000002227301673
     32.3323326       0.0000002213498575
     32.4324341       0.0000002199821640
     32.5325317       0.0000002186273244
     32.6326332       0.0000002172849208
     32.7327309       0.0000002159546410
     32.8328323       0.0000002146367262
     32.9329338       0.0000002133307881
     33.0330315       0.0000002120367470
     33.1331329       0.0000002107545023
     33.2332344       0.0000002094841134
     33.3333321       0.0000002082249145
     33.4334335       0.0000002069769714
     33.5335350       0.0000002057403413
     33.6336327       0.0000002045146067
     33.7337341       0.0000002032998740
     33.8338356       0.0000002020961216
     33.9339333       0.0000002009028021
     34.0340347       0.0000001997200791
     34.1341324       0.0000001985481341
     34.2342339       0.0000001973860284
     34.3343353       0.0000001962340431
     34.4344330       0.0000001950924631
     34.5345345       0.0000001939606568
     34.6346359       0.0000001928386388
     34.7347336       0.0000001917265925
     34.8348351       0.0000001906238482
     34.9349365       0.0000001895307072
     35.0350342       0.0000001884469381
     35.1351357       0.0000001873724663
     35.2352371       0.0000001863069632
     35.3353348       0.0000001852507965
     35.4354362       0.0000001842034996
     35.5355339       0.0000001831651417
     35.6356354       0.0000001821353031
     35.7357368       0.0000001811144751
     35.8358345       0.0000001801020521
     35.9359360       0.0000001790980355
     36.0360374       0.0000001781023829
     36.1361351       0.0000001771150587
     36.2362366       0.0000001761360396
     36.3363380       0.0000001751649262
     36.4364357       0.0000001742018786
     36.5365372       0.0000001732467386
     36.6366348       0.0000001722994967
     36.7367363       0.0000001713601248
     36.8368378       0.0000001704282671
     36.9369354       0.0000001695040433
     37.0370369       0.0000001685871341
     37.1371384       0.0000001676779332
     37.2372360       0.0000001667760530
     37.3373375       0.0000001658811241
     37.4374390       0.0000001649936575
     37.5375366       0.0000001641133019
     37.6376381       0.0000001632397711
     37.7377396       0.0000001623733054
     37.8378372       0.0000001615140282
     37.9379387       0.0000001606610523
     38.0380363       0.0000001598151166
     38.1381378       0.0000001589758033
     38.2382393       0.0000001581430135
     38.3383369       0.0000001573168311
     38.4384384       0.0000001564971893
     38.5385399       0.0000001556838329
     38.6386375       0.0000001548766910
     38.7387390       0.0000001540760711
     38.8388405       0.0000001532814098
     38.9389381       0.0000001524929303
     39.0390396       0.0000001517106162
     39.1391373       0.0000001509341736
     39.2392387       0.0000001501639321
     39.3393402       0.0000001493994388
     39.4394379       0.0000001486407042
     39.5395393       0.0000001478877156
     39.6396408       0.0000001471404714
     39.7397385       0.0000001463988101
     39.8398399       0.0000001456630867
     39.9399414       0.0000001449325440
     40.0400391       0.0000001442076798
     40.1401405       0.0000001434880279
     40.2402420       0.0000001427739793
     40.3403397       0.0000001420651507
     40.4404411       0.0000001413615281
     40.5405388       0.0000001406632146
     40.6406403       0.0000001399700190
     40.7407417       0.0000001392819730
     40.8408394       0.0000001385991062
     40.9409409       0.0000001379210957
     41.0410423       0.0000001372480435
     41.1411400       0.0000001365799881
     41.2412415       0.0000001359166300
     41.3413429       0.0000001352583306
     41.4414406       0.0000001346047027
     41.5415421       0.0000001339557254
     41.6416397       0.0000001333114665
     41.7417412       0.0000001326719661
     41.8418427       0.0000001320369175
     41.9419403       0.0000001314064294
     42.0420418       0.0000001307805845
     42.1421432       0.0000001301591355
     42.2422409       0.0000001295419556
     42.3423424       0.0000001289293832
     42.4424438       0.0000001283209909
     42.5425415       0.0000001277170296
     42.6426430       0.0000001271172140
     42.7427444       0.0000001265215995
     42.8428421       0.0000001259303245
     42.9429436       0.0000001253430314
     43.0430412       0.0000001247597708
     43.1431427       0.0000001241807566
     43.2432442       0.0000001236056672
     43.3433418       0.0000001230346553
     43.4434433       0.0000001224675203
     43.5435448       0.0000001219043158
     43.6436424       0.0000001213450245
     43.7437439       0.0000001207894049
     43.8438454       0.0000001202378072
     43.9439430       0.0000001196898713
     44.0440445       0.0000001191457296
     44.1441460       0.0000001186052926
     44.2442436       0.0000001180684227
     44.3443451       0.0000001175352119
     44.4444427       0.0000001170058402
     44.5445442       0.0000001164798083
     44.6446457       0.0000001159572436
     44.7447433       0.0000001154384135
     44.8448448       0.0000001149229520
     44.9449463       0.0000001144108295
     45.0450439       0.0000001139023055
     45.1451454       0.0000001133972360
     45.2452469       0.0000001128952584
     45.3453445       0.0000001123967790
     45.4454460       0.0000001119015836
     45.5455437       0.0000001114095493
     45.6456451       0.0000001109207920
     45.7457466       0.0000001104353614
     45.8458443       0.0000001099529640
     45.9459457       0.0000001094738539
     46.0460472       0.0000001089977696
     46.1461449       0.0000001085247841
     46.2462463       0.0000001080549070
     46.3463478       0.0000001075880631
     46.4464455       0.0000001071242842
     46.5465469       0.0000001066634570
     46.6466484       0.0000001062055824
     46.7467461       0.0000001057506684
     46.8468475       0.0000001052985767
     46.9469452       0.0000001048495859
     47.0470467       0.0000001044033561
     47.1471481       0.0000001039599574
     47.2472458       0.0000001035193346
     47.3473473       0.0000001030815814
     47.4474487       0.0000001026466294
     47.5475464       0.0000001022143371
     47.6476479       0.0000001017848463
     47.7477493       0.0000001013579668
     47.8478470       0.0000001009338158
     47.9479485       0.0000001005123065
     48.0480499       0.0000001000934823
     48.1481476       0.0000000996773231
     48.2482491       0.0000000992636188
     48.3483467       0.0000000988525265
     48.4484482       0.0000000984440434
     48.5485497       0.0000000980380384
     48.6486473       0.0000000976346239
     48.7487488       0.0000000972336222
     48.8488503       0.0000000968350375
     48.9489479       0.0000000964389946
     49.0490494       0.0000000960452675
     49.1491508       0.0000000956539402
     49.2492485       0.0000000952651933
     49.3493500       0.0000000948786466
     49.4494476       0.0000000944945180
     49.5495491       0.0000000941127629
     49.6496506       0.0000000937330533
     49.7497482       0.0000000933559109
     49.8498497       0.0000000929809778
     49.9499512       0.0000000926082601
     50.0500488       0.0000000922378552
     50.1501503       0.0000000918695664
     50.2502518       0.0000000915035159
     50.3503494       0.0000000911396956
     50.4504509       0.0000000907779948
     50.5505524       0.0000000904184994
     50.6506500       0.0000000900610315
     50.7507515       0.0000000897057637
     50.8508492       0.0000000893526271
     50.9509506       0.0000000890014881
     51.0510521       0.0000000886524623
     51.1511497       0.0000000883054708
     51.2512512       0.0000000879603985
     51.3513527       0.0000000876175050
     51.4514503       0.0000000872765726
     51.5515518       0.0000000869376598
     51.6516533       0.0000000866006957
     51.7517509       0.0000000862656694
     51.8518524       0.0000000859325770
     51.9519501       0.0000000856014047
     52.0520515       0.0000000852720884
     52.1521530       0.0000000849447249
     52.2522507       0.0000000846193190
     52.3523521       0.0000000842957675
     52.4524536       0.0000000839739558
     52.5525513       0.0000000836540109
     52.6526527       0.0000000833359391
     52.7527542       0.0000000830197638
     52.8528519       0.0000000827052868
     52.9529533       0.0000000823925179
     53.0530548       0.0000000820816820
     53.1531525       0.0000000817724775
     53.2532539       0.0000000814650488
     53.3533516       0.0000000811594158
     53.4534531       0.0000000808553617
     53.5535545       0.0000000805531224
     53.6536522       0.0000000802525468
     53.7537537       0.0000000799537429
     53.8538551       0.0000000796563589
     53.9539528       0.0000000793608692
     54.0540543       0.0000000790669237
     54.1541557       0.0000000787746615
     54.2542534       0.0000000784839319
     54.3543549       0.0000000781948736
     54.4544525       0.0000000779074299
     54.5545540       0.0000000776215634
     54.6546555       0.0000000773371321
     54.7547531       0.0000000770544767
     54.8548546       0.0000000767732458
     54.9549561       0.0000000764935601
     55.0550537       0.0000000762153483
     55.1551552       0.0000000759387211
     55.2552567       0.0000000756635717
     55.3553543       0.0000000753899639
     55.4554558       0.0000000751177968
     55.5555573       0.0000000748470807
     55.6556549       0.0000000745778795
     55.7557564       0.0000000743101324
     55.8558540       0.0000000740437665
     55.9559555       0.0000000737788965
     56.0560570       0.0000000735154143
     56.1561546       0.0000000732534030
     56.2562561       0.0000000729926722
     56.3563576       0.0000000727333118
     56.4564552       0.0000000724754833
     56.5565567       0.0000000722188613
     56.6566582       0.0000000719637676
     56.7567558       0.0000000717098992
     56.8568573       0.0000000714573659
     56.9569588       0.0000000712062504
     57.0570564       0.0000000709563714
     57.1571579       0.0000000707079598
     57.2572556       0.0000000704606417
     57.3573570       0.0000000702147083
     57.4574585       0.0000000699700748
     57.5575562       0.0000000697267454
     57.6576576       0.0000000694846887
     57.7577591       0.0000000692438238
     57.8578568       0.0000000690041990
     57.9579582       0.0000000687658844
     58.0580597       0.0000000685287871
     58.1581573       0.0000000682929256
     58.2582588       0.0000000680582729
     58.3583565       0.0000000678247482
     58.4584579       0.0000000675924832
     58.5585594       0.0000000673614451
     58.6586571       0.0000000671315236
     58.7587585       0.0000000669028497
     58.8588600       0.0000000666753257
     58.9589577       0.0000000664488527
     59.0590591       0.0000000662236755
     59.1591606       0.0000000659995858
     59.2592583       0.0000000657766348
     59.3593597       0.0000000655547751
     59.4594612       0.0000000653341023
     59.5595589       0.0000000651144709
     59.6596603       0.0000000648960138
     59.7597580       0.0000000646786397
     59.8598595       0.0000000644622892
     59.9599609       0.0000000642471247
     60.0600586       0.0000000640329841
     60.1601601       0.0000000638199019
     60.2602615       0.0000000636079006
     60.3603592       0.0000000633969477
     60.4604607       0.0000000631870229
     60.5605621       0.0000000629781745
     60.6606598       0.0000000627703634
     60.7607613       0.0000000625635284
     60.8608627       0.0000000623577086
     60.9609604       0.0000000621530122
     61.0610619       0.0000000619491992
     61.1611595       0.0000000617464842
     61.2612610       0.0000000615447297
     61.3613625       0.0000000613439716
     61.4614601       0.0000000611441221
     61.5615616       0.0000000609452614
     61.6616631       0.0000000607474495
     61.7617607       0.0000000605505640
     61.8618622       0.0000000603546062
     61.9619637       0.0000000601596079
     62.0620613       0.0000000599655916
     62.1621628       0.0000000597725346
     62.2622604       0.0000000595802504
     62.3623619       0.0000000593890882
     62.4624634       0.0000000591987084
     62.5625610       0.0000000590093112
     62.6626625       0.0000000588207574
     62.7627640       0.0000000586332233
     62.8628616       0.0000000584464676
     62.9629631       0.0000000582606718
     63.0630646       0.0000000580757295
     63.1631622       0.0000000578917186
     63.2632637       0.0000000577085005
     63.3633652       0.0000000575261880
     63.4634628       0.0000000573447332
     63.5635643       0.0000000571641631
     63.6636620       0.0000000569844013
     63.7637634       0.0000000568054895
     63.8638649       0.0000000566274234
     63.9639626       0.0000000564502135
     64.0640640       0.0000000562738929
     64.1641617       0.0000000560983203
     64.2642670       0.0000000559235108
     64.3643646       0.0000000557496145
     64.4644623       0.0000000555765251
     64.5645676       0.0000000554042037
     64.6646652       0.0000000552326698
     64.7647629       0.0000000550619994
     64.8648682       0.0000000548920555
     64.9649658       0.0000000547229361
     65.0650635       0.0000000545545762
     65.1651688       0.0000000543869510
     65.2652664       0.0000000542201638
     65.3653641       0.0000000540541464
     65.4654617       0.0000000538888476
     65.5655670       0.0000000537243168
     65.6656647       0.0000000535605624
     65.7657623       0.0000000533975596
     65.8658676       0.0000000532352291
     65.9659653       0.0000000530737013
     66.0660629       0.0000000529129126
     66.1661682       0.0000000527528504
     66.2662659       0.0000000525934548
     66.3663635       0.0000000524348491
     66.4664688       0.0000000522769544
     66.5665665       0.0000000521197082
     66.6666641       0.0000000519632047
     66.7667694       0.0000000518074216
     66.8668671       0.0000000516523003
     66.9669647       0.0000000514979734
     67.0670700       0.0000000513442341
     67.1671677       0.0000000511912214
     67.2672653       0.0000000510389226
     67.3673706       0.0000000508872300
     67.4674683       0.0000000507362883
     67.5675659       0.0000000505859866
     67.6676712       0.0000000504363463
     67.7677689       0.0000000502873411
     67.8678665       0.0000000501389946
     67.9679642       0.0000000499913514
     68.0680695       0.0000000498443238
     68.1681671       0.0000000496979848
     68.2682648       0.0000000495522647
     68.3683701       0.0000000494071875
     68.4684677       0.0000000492627264
     68.5685654       0.0000000491189021
     68.6686707       0.0000000489757692
     68.7687683       0.0000000488331792
     68.8688660       0.0000000486912571
     68.9689713       0.0000000485499234
     69.0690689       0.0000000484092465
     69.1691666       0.0000000482691351
     69.2692719       0.0000000481296600
     69.3693695       0.0000000479907860
     69.4694672       0.0000000478524851
     69.5695724       0.0000000477147775
     69.6696701       0.0000000475777211
     69.7697678       0.0000000474412353
     69.8698730       0.0000000473052977
     69.9699707       0.0000000471699401
     70.0700684       0.0000000470352732
     70.1701736       0.0000000469010708
     70.2702713       0.0000000467674430
     70.3703690       0.0000000466344187
     70.4704742       0.0000000465019244
     70.5705719       0.0000000463700717
     70.6706696       0.0000000462387172
     70.7707672       0.0000000461079441
     70.8708725       0.0000000459777201
     70.9709702       0.0000000458480366
     71.0710678       0.0000000457189024
     71.1711731       0.0000000455903244
     71.2712708       0.0000000454622706
     71.3713684       0.0000000453347949
     71.4714737       0.0000000452078402
     71.5715714       0.0000000450814045
     71.6716690       0.0000000449554997
     71.7717743       0.0000000448300977
     71.8718719       0.0000000447052273
     71.9719696       0.0000000445809211
     72.0720749       0.0000000444571116
     72.1721725       0.0000000443337997
     72.2722702       0.0000000442110394
     72.3723755       0.0000000440887278
     72.4724731       0.0000000439669708
     72.5725708       0.0000000438457045
     72.6726761       0.0000000437249228
     72.7727737       0.0000000436046358
     72.8728714       0.0000000434848810
     72.9729767       0.0000000433655926
     73.0730743       0.0000000432468072
     73.1731720       0.0000000431285180
     73.2732697       0.0000000430107485
     73.3733749       0.0000000428933683
     73.4734726       0.0000000427765024
     73.5735703       0.0000000426601586
     73.6736755       0.0000000425442394
     73.7737732       0.0000000424287609
     73.8738708       0.0000000423138183
     73.9739761       0.0000000421993456
     74.0740738       0.0000000420853308
     74.1741714       0.0000000419717413
     74.2742767       0.0000000418586187
     74.3743744       0.0000000417459943
     74.4744720       0.0000000416337910
     74.5745773       0.0000000415220402
     74.6746750       0.0000000414107061
     74.7747726       0.0000000412998782
     74.8748779       0.0000000411894940
     74.9749756       0.0000000410795148
     75.0750732       0.0000000409699850
     75.1751785       0.0000000408609030
     75.2752762       0.0000000407522421
     75.3753738       0.0000000406439799
     75.4754791       0.0000000405362375
     75.5755768       0.0000000404288705
     75.6756744       0.0000000403218995
     75.7757721       0.0000000402154091
     75.8758774       0.0000000401093496
     75.9759750       0.0000000400036862
     76.0760727       0.0000000398984384
     76.1761780       0.0000000397935597
     76.2762756       0.0000000396891404
     76.3763733       0.0000000395851281
     76.4764786       0.0000000394815246
     76.5765762       0.0000000393783337
     76.6766739       0.0000000392755124
     76.7767792       0.0000000391731249
     76.8768768       0.0000000390711415
     76.9769745       0.0000000389695791
     77.0770798       0.0000000388683492
     77.1771774       0.0000000387675374
     77.2772751       0.0000000386671605
     77.3773804       0.0000000385670934
     77.4774780       0.0000000384674580
     77.5775757       0.0000000383681858
     77.6776810       0.0000000382693339
     77.7777786       0.0000000381708127
     77.8778763       0.0000000380727331
     77.9779816       0.0000000379750169
     78.0780792       0.0000000378776884
     78.1781769       0.0000000377807011
     78.2782745       0.0000000376840806
     78.3783798       0.0000000375878197
     78.4784775       0.0000000374919374
     78.5785751       0.0000000373964692
     78.6786804       0.0000000373013512
     78.7787781       0.0000000372065780
     78.8788757       0.0000000371121592
     78.9789810       0.0000000370180937
     79.0790787       0.0000000369243942
     79.1791763       0.0000000368310535
     79.2792816       0.0000000367380721
     79.3793793       0.0000000366454360
     79.4794769       0.0000000365531532
     79.5795822       0.0000000364612114
     79.6796799       0.0000000363695841
     79.7797775       0.0000000362783603
     79.8798828       0.0000000361874569
     79.9799805       0.0000000360968661
     80.0800781       0.0000000360066477
     80.1801834       0.0000000359167468
     80.2802811       0.0000000358272072
     80.3803787       0.0000000357380012
     80.4804840       0.0000000356491076
     80.5805817       0.0000000355605689
     80.6806793       0.0000000354723787
     80.7807770       0.0000000353844660
     80.8808823       0.0000000352969031
     80.9809799       0.0000000352096413
     81.0810776       0.0000000351227049
     81.1811829       0.0000000350361348
     81.2812805       0.0000000349498534
     81.3813782       0.0000000348638838
     81.4814835       0.0000000347782510
     81.5815811       0.0000000346929301
     81.6816788       0.0000000346078991
     81.7817841       0.0000000345231780
     81.8818817       0.0000000344387730
     81.9819794       0.0000000343547005
     82.0820847       0.0000000342709558
     82.1821823       0.0000000341874801
     82.2822800       0.0000000341043079
     82.3823853       0.0000000340214524
     82.4824829       0.0000000339388873
     82.5825806       0.0000000338566226
     82.6826859       0.0000000337746682
     82.7827835       0.0000000336930184
     82.8828812       0.0000000336116487
     82.9829865       0.0000000335305797
     83.0830841       0.0000000334498014
     83.1831818       0.0000000333692950
     83.2832794       0.0000000332890810
     83.3833847       0.0000000332091792
     83.4834824       0.0000000331295809
     83.5835800       0.0000000330502074
     83.6836853       0.0000000329712020
     83.7837830       0.0000000328924045
     83.8838806       0.0000000328139390
     83.9839859       0.0000000327357331
     84.0840836       0.0000000326577789
     84.1841812       0.0000000325801520
     84.2842865       0.0000000325028004
     84.3843842       0.0000000324256944
     84.4844818       0.0000000323488503
     84.5845871       0.0000000322723187
     84.6846848       0.0000000321960482
     84.7847824       0.0000000321200334
     84.8848877       0.0000000320442662
     84.9849854       0.0000000319688096
     85.0850830       0.0000000318935993
     85.1851883       0.0000000318186622
     85.2852859       0.0000000317439993
     85.3853836       0.0000000316695733
     85.4854889       0.0000000315954420
     85.5855865       0.0000000315215376
     85.6856842       0.0000000314479451
     85.7857895       0.0000000313745510
     85.8858871       0.0000000313014181
     85.9859848       0.0000000312285556
     86.0860825       0.0000000311559331
     86.1861877       0.0000000310835895
     86.2862854       0.0000000310115038
     86.3863831       0.0000000309396377
     86.4864883       0.0000000308680023
     86.5865860       0.0000000307966667
     86.6866837       0.0000000307255796
     86.7867889       0.0000000306546966
     86.8868866       0.0000000305840748
     86.9869843       0.0000000305137074
     87.0870895       0.0000000304435761
     87.1871872       0.0000000303736505
     87.2872849       0.0000000303040077
     87.3873901       0.0000000302345997
     87.4874878       0.0000000301654697
     87.5875854       0.0000000300965037
     87.6876907       0.0000000300278338
     87.7877884       0.0000000299593551
     87.8878860       0.0000000298911368
     87.9879913       0.0000000298231265
     88.0880890       0.0000000297553370
     88.1881866       0.0000000296878107
     88.2882919       0.0000000296205320
     88.3883896       0.0000000295534549
     88.4884872       0.0000000294865892
     88.5885849       0.0000000294199662
     88.6886902       0.0000000293535813
     88.7887878       0.0000000292874124
     88.8888855       0.0000000292214627
     88.9889908       0.0000000291557231
     89.0890884       0.0000000290902213
     89.1891861       0.0000000290249525
     89.2892914       0.0000000289598582
     89.3893890       0.0000000288950327
     89.4894867       0.0000000288303907
     89.5895920       0.0000000287660093
     89.6896896       0.0000000287018196
     89.7897873       0.0000000286378308
     89.8898926       0.0000000285740807
     89.9899902       0.0000000285105162
     90.0900879       0.0000000284471678
     90.1901932       0.0000000283840398
     90.2902908       0.0000000283210993
     90.3903885       0.0000000282583806
     90.4904938       0.0000000281958925
     90.5905914       0.0000000281335903
     90.6906891       0.0000000280714918
     90.7907944       0.0000000280095969
     90.8908920       0.0000000279479136
     90.9909897       0.0000000278864353
     91.0910873       0.0000000278251842
     91.1911926       0.0000000277641005
     91.2912903       0.0000000277032268
     91.3913879       0.0000000276425536
     91.4914932       0.0000000275820614
     91.5915909       0.0000000275217829
     91.6916885       0.0000000274617312
     91.7917938       0.0000000274018212
     91.8918915       0.0000000273421609
     91.9919891       0.0000000272826604
     92.0920944       0.0000000272233593
     92.1921921       0.0000000271642586
     92.2922897       0.0000000271053491
     92.3923950       0.0000000270466307
     92.4924927       0.0000000269881033
     92.5925903       0.0000000269297640
     92.6926956       0.0000000268716125
     92.7927933       0.0000000268136553
     92.8928909       0.0000000267558733
     92.9929962       0.0000000266982858
     93.0930939       0.0000000266408863
     93.1931915       0.0000000265836716
     93.2932968       0.0000000265266132
     93.3933945       0.0000000264697745
     93.4934921       0.0000000264131081
     93.5935898       0.0000000263566328
     93.6936951       0.0000000263003282
     93.7937927       0.0000000262441990
     93.8938904       0.0000000261882501
     93.9939957       0.0000000261324859
     94.0940933       0.0000000260769066
     94.1941910       0.0000000260214795
     94.2942963       0.0000000259662340
     94.3943939       0.0000000259111826
     94.4944916       0.0000000258562883
     94.5945969       0.0000000258015832
     94.6946945       0.0000000257470689
     94.7947922       0.0000000256926778
     94.8948975       0.0000000256384912
     94.9949951       0.0000000255844710
     95.0950928       0.0000000255306551
     95.1951981       0.0000000254769473
     95.2952957       0.0000000254234484
     95.3953934       0.0000000253701081
     95.4954987       0.0000000253169413
     95.5955963       0.0000000252639122
     95.6956940       0.0000000252110913
     95.7957993       0.0000000251584018
     95.8958969       0.0000000251059039
     95.9959946       0.0000000250535347
     96.0960999       0.0000000250013404
     96.1961975       0.0000000249493466
     96.2962952       0.0000000248974902
     96.3963928       0.0000000248457864
     96.4964981       0.0000000247942466
     96.5965958       0.0000000247428775
     96.6966934       0.0000000246916636
     96.7967987       0.0000000246405977
     96.8968964       0.0000000245896886
     96.9969940       0.0000000245389424
     97.0970993       0.0000000244883717
     97.1971970       0.0000000244379391
     97.2972946       0.0000000243876584
     97.3973999       0.0000000243375313
     97.4974976       0.0000000242875991
     97.5975952       0.0000000242377691
     97.6977005       0.0000000241881060
     97.7977982       0.0000000241385996
     97.8978958       0.0000000240892636
     97.9980011       0.0000000240400550
     98.0980988       0.0000000239910030
     98.1981964       0.0000000239421069
     98.2983017       0.0000000238933512
     98.3983994       0.0000000238447460
     98.4984970       0.0000000237962867
     98.5986023       0.0000000237479973
     98.6987000       0.0000000236998403
     98.7987976       0.0000000236518230
     98.8988953       0.0000000236039544
     98.9990005       0.0000000235562607
     99.0990982       0.0000000235086836
     99.1991959       0.0000000234612253
     99.2993011       0.0000000234139528
     99.3993988       0.0000000233668054
     99.4994965       0.0000000233198004
     99.5996017       0.0000000232729318
     99.6996994       0.0000000232261869
     99.7997971       0.0000000231796305
     99.8999023       0.0000000231331601
    100.0000000       0.0000000230868605
