# x		H(x,a)
      0.0000000       1.0000000000000000
      0.1001001       0.9900299906730652
      0.2002002       0.9607124924659729
      0.3003003       0.9137664437294006
      0.4004004       0.8518707156181335
      0.5005005       0.7784109115600586
      0.6006006       0.6971734166145325
      0.7007007       0.6120254397392273
      0.8008008       0.5266169309616089
      0.9009009       0.4441368877887726
      1.0010010       0.3671530751375482
      1.1011012       0.2975029760753245
      1.2012012       0.2362886652681584
      1.3013012       0.1839500533780992
      1.4014014       0.1403662596823664
      1.5015016       0.1049866240770450
      1.6016016       0.0769694188934653
      1.7017016       0.0553123650919786
      1.8018018       0.0389633275742279
      1.9019020       0.0269051374005382
      2.0020020       0.0182130726506622
      2.1021020       0.0120874653507795
      2.2022023       0.0078658611554236
      2.3023024       0.0050200235187683
      2.4024024       0.0031430796714462
      2.5025024       0.0019316497766477
      2.6026025       0.0011663055400999
      2.7027028       0.0006928800244987
      2.8028028       0.0004060401147533
      2.9029028       0.0002357260190504
      3.0030031       0.0001365449720425
      3.1031032       0.0000798265012400
      3.2032032       0.0000479067619620
      3.3033032       0.0000301651626892
      3.4034033       0.0000203666368300
      3.5035036       0.0000149348338697
      3.6036036       0.0000118644806869
      3.7037036       0.0000100553901854
      3.8038039       0.0000089162867846
      3.9039040       0.0000081352332414
      4.0040040       0.0000075501658228
      4.1041040       0.0000070777046132
      4.2042041       0.0000066749496421
      4.3043041       0.0000063194724074
      4.4044046       0.0000059991117837
      4.5045047       0.0000057067907524
      4.6046047       0.0000054380202268
      4.7047048       0.0000051896583521
      4.8048048       0.0000049593205889
      4.9049048       0.0000047450782752
      5.0050049       0.0000045453100148
      5.1051049       0.0000043586249114
      5.2052050       0.0000041838168553
      5.3053055       0.0000040198233124
      5.4054055       0.0000038657054073
      5.5055056       0.0000037206372206
      5.6056056       0.0000035838828579
      5.7057056       0.0000034547669800
      5.8058057       0.0000033327122696
      5.9059057       0.0000032171824635
      6.0060062       0.0000031076911982
      6.1061063       0.0000030038176720
      6.2062063       0.0000029051620787
      6.3063064       0.0000028113670720
      6.4064064       0.0000027221059210
      6.5065064       0.0000026370836149
      6.6066065       0.0000025560272898
      6.7067065       0.0000024786881746
      6.8068066       0.0000024048365873
      6.9069071       0.0000023342579633
      7.0070071       0.0000022667606059
      7.1071072       0.0000022021679090
      7.2072072       0.0000021403083167
      7.3073072       0.0000020810250633
      7.4074073       0.0000020241836661
      7.5075073       0.0000019696413816
      7.6076078       0.0000019172801597
      7.7077079       0.0000018669818295
      7.8078079       0.0000018186394486
      7.9079080       0.0000017721510797
      8.0080080       0.0000017274234181
      8.1081085       0.0000016843696435
      8.2082081       0.0000016429042312
      8.3083086       0.0000016029514283
      8.4084082       0.0000015644379276
      8.5085087       0.0000015272931905
      8.6086082       0.0000014914578252
      8.7087088       0.0000014568666616
      8.8088093       0.0000014234637050
      8.9089088       0.0000013911955217
      9.0090094       0.0000013600106215
      9.1091089       0.0000013298626994
      9.2092094       0.0000013007045080
      9.3093090       0.0000012724931093
      9.4094095       0.0000012451890816
      9.5095091       0.0000012187539144
      9.6096096       0.0000011931519235
      9.7097101       0.0000011683464349
      9.8098097       0.0000011443054171
      9.9099102       0.0000011209996941
     10.0100098       0.0000010983960969
     10.1101103       0.0000010764683359
     10.2102098       0.0000010551921316
     10.3103104       0.0000010345391034
     10.4104099       0.0000010144870702
     10.5105104       0.0000009950107400
     10.6106110       0.0000009760906826
     10.7107105       0.0000009577041956
     10.8108110       0.0000009398314412
     10.9109106       0.0000009224543298
     11.0110111       0.0000009055548134
     11.1111107       0.0000008891152723
     11.2112112       0.0000008731192891
     11.3113117       0.0000008575513337
     11.4114113       0.0000008423959588
     11.5115118       0.0000008276382238
     11.6116114       0.0000008132640423
     11.7117119       0.0000007992624430
     11.8118114       0.0000007856187346
     11.9119120       0.0000007723212268
     12.0120125       0.0000007593589211
     12.1121120       0.0000007467194641
     12.2122126       0.0000007343943171
     12.3123121       0.0000007223711514
     12.4124126       0.0000007106407223
     12.5125122       0.0000006991941186
     12.6126127       0.0000006880217127
     12.7127123       0.0000006771151875
     12.8128128       0.0000006664664325
     12.9129133       0.0000006560666087
     13.0130129       0.0000006459084389
     13.1131134       0.0000006359837142
     13.2132130       0.0000006262867249
     13.3133135       0.0000006168097802
     13.4134130       0.0000006075476726
     13.5135136       0.0000005984910955
     13.6136131       0.0000005896362922
     13.7137136       0.0000005809769289
     13.8138142       0.0000005725069249
     13.9139137       0.0000005642199869
     14.0140142       0.0000005561128030
     14.1141138       0.0000005481795596
     14.2142143       0.0000005404143884
     14.3143139       0.0000005328128011
     14.4144144       0.0000005253709225
     14.5145149       0.0000005180842775
     14.6146145       0.0000005109481482
     14.7147150       0.0000005039588850
     14.8148146       0.0000004971118431
     14.9149151       0.0000004904030779
     15.0150146       0.0000004838303631
     15.1151152       0.0000004773877008
     15.2152157       0.0000004710739713
     15.3153152       0.0000004648845946
     15.4154158       0.0000004588163281
     15.5155153       0.0000004528663565
     15.6156158       0.0000004470312437
     15.7157154       0.0000004413090145
     15.8158159       0.0000004356955480
     15.9159155       0.0000004301885547
     16.0160160       0.0000004247852751
     16.1161156       0.0000004194838218
     16.2162170       0.0000004142807188
     16.3163166       0.0000004091740438
     16.4164162       0.0000004041608507
     16.5165157       0.0000003992400623
     16.6166172       0.0000003944081306
     16.7167168       0.0000003896635609
     16.8168163       0.0000003850044811
     16.9169178       0.0000003804284531
     17.0170174       0.0000003759335578
     17.1171169       0.0000003715178153
     17.2172165       0.0000003671798132
     17.3173180       0.0000003629168425
     17.4174175       0.0000003587283349
     17.5175171       0.0000003546120658
     17.6176186       0.0000003505657082
     17.7177181       0.0000003465887892
     17.8178177       0.0000003426792709
     17.9179173       0.0000003388352724
     18.0180187       0.0000003350556377
     18.1181183       0.0000003313394003
     18.2182178       0.0000003276845000
     18.3183174       0.0000003240900515
     18.4184189       0.0000003205540596
     18.5185184       0.0000003170756485
     18.6186180       0.0000003136537648
     18.7187195       0.0000003102874706
     18.8188190       0.0000003069746070
     18.9189186       0.0000003037146604
     19.0190182       0.0000003005062907
     19.1191196       0.0000002973489124
     19.2192192       0.0000002942409690
     19.3193188       0.0000002911813748
     19.4194202       0.0000002881695407
     19.5195198       0.0000002852043212
     19.6196194       0.0000002822846130
     19.7197189       0.0000002794092051
     19.8198204       0.0000002765776966
     19.9199200       0.0000002737895314
     20.0200195       0.0000002710429153
     20.1201210       0.0000002683373340
     20.2202206       0.0000002656724701
     20.3203201       0.0000002630469917
     20.4204197       0.0000002604603133
     20.5205212       0.0000002579117285
     20.6206207       0.0000002554000997
     20.7207203       0.0000002529253703
     20.8208199       0.0000002504862090
     20.9209213       0.0000002480825855
     21.0210209       0.0000002457132673
     21.1211205       0.0000002433775284
     21.2212219       0.0000002410750422
     21.3213215       0.0000002388052058
     21.4214211       0.0000002365671989
     21.5215206       0.0000002343609214
     21.6216221       0.0000002321851214
     21.7217216       0.0000002300396087
     21.8218212       0.0000002279233075
     21.9219227       0.0000002258364768
     22.0220222       0.0000002237783347
     22.1221218       0.0000002217479605
     22.2222214       0.0000002197453411
     22.3223228       0.0000002177696238
     22.4224224       0.0000002158203201
     22.5225220       0.0000002138973209
     22.6226234       0.0000002119999125
     22.7227230       0.0000002101275602
     22.8228226       0.0000002082800644
     22.9229221       0.0000002064567257
     23.0230236       0.0000002046572637
     23.1231232       0.0000002028814308
     23.2232227       0.0000002011285502
     23.3233242       0.0000001993980907
     23.4234238       0.0000001976899824
     23.5235233       0.0000001960040138
     23.6236229       0.0000001943392721
     23.7237244       0.0000001926959145
     23.8238239       0.0000001910731343
     23.9239235       0.0000001894708302
     24.0240250       0.0000001878884235
     24.1241245       0.0000001863261562
     24.2242241       0.0000001847829864
     24.3243237       0.0000001832590813
     24.4244251       0.0000001817538312
     24.5245247       0.0000001802672878
     24.6246243       0.0000001787989048
     24.7247238       0.0000001773482304
     24.8248253       0.0000001759153928
     24.9249249       0.0000001744995772
     25.0250244       0.0000001731009815
     25.1251259       0.0000001717191125
     25.2252254       0.0000001703538448
     25.3253250       0.0000001690047808
     25.4254246       0.0000001676714415
     25.5255260       0.0000001663540910
     25.6256256       0.0000001650520852
     25.7257252       0.0000001637653905
     25.8258266       0.0000001624937425
     25.9259262       0.0000001612368361
     26.0260258       0.0000001599943420
     26.1261253       0.0000001587664012
     26.2262268       0.0000001575523884
     26.3263264       0.0000001563521813
     26.4264259       0.0000001551657897
     26.5265274       0.0000001539926598
     26.6266270       0.0000001528331162
     26.7267265       0.0000001516864816
     26.8268261       0.0000001505527135
     26.9269276       0.0000001494316472
     27.0270271       0.0000001483229698
     27.1271267       0.0000001472266906
     27.2272263       0.0000001461425050
     27.3273277       0.0000001450702718
     27.4274273       0.0000001440098615
     27.5275269       0.0000001429609788
     27.6276283       0.0000001419234519
     27.7277279       0.0000001408973391
     27.8278275       0.0000001398822270
     27.9279270       0.0000001388780121
     28.0280285       0.0000001378847312
     28.1281281       0.0000001369018764
     28.2282276       0.0000001359297902
     28.3283291       0.0000001349677118
     28.4284286       0.0000001340160687
     28.5285282       0.0000001330742913
     28.6286278       0.0000001321425298
     28.7287292       0.0000001312204505
     28.8288288       0.0000001303080363
     28.9289284       0.0000001294051287
     29.0290298       0.0000001285114862
     29.1291294       0.0000001276271763
     29.2292290       0.0000001267519267
     29.3293285       0.0000001258857812
     29.4294300       0.0000001250283852
     29.5295296       0.0000001241796782
     29.6296291       0.0000001233396114
     29.7297306       0.0000001225080722
     29.8298302       0.0000001216848495
     29.9299297       0.0000001208699871
     30.0300293       0.0000001200633836
     30.1301308       0.0000001192645474
     30.2302303       0.0000001184739289
     30.3303299       0.0000001176910050
     30.4304314       0.0000001169159431
     30.5305309       0.0000001161484359
     30.6306305       0.0000001153884357
     30.7307301       0.0000001146359851
     30.8308315       0.0000001138907861
     30.9309311       0.0000001131528499
     31.0310307       0.0000001124221314
     31.1311302       0.0000001116983907
     31.2312317       0.0000001109816603
     31.3313313       0.0000001102718637
     31.4314308       0.0000001095687300
     31.5315323       0.0000001088723881
     31.6316319       0.0000001081826859
     31.7317314       0.0000001074994063
     31.8318310       0.0000001068227650
     31.9319324       0.0000001061522477
     32.0320320       0.0000001054882149
     32.1321335       0.0000001048305124
     32.2322311       0.0000001041787191
     32.3323326       0.0000001035331087
     32.4324341       0.0000001028933835
     32.5325317       0.0000001022596855
     32.6326332       0.0000001016317817
     32.7327309       0.0000001010095779
     32.8328323       0.0000001003931317
     32.9329338       0.0000000997822985
     33.0330315       0.0000000991770325
     33.1331329       0.0000000985772793
     33.2332344       0.0000000979830868
     33.3333321       0.0000000973941048
     33.4334335       0.0000000968103989
     33.5335350       0.0000000962319793
     33.6336327       0.0000000956586613
     33.7337341       0.0000000950904863
     33.8338356       0.0000000945274551
     33.9339333       0.0000000939693002
     34.0340347       0.0000000934161000
     34.1341324       0.0000000928679360
     34.2342339       0.0000000923243758
     34.3343353       0.0000000917855532
     34.4344330       0.0000000912515927
     34.5345345       0.0000000907222179
     34.6346359       0.0000000901974023
     34.7347336       0.0000000896772587
     34.8348351       0.0000000891614679
     34.9349365       0.0000000886501683
     35.0350342       0.0000000881432494
     35.1351357       0.0000000876406779
     35.2352371       0.0000000871423130
     35.3353348       0.0000000866483024
     35.4354362       0.0000000861584461
     35.5355339       0.0000000856727630
     35.6356354       0.0000000851910805
     35.7357368       0.0000000847135979
     35.8358345       0.0000000842400587
     35.9359360       0.0000000837704410
     36.0360374       0.0000000833047398
     36.1361351       0.0000000828429308
     36.2362366       0.0000000823850119
     36.3363380       0.0000000819307855
     36.4364357       0.0000000814803321
     36.5365372       0.0000000810335848
     36.6366348       0.0000000805905326
     36.7367363       0.0000000801511501
     36.8368378       0.0000000797152883
     36.9369354       0.0000000792829954
     37.0370369       0.0000000788541235
     37.1371384       0.0000000784288554
     37.2372360       0.0000000780070184
     37.3373375       0.0000000775884189
     37.4374390       0.0000000771733294
     37.5375366       0.0000000767615555
     37.6376381       0.0000000763529690
     37.7377396       0.0000000759476948
     37.8378372       0.0000000755457870
     37.9379387       0.0000000751468211
     38.0380363       0.0000000747511437
     38.1381378       0.0000000743585656
     38.2382393       0.0000000739690399
     38.3383369       0.0000000735826037
     38.4384384       0.0000000731992416
     38.5385399       0.0000000728187942
     38.6386375       0.0000000724412719
     38.7387390       0.0000000720667945
     38.8388405       0.0000000716950916
     38.9389381       0.0000000713263045
     39.0390396       0.0000000709603888
     39.1391373       0.0000000705972140
     39.2392387       0.0000000702369485
     39.3393402       0.0000000698793619
     39.4394379       0.0000000695244752
     39.5395393       0.0000000691722737
     39.6396408       0.0000000688227602
     39.7397385       0.0000000684758651
     39.8398399       0.0000000681317391
     39.9399414       0.0000000677900457
     40.0400391       0.0000000674509964
     40.1401405       0.0000000671143904
     40.2402420       0.0000000667804015
     40.3403397       0.0000000664488570
     40.4404411       0.0000000661197460
     40.5405388       0.0000000657931237
     40.6406403       0.0000000654688966
     40.7407417       0.0000000651470722
     40.8408394       0.0000000648276655
     40.9409409       0.0000000645105378
     41.0410423       0.0000000641957312
     41.1411400       0.0000000638832573
     41.2412415       0.0000000635729846
     41.3413429       0.0000000632650692
     41.4414406       0.0000000629593480
     41.5415421       0.0000000626557945
     41.6416397       0.0000000623544543
     41.7417412       0.0000000620553358
     41.8418427       0.0000000617583019
     41.9419403       0.0000000614633961
     42.0420418       0.0000000611706726
     42.1421432       0.0000000608799974
     42.2422409       0.0000000605913275
     42.3423424       0.0000000603048013
     42.4424438       0.0000000600202355
     42.5425415       0.0000000597377421
     42.6426430       0.0000000594571835
     42.7427444       0.0000000591785920
     42.8428421       0.0000000589020311
     42.9429436       0.0000000586273376
     43.0430412       0.0000000583545288
     43.1431427       0.0000000580837080
     43.2432442       0.0000000578147073
     43.3433418       0.0000000575476265
     43.4434433       0.0000000572823631
     43.5435448       0.0000000570189309
     43.6436424       0.0000000567573261
     43.7437439       0.0000000564974457
     43.8438454       0.0000000562394473
     43.9439430       0.0000000559831497
     44.0440445       0.0000000557286426
     44.1441460       0.0000000554758539
     44.2442436       0.0000000552247480
     44.3443451       0.0000000549753479
     44.4444427       0.0000000547277387
     44.5445442       0.0000000544817020
     44.6446457       0.0000000542372728
     44.7447433       0.0000000539945943
     44.8448448       0.0000000537534990
     44.9449463       0.0000000535139596
     45.0450439       0.0000000532761108
     45.1451454       0.0000000530398642
     45.2452469       0.0000000528050796
     45.3453445       0.0000000525719173
     45.4454460       0.0000000523403013
     45.5455437       0.0000000521101568
     45.6456451       0.0000000518815535
     45.7457466       0.0000000516544974
     45.8458443       0.0000000514288645
     45.9459457       0.0000000512047635
     46.0460472       0.0000000509820864
     46.1461449       0.0000000507608554
     46.2462463       0.0000000505410701
     46.3463478       0.0000000503227122
     46.4464455       0.0000000501057941
     46.5465469       0.0000000498902452
     46.6466484       0.0000000496760754
     46.7467461       0.0000000494632997
     46.8468475       0.0000000492518424
     46.9469452       0.0000000490418319
     47.0470467       0.0000000488331152
     47.1471481       0.0000000486257233
     47.2472458       0.0000000484196281
     47.3473473       0.0000000482148765
     47.4474487       0.0000000480114325
     47.5475464       0.0000000478092354
     47.6476479       0.0000000476083475
     47.7477493       0.0000000474086819
     47.8478470       0.0000000472102908
     47.9479485       0.0000000470131372
     48.0480499       0.0000000468172362
     48.1481476       0.0000000466225829
     48.2482491       0.0000000464290813
     48.3483467       0.0000000462367990
     48.4484482       0.0000000460457360
     48.5485497       0.0000000458558336
     48.6486473       0.0000000456671411
     48.7487488       0.0000000454795776
     48.8488503       0.0000000452931498
     48.9489479       0.0000000451079016
     49.0490494       0.0000000449237433
     49.1491508       0.0000000447407058
     49.2492485       0.0000000445588784
     49.3493500       0.0000000443780731
     49.4494476       0.0000000441984045
     49.5495491       0.0000000440198468
     49.6496506       0.0000000438422432
     49.7497482       0.0000000436658416
     49.8498497       0.0000000434904718
     49.9499512       0.0000000433161351
     50.0500488       0.0000000431428869
     50.1501503       0.0000000429706236
     50.2502518       0.0000000427994069
     50.3503494       0.0000000426292370
     50.4504509       0.0000000424600572
     50.5505524       0.0000000422919072
     50.6506500       0.0000000421247072
     50.7507515       0.0000000419585331
     50.8508492       0.0000000417933625
     50.9509506       0.0000000416291255
     51.0510521       0.0000000414658693
     51.1511497       0.0000000413035696
     51.2512512       0.0000000411421686
     51.3513527       0.0000000409817834
     51.4514503       0.0000000408223162
     51.5515518       0.0000000406637986
     51.6516533       0.0000000405061853
     51.7517509       0.0000000403494805
     51.8518524       0.0000000401936867
     51.9519501       0.0000000400387830
     52.0520515       0.0000000398847495
     52.1521530       0.0000000397316324
     52.2522507       0.0000000395794276
     52.3523521       0.0000000394280880
     52.4524536       0.0000000392775664
     52.5525513       0.0000000391279191
     52.6526527       0.0000000389791453
     52.7527542       0.0000000388312611
     52.8528519       0.0000000386841679
     52.9529533       0.0000000385378724
     53.0530548       0.0000000383924887
     53.1531525       0.0000000382478575
     53.2532539       0.0000000381040663
     53.3533516       0.0000000379611097
     53.4534531       0.0000000378188905
     53.5535545       0.0000000376775233
     53.6536522       0.0000000375369367
     53.7537537       0.0000000373971712
     53.8538551       0.0000000372580796
     53.9539528       0.0000000371198638
     54.0540543       0.0000000369823761
     54.1541557       0.0000000368456761
     54.2542534       0.0000000367096869
     54.3543549       0.0000000365744875
     54.4544525       0.0000000364400396
     54.5545540       0.0000000363063305
     54.6546555       0.0000000361732942
     54.7547531       0.0000000360410839
     54.8548546       0.0000000359095430
     54.9549561       0.0000000357787218
     55.0550537       0.0000000356485964
     55.1551552       0.0000000355192083
     55.2552567       0.0000000353905104
     55.3553543       0.0000000352625325
     55.4554558       0.0000000351352326
     55.5555573       0.0000000350086097
     55.6556549       0.0000000348826934
     55.7557564       0.0000000347574544
     55.8558540       0.0000000346328678
     55.9559555       0.0000000345089805
     56.0560570       0.0000000343857415
     56.1561546       0.0000000342631871
     56.2562561       0.0000000341412360
     56.3563576       0.0000000340199246
     56.4564552       0.0000000338993311
     56.5565567       0.0000000337792967
     56.6566582       0.0000000336599774
     56.7567558       0.0000000335412349
     56.8568573       0.0000000334231163
     56.9569588       0.0000000333056640
     57.0570564       0.0000000331887867
     57.1571579       0.0000000330725971
     57.2572556       0.0000000329569184
     57.3573570       0.0000000328418853
     57.4574585       0.0000000327274618
     57.5575562       0.0000000326136466
     57.6576576       0.0000000325004264
     57.7577591       0.0000000323877679
     57.8578568       0.0000000322756861
     57.9579582       0.0000000321642167
     58.0580597       0.0000000320533198
     58.1581573       0.0000000319430002
     58.2582588       0.0000000318332447
     58.3583565       0.0000000317240159
     58.4584579       0.0000000316153775
     58.5585594       0.0000000315073142
     58.6586571       0.0000000313997688
     58.7587585       0.0000000312928129
     58.8588600       0.0000000311863927
     58.9589577       0.0000000310804616
     59.0590591       0.0000000309751390
     59.1591606       0.0000000308703249
     59.2592583       0.0000000307660406
     59.3593597       0.0000000306622711
     59.4594612       0.0000000305590534
     59.5595589       0.0000000304563274
     59.6596603       0.0000000303541428
     59.7597580       0.0000000302524728
     59.8598595       0.0000000301512762
     59.9599609       0.0000000300506352
     60.0600586       0.0000000299504741
     60.1601601       0.0000000298508079
     60.2602615       0.0000000297516478
     60.3603592       0.0000000296529778
     60.4604607       0.0000000295547917
     60.5605621       0.0000000294571023
     60.6606598       0.0000000293599066
     60.7607613       0.0000000292631605
     60.8608627       0.0000000291668908
     60.9609604       0.0000000290711426
     61.0610619       0.0000000289758151
     61.1611595       0.0000000288809994
     61.2612610       0.0000000287866306
     61.3613625       0.0000000286927321
     61.4614601       0.0000000285992502
     61.5615616       0.0000000285062399
     61.6616631       0.0000000284137148
     61.7617607       0.0000000283216228
     61.8618622       0.0000000282299705
     61.9619637       0.0000000281387638
     62.0620613       0.0000000280480128
     62.1621628       0.0000000279577127
     62.2622604       0.0000000278677763
     62.3623619       0.0000000277783602
     62.4624634       0.0000000276893151
     62.5625610       0.0000000276007251
     62.6626625       0.0000000275125338
     62.7627640       0.0000000274248174
     62.8628616       0.0000000273374669
     62.9629631       0.0000000272505592
     63.0630646       0.0000000271640605
     63.1631622       0.0000000270779893
     63.2632637       0.0000000269922921
     63.3633652       0.0000000269070212
     63.4634628       0.0000000268221456
     63.5635643       0.0000000267376897
     63.6636620       0.0000000266536054
     63.7637634       0.0000000265699266
     63.8638649       0.0000000264866341
     63.9639626       0.0000000264037470
     64.0640640       0.0000000263212747
     64.1641617       0.0000000262391542
     64.2642670       0.0000000261573905
     64.3643646       0.0000000260760509
     64.4644623       0.0000000259950916
     64.5645676       0.0000000259144939
     64.6646652       0.0000000258342611
     64.7647629       0.0000000257544302
     64.8648682       0.0000000256749425
     64.9649658       0.0000000255958397
     65.0650635       0.0000000255170909
     65.1651688       0.0000000254386870
     65.2652664       0.0000000253606754
     65.3653641       0.0000000252830240
     65.4654617       0.0000000252057069
     65.5655670       0.0000000251287510
     65.6656647       0.0000000250521539
     65.7657623       0.0000000249759107
     65.8658676       0.0000000248999850
     65.9659653       0.0000000248244341
     66.0660629       0.0000000247492277
     66.1661682       0.0000000246743598
     66.2662659       0.0000000245998057
     66.3663635       0.0000000245256207
     66.4664688       0.0000000244517678
     66.5665665       0.0000000243782183
     66.6666641       0.0000000243050174
     66.7667694       0.0000000242321510
     66.8668671       0.0000000241595952
     66.9669647       0.0000000240874116
     67.0670700       0.0000000240155016
     67.1671677       0.0000000239439323
     67.2672653       0.0000000238726972
     67.3673706       0.0000000238017451
     67.4674683       0.0000000237311434
     67.5675659       0.0000000236608439
     67.6676712       0.0000000235908516
     67.7677689       0.0000000235211549
     67.8678665       0.0000000234517689
     67.9679642       0.0000000233827096
     68.0680695       0.0000000233139402
     68.1681671       0.0000000232454925
     68.2682648       0.0000000231773347
     68.3683701       0.0000000231094765
     68.4684677       0.0000000230419085
     68.5685654       0.0000000229746353
     68.6686707       0.0000000229076870
     68.7687683       0.0000000228409927
     68.8688660       0.0000000227746107
     68.9689713       0.0000000227085048
     69.0690689       0.0000000226427048
     69.1691666       0.0000000225771687
     69.2692719       0.0000000225119322
     69.3693695       0.0000000224469766
     69.4694672       0.0000000223822881
     69.5695724       0.0000000223178758
     69.6696701       0.0000000222537706
     69.7697678       0.0000000221899311
     69.8698730       0.0000000221263493
     69.9699707       0.0000000220630379
     70.0700684       0.0000000220000480
     70.1701736       0.0000000219372782
     70.2702713       0.0000000218747755
     70.3703690       0.0000000218125552
     70.4704742       0.0000000217505833
     70.5705719       0.0000000216889115
     70.6706696       0.0000000216274720
     70.7707672       0.0000000215663039
     70.8708725       0.0000000215053946
     70.9709702       0.0000000214447377
     71.0710678       0.0000000213843350
     71.1711731       0.0000000213241941
     71.2712708       0.0000000212643020
     71.3713684       0.0000000212046749
     71.4714737       0.0000000211452925
     71.5715714       0.0000000210861564
     71.6716690       0.0000000210272671
     71.7717743       0.0000000209686093
     71.8718719       0.0000000209102050
     71.9719696       0.0000000208520612
     72.0720749       0.0000000207941522
     72.1721725       0.0000000207364772
     72.2722702       0.0000000206790562
     72.3723755       0.0000000206218477
     72.4724731       0.0000000205648963
     72.5725708       0.0000000205081753
     72.6726761       0.0000000204516811
     72.7727737       0.0000000203954192
     72.8728714       0.0000000203394049
     72.9729767       0.0000000202836120
     73.0730743       0.0000000202280503
     73.1731720       0.0000000201727225
     73.2732697       0.0000000201176362
     73.3733749       0.0000000200627331
     73.4734726       0.0000000200080725
     73.5735703       0.0000000199536543
     73.6736755       0.0000000198994326
     73.7737732       0.0000000198454217
     73.8738708       0.0000000197916579
     73.9739761       0.0000000197381161
     74.0740738       0.0000000196847881
     74.1741714       0.0000000196316585
     74.2742767       0.0000000195787461
     74.3743744       0.0000000195260680
     74.4744720       0.0000000194735872
     74.5745773       0.0000000194213153
     74.6746750       0.0000000193692422
     74.7747726       0.0000000193174030
     74.8748779       0.0000000192657732
     74.9749756       0.0000000192143316
     75.0750732       0.0000000191631006
     75.1751785       0.0000000191120788
     75.2752762       0.0000000190612556
     75.3753738       0.0000000190106175
     75.4754791       0.0000000189602221
     75.5755768       0.0000000189100022
     75.6756744       0.0000000188599689
     75.7757721       0.0000000188101586
     75.8758774       0.0000000187605521
     75.9759750       0.0000000187111292
     76.0760727       0.0000000186619001
     76.1761780       0.0000000186128444
     76.2762756       0.0000000185640029
     76.3763733       0.0000000185153542
     76.4764786       0.0000000184668940
     76.5765762       0.0000000184186293
     76.6766739       0.0000000183705350
     76.7767792       0.0000000183226454
     76.8768768       0.0000000182749454
     76.9769745       0.0000000182274396
     77.0770798       0.0000000181800910
     77.1771774       0.0000000181329382
     77.2772751       0.0000000180859893
     77.3773804       0.0000000180391851
     77.4774780       0.0000000179925816
     77.5775757       0.0000000179461476
     77.6776810       0.0000000178999118
     77.7777786       0.0000000178538289
     77.8778763       0.0000000178079542
     77.9779816       0.0000000177622502
     78.0780792       0.0000000177167261
     78.1781769       0.0000000176713611
     78.2782745       0.0000000176261687
     78.3783798       0.0000000175811424
     78.4784775       0.0000000175362972
     78.5785751       0.0000000174916438
     78.6786804       0.0000000174471513
     78.7787781       0.0000000174028231
     78.8788757       0.0000000173586595
     78.9789810       0.0000000173146633
     79.0790787       0.0000000172708360
     79.1791763       0.0000000172271786
     79.2792816       0.0000000171836862
     79.3793793       0.0000000171403577
     79.4794769       0.0000000170971934
     79.5795822       0.0000000170541902
     79.6796799       0.0000000170113312
     79.7797775       0.0000000169686645
     79.8798828       0.0000000169261430
     79.9799805       0.0000000168837710
     80.0800781       0.0000000168415732
     80.1801834       0.0000000167995238
     80.2802811       0.0000000167576419
     80.3803787       0.0000000167159189
     80.4804840       0.0000000166743387
     80.5805817       0.0000000166329260
     80.6806793       0.0000000165916760
     80.7807770       0.0000000165505571
     80.8808823       0.0000000165096010
     80.9809799       0.0000000164687872
     81.0810776       0.0000000164281220
     81.1811829       0.0000000163876305
     81.2812805       0.0000000163472734
     81.3813782       0.0000000163070635
     81.4814835       0.0000000162670099
     81.5815811       0.0000000162271002
     81.6816788       0.0000000161873299
     81.7817841       0.0000000161477035
     81.8818817       0.0000000161082241
     81.9819794       0.0000000160688996
     82.0820847       0.0000000160297302
     82.1821823       0.0000000159906858
     82.2822800       0.0000000159517822
     82.3823853       0.0000000159130271
     82.4824829       0.0000000158744098
     82.5825806       0.0000000158359318
     82.6826859       0.0000000157975991
     82.7827835       0.0000000157594062
     82.8828812       0.0000000157213475
     82.9829865       0.0000000156834293
     83.0830841       0.0000000156456460
     83.1831818       0.0000000156079914
     83.2832794       0.0000000155704735
     83.3833847       0.0000000155330998
     83.4834824       0.0000000154958669
     83.5835800       0.0000000154587432
     83.6836853       0.0000000154217902
     83.7837830       0.0000000153849325
     83.8838806       0.0000000153482316
     83.9839859       0.0000000153116531
     84.0840836       0.0000000152751906
     84.1841812       0.0000000152388824
     84.2842865       0.0000000152027009
     84.3843842       0.0000000151666353
     84.4844818       0.0000000151306934
     84.5845871       0.0000000150948968
     84.6846848       0.0000000150592219
     84.7847824       0.0000000150236676
     84.8848877       0.0000000149882296
     84.9849854       0.0000000149529351
     85.0850830       0.0000000149177564
     85.1851883       0.0000000148827075
     85.2852859       0.0000000148477831
     85.3853836       0.0000000148129721
     85.4854889       0.0000000147782974
     85.5855865       0.0000000147437298
     85.6856842       0.0000000147093085
     85.7857895       0.0000000146749773
     85.8858871       0.0000000146407720
     85.9859848       0.0000000146066920
     86.0860825       0.0000000145727232
     86.1861877       0.0000000145388865
     86.2862854       0.0000000145051695
     86.3863831       0.0000000144715553
     86.4864883       0.0000000144380476
     86.5865860       0.0000000144046820
     86.6866837       0.0000000143714314
     86.7867889       0.0000000143382790
     86.8868866       0.0000000143052464
     86.9869843       0.0000000142723325
     87.0870895       0.0000000142395290
     87.1871872       0.0000000142068233
     87.2872849       0.0000000141742484
     87.3873901       0.0000000141417830
     87.4874878       0.0000000141094494
     87.5875854       0.0000000140771923
     87.6876907       0.0000000140450715
     87.7877884       0.0000000140130420
     87.8878860       0.0000000139811339
     87.9879913       0.0000000139493255
     88.0880890       0.0000000139176159
     88.1881866       0.0000000138860319
     88.2882919       0.0000000138545633
     88.3883896       0.0000000138231887
     88.4884872       0.0000000137919140
     88.5885849       0.0000000137607507
     88.6886902       0.0000000137296998
     88.7887878       0.0000000136987511
     88.8888855       0.0000000136679041
     88.9889908       0.0000000136371564
     89.0890884       0.0000000136065177
     89.1891861       0.0000000135759889
     89.2892914       0.0000000135455439
     89.3893890       0.0000000135152210
     89.4894867       0.0000000134849877
     89.5895920       0.0000000134548723
     89.6896896       0.0000000134248474
     89.7897873       0.0000000133949187
     89.8898926       0.0000000133651007
     89.9899902       0.0000000133353700
     90.0900879       0.0000000133057397
     90.1901932       0.0000000132762112
     90.2902908       0.0000000132467726
     90.3903885       0.0000000132174367
     90.4904938       0.0000000131882073
     90.5905914       0.0000000131590680
     90.6906891       0.0000000131300233
     90.7907944       0.0000000131010719
     90.8908920       0.0000000130722208
     90.9909897       0.0000000130434643
     91.0910873       0.0000000130148143
     91.1911926       0.0000000129862451
     91.2912903       0.0000000129577721
     91.3913879       0.0000000129293932
     91.4914932       0.0000000129010989
     91.5915909       0.0000000128729048
     91.6916885       0.0000000128448162
     91.7917938       0.0000000128167930
     91.8918915       0.0000000127888891
     91.9919891       0.0000000127610593
     92.0920944       0.0000000127333210
     92.1921921       0.0000000127056766
     92.2922897       0.0000000126781239
     92.3923950       0.0000000126506589
     92.4924927       0.0000000126232832
     92.5925903       0.0000000125959960
     92.6926956       0.0000000125687981
     92.7927933       0.0000000125416878
     92.8928909       0.0000000125146617
     92.9929962       0.0000000124877254
     93.0930939       0.0000000124608775
     93.1931915       0.0000000124341166
     93.2932968       0.0000000124074292
     93.3933945       0.0000000123808422
     93.4934921       0.0000000123543382
     93.5935898       0.0000000123279211
     93.6936951       0.0000000123015871
     93.7937927       0.0000000122753333
     93.8938904       0.0000000122491635
     93.9939957       0.0000000122230808
     94.0940933       0.0000000121970852
     94.1941910       0.0000000121711593
     94.2942963       0.0000000121453200
     94.3943939       0.0000000121195702
     94.4944916       0.0000000120938936
     94.5945969       0.0000000120683060
     94.6946945       0.0000000120428087
     94.7947922       0.0000000120173676
     94.8948975       0.0000000119920229
     94.9949951       0.0000000119667563
     95.0950928       0.0000000119415843
     95.1951981       0.0000000119164628
     95.2952957       0.0000000118914400
     95.3953934       0.0000000118664906
     95.4954987       0.0000000118416221
     95.5955963       0.0000000118168188
     95.6956940       0.0000000117921127
     95.7957993       0.0000000117674687
     95.8958969       0.0000000117429127
     95.9959946       0.0000000117184175
     96.0960999       0.0000000116940046
     96.1961975       0.0000000116696862
     96.2962952       0.0000000116454309
     96.3963928       0.0000000116212469
     96.4964981       0.0000000115971405
     96.5965958       0.0000000115731124
     96.6966934       0.0000000115491581
     96.7967987       0.0000000115252726
     96.8968964       0.0000000115014616
     96.9969940       0.0000000114777250
     97.0970993       0.0000000114540723
     97.1971970       0.0000000114304815
     97.2972946       0.0000000114069636
     97.3973999       0.0000000113835177
     97.4974976       0.0000000113601627
     97.5975952       0.0000000113368564
     97.6977005       0.0000000113136260
     97.7977982       0.0000000112904701
     97.8978958       0.0000000112673949
     97.9980011       0.0000000112443777
     98.0980988       0.0000000112214349
     98.1981964       0.0000000111985642
     98.2983017       0.0000000111757594
     98.3983994       0.0000000111530251
     98.4984970       0.0000000111303591
     98.5986023       0.0000000111077726
     98.6987000       0.0000000110852475
     98.7987976       0.0000000110627876
     98.8988953       0.0000000110403990
     98.9990005       0.0000000110180903
     99.0990982       0.0000000109958372
     99.1991959       0.0000000109736387
     99.2993011       0.0000000109515285
     99.3993988       0.0000000109294754
     99.4994965       0.0000000109074895
     99.5996017       0.0000000108855678
     99.6996994       0.0000000108637034
     99.7997971       0.0000000108419269
     99.8999023       0.0000000108201918
    100.0000000       0.0000000107985351
