# x		H(x,a)
      0.0000000       1.0000000000000000
      0.1001001       0.9900299906730652
      0.2002002       0.9607124924659729
      0.3003003       0.9137664437294006
      0.4004004       0.8518707156181335
      0.5005005       0.7784109115600586
      0.6006006       0.6971734166145325
      0.7007007       0.6120254397392273
      0.8008008       0.5266169309616089
      0.9009009       0.4441368877887726
      1.0010010       0.3671598966132631
      1.1011012       0.2975222865317028
      1.2012012       0.2363189848500297
      1.3013012       0.1839878979486184
      1.4014014       0.1404080911750958
      1.5015016       0.1050295807997340
      1.6016016       0.0770114698354415
      1.7017016       0.0553522220348888
      1.8018018       0.0390002804313841
      1.9019020       0.0269388876636234
      2.0020020       0.0182435940020191
      2.1021020       0.0121148978112470
      2.2022023       0.0078904360661220
      2.3023024       0.0050420131993601
      2.4024024       0.0031627653659013
      2.5025024       0.0019493026322971
      2.6026025       0.0011821762614933
      2.7027028       0.0007071942188956
      2.8028028       0.0004189971176003
      2.9029028       0.0002474997873778
      3.0030031       0.0001472860285944
      3.1031032       0.0000896643909237
      3.2032032       0.0000569526020824
      3.3033032       0.0000385141288201
      3.4034033       0.0000281002234590
      3.5035036       0.0000221228770823
      3.6036036       0.0000185669269538
      3.7037036       0.0000163238107247
      3.8038039       0.0000147951804218
      3.9039040       0.0000136631124746
      4.0040040       0.0000127604806631
      4.1041040       0.0000119996207341
      4.2042041       0.0000113339950959
      4.3043041       0.0000107380712703
      4.4044046       0.0000101970572424
      4.5045047       0.0000097016056127
      4.6046047       0.0000092452876467
      4.7047048       0.0000088232865046
      4.8048048       0.0000084317702251
      4.9049048       0.0000080675569819
      5.0050049       0.0000077279273096
      5.1051049       0.0000074105304817
      5.2052050       0.0000071133238657
      5.3053055       0.0000068345036449
      5.4054055       0.0000065724718168
      5.5055056       0.0000063258274000
      5.6056056       0.0000060933179841
      5.7057056       0.0000058737951227
      5.8058057       0.0000056662772531
      5.9059057       0.0000054698533310
      6.0060062       0.0000052836962341
      6.1061063       0.0000051070911288
      6.2062063       0.0000049393560571
      6.3063064       0.0000047798861876
      6.4064064       0.0000046281243964
      6.5065064       0.0000044835696121
      6.6066065       0.0000043457578211
      6.7067065       0.0000042142654076
      6.8068066       0.0000040887032421
      6.9069071       0.0000039687055619
      7.0070071       0.0000038539461446
      7.1071072       0.0000037441257100
      7.2072072       0.0000036389521869
      7.3073072       0.0000035381587095
      7.4074073       0.0000034415172598
      7.5075073       0.0000033487842974
      7.6076078       0.0000032597594608
      7.7077079       0.0000031742422501
      7.8078079       0.0000030920506376
      7.9079080       0.0000030130110181
      8.0080080       0.0000029369651500
      8.1081085       0.0000028637651868
      8.2082081       0.0000027932657168
      8.3083086       0.0000027253379242
      8.4084082       0.0000026598573100
      8.5085087       0.0000025967038570
      8.6086082       0.0000025357767885
      8.7087088       0.0000024769644756
      8.8088093       0.0000024201729766
      8.9089088       0.0000023653104797
      9.0090094       0.0000023122899439
      9.1091089       0.0000022610327093
      9.2092094       0.0000022114577710
      9.3093090       0.0000021634927053
      9.4094095       0.0000021170704350
      9.5095091       0.0000020721255406
      9.6096096       0.0000020285969332
      9.7097101       0.0000019864225998
      9.8098097       0.0000019455479464
      9.9099102       0.0000019059237710
     10.0100098       0.0000018674930232
     10.1101103       0.0000018302115188
     10.2102098       0.0000017940377810
     10.3103104       0.0000017589233835
     10.4104099       0.0000017248309754
     10.5105104       0.0000016917172683
     10.6106110       0.0000016595494249
     10.7107105       0.0000016282887221
     10.8108110       0.0000015979014206
     10.9109106       0.0000015683569100
     11.0110111       0.0000015396243707
     11.1111107       0.0000015116736298
     11.2112112       0.0000014844774058
     11.3113117       0.0000014580088141
     11.4114113       0.0000014322416217
     11.5115118       0.0000014071503237
     11.6116114       0.0000013827115528
     11.7117119       0.0000013589059476
     11.8118114       0.0000013357089879
     11.9119120       0.0000013131005515
     12.0120125       0.0000012910621482
     12.1121120       0.0000012695723375
     12.2122126       0.0000012486172299
     12.3123121       0.0000012281754578
     12.4124126       0.0000012082313872
     12.5125122       0.0000011887698924
     12.6126127       0.0000011697744846
     12.7127123       0.0000011512312069
     12.8128128       0.0000011331261404
     12.9129133       0.0000011154444008
     13.0130129       0.0000010981735216
     13.1131134       0.0000010812994751
     13.2132130       0.0000010648126285
     13.3133135       0.0000010486999032
     13.4134130       0.0000010329525806
     13.5135136       0.0000010175545455
     13.6136131       0.0000010024995590
     13.7137136       0.0000009877769602
     13.8138142       0.0000009733763062
     13.9139137       0.0000009592868710
     14.0140142       0.0000009455030066
     14.1141138       0.0000009320149037
     14.2142143       0.0000009188124521
     14.3143139       0.0000009058882773
     14.4144144       0.0000008932355875
     14.5145149       0.0000008808468917
     14.6146145       0.0000008687140904
     14.7147150       0.0000008568309285
     14.8148146       0.0000008451894772
     14.9149151       0.0000008337832640
     15.0150146       0.0000008226083181
     15.1151152       0.0000008116546018
     15.2152157       0.0000008009200021
     15.3153152       0.0000007903967273
     15.4154158       0.0000007800795705
     15.5155153       0.0000007699634035
     15.6156158       0.0000007600424881
     15.7157154       0.0000007503136172
     15.8158159       0.0000007407695830
     15.9159155       0.0000007314065404
     16.0160160       0.0000007222199166
     16.1161156       0.0000007132063709
     16.2162170       0.0000007043600885
     16.3163166       0.0000006956777075
     16.4164162       0.0000006871542096
     16.5165157       0.0000006787879252
     16.6166172       0.0000006705726945
     16.7167168       0.0000006625059959
     16.8168163       0.0000006545846017
     16.9169178       0.0000006468044384
     17.0170174       0.0000006391622174
     17.1171169       0.0000006316546421
     17.2172165       0.0000006242790880
     17.3173180       0.0000006170311756
     17.4174175       0.0000006099099034
     17.5175171       0.0000006029114324
     17.6176186       0.0000005960317902
     17.7177181       0.0000005892703111
     17.8178177       0.0000005826232709
     17.9179173       0.0000005760877056
     18.0180187       0.0000005696615957
     18.1181183       0.0000005633432286
     18.2182178       0.0000005571291307
     18.3183174       0.0000005510178641
     18.4184189       0.0000005450059842
     18.5185184       0.0000005390919713
     18.6186180       0.0000005332741472
     18.7187195       0.0000005275507667
     18.8188190       0.0000005219182240
     18.9189186       0.0000005163756870
     19.0190182       0.0000005109208032
     19.1191196       0.0000005055526135
     19.2192192       0.0000005002685245
     19.3193188       0.0000004950665487
     19.4194202       0.0000004899458317
     19.5195198       0.0000004849043703
     19.6196194       0.0000004799402509
     19.7197189       0.0000004750515301
     19.8198204       0.0000004702374422
     19.9199200       0.0000004654969047
     20.0200195       0.0000004608272168
     20.1201210       0.0000004562271448
     20.2202206       0.0000004516963377
     20.3203201       0.0000004472324972
     20.4204197       0.0000004428346473
     20.5205212       0.0000004385014930
     20.6206207       0.0000004342312818
     20.7207203       0.0000004300237263
     20.8208199       0.0000004258766818
     20.9209213       0.0000004217899688
     21.0210209       0.0000004177616879
     21.1211205       0.0000004137904427
     21.2212219       0.0000004098757557
     21.3213215       0.0000004060166211
     21.4214211       0.0000004022115722
     21.5215206       0.0000003984604528
     21.6216221       0.0000003947611180
     21.7217216       0.0000003911133221
     21.8218212       0.0000003875151852
     21.9219227       0.0000003839671598
     22.0220222       0.0000003804679534
     22.1221218       0.0000003770158643
     22.2222214       0.0000003736110210
     22.3223228       0.0000003702519232
     22.4224224       0.0000003669377110
     22.5225220       0.0000003636682551
     22.6226234       0.0000003604422179
     22.7227230       0.0000003572588730
     22.8228226       0.0000003541177741
     22.9229221       0.0000003510177177
     23.0230236       0.0000003479582656
     23.1231232       0.0000003449390256
     23.2232227       0.0000003419587468
     23.3233242       0.0000003390166188
     23.4234238       0.0000003361125084
     23.5235233       0.0000003332460217
     23.6236229       0.0000003304156350
     23.7237244       0.0000003276215779
     23.8238239       0.0000003248625240
     23.9239235       0.0000003221383183
     24.0240250       0.0000003194478988
     24.1241245       0.0000003167917209
     24.2242241       0.0000003141680354
     24.3243237       0.0000003115770764
     24.4244251       0.0000003090178723
     24.5245247       0.0000003064904289
     24.6246243       0.0000003039938799
     24.7247238       0.0000003015274624
     24.8248253       0.0000002990913401
     24.9249249       0.0000002966842054
     25.0250244       0.0000002943062914
     25.1251259       0.0000002919568042
     25.2252254       0.0000002896355868
     25.3253250       0.0000002873419300
     25.4254246       0.0000002850749990
     25.5255260       0.0000002828352378
     25.6256256       0.0000002806215488
     25.7257252       0.0000002784339119
     25.8258266       0.0000002762718602
     25.9259262       0.0000002741348545
     26.0260258       0.0000002720223764
     26.1261253       0.0000002699346375
     26.2262268       0.0000002678705676
     26.3263264       0.0000002658299952
     26.4264259       0.0000002638128627
     26.5265274       0.0000002618183262
     26.6266270       0.0000002598468385
     26.7267265       0.0000002578973304
     26.8268261       0.0000002559697173
     26.9269276       0.0000002540636626
     27.0270271       0.0000002521787034
     27.1271267       0.0000002503148162
     27.2272263       0.0000002484714557
     27.3273277       0.0000002466484599
     27.4274273       0.0000002448455962
     27.5275269       0.0000002430622579
     27.6276283       0.0000002412982513
     27.7277279       0.0000002395536276
     27.8278275       0.0000002378277630
     27.9279270       0.0000002361204259
     28.0280285       0.0000002344315988
     28.1281281       0.0000002327605639
     28.2282276       0.0000002311078379
     28.3283291       0.0000002294721004
     28.4284286       0.0000002278541212
     28.5285282       0.0000002262529236
     28.6286278       0.0000002246687073
     28.7287292       0.0000002231010086
     28.8288288       0.0000002215496949
     28.9289284       0.0000002200146026
     29.0290298       0.0000002184952351
     29.1291294       0.0000002169917342
     29.2292290       0.0000002155036479
     29.3293285       0.0000002140310004
     29.4294300       0.0000002125732565
     29.5295296       0.0000002111302703
     29.6296291       0.0000002097020266
     29.7297306       0.0000002082882267
     29.8298302       0.0000002068885684
     29.9299297       0.0000002055031438
     30.0300293       0.0000002041317503
     30.1301308       0.0000002027735698
     30.2302303       0.0000002014293545
     30.3303299       0.0000002000982521
     30.4304314       0.0000001987804767
     30.5305309       0.0000001974755629
     30.6306305       0.0000001961834207
     30.7307301       0.0000001949040979
     30.8308315       0.0000001936371237
     30.9309311       0.0000001923824752
     31.0310307       0.0000001911401166
     31.1311302       0.0000001899096054
     31.2312317       0.0000001886910177
     31.3313313       0.0000001874842102
     31.4314308       0.0000001862887653
     31.5315323       0.0000001851048367
     31.6316319       0.0000001839322005
     31.7317314       0.0000001827704999
     31.8318310       0.0000001816200622
     31.9319324       0.0000001804800427
     32.0320320       0.0000001793510627
     32.1321335       0.0000001782328284
     32.2322311       0.0000001771246530
     32.3323326       0.0000001760269881
     32.4324341       0.0000001749393230
     32.5325317       0.0000001738619176
     32.6326332       0.0000001727943617
     32.7327309       0.0000001717364809
     32.8328323       0.0000001706883942
     32.9329338       0.0000001696498639
     33.0330315       0.0000001686207865
     33.1331329       0.0000001676010983
     33.2332344       0.0000001665908409
     33.3333321       0.0000001655894499
     33.4334335       0.0000001645970358
     33.5335350       0.0000001636136038
     33.6336327       0.0000001626388614
     33.7337341       0.0000001616728398
     33.8338356       0.0000001607155613
     33.9339333       0.0000001597666073
     34.0340347       0.0000001588260425
     34.1341324       0.0000001578940656
     34.2342339       0.0000001569699043
     34.3343353       0.0000001560537964
     34.4344330       0.0000001551459633
     34.5345345       0.0000001542459042
     34.6346359       0.0000001533536156
     34.7347336       0.0000001524692675
     34.8348351       0.0000001515923264
     34.9349365       0.0000001507230168
     35.0350342       0.0000001498611517
     35.1351357       0.0000001490066810
     35.2352371       0.0000001481593552
     35.3353348       0.0000001473194467
     35.4354362       0.0000001464865911
     35.5355339       0.0000001456608380
     35.6356354       0.0000001448418678
     35.7357368       0.0000001440300637
     35.8358345       0.0000001432249533
     35.9359360       0.0000001424265000
     36.0360374       0.0000001416347093
     36.1361351       0.0000001408495550
     36.2362366       0.0000001400709958
     36.3363380       0.0000001392987233
     36.4364357       0.0000001385328599
     36.5365372       0.0000001377733085
     36.6366348       0.0000001370200221
     36.7367363       0.0000001362729897
     36.8368378       0.0000001355319331
     36.9369354       0.0000001347969499
     37.0370369       0.0000001340677804
     37.1371384       0.0000001333447300
     37.2372360       0.0000001326275273
     37.3373375       0.0000001319158408
     37.4374390       0.0000001312100888
     37.5375366       0.0000001305099871
     37.6376381       0.0000001298153146
     37.7377396       0.0000001291262624
     37.8378372       0.0000001284429429
     37.9379387       0.0000001277646055
     38.0380363       0.0000001270918926
     38.1381378       0.0000001264244336
     38.2382393       0.0000001257621698
     38.3383369       0.0000001251051427
     38.4384384       0.0000001244533435
     38.5385399       0.0000001238065141
     38.6386375       0.0000001231646479
     38.7387390       0.0000001225279564
     38.8388405       0.0000001218960113
     38.9389381       0.0000001212689751
     39.0390396       0.0000001206468488
     39.1391373       0.0000001200293790
     39.2392387       0.0000001194168494
     39.3393402       0.0000001188088875
     39.4394379       0.0000001182055113
     39.5395393       0.0000001176067053
     39.6396408       0.0000001170124652
     39.7397385       0.0000001164226602
     39.8398399       0.0000001158375796
     39.9399414       0.0000001152566262
     40.0400391       0.0000001146801803
     40.1401405       0.0000001141078860
     40.2402420       0.0000001135400364
     40.3403397       0.0000001129763417
     40.4404411       0.0000001124167876
     40.5405388       0.0000001118614736
     40.6406403       0.0000001113102099
     40.7407417       0.0000001107630510
     40.8408394       0.0000001102200037
     40.9409409       0.0000001096808198
     41.0410423       0.0000001091455858
     41.1411400       0.0000001086143171
     41.2412415       0.0000001080867901
     41.3413429       0.0000001075632621
     41.4414406       0.0000001070434725
     41.5415421       0.0000001065273767
     41.6416397       0.0000001060150386
     41.7417412       0.0000001055064871
     41.8418427       0.0000001050014684
     41.9419403       0.0000001045000737
     42.0420418       0.0000001040023795
     42.1421432       0.0000001035081668
     42.2422409       0.0000001030173693
     42.3423424       0.0000001025302172
     42.4424438       0.0000001020464016
     42.5425415       0.0000001015661085
     42.6426430       0.0000001010890977
     42.7427444       0.0000001006154447
     42.8428421       0.0000001001452392
     42.9429436       0.0000000996781967
     43.0430412       0.0000000992143673
     43.1431427       0.0000000987539157
     43.2432442       0.0000000982965688
     43.3433418       0.0000000978424676
     43.4434433       0.0000000973914686
     43.5435448       0.0000000969435844
     43.6436424       0.0000000964988074
     43.7437439       0.0000000960569551
     43.8438454       0.0000000956182997
     43.9439430       0.0000000951825585
     44.0440445       0.0000000947498414
     44.1441460       0.0000000943200574
     44.2442436       0.0000000938931129
     44.3443451       0.0000000934690858
     44.4444427       0.0000000930480995
     44.5445442       0.0000000926297837
     44.6446457       0.0000000922142176
     44.7447433       0.0000000918016172
     44.8448448       0.0000000913916988
     44.9449463       0.0000000909844397
     45.0450439       0.0000000905800392
     45.1451454       0.0000000901783797
     45.2452469       0.0000000897791940
     45.3453445       0.0000000893827753
     45.4454460       0.0000000889889802
     45.5455437       0.0000000885976875
     45.6456451       0.0000000882090126
     45.7457466       0.0000000878229801
     45.8458443       0.0000000874393540
     45.9459457       0.0000000870583374
     46.0460472       0.0000000866797396
     46.1461449       0.0000000863035963
     46.2462463       0.0000000859299298
     46.3463478       0.0000000855586738
     46.4464455       0.0000000851898713
     46.5465469       0.0000000848233943
     46.6466484       0.0000000844592685
     46.7467461       0.0000000840974988
     46.8468475       0.0000000837379840
     46.9469452       0.0000000833809217
     47.0470467       0.0000000830260651
     47.1471481       0.0000000826734513
     47.2472458       0.0000000823230548
     47.3473473       0.0000000819749302
     47.4474487       0.0000000816290305
     47.5475464       0.0000000812852628
     47.6476479       0.0000000809437163
     47.7477493       0.0000000806042381
     47.8478470       0.0000000802669380
     47.9479485       0.0000000799317362
     48.0480499       0.0000000795986614
     48.1481476       0.0000000792677174
     48.2482491       0.0000000789387256
     48.3483467       0.0000000786118072
     48.4484482       0.0000000782869548
     48.5485497       0.0000000779640852
     48.6486473       0.0000000776432755
     48.7487488       0.0000000773243840
     48.8488503       0.0000000770074053
     48.9489479       0.0000000766924573
     49.0490494       0.0000000763793501
     49.1491508       0.0000000760681493
     49.2492485       0.0000000757590033
     49.3493500       0.0000000754516046
     49.4494476       0.0000000751461266
     49.5495491       0.0000000748425423
     49.6496506       0.0000000745405757
     49.7497482       0.0000000742406595
     49.8498497       0.0000000739424973
     49.9499512       0.0000000736460854
     50.0500488       0.0000000733515347
     50.1501503       0.0000000730586563
     50.2502518       0.0000000727675560
     50.3503494       0.0000000724782261
     50.4504509       0.0000000721905859
     50.5505524       0.0000000719047012
     50.6506500       0.0000000716204317
     50.7507515       0.0000000713379044
     50.8508492       0.0000000710570796
     50.9509506       0.0000000707778373
     51.0510521       0.0000000705002715
     51.1511497       0.0000000702243335
     51.2512512       0.0000000699499128
     51.3513527       0.0000000696772282
     51.4514503       0.0000000694061054
     51.5515518       0.0000000691365907
     51.6516533       0.0000000688686177
     51.7517509       0.0000000686021828
     51.8518524       0.0000000683373025
     51.9519501       0.0000000680739361
     52.0520515       0.0000000678120547
     52.1521530       0.0000000675517217
     52.2522507       0.0000000672929347
     52.3523521       0.0000000670356425
     52.4524536       0.0000000667797178
     52.5525513       0.0000000665252866
     52.6526527       0.0000000662723438
     52.7527542       0.0000000660209015
     52.8528519       0.0000000657708223
     52.9529533       0.0000000655220888
     53.0530548       0.0000000652749022
     53.1531525       0.0000000650290078
     53.2532539       0.0000000647845327
     53.3533516       0.0000000645414727
     53.4534531       0.0000000642996816
     53.5535545       0.0000000640593281
     53.6536522       0.0000000638202996
     53.7537537       0.0000000635826669
     53.8538551       0.0000000633461838
     53.9539528       0.0000000631111903
     54.0540543       0.0000000628774275
     54.1541557       0.0000000626450175
     54.2542534       0.0000000624138092
     54.3543549       0.0000000621839463
     54.4544525       0.0000000619553565
     54.5545540       0.0000000617280272
     54.6546555       0.0000000615018343
     54.7547531       0.0000000612770500
     54.8548546       0.0000000610534035
     54.9549561       0.0000000608309844
     55.0550537       0.0000000606097435
     55.1551552       0.0000000603897625
     55.2552567       0.0000000601709427
     55.3553543       0.0000000599533599
     55.4554558       0.0000000597369198
     55.5555573       0.0000000595216407
     55.6556549       0.0000000593075522
     55.7557564       0.0000000590946319
     55.8558540       0.0000000588828083
     55.9559555       0.0000000586721686
     56.0560570       0.0000000584626380
     56.1561546       0.0000000582542728
     56.2562561       0.0000000580469301
     56.3563576       0.0000000578406726
     56.4564552       0.0000000576356451
     56.5565567       0.0000000574315611
     56.6566582       0.0000000572287027
     56.7567558       0.0000000570268128
     56.8568573       0.0000000568259833
     56.9569588       0.0000000566262904
     57.0570564       0.0000000564275760
     57.1571579       0.0000000562300260
     57.2572556       0.0000000560333506
     57.3573570       0.0000000558377726
     57.4574585       0.0000000556432333
     57.5575562       0.0000000554497235
     57.6576576       0.0000000552572255
     57.7577591       0.0000000550656840
     57.8578568       0.0000000548751283
     57.9579582       0.0000000546856080
     58.0580597       0.0000000544970505
     58.1581573       0.0000000543094854
     58.2582588       0.0000000541228811
     58.3583565       0.0000000539371759
     58.4584579       0.0000000537524683
     58.5585594       0.0000000535687383
     58.6586571       0.0000000533858895
     58.7587585       0.0000000532040446
     58.8588600       0.0000000530231074
     58.9589577       0.0000000528429990
     59.0590591       0.0000000526639291
     59.1591606       0.0000000524857233
     59.2592583       0.0000000523084229
     59.3593597       0.0000000521319906
     59.4594612       0.0000000519565015
     59.5595589       0.0000000517818465
     59.6596603       0.0000000516081155
     59.7597580       0.0000000514352531
     59.8598595       0.0000000512632005
     59.9599609       0.0000000510920899
     60.0600586       0.0000000509217958
     60.1601601       0.0000000507523420
     60.2602615       0.0000000505837537
     60.3603592       0.0000000504159966
     60.4604607       0.0000000502490559
     60.5605621       0.0000000500829675
     60.6606598       0.0000000499177101
     60.7607613       0.0000000497532239
     60.8608627       0.0000000495895505
     60.9609604       0.0000000494267579
     61.0610619       0.0000000492646802
     61.1611595       0.0000000491034705
     61.2612610       0.0000000489430280
     61.3613625       0.0000000487833796
     61.4614601       0.0000000486244460
     61.5615616       0.0000000484663083
     61.6616631       0.0000000483089956
     61.7617607       0.0000000481524261
     61.8618622       0.0000000479965933
     61.9619637       0.0000000478415205
     62.0620613       0.0000000476872339
     62.1621628       0.0000000475337053
     62.2622604       0.0000000473807907
     62.3623619       0.0000000472287733
     62.4624634       0.0000000470773689
     62.5625610       0.0000000469267571
     62.6626625       0.0000000467768079
     62.7627640       0.0000000466276739
     62.8628616       0.0000000464791577
     62.9629631       0.0000000463314027
     63.0630646       0.0000000461843332
     63.1631622       0.0000000460379961
     63.2632637       0.0000000458922938
     63.3633652       0.0000000457473151
     63.4634628       0.0000000456030126
     63.5635643       0.0000000454594203
     63.6636620       0.0000000453164580
     63.7637634       0.0000000451741844
     63.8638649       0.0000000450325750
     63.9639626       0.0000000448916479
     64.0640640       0.0000000447514338
     64.1641617       0.0000000446118098
     64.2642670       0.0000000444727916
     64.3643646       0.0000000443345010
     64.4644623       0.0000000441968529
     64.5645676       0.0000000440598199
     64.6646652       0.0000000439234108
     64.7647629       0.0000000437876829
     64.8648682       0.0000000436525364
     64.9649658       0.0000000435180439
     65.0650635       0.0000000433841603
     65.1651688       0.0000000432508545
     65.2652664       0.0000000431182202
     65.3653641       0.0000000429861943
     65.4654617       0.0000000428547409
     65.5655670       0.0000000427239037
     65.6656647       0.0000000425936721
     65.7657623       0.0000000424640448
     65.8658676       0.0000000423349507
     65.9659653       0.0000000422065028
     66.0660629       0.0000000420786375
     66.1661682       0.0000000419513433
     66.2662659       0.0000000418245904
     66.3663635       0.0000000416984597
     66.4664688       0.0000000415728926
     66.5665665       0.0000000414478468
     66.6666641       0.0000000413233911
     66.7667694       0.0000000411995017
     66.8668671       0.0000000410761438
     66.9669647       0.0000000409534160
     67.0670700       0.0000000408311562
     67.1671677       0.0000000407094746
     67.2672653       0.0000000405883607
     67.3673706       0.0000000404677265
     67.4674683       0.0000000403476895
     67.5675659       0.0000000402281667
     67.6676712       0.0000000401091648
     67.7677689       0.0000000399906700
     67.8678665       0.0000000398726971
     67.9679642       0.0000000397552835
     68.0680695       0.0000000396383626
     68.1681671       0.0000000395219880
     68.2682648       0.0000000394061031
     68.3683701       0.0000000392907330
     68.4684677       0.0000000391758498
     68.5685654       0.0000000390614754
     68.6686707       0.0000000389476500
     68.7687683       0.0000000388342525
     68.8688660       0.0000000387213915
     68.9689713       0.0000000386089989
     69.0690689       0.0000000384971274
     69.1691666       0.0000000383857027
     69.2692719       0.0000000382747870
     69.3693695       0.0000000381643484
     69.4694672       0.0000000380543660
     69.5695724       0.0000000379448550
     69.6696701       0.0000000378358611
     69.7697678       0.0000000377273181
     69.8698730       0.0000000376192181
     69.9699707       0.0000000375115748
     70.0700684       0.0000000374044842
     70.1701736       0.0000000372977587
     70.2702713       0.0000000371914924
     70.3703690       0.0000000370857038
     70.4704742       0.0000000369803399
     70.5705719       0.0000000368754858
     70.6706696       0.0000000367710275
     70.7707672       0.0000000366670310
     70.8708725       0.0000000365634708
     70.9709702       0.0000000364603405
     71.0710678       0.0000000363576466
     71.1711731       0.0000000362553956
     71.2712708       0.0000000361535666
     71.3713684       0.0000000360521900
     71.4714737       0.0000000359512308
     71.5715714       0.0000000358506832
     71.6716690       0.0000000357505572
     71.7717743       0.0000000356508316
     71.8718719       0.0000000355515287
     71.9719696       0.0000000354526753
     72.0720749       0.0000000353542192
     72.1721725       0.0000000352561532
     72.2722702       0.0000000351585302
     72.3723755       0.0000000350612627
     72.4724731       0.0000000349644380
     72.5725708       0.0000000348680016
     72.6726761       0.0000000347719505
     72.7727737       0.0000000346762920
     72.8728714       0.0000000345810572
     72.9729767       0.0000000344861932
     73.0730743       0.0000000343917322
     73.1731720       0.0000000342976637
     73.2732697       0.0000000342040039
     73.3733749       0.0000000341106598
     73.4734726       0.0000000340177257
     73.5735703       0.0000000339252023
     73.6736755       0.0000000338330149
     73.7737732       0.0000000337411828
     73.8738708       0.0000000336497773
     73.9739761       0.0000000335587470
     74.0740738       0.0000000334680756
     74.1741714       0.0000000333777471
     74.2742767       0.0000000332877845
     74.3743744       0.0000000331982192
     74.4744720       0.0000000331089921
     74.5745773       0.0000000330201232
     74.6746750       0.0000000329315854
     74.7747726       0.0000000328434479
     74.8748779       0.0000000327556666
     74.9749756       0.0000000326682051
     75.0750732       0.0000000325811050
     75.1751785       0.0000000324943580
     75.2752762       0.0000000324079455
     75.3753738       0.0000000323218522
     75.4754791       0.0000000322361686
     75.5755768       0.0000000321507844
     75.6756744       0.0000000320657197
     75.7757721       0.0000000319810304
     75.8758774       0.0000000318966895
     75.9759750       0.0000000318126618
     76.0760727       0.0000000317289624
     76.1761780       0.0000000316455558
     76.2762756       0.0000000315625159
     76.3763733       0.0000000314798056
     76.4764786       0.0000000313974159
     76.5765762       0.0000000313153544
     76.6766739       0.0000000312335831
     76.7767792       0.0000000311521594
     76.8768768       0.0000000310710620
     76.9769745       0.0000000309902939
     77.0770798       0.0000000309097920
     77.1771774       0.0000000308296226
     77.2772751       0.0000000307497998
     77.3773804       0.0000000306702232
     77.4774780       0.0000000305909837
     77.5775757       0.0000000305120392
     77.6776810       0.0000000304334289
     77.7777786       0.0000000303550797
     77.8778763       0.0000000302770822
     77.9779816       0.0000000301993737
     78.0780792       0.0000000301219746
     78.1781769       0.0000000300448487
     78.2782745       0.0000000299680118
     78.3783798       0.0000000298914596
     78.4784775       0.0000000298152107
     78.5785751       0.0000000297392906
     78.6786804       0.0000000296636486
     78.7787781       0.0000000295882771
     78.8788757       0.0000000295131915
     78.9789810       0.0000000294383874
     79.0790787       0.0000000293638743
     79.1791763       0.0000000292896506
     79.2792816       0.0000000292157017
     79.3793793       0.0000000291420330
     79.4794769       0.0000000290686457
     79.5795822       0.0000000289955305
     79.6796799       0.0000000289226677
     79.7797775       0.0000000288501231
     79.8798828       0.0000000287778304
     79.9799805       0.0000000287057888
     80.0800781       0.0000000286340436
     80.1801834       0.0000000285625506
     80.2802811       0.0000000284913434
     80.3803787       0.0000000284204037
     80.4804840       0.0000000283497115
     80.5805817       0.0000000282793019
     80.6806793       0.0000000282091685
     80.7807770       0.0000000281392574
     80.8808823       0.0000000280696266
     80.9809799       0.0000000280002318
     81.0810776       0.0000000279310936
     81.1811829       0.0000000278622519
     81.2812805       0.0000000277936370
     81.3813782       0.0000000277252685
     81.4814835       0.0000000276571705
     81.5815811       0.0000000275893158
     81.6816788       0.0000000275216950
     81.7817841       0.0000000274543278
     81.8818817       0.0000000273872015
     81.9819794       0.0000000273203449
     82.0820847       0.0000000272537474
     82.1821823       0.0000000271873627
     82.2822800       0.0000000271212189
     82.3823853       0.0000000270553291
     82.4824829       0.0000000269896703
     82.5825806       0.0000000269242495
     82.6826859       0.0000000268590761
     82.7827835       0.0000000267941452
     82.8828812       0.0000000267294347
     82.9829865       0.0000000266649684
     83.0830841       0.0000000266007273
     83.1831818       0.0000000265367050
     83.2832794       0.0000000264729190
     83.3833847       0.0000000264093759
     83.4834824       0.0000000263460737
     83.5835800       0.0000000262829528
     83.6836853       0.0000000262201263
     83.7837830       0.0000000261574624
     83.8838806       0.0000000260950629
     83.9839859       0.0000000260328716
     84.0840836       0.0000000259708776
     84.1841812       0.0000000259091478
     84.2842865       0.0000000258476339
     84.3843842       0.0000000257863144
     84.4844818       0.0000000257252048
     84.5845871       0.0000000256643434
     84.6846848       0.0000000256036903
     84.7847824       0.0000000255432394
     84.8848877       0.0000000254829876
     84.9849854       0.0000000254229793
     85.0850830       0.0000000253631701
     85.1851883       0.0000000253035782
     85.2852859       0.0000000252442021
     85.3853836       0.0000000251850132
     85.4854889       0.0000000251260623
     85.5855865       0.0000000250672898
     85.6856842       0.0000000250087655
     85.7857895       0.0000000249503984
     85.8858871       0.0000000248922396
     85.9859848       0.0000000248342976
     86.0860825       0.0000000247765459
     86.1861877       0.0000000247190149
     86.2862854       0.0000000246616891
     86.3863831       0.0000000246045399
     86.4864883       0.0000000245475701
     86.5865860       0.0000000244908421
     86.6866837       0.0000000244343082
     86.7867889       0.0000000243779418
     86.8868866       0.0000000243217791
     86.9869843       0.0000000242658189
     87.0870895       0.0000000242100466
     87.1871872       0.0000000241544399
     87.2872849       0.0000000240990575
     87.3873901       0.0000000240438613
     87.4874878       0.0000000239888852
     87.5875854       0.0000000239340397
     87.6876907       0.0000000238794298
     87.7877884       0.0000000238249732
     87.8878860       0.0000000237707241
     87.9879913       0.0000000237166405
     88.0880890       0.0000000236627315
     88.1881866       0.0000000236090319
     88.2882919       0.0000000235555281
     88.3883896       0.0000000235021852
     88.4884872       0.0000000234490126
     88.5885849       0.0000000233960298
     88.6886902       0.0000000233432365
     88.7887878       0.0000000232906169
     88.8888855       0.0000000232381696
     88.9889908       0.0000000231858911
     89.0890884       0.0000000231337992
     89.1891861       0.0000000230818969
     89.2892914       0.0000000230301322
     89.3893890       0.0000000229785772
     89.4894867       0.0000000229271743
     89.5895920       0.0000000228759750
     89.6896896       0.0000000228249275
     89.7897873       0.0000000227740396
     89.8898926       0.0000000227233443
     89.9899902       0.0000000226727949
     90.0900879       0.0000000226224178
     90.1901932       0.0000000225722143
     90.2902908       0.0000000225221629
     90.3903885       0.0000000224722839
     90.4904938       0.0000000224225923
     90.5905914       0.0000000223730484
     90.6906891       0.0000000223236658
     90.7907944       0.0000000222744430
     90.8908920       0.0000000222253906
     90.9909897       0.0000000221764983
     91.0910873       0.0000000221277885
     91.1911926       0.0000000220792141
     91.2912903       0.0000000220308041
     91.3913879       0.0000000219825539
     91.4914932       0.0000000219344483
     91.5915909       0.0000000218865130
     91.6916885       0.0000000218387552
     91.7917938       0.0000000217911122
     91.8918915       0.0000000217436692
     91.9919891       0.0000000216963513
     92.0920944       0.0000000216491912
     92.1921921       0.0000000216021925
     92.2922897       0.0000000215553442
     92.3923950       0.0000000215086494
     92.4924927       0.0000000214621050
     92.5925903       0.0000000214157125
     92.6926956       0.0000000213694703
     92.7927933       0.0000000213233770
     92.8928909       0.0000000212774286
     92.9929962       0.0000000212316313
     93.0930939       0.0000000211859844
     93.1931915       0.0000000211404863
     93.2932968       0.0000000210951106
     93.3933945       0.0000000210499086
     93.4934921       0.0000000210048460
     93.5935898       0.0000000209599322
     93.6936951       0.0000000209151579
     93.7937927       0.0000000208705223
     93.8938904       0.0000000208260281
     93.9939957       0.0000000207816830
     94.0940933       0.0000000207374835
     94.1941910       0.0000000206934052
     94.2942963       0.0000000206494732
     94.3943939       0.0000000206056935
     94.4944916       0.0000000205620368
     94.5945969       0.0000000205185345
     94.6946945       0.0000000204751814
     94.7947922       0.0000000204319301
     94.8948975       0.0000000203888366
     94.9949951       0.0000000203458779
     95.0950928       0.0000000203030812
     95.1951981       0.0000000202603706
     95.2952957       0.0000000202178254
     95.3953934       0.0000000201754069
     95.4954987       0.0000000201331265
     95.5955963       0.0000000200909551
     95.6956940       0.0000000200489494
     95.7957993       0.0000000200070493
     95.8958969       0.0000000199653000
     95.9959946       0.0000000199236537
     96.0960999       0.0000000198821470
     96.1961975       0.0000000198408008
     96.2962952       0.0000000197995606
     96.3963928       0.0000000197584441
     96.4964981       0.0000000197174578
     96.5965958       0.0000000196766062
     96.6966934       0.0000000196358787
     96.7967987       0.0000000195952685
     96.8968964       0.0000000195547836
     96.9969940       0.0000000195144288
     97.0970993       0.0000000194742118
     97.1971970       0.0000000194341050
     97.2972946       0.0000000193941201
     97.3973999       0.0000000193542559
     97.4974976       0.0000000193145483
     97.5975952       0.0000000192749224
     97.6977005       0.0000000192354265
     97.7977982       0.0000000191960576
     97.8978958       0.0000000191568249
     97.9980011       0.0000000191176910
     98.0980988       0.0000000190786825
     98.1981964       0.0000000190397980
     98.2983017       0.0000000190010262
     98.3983994       0.0000000189623735
     98.4984970       0.0000000189238372
     98.5986023       0.0000000188854346
     98.6987000       0.0000000188471361
     98.7987976       0.0000000188089525
     98.8988953       0.0000000187708860
     98.9990005       0.0000000187329576
     99.0990982       0.0000000186951215
     99.1991959       0.0000000186573792
     99.2993011       0.0000000186197866
     99.3993988       0.0000000185822942
     99.4994965       0.0000000185449126
     99.5996017       0.0000000185076408
     99.6996994       0.0000000184704677
     99.7997971       0.0000000184334439
     99.8999023       0.0000000183964888
    100.0000000       0.0000000183596700
