# x		H(x,a)
      0.0000000       1.0000000000000000
      0.1001001       0.9900299906730652
      0.2002002       0.9607124924659729
      0.3003003       0.9137664437294006
      0.4004004       0.8518707156181335
      0.5005005       0.7784109115600586
      0.6006006       0.6971734166145325
      0.7007007       0.6120254397392273
      0.8008008       0.5266169309616089
      0.9009009       0.4441368877887726
      1.0010010       0.3671664885634077
      1.1011012       0.2975409472491671
      1.2012012       0.2363482842696474
      1.3013012       0.1840244691583701
      1.4014014       0.1404485151496436
      1.5015016       0.1050710921567144
      1.6016016       0.0770521058841764
      1.7017016       0.0553907379080491
      1.8018018       0.0390359899373905
      1.9019020       0.0269715023243366
      2.0020020       0.0182730884086531
      2.1021020       0.0121414072450406
      2.2022023       0.0079141841087775
      2.3023024       0.0050632629937507
      2.4024024       0.0031817886993009
      2.5025024       0.0019663615225386
      2.6026025       0.0011975129758904
      2.7027028       0.0007210267840353
      2.8028028       0.0004315181501310
      2.9029028       0.0002588774012054
      3.0030031       0.0001576656777441
      3.1031032       0.0000991712648764
      3.2032032       0.0000656940753268
      3.3033032       0.0000465821799447
      3.4034033       0.0000355735994967
      3.5035036       0.0000290690627864
      3.6036036       0.0000250438585160
      3.7037036       0.0000223813173138
      3.8038039       0.0000204762676934
      3.9039040       0.0000190049934728
      4.0040040       0.0000177954823920
      4.1041040       0.0000167559298558
      4.2042041       0.0000158362771038
      4.3043041       0.0000150079985748
      4.4044046       0.0000142537534544
      4.5045047       0.0000135620070503
      4.6046047       0.0000129244529472
      4.7047048       0.0000123346532325
      4.8048048       0.0000117873831156
      4.9049048       0.0000112782446109
      5.0050049       0.0000108034579939
      5.1051049       0.0000103597490194
      5.2052050       0.0000099442613321
      5.3053055       0.0000095544781707
      5.4054055       0.0000091881634619
      5.5055056       0.0000088433604875
      5.6056056       0.0000085183173763
      5.7057056       0.0000082114300393
      5.8058057       0.0000079213255496
      5.9059057       0.0000076467290866
      6.0060062       0.0000073864856447
      6.1061063       0.0000071395948445
      6.2062063       0.0000069051063904
      6.3063064       0.0000066821704817
      6.4064064       0.0000064700109669
      6.5065064       0.0000062679269544
      6.6066065       0.0000060752688425
      6.7067065       0.0000058914457940
      6.8068066       0.0000057159126296
      6.9069071       0.0000055481582965
      7.0070071       0.0000053877272740
      7.1071072       0.0000052342015938
      7.2072072       0.0000050871710123
      7.3073072       0.0000049462643195
      7.4074073       0.0000048111612756
      7.5075073       0.0000046815227382
      7.6076078       0.0000045570685510
      7.7077079       0.0000044375176230
      7.8078079       0.0000043226152826
      7.9079080       0.0000042121200692
      8.0080080       0.0000041058096104
      8.1081085       0.0000040034775459
      8.2082081       0.0000039049212285
      8.3083086       0.0000038099593273
      8.4084082       0.0000037184191802
      8.5085087       0.0000036301321702
      8.6086082       0.0000035449573164
      8.7087088       0.0000034627391400
      8.8088093       0.0000033833457124
      8.9089088       0.0000033066495473
      9.0090094       0.0000032325282697
      9.1091089       0.0000031608715339
      9.2092094       0.0000030915667934
      9.3093090       0.0000030245127903
      9.4094095       0.0000029596154511
      9.5095091       0.0000028967834744
      9.6096096       0.0000028359317241
      9.7097101       0.0000027769728065
      9.8098097       0.0000027198312033
      9.9099102       0.0000026644375154
     10.0100098       0.0000026107122002
     10.1101103       0.0000025585933348
     10.2102098       0.0000025080232024
     10.3103104       0.0000024589343468
     10.4104099       0.0000024112738020
     10.5105104       0.0000023649815839
     10.6106110       0.0000023200118117
     10.7107105       0.0000022763101378
     10.8108110       0.0000022338293584
     10.9109106       0.0000021925266163
     11.0110111       0.0000021523591531
     11.1111107       0.0000021132848402
     11.2112112       0.0000020752650663
     11.3113117       0.0000020382625537
     11.4114113       0.0000020022405714
     11.5115118       0.0000019671637808
     11.6116114       0.0000019329987711
     11.7117119       0.0000018997190115
     11.8118114       0.0000018672903416
     11.9119120       0.0000018356842481
     12.0120125       0.0000018048748773
     12.1121120       0.0000017748329745
     12.2122126       0.0000017455380991
     12.3123121       0.0000017169610137
     12.4124126       0.0000016890794887
     12.5125122       0.0000016618727680
     12.6126127       0.0000016353177384
     12.7127123       0.0000016093947213
     12.8128128       0.0000015840843077
     12.9129133       0.0000015593655606
     13.0130129       0.0000015352211619
     13.1131134       0.0000015116316654
     13.2132130       0.0000014885836099
     13.3133135       0.0000014660583490
     13.4134130       0.0000014440438831
     13.5135136       0.0000014225178555
     13.6136131       0.0000014014712596
     13.7137136       0.0000013808893841
     13.8138142       0.0000013607575307
     13.9139137       0.0000013410608821
     14.0140142       0.0000013217913713
     14.1141138       0.0000013029352616
     14.2142143       0.0000012844785997
     14.3143139       0.0000012664109444
     14.4144144       0.0000012487228170
     14.5145149       0.0000012314037255
     14.6146145       0.0000012144422161
     14.7147150       0.0000011978298978
     14.8148146       0.0000011815554080
     14.9149151       0.0000011656097183
     15.0150146       0.0000011499875228
     15.1151152       0.0000011346743991
     15.2152157       0.0000011196676766
     15.3153152       0.0000011049564117
     15.4154158       0.0000010905331696
     15.5155153       0.0000010763910959
     15.6156158       0.0000010625218547
     15.7157154       0.0000010489210631
     15.8158159       0.0000010355787632
     15.9159155       0.0000010224894364
     16.0160160       0.0000010096468196
     16.1161156       0.0000009970459959
     16.2162170       0.0000009846790986
     16.3163166       0.0000009725413993
     16.4164162       0.0000009606257114
     16.5165157       0.0000009489299180
     16.6166172       0.0000009374452182
     16.7167168       0.0000009261681352
     16.8168163       0.0000009150942327
     16.9169178       0.0000009042176555
     17.0170174       0.0000008935340926
     17.1171169       0.0000008830386139
     17.2172165       0.0000008727276943
     17.3173180       0.0000008625953180
     17.4174175       0.0000008526399924
     17.5175171       0.0000008428562673
     17.6176186       0.0000008332386959
     17.7177181       0.0000008237862470
     17.8178177       0.0000008144939164
     17.9179173       0.0000008053573261
     18.0180187       0.0000007963737891
     18.1181183       0.0000007875408583
     18.2182178       0.0000007788537002
     18.3183174       0.0000007703102134
     18.4184189       0.0000007619057962
     18.5185184       0.0000007536381573
     18.6186180       0.0000007455049064
     18.7187195       0.0000007375037903
     18.8188190       0.0000007296296107
     18.9189186       0.0000007218812183
     19.0190182       0.0000007142554640
     19.1191196       0.0000007067508772
     19.2192192       0.0000006993638387
     19.3193188       0.0000006920916227
     19.4194202       0.0000006849330212
     19.5195198       0.0000006778851054
     19.6196194       0.0000006709453878
     19.7197189       0.0000006641111003
     19.8198204       0.0000006573810722
     19.9199200       0.0000006507539988
     20.0200195       0.0000006442257830
     20.1201210       0.0000006377949661
     20.2202206       0.0000006314610548
     20.3203201       0.0000006252206497
     20.4204197       0.0000006190726145
     20.5205212       0.0000006130149909
     20.6206207       0.0000006070452973
     20.7207203       0.0000006011632645
     20.8208199       0.0000005953657265
     20.9209213       0.0000005896526525
     21.0210209       0.0000005840212202
     21.1211205       0.0000005784694843
     21.2212219       0.0000005729968518
     21.3213215       0.0000005676018665
     21.4214211       0.0000005622825139
     21.5215206       0.0000005570385200
     21.6216221       0.0000005518669325
     21.7217216       0.0000005467673911
     21.8218212       0.0000005417372462
     21.9219227       0.0000005367772449
     22.0220222       0.0000005318854176
     22.1221218       0.0000005270594857
     22.2222214       0.0000005222996075
     22.3223228       0.0000005176036635
     22.4224224       0.0000005129704263
     22.5225220       0.0000005083998052
     22.6226234       0.0000005038899188
     22.7227230       0.0000004994396770
     22.8228226       0.0000004950484297
     22.9229221       0.0000004907146679
     23.0230236       0.0000004864376462
     23.1231232       0.0000004822167851
     23.2232227       0.0000004780504371
     23.3233242       0.0000004739374136
     23.4234238       0.0000004698775126
     23.5235233       0.0000004658702505
     23.6236229       0.0000004619134171
     23.7237244       0.0000004580074346
     23.8238239       0.0000004541503110
     23.9239235       0.0000004503419501
     24.0240250       0.0000004465807633
     24.1241245       0.0000004428675524
     24.2242241       0.0000004391996553
     24.3243237       0.0000004355775695
     24.4244251       0.0000004319998573
     24.5245247       0.0000004284665546
     24.6246243       0.0000004249764448
     24.7247238       0.0000004215284061
     24.8248253       0.0000004181227737
     24.9249249       0.0000004147576260
     25.0250244       0.0000004114334150
     25.1251259       0.0000004081489022
     25.2252254       0.0000004049038723
     25.3253250       0.0000004016974161
     25.4254246       0.0000003985282625
     25.5255260       0.0000003953971439
     25.6256256       0.0000003923024716
     25.7257252       0.0000003892441817
     25.8258266       0.0000003862216550
     25.9259262       0.0000003832342057
     26.0260258       0.0000003802809806
     26.1261253       0.0000003773624120
     26.2262268       0.0000003744768949
     26.3263264       0.0000003716241841
     26.4264259       0.0000003688042814
     26.5265274       0.0000003660159623
     26.6266270       0.0000003632598837
     26.7267265       0.0000003605345302
     26.8268261       0.0000003578397487
     26.9269276       0.0000003551751509
     27.0270271       0.0000003525400062
     27.1271267       0.0000003499343248
     27.2272263       0.0000003473573734
     27.3273277       0.0000003448088803
     27.4274273       0.0000003422884856
     27.5275269       0.0000003397954092
     27.6276283       0.0000003373293846
     27.7277279       0.0000003348904629
     27.8278275       0.0000003324777178
     27.9279270       0.0000003300908738
     28.0280285       0.0000003277299895
     28.1281281       0.0000003253938739
     28.2282276       0.0000003230834162
     28.3283291       0.0000003207967009
     28.4284286       0.0000003185347889
     28.5285282       0.0000003162963438
     28.6286278       0.0000003140816935
     28.7287292       0.0000003118900514
     28.8288288       0.0000003097213893
     28.9289284       0.0000003075752905
     29.0290298       0.0000003054513019
     29.1291294       0.0000003033494145
     29.2292290       0.0000003012691089
     29.3293285       0.0000002992103990
     29.4294300       0.0000002971725114
     29.5295296       0.0000002951552517
     29.6296291       0.0000002931585734
     29.7297306       0.0000002911821274
     29.8298302       0.0000002892254246
     29.9299297       0.0000002872886744
     30.0300293       0.0000002853714504
     30.1301308       0.0000002834727636
     30.2302303       0.0000002815935938
     30.3303299       0.0000002797327195
     30.4304314       0.0000002778905062
     30.5305309       0.0000002760662609
     30.6306305       0.0000002742598873
     30.7307301       0.0000002724714343
     30.8308315       0.0000002707002262
     30.9309311       0.0000002689462528
     31.0310307       0.0000002672094738
     31.1311302       0.0000002654892230
     31.2312317       0.0000002637856782
     31.3313313       0.0000002620986166
     31.4314308       0.0000002604273924
     31.5315323       0.0000002587722891
     31.6316319       0.0000002571329639
     31.7317314       0.0000002555089473
     31.8318310       0.0000002539006718
     31.9319324       0.0000002523069216
     32.0320320       0.0000002507286566
     32.1321335       0.0000002491653691
     32.2322311       0.0000002476161905
     32.3323326       0.0000002460816848
     32.4324341       0.0000002445611279
     32.5325317       0.0000002430549301
     32.6326332       0.0000002415625249
     32.7327309       0.0000002400836535
     32.8328323       0.0000002386184547
     32.9329338       0.0000002371665935
     33.0330315       0.0000002357279646
     33.1331329       0.0000002343024563
     33.2332344       0.0000002328901266
     33.3333321       0.0000002314902408
     33.4334335       0.0000002301028639
     33.5335350       0.0000002287280376
     33.6336327       0.0000002273653527
     33.7337341       0.0000002260149197
     33.8338356       0.0000002246766455
     33.9339333       0.0000002233500265
     34.0340347       0.0000002220351480
     34.1341324       0.0000002207322727
     34.2342339       0.0000002194403156
     34.3343353       0.0000002181596142
     34.4344330       0.0000002168904578
     34.5345345       0.0000002156322130
     34.6346359       0.0000002143848053
     34.7347336       0.0000002131485269
     34.8348351       0.0000002119225671
     34.9349365       0.0000002107072941
     35.0350342       0.0000002095024341
     35.1351357       0.0000002083078946
     35.2352371       0.0000002071233559
     35.3353348       0.0000002059491744
     35.4354362       0.0000002047848798
     35.5355339       0.0000002036304896
     35.6356354       0.0000002024855885
     35.7357368       0.0000002013506951
     35.8358345       0.0000002002251761
     35.9359360       0.0000001991089602
     36.0360374       0.0000001980020622
     36.1361351       0.0000001969044234
     36.2362366       0.0000001958160179
     36.3363380       0.0000001947363921
     36.4364357       0.0000001936657394
     36.5365372       0.0000001926039016
     36.6366348       0.0000001915508200
     36.7367363       0.0000001905064967
     36.8368378       0.0000001894705029
     36.9369354       0.0000001884430270
     37.0370369       0.0000001874236561
     37.1371384       0.0000001864128693
     37.2372360       0.0000001854102249
     37.3373375       0.0000001844152816
     37.4374390       0.0000001834286837
     37.5375366       0.0000001824499495
     37.6376381       0.0000001814788092
     37.7377396       0.0000001805155425
     37.8378372       0.0000001795602616
     37.9379387       0.0000001786119790
     38.0380363       0.0000001776715384
     38.1381378       0.0000001767384336
     38.2382393       0.0000001758126075
     38.3383369       0.0000001748940980
     38.4384384       0.0000001739829027
     38.5385399       0.0000001730786482
     38.6386375       0.0000001721813177
     38.7387390       0.0000001712912466
     38.8388405       0.0000001704077986
     38.9389381       0.0000001695312234
     39.0390396       0.0000001686615096
     39.1391373       0.0000001677983030
     39.2392387       0.0000001669420100
     39.3393402       0.0000001660920774
     39.4394379       0.0000001652485626
     39.5395393       0.0000001644114489
     39.6396408       0.0000001635807177
     39.7397385       0.0000001627562033
     39.8398399       0.0000001619382730
     39.9399414       0.0000001611261015
     40.0400391       0.0000001603202629
     40.1401405       0.0000001595201823
     40.2402420       0.0000001587263541
     40.3403397       0.0000001579383257
     40.4404411       0.0000001571560843
     40.5405388       0.0000001563797544
     40.6406403       0.0000001556091124
     40.7407417       0.0000001548441851
     40.8408394       0.0000001540850014
     40.9409409       0.0000001533312495
     41.0410423       0.0000001525830150
     41.1411400       0.0000001518403048
     41.2412415       0.0000001511028232
     41.3413429       0.0000001503709627
     41.4414406       0.0000001496443063
     41.5415421       0.0000001489228214
     41.6416397       0.0000001482065776
     41.7417412       0.0000001474956349
     41.8418427       0.0000001467896261
     41.9419403       0.0000001460886885
     42.0420418       0.0000001453929379
     42.1421432       0.0000001447020354
     42.2422409       0.0000001440159109
     42.3423424       0.0000001433348823
     42.4424438       0.0000001426585189
     42.5425415       0.0000001419870844
     42.6426430       0.0000001413202256
     42.7427444       0.0000001406580665
     42.8428421       0.0000001400007278
     42.9429436       0.0000001393478187
     43.0430412       0.0000001386993971
     43.1431427       0.0000001380556979
     43.2432442       0.0000001374163346
     43.3433418       0.0000001367815114
     43.4434433       0.0000001361510264
     43.5435448       0.0000001355248974
     43.6436424       0.0000001349030998
     43.7437439       0.0000001342853984
     43.8438454       0.0000001336721699
     43.9439430       0.0000001330630155
     44.0440445       0.0000001324580935
     44.1441460       0.0000001318572518
     44.2442436       0.0000001312604081
     44.3443451       0.0000001306676189
     44.4444427       0.0000001300790941
     44.5445442       0.0000001294943035
     44.6446457       0.0000001289133377
     44.7447433       0.0000001283365325
     44.8448448       0.0000001277634785
     44.9449463       0.0000001271941454
     45.0450439       0.0000001266288066
     45.1451454       0.0000001260672977
     45.2452469       0.0000001255092463
     45.3453445       0.0000001249550500
     45.4454460       0.0000001244045330
     45.5455437       0.0000001238575172
     45.6456451       0.0000001233141674
     45.7457466       0.0000001227744835
     45.8458443       0.0000001222381850
     45.9459457       0.0000001217055445
     46.0460472       0.0000001211762757
     46.1461449       0.0000001206504458
     46.2462463       0.0000001201280586
     46.3463478       0.0000001196090498
     46.4464455       0.0000001190934772
     46.5465469       0.0000001185811592
     46.6466484       0.0000001180721093
     46.7467461       0.0000001175663655
     46.8468475       0.0000001170637674
     46.9469452       0.0000001165646078
     47.0470467       0.0000001160685200
     47.1471481       0.0000001155755723
     47.2472458       0.0000001150857228
     47.3473473       0.0000001145990577
     47.4474487       0.0000001141155160
     47.5475464       0.0000001136349183
     47.6476479       0.0000001131574376
     47.7477493       0.0000001126828666
     47.8478470       0.0000001122113148
     47.9479485       0.0000001117427259
     48.0480499       0.0000001112770885
     48.1481476       0.0000001108144303
     48.2482491       0.0000001103545205
     48.3483467       0.0000001098974824
     48.4484482       0.0000001094433503
     48.5485497       0.0000001089919994
     48.6486473       0.0000001085435046
     48.7487488       0.0000001080977031
     48.8488503       0.0000001076545733
     48.9489479       0.0000001072142940
     49.0490494       0.0000001067765670
     49.1491508       0.0000001063415203
     49.2492485       0.0000001059093338
     49.3493500       0.0000001054796002
     49.4494476       0.0000001050525492
     49.5495491       0.0000001046281431
     49.6496506       0.0000001042060124
     49.7497482       0.0000001037867281
     49.8498497       0.0000001033699081
     49.9499512       0.0000001029555351
     50.0500488       0.0000001025437513
     50.1501503       0.0000001021343104
     50.2502518       0.0000001017273599
     50.3503494       0.0000001013228881
     50.4504509       0.0000001009207719
     50.5505524       0.0000001005211083
     50.6506500       0.0000001001237051
     50.7507515       0.0000000997287408
     50.8508492       0.0000000993361438
     50.9509506       0.0000000989457824
     51.0510521       0.0000000985577495
     51.1511497       0.0000000981719880
     51.2512512       0.0000000977883609
     51.3513527       0.0000000974071541
     51.4514503       0.0000000970281290
     51.5515518       0.0000000966513515
     51.6516533       0.0000000962767350
     51.7517509       0.0000000959042743
     51.8518524       0.0000000955339714
     51.9519501       0.0000000951657880
     52.0520515       0.0000000947996862
     52.1521530       0.0000000944357459
     52.2522507       0.0000000940739725
     52.3523521       0.0000000937142768
     52.4524536       0.0000000933564996
     52.5525513       0.0000000930008132
     52.6526527       0.0000000926472018
     52.7527542       0.0000000922957073
     52.8528519       0.0000000919460901
     52.9529533       0.0000000915983645
     53.0530548       0.0000000912528132
     53.1531525       0.0000000909090549
     53.2532539       0.0000000905672760
     53.3533516       0.0000000902274896
     53.4534531       0.0000000898894735
     53.5535545       0.0000000895534613
     53.6536522       0.0000000892193066
     53.7537537       0.0000000888871060
     53.8538551       0.0000000885564988
     53.9539528       0.0000000882279869
     54.0540543       0.0000000879011968
     54.1541557       0.0000000875762870
     54.2542534       0.0000000872530707
     54.3543549       0.0000000869317144
     54.4544525       0.0000000866121591
     54.5545540       0.0000000862943548
     54.6546555       0.0000000859781429
     54.7547531       0.0000000856639015
     54.8548546       0.0000000853512520
     54.9549561       0.0000000850403159
     55.0550537       0.0000000847310256
     55.1551552       0.0000000844234829
     55.2552567       0.0000000841175947
     55.3553543       0.0000000838134068
     55.4554558       0.0000000835108365
     55.5555573       0.0000000832098741
     55.6556549       0.0000000829105922
     55.7557564       0.0000000826129259
     55.8558540       0.0000000823167949
     55.9559555       0.0000000820223352
     56.0560570       0.0000000817294146
     56.1561546       0.0000000814381304
     56.2562561       0.0000000811482642
     56.3563576       0.0000000808599323
     56.4564552       0.0000000805732909
     56.5565567       0.0000000802879919
     56.6566582       0.0000000800043960
     56.7567558       0.0000000797221650
     56.8568573       0.0000000794414188
     56.9569588       0.0000000791622410
     57.0570564       0.0000000788844496
     57.1571579       0.0000000786082817
     57.2572556       0.0000000783333301
     57.3573570       0.0000000780599171
     57.4574585       0.0000000777879533
     57.5575562       0.0000000775174308
     57.6576576       0.0000000772483273
     57.7577591       0.0000000769805480
     57.8578568       0.0000000767141515
     57.9579582       0.0000000764492156
     58.0580597       0.0000000761856239
     58.1581573       0.0000000759234116
     58.2582588       0.0000000756625444
     58.3583565       0.0000000754029187
     58.4584579       0.0000000751447032
     58.5585594       0.0000000748878550
     58.6586571       0.0000000746322371
     58.7587585       0.0000000743780206
     58.8588600       0.0000000741250750
     58.9589577       0.0000000738732962
     59.0590591       0.0000000736229622
     59.1591606       0.0000000733738269
     59.2592583       0.0000000731259698
     59.3593597       0.0000000728793219
     59.4594612       0.0000000726339831
     59.5595589       0.0000000723898277
     59.6596603       0.0000000721469534
     59.7597580       0.0000000719052958
     59.8598595       0.0000000716647663
     59.9599609       0.0000000714255645
     60.0600586       0.0000000711874975
     60.1601601       0.0000000709506008
     60.2602615       0.0000000707149164
     60.3603592       0.0000000704803981
     60.4604607       0.0000000702470230
     60.5605621       0.0000000700148271
     60.6606598       0.0000000697838061
     60.7607613       0.0000000695538535
     60.8608627       0.0000000693250470
     60.9609604       0.0000000690974672
     61.0610619       0.0000000688708885
     61.1611595       0.0000000686455172
     61.2612610       0.0000000684212278
     61.3613625       0.0000000681980406
     61.4614601       0.0000000679758518
     61.5615616       0.0000000677547796
     61.6616631       0.0000000675348562
     61.7617607       0.0000000673159802
     61.8618622       0.0000000670981287
     61.9619637       0.0000000668813426
     62.0620613       0.0000000666656476
     62.1621628       0.0000000664510207
     62.2622604       0.0000000662372537
     62.3623619       0.0000000660247369
     62.4624634       0.0000000658130796
     62.5625610       0.0000000656025238
     62.6626625       0.0000000653928983
     62.7627640       0.0000000651844176
     62.8628616       0.0000000649767864
     62.9629631       0.0000000647702308
     63.0630646       0.0000000645646312
     63.1631622       0.0000000643600532
     63.2632637       0.0000000641563715
     63.3633652       0.0000000639536947
     63.4634628       0.0000000637519595
     63.5635643       0.0000000635512186
     63.6636620       0.0000000633513604
     63.7637634       0.0000000631524677
     63.8638649       0.0000000629544985
     63.9639626       0.0000000627574884
     64.0640640       0.0000000625614732
     64.1641617       0.0000000623662781
     64.2642670       0.0000000621719399
     64.3643646       0.0000000619786115
     64.4644623       0.0000000617861831
     64.5645676       0.0000000615946130
     64.6646652       0.0000000614039149
     64.7647629       0.0000000612141736
     64.8648682       0.0000000610252402
     64.9649658       0.0000000608372216
     65.0650635       0.0000000606500531
     65.1651688       0.0000000604637036
     65.2652664       0.0000000602782727
     65.3653641       0.0000000600937112
     65.4654617       0.0000000599099439
     65.5655670       0.0000000597270284
     65.6656647       0.0000000595449701
     65.7657623       0.0000000593637511
     65.8658676       0.0000000591832861
     65.9659653       0.0000000590037101
     66.0660629       0.0000000588249672
     66.1661682       0.0000000586470064
     66.2662659       0.0000000584698135
     66.3663635       0.0000000582934871
     66.4664688       0.0000000581179500
     66.5665665       0.0000000579431307
     66.6666641       0.0000000577691477
     66.7667694       0.0000000575959498
     66.8668671       0.0000000574235019
     66.9669647       0.0000000572519346
     67.0670700       0.0000000570810089
     67.1671677       0.0000000569109032
     67.2672653       0.0000000567415893
     67.3673706       0.0000000565729476
     67.4674683       0.0000000564051401
     67.5675659       0.0000000562380418
     67.6676712       0.0000000560716860
     67.7677689       0.0000000559060288
     67.8678665       0.0000000557411112
     67.9679642       0.0000000555769645
     68.0680695       0.0000000554135152
     68.1681671       0.0000000552508225
     68.2682648       0.0000000550888211
     68.3683701       0.0000000549275374
     68.4684677       0.0000000547669328
     68.5685654       0.0000000546070398
     68.6686707       0.0000000544479116
     68.7687683       0.0000000542893908
     68.8688660       0.0000000541316148
     68.9689713       0.0000000539744933
     69.0690689       0.0000000538180906
     69.1691666       0.0000000536623230
     69.2692719       0.0000000535072715
     69.3693695       0.0000000533528718
     69.4694672       0.0000000531991209
     69.5695724       0.0000000530460256
     69.6696701       0.0000000528936616
     69.7697678       0.0000000527419246
     69.8698730       0.0000000525907991
     69.9699707       0.0000000524403198
     70.0700684       0.0000000522906027
     70.1701736       0.0000000521414066
     70.2702713       0.0000000519928476
     70.3703690       0.0000000518449598
     70.4704742       0.0000000516976623
     70.5705719       0.0000000515510792
     70.6706696       0.0000000514050463
     70.7707672       0.0000000512596626
     70.8708725       0.0000000511148877
     70.9709702       0.0000000509707129
     71.0710678       0.0000000508271534
     71.1711731       0.0000000506842052
     71.2712708       0.0000000505418478
     71.3713684       0.0000000504001269
     71.4714737       0.0000000502589865
     71.5715714       0.0000000501184281
     71.6716690       0.0000000499784537
     71.7717743       0.0000000498390361
     71.8718719       0.0000000497002185
     71.9719696       0.0000000495620231
     72.0720749       0.0000000494243784
     72.1721725       0.0000000492872944
     72.2722702       0.0000000491508134
     72.3723755       0.0000000490148335
     72.4724731       0.0000000488794753
     72.5725708       0.0000000487446589
     72.6726761       0.0000000486103799
     72.7727737       0.0000000484766557
     72.8728714       0.0000000483435184
     72.9729767       0.0000000482109045
     73.0730743       0.0000000480788467
     73.1731720       0.0000000479473385
     73.2732697       0.0000000478164105
     73.3733749       0.0000000476859158
     73.4734726       0.0000000475559939
     73.5735703       0.0000000474266487
     73.6736755       0.0000000472977797
     73.7737732       0.0000000471693969
     73.8738708       0.0000000470416099
     73.9739761       0.0000000469143514
     74.0740738       0.0000000467875952
     74.1741714       0.0000000466613162
     74.2742767       0.0000000465355563
     74.3743744       0.0000000464103437
     74.4744720       0.0000000462856060
     74.5745773       0.0000000461613679
     74.6746750       0.0000000460375951
     74.7747726       0.0000000459143821
     74.8748779       0.0000000457916628
     74.9749756       0.0000000456694001
     75.0750732       0.0000000455476277
     75.1751785       0.0000000454263583
     75.2752762       0.0000000453055611
     75.3753738       0.0000000451852019
     75.4754791       0.0000000450654200
     75.5755768       0.0000000449460574
     75.6756744       0.0000000448271364
     75.7757721       0.0000000447087459
     75.8758774       0.0000000445908357
     75.9759750       0.0000000444733672
     76.0760727       0.0000000443563581
     76.1761780       0.0000000442397573
     76.2762756       0.0000000441236705
     76.3763733       0.0000000440080374
     76.4764786       0.0000000438928602
     76.5765762       0.0000000437781424
     76.6766739       0.0000000436638304
     76.7767792       0.0000000435500036
     76.8768768       0.0000000434366244
     76.9769745       0.0000000433237154
     77.0770798       0.0000000432111731
     77.1771774       0.0000000430990981
     77.2772751       0.0000000429875088
     77.3773804       0.0000000428762618
     77.4774780       0.0000000427654912
     77.5775757       0.0000000426551285
     77.6776810       0.0000000425452312
     77.7777786       0.0000000424356988
     77.8778763       0.0000000423266645
     77.9779816       0.0000000422180277
     78.0780792       0.0000000421098286
     78.1781769       0.0000000420020044
     78.2782745       0.0000000418945906
     78.3783798       0.0000000417875690
     78.4784775       0.0000000416809746
     78.5785751       0.0000000415748422
     78.6786804       0.0000000414690942
     78.7787781       0.0000000413637313
     78.8788757       0.0000000412587662
     78.9789810       0.0000000411541857
     79.0790787       0.0000000410500181
     79.1791763       0.0000000409462502
     79.2792816       0.0000000408428808
     79.3793793       0.0000000407398923
     79.4794769       0.0000000406372978
     79.5795822       0.0000000405350818
     79.6796799       0.0000000404332205
     79.7797775       0.0000000403318057
     79.8798828       0.0000000402307407
     79.9799805       0.0000000401300283
     80.0800781       0.0000000400297296
     80.1801834       0.0000000399297841
     80.2802811       0.0000000398302393
     80.3803787       0.0000000397310690
     80.4804840       0.0000000396322402
     80.5805817       0.0000000395338120
     80.6806793       0.0000000394357655
     80.7807770       0.0000000393380315
     80.8808823       0.0000000392406855
     80.9809799       0.0000000391436743
     81.0810776       0.0000000390470230
     81.1811829       0.0000000389507812
     81.2812805       0.0000000388548618
     81.3813782       0.0000000387592868
     81.4814835       0.0000000386640836
     81.5815811       0.0000000385692247
     81.6816788       0.0000000384746979
     81.7817841       0.0000000383805122
     81.8818817       0.0000000382866770
     81.9819794       0.0000000381932105
     82.0820847       0.0000000381001067
     82.1821823       0.0000000380073072
     82.2822800       0.0000000379148425
     82.3823853       0.0000000378227275
     82.4824829       0.0000000377309388
     82.5825806       0.0000000376394785
     82.6826859       0.0000000375483680
     82.7827835       0.0000000374575931
     82.8828812       0.0000000373671343
     82.9829865       0.0000000372770093
     83.0830841       0.0000000371872013
     83.1831818       0.0000000370977011
     83.2832794       0.0000000370085274
     83.3833847       0.0000000369196979
     83.4834824       0.0000000368312000
     83.5835800       0.0000000367429624
     83.6836853       0.0000000366551326
     83.7837830       0.0000000365675273
     83.8838806       0.0000000364802967
     83.9839859       0.0000000363933523
     84.0840836       0.0000000363066870
     84.1841812       0.0000000362203921
     84.2842865       0.0000000361343945
     84.3843842       0.0000000360486699
     84.4844818       0.0000000359632434
     84.5845871       0.0000000358781626
     84.6846848       0.0000000357933661
     84.7847824       0.0000000357088583
     84.8848877       0.0000000356246308
     84.9849854       0.0000000355407357
     85.0850830       0.0000000354571232
     85.1851883       0.0000000353738166
     85.2852859       0.0000000352908125
     85.3853836       0.0000000352080700
     85.4854889       0.0000000351256524
     85.5855865       0.0000000350434912
     85.6856842       0.0000000349616734
     85.7857895       0.0000000348800788
     85.8858871       0.0000000347987765
     85.9859848       0.0000000347177715
     86.0860825       0.0000000346370391
     86.1861877       0.0000000345566110
     86.2862854       0.0000000344764720
     86.3863831       0.0000000343965744
     86.4864883       0.0000000343169339
     86.5865860       0.0000000342376296
     86.6866837       0.0000000341585987
     86.7867889       0.0000000340797970
     86.8868866       0.0000000340012876
     86.9869843       0.0000000339230533
     87.0870895       0.0000000338450861
     87.1871872       0.0000000337673481
     87.2872849       0.0000000336899258
     87.3873901       0.0000000336127633
     87.4874878       0.0000000335359041
     87.5875854       0.0000000334592353
     87.6876907       0.0000000333828957
     87.7877884       0.0000000333067626
     87.8878860       0.0000000332309214
     87.9879913       0.0000000331553147
     88.0880890       0.0000000330799508
     88.1881866       0.0000000330048798
     88.2882919       0.0000000329300833
     88.3883896       0.0000000328555100
     88.4884872       0.0000000327811778
     88.5885849       0.0000000327071087
     88.6886902       0.0000000326333078
     88.7887878       0.0000000325597460
     88.8888855       0.0000000324864253
     88.9889908       0.0000000324133385
     89.0890884       0.0000000323405190
     89.1891861       0.0000000322679591
     89.2892914       0.0000000321955910
     89.3893890       0.0000000321235216
     89.4894867       0.0000000320516638
     89.5895920       0.0000000319800836
     89.6896896       0.0000000319087203
     89.7897873       0.0000000318375816
     89.8898926       0.0000000317667095
     89.9899902       0.0000000316960450
     90.0900879       0.0000000316256185
     90.1901932       0.0000000315554359
     90.2902908       0.0000000314854630
     90.3903885       0.0000000314157351
     90.4904938       0.0000000313462628
     90.5905914       0.0000000312770048
     90.6906891       0.0000000312079723
     90.7907944       0.0000000311391559
     90.8908920       0.0000000310705827
     90.9909897       0.0000000310022300
     91.0910873       0.0000000309341355
     91.1911926       0.0000000308662307
     91.2912903       0.0000000307985546
     91.3913879       0.0000000307311040
     91.4914932       0.0000000306638518
     91.5915909       0.0000000305968398
     91.6916885       0.0000000305300795
     91.7917938       0.0000000304634706
     91.8918915       0.0000000303971487
     91.9919891       0.0000000303310011
     92.0920944       0.0000000302650699
     92.1921921       0.0000000301993642
     92.2922897       0.0000000301338747
     92.3923950       0.0000000300685951
     92.4924927       0.0000000300035285
     92.5925903       0.0000000299386718
     92.6926956       0.0000000298740281
     92.7927933       0.0000000298095880
     92.8928909       0.0000000297453530
     92.9929962       0.0000000296813296
     93.0930939       0.0000000296175162
     93.1931915       0.0000000295539094
     93.2932968       0.0000000294904750
     93.3933945       0.0000000294272850
     93.4934921       0.0000000293642892
     93.5935898       0.0000000293015002
     93.6936951       0.0000000292389085
     93.7937927       0.0000000291765066
     93.8938904       0.0000000291143066
     93.9939957       0.0000000290523133
     94.0940933       0.0000000289905237
     94.1941910       0.0000000289289038
     94.2942963       0.0000000288674858
     94.3943939       0.0000000288062853
     94.4944916       0.0000000287452546
     94.5945969       0.0000000286844394
     94.6946945       0.0000000286238322
     94.7947922       0.0000000285633677
     94.8948975       0.0000000285031227
     94.9949951       0.0000000284430661
     95.0950928       0.0000000283832399
     95.1951981       0.0000000283235308
     95.2952957       0.0000000282640535
     95.3953934       0.0000000282047538
     95.4954987       0.0000000281456461
     95.5955963       0.0000000280866893
     95.6956940       0.0000000280279694
     95.7957993       0.0000000279693928
     95.8958969       0.0000000279110277
     95.9959946       0.0000000278528076
     96.0960999       0.0000000277947826
     96.1961975       0.0000000277369807
     96.2962952       0.0000000276793294
     96.3963928       0.0000000276218497
     96.4964981       0.0000000275645525
     96.5965958       0.0000000275074403
     96.6966934       0.0000000274505050
     96.7967987       0.0000000273937306
     96.8968964       0.0000000273371380
     96.9969940       0.0000000272807210
     97.0970993       0.0000000272244992
     97.1971970       0.0000000271684285
     97.2972946       0.0000000271125318
     97.3973999       0.0000000270568044
     97.4974976       0.0000000270012928
     97.5975952       0.0000000269458972
     97.6977005       0.0000000268906839
     97.7977982       0.0000000268356461
     97.8978958       0.0000000267807984
     97.9980011       0.0000000267260928
     98.0980988       0.0000000266715565
     98.1981964       0.0000000266172007
     98.2983017       0.0000000265629967
     98.3983994       0.0000000265089588
     98.4984970       0.0000000264550855
     98.5986023       0.0000000264014020
     98.6987000       0.0000000263478626
     98.7987976       0.0000000262944814
     98.8988953       0.0000000262412649
     98.9990005       0.0000000261882410
     99.0990982       0.0000000261353488
     99.1991959       0.0000000260825869
     99.2993011       0.0000000260300331
     99.3993988       0.0000000259776174
     99.4994965       0.0000000259253616
     99.5996017       0.0000000258732547
     99.6996994       0.0000000258212862
     99.7997971       0.0000000257695285
     99.8999023       0.0000000257178673
    100.0000000       0.0000000256663937
