# x		H(x,a)
      0.0000000       1.0000000000000000
      0.1001001       0.9900299906730652
      0.2002002       0.9607124924659729
      0.3003003       0.9137664437294006
      0.4004004       0.8518707156181335
      0.5005005       0.7784109115600586
      0.6006006       0.6971734166145325
      0.7007007       0.6120254397392273
      0.8008008       0.5266169309616089
      0.9009009       0.4441368877887726
      1.0010010       0.3671592791202070
      1.1011012       0.2975205385147008
      1.2012012       0.2363162402645297
      1.3013012       0.1839844721855078
      1.4014014       0.1404043045145809
      1.5015016       0.1050256922721100
      1.6016016       0.0770076633057545
      1.7017016       0.0553486141109102
      1.8018018       0.0389969353884522
      1.9019020       0.0269358325242234
      2.0020020       0.0182408311518654
      2.1021020       0.0121124145736204
      2.2022023       0.0078882115012220
      2.3023024       0.0050400226533331
      2.4024024       0.0031609833835102
      2.5025024       0.0019477046638321
      2.6026025       0.0011807396144021
      2.7027028       0.0007058984712849
      2.8028028       0.0004178242252269
      2.9029028       0.0002464340053718
      3.0030031       0.0001463137287051
      3.1031032       0.0000887738475053
      3.2032032       0.0000561337555960
      3.3033032       0.0000377583662224
      3.4034033       0.0000274001671961
      3.5035036       0.0000214722025741
      3.6036036       0.0000179602105914
      3.7037036       0.0000157563833299
      3.8038039       0.0000142630125457
      3.9039040       0.0000131627192377
      4.0040040       0.0000122888331887
      4.1041040       0.0000115540804951
      4.2042041       0.0000109122499799
      4.3043041       0.0000103380913908
      4.4044046       0.0000098170519767
      4.5045047       0.0000093399878614
      4.6046047       0.0000089006480153
      4.7047048       0.0000084943640913
      4.8048048       0.0000081174376265
      4.9049048       0.0000077668007997
      5.0050049       0.0000074398301028
      5.1051049       0.0000071342668265
      5.2052050       0.0000068481392466
      5.3053055       0.0000065797137833
      5.4054055       0.0000063274507750
      5.5055056       0.0000060900008736
      5.6056056       0.0000058661591878
      5.7057056       0.0000056548204012
      5.8058057       0.0000054550390256
      5.9059057       0.0000052659382465
      6.0060062       0.0000050867207907
      6.1061063       0.0000049166987483
      6.2062063       0.0000047552178164
      6.3063064       0.0000046016922687
      6.4064064       0.0000044555880206
      6.5065064       0.0000043164225177
      6.6066065       0.0000041837480564
      6.7067065       0.0000040571578629
      6.8068066       0.0000039362764577
      6.9069071       0.0000038207522976
      7.0070071       0.0000037102713236
      7.1071072       0.0000036045450512
      7.2072072       0.0000035032920607
      7.3073072       0.0000034062562698
      7.4074073       0.0000033132173223
      7.5075073       0.0000032239418274
      7.6076078       0.0000031382359388
      7.7077079       0.0000030559066058
      7.8078079       0.0000029767792160
      7.9079080       0.0000029006864364
      8.0080080       0.0000028274753629
      8.1081085       0.0000027570041873
      8.2082081       0.0000026891327283
      8.3083086       0.0000026237373171
      8.4084082       0.0000025606981419
      8.5085087       0.0000024998989943
      8.6086082       0.0000024412430319
      8.7087088       0.0000023846236615
      8.8088093       0.0000023299490967
      8.9089088       0.0000022771318122
      9.0090094       0.0000022260880636
      9.1091089       0.0000021767416310
      9.2092094       0.0000021290146366
      9.3093090       0.0000020828376480
      9.4094095       0.0000020381462801
      9.5095091       0.0000019948766111
      9.6096096       0.0000019529708704
      9.7097101       0.0000019123688410
      9.8098097       0.0000018730181940
      9.9099102       0.0000018348710737
     10.0100098       0.0000017978729908
     10.1101103       0.0000017619813084
     10.2102098       0.0000017271560077
     10.3103104       0.0000016933508415
     10.4104099       0.0000016605293948
     10.5105104       0.0000016286501119
     10.6106110       0.0000015976815203
     10.7107105       0.0000015675862374
     10.8108110       0.0000015383317429
     10.9109106       0.0000015098885031
     11.0110111       0.0000014822272134
     11.1111107       0.0000014553184933
     11.2112112       0.0000014291361067
     11.3113117       0.0000014036543484
     11.4114113       0.0000013788476292
     11.5115118       0.0000013546918825
     11.6116114       0.0000013311640771
     11.7117119       0.0000013082459972
     11.8118114       0.0000012859138877
     11.9119120       0.0000012641482397
     12.0120125       0.0000012429313512
     12.1121120       0.0000012222427476
     12.2122126       0.0000012020689016
     12.3123121       0.0000011823891322
     12.4124126       0.0000011631884858
     12.5125122       0.0000011444525795
     12.6126127       0.0000011261653398
     12.7127123       0.0000011083134058
     12.8128128       0.0000010908832512
     12.9129133       0.0000010738606699
     13.0130129       0.0000010572335479
     13.1131134       0.0000010409887108
     13.2132130       0.0000010251164685
     13.3133135       0.0000010096044527
     13.4134130       0.0000009944441609
     13.5135136       0.0000009796201635
     13.6136131       0.0000009651264986
     13.7137136       0.0000009509526606
     13.8138142       0.0000009370888590
     13.9139137       0.0000009235246622
     14.0140142       0.0000009102547531
     14.1141138       0.0000008972693496
     14.2142143       0.0000008845592196
     14.3143139       0.0000008721167840
     14.4144144       0.0000008599358625
     14.5145149       0.0000008480089727
     14.6146145       0.0000008363284281
     14.7147150       0.0000008248883255
     14.8148146       0.0000008136808950
     14.9149151       0.0000008026998686
     15.0150146       0.0000007919415876
     15.1151152       0.0000007813961861
     15.2152157       0.0000007710617608
     15.3153152       0.0000007609308335
     15.4154158       0.0000007509982611
     15.5155153       0.0000007412591813
     15.6156158       0.0000007317081464
     15.7157154       0.0000007223419422
     15.8158159       0.0000007131537569
     15.9159155       0.0000007041397288
     16.0160160       0.0000006952956127
     16.1161156       0.0000006866180377
     16.2162170       0.0000006781015301
     16.3163166       0.0000006697429064
     16.4164162       0.0000006615371436
     16.5165157       0.0000006534827852
     16.6166172       0.0000006455738142
     16.7167168       0.0000006378078370
     16.8168163       0.0000006301817642
     16.9169178       0.0000006226916067
     17.0170174       0.0000006153342412
     17.1171169       0.0000006081065881
     17.2172165       0.0000006010060126
     17.3173180       0.0000005940283062
     17.4174175       0.0000005871724704
     17.5175171       0.0000005804349126
     17.6176186       0.0000005738117686
     17.7177181       0.0000005673022910
     17.8178177       0.0000005609031409
     17.9179173       0.0000005546112185
     18.0180187       0.0000005484246458
     18.1181183       0.0000005423418673
     18.2182178       0.0000005363594249
     18.3183174       0.0000005304759354
     18.4184189       0.0000005246881597
     18.5185184       0.0000005189947001
     18.6186180       0.0000005133936935
     18.7187195       0.0000005078836970
     18.8188190       0.0000005024611163
     18.9189186       0.0000004971252028
     19.0190182       0.0000004918736987
     19.1191196       0.0000004867056458
     19.2192192       0.0000004816185759
     19.3193188       0.0000004766105373
     19.4194202       0.0000004716806802
     19.5195198       0.0000004668271561
     19.6196194       0.0000004620481381
     19.7197189       0.0000004573416443
     19.8198204       0.0000004527070102
     19.9199200       0.0000004481432254
     20.0200195       0.0000004436475858
     20.1201210       0.0000004392190176
     20.2202206       0.0000004348571379
     20.3203201       0.0000004305596263
     20.4204197       0.0000004263257664
     20.5205212       0.0000004221541609
     20.6206207       0.0000004180431723
     20.7207203       0.0000004139924665
     20.8208199       0.0000004100000229
     20.9209213       0.0000004060656649
     21.0210209       0.0000004021875690
     21.1211205       0.0000003983643645
     21.2212219       0.0000003945956363
     21.3213215       0.0000003908803556
     21.4214211       0.0000003872171586
     21.5215206       0.0000003836058767
     21.6216221       0.0000003800444483
     21.7217216       0.0000003765326481
     21.8218212       0.0000003730686474
     21.9219227       0.0000003696528923
     22.0220222       0.0000003662841497
     22.1221218       0.0000003629607426
     22.2222214       0.0000003596828333
     22.3223228       0.0000003564489823
     22.4224224       0.0000003532582906
     22.5225220       0.0000003501107371
     22.6226234       0.0000003470049787
     22.7227230       0.0000003439402845
     22.8228226       0.0000003409162660
     22.9229221       0.0000003379317787
     23.0230236       0.0000003349864234
     23.1231232       0.0000003320797201
     23.2232227       0.0000003292105565
     23.3233242       0.0000003263780945
     23.4234238       0.0000003235822597
     23.5235233       0.0000003208226197
     23.6236229       0.0000003180977515
     23.7237244       0.0000003154078704
     23.8238239       0.0000003127516852
     23.9239235       0.0000003101290145
     24.0240250       0.0000003075388848
     24.1241245       0.0000003049817389
     24.2242241       0.0000003024558671
     24.3243237       0.0000002999614967
     24.4244251       0.0000002974976722
     24.5245247       0.0000002950644958
     24.6246243       0.0000002926609958
     24.7247238       0.0000002902865110
     24.8248253       0.0000002879412241
     24.9249249       0.0000002856238155
     25.0250244       0.0000002833345821
     25.1251259       0.0000002810726904
     25.2252254       0.0000002788379773
     25.3253250       0.0000002766298345
     25.4254246       0.0000002744474181
     25.5255260       0.0000002722911582
     25.6256256       0.0000002701600118
     25.7257252       0.0000002680539130
     25.8258266       0.0000002659724466
     25.9259262       0.0000002639151025
     26.0260258       0.0000002618813908
     26.1261253       0.0000002598714978
     26.2262268       0.0000002578843756
     26.3263264       0.0000002559198775
     26.4264259       0.0000002539779485
     26.5265274       0.0000002520577400
     26.6266270       0.0000002501597769
     26.7267265       0.0000002482829349
     26.8268261       0.0000002464271985
     26.9269276       0.0000002445921993
     27.0270271       0.0000002427775129
     27.1271267       0.0000002409830964
     27.2272263       0.0000002392084622
     27.3273277       0.0000002374534176
     27.4274273       0.0000002357177553
     27.5275269       0.0000002340008753
     27.6276283       0.0000002323026533
     27.7277279       0.0000002306230773
     27.8278275       0.0000002289615651
     27.9279270       0.0000002273178305
     28.0280285       0.0000002256920145
     28.1281281       0.0000002240832727
     28.2282276       0.0000002224921654
     28.3283291       0.0000002209173850
     28.4284286       0.0000002193597116
     28.5285282       0.0000002178182223
     28.6286278       0.0000002162930708
     28.7287292       0.0000002147838301
     28.8288288       0.0000002132903621
     28.9289284       0.0000002118124501
     29.0290298       0.0000002103497529
     29.1291294       0.0000002089022799
     29.2292290       0.0000002074696572
     29.3293285       0.0000002060519377
     29.4294300       0.0000002046485477
     29.5295296       0.0000002032593535
     29.6296291       0.0000002018843311
     29.7297306       0.0000002005232438
     29.8298302       0.0000001991757719
     29.9299297       0.0000001978420074
     30.0300293       0.0000001965217234
     30.1301308       0.0000001952141853
     30.2302303       0.0000001939200864
     30.3303299       0.0000001926385875
     30.4304314       0.0000001913699469
     30.5305309       0.0000001901136751
     30.6306305       0.0000001888697030
     30.7307301       0.0000001876380926
     30.8308315       0.0000001864183493
     30.9309311       0.0000001852104679
     31.0310307       0.0000001840144210
     31.1311302       0.0000001828297887
     31.2312317       0.0000001816566242
     31.3313313       0.0000001804948083
     31.4314308       0.0000001793439243
     31.5315323       0.0000001782041337
     31.6316319       0.0000001770752193
     31.7317314       0.0000001759568301
     31.8318310       0.0000001748492766
     31.9319324       0.0000001737517497
     32.0320320       0.0000001726648718
     32.1321335       0.0000001715883123
     32.2322311       0.0000001705214590
     32.3323326       0.0000001694647133
     32.4324341       0.0000001684175920
     32.5325317       0.0000001673803547
     32.6326332       0.0000001663525852
     32.7327309       0.0000001653341642
     32.8328323       0.0000001643251490
     32.9329338       0.0000001633253322
     33.0330315       0.0000001623346105
     33.1331329       0.0000001613529413
     33.2332344       0.0000001603803476
     33.3333321       0.0000001594162958
     33.4334335       0.0000001584608743
     33.5335350       0.0000001575140949
     33.6336327       0.0000001565756884
     33.7337341       0.0000001556457001
     33.8338356       0.0000001547241016
     33.9339333       0.0000001538105106
     34.0340347       0.0000001529050204
     34.1341324       0.0000001520077838
     34.2342339       0.0000001511180758
     34.3343353       0.0000001502361226
     34.4344330       0.0000001493621221
     34.5345345       0.0000001484956243
     34.6346359       0.0000001476366107
     34.7347336       0.0000001467852296
     34.8348351       0.0000001459409745
     34.9349365       0.0000001451040710
     35.0350342       0.0000001442743368
     35.1351357       0.0000001434517201
     35.2352371       0.0000001426359877
     35.3353348       0.0000001418273773
     35.4354362       0.0000001410255816
     35.5355339       0.0000001402306103
     35.6356354       0.0000001394421739
     35.7357368       0.0000001386606295
     35.8358345       0.0000001378855310
     35.9359360       0.0000001371168504
     36.0360374       0.0000001363545912
     36.1361351       0.0000001355987020
     36.2362366       0.0000001348491512
     36.3363380       0.0000001341056755
     36.4364357       0.0000001333683669
     36.5365372       0.0000001326371160
     36.6366348       0.0000001319119252
     36.7367363       0.0000001311927291
     36.8368378       0.0000001304793088
     36.9369354       0.0000001297717195
     37.0370369       0.0000001290697438
     37.1371384       0.0000001283736619
     37.2372360       0.0000001276831855
     37.3373375       0.0000001269980169
     37.4374390       0.0000001263185804
     37.5375366       0.0000001256445911
     37.6376381       0.0000001249758050
     37.7377396       0.0000001243124436
     37.8378372       0.0000001236545873
     37.9379387       0.0000001230015587
     38.0380363       0.0000001223539167
     38.1381378       0.0000001217113350
     38.2382393       0.0000001210737571
     38.3383369       0.0000001204412326
     38.4384384       0.0000001198137271
     38.5385399       0.0000001191910125
     38.6386375       0.0000001185730718
     38.7387390       0.0000001179601275
     38.8388405       0.0000001173517173
     38.9389381       0.0000001167480842
     39.0390396       0.0000001161491372
     39.1391373       0.0000001155546945
     39.2392387       0.0000001149650012
     39.3393402       0.0000001143796982
     39.4394379       0.0000001137988134
     39.5395393       0.0000001132223291
     39.6396408       0.0000001126502389
     39.7397385       0.0000001120824412
     39.8398399       0.0000001115191749
     39.9399414       0.0000001109598640
     40.0400391       0.0000001104049219
     40.1401405       0.0000001098539427
     40.2402420       0.0000001093072675
     40.3403397       0.0000001087645934
     40.4404411       0.0000001082258899
     40.5405388       0.0000001076912792
     40.6406403       0.0000001071605734
     40.7407417       0.0000001066338126
     40.8408394       0.0000001061110037
     40.9409409       0.0000001055919272
     41.0410423       0.0000001050766422
     41.1411400       0.0000001045651754
     41.2412415       0.0000001040573146
     41.3413429       0.0000001035533121
     41.4414406       0.0000001030528997
     41.5415421       0.0000001025560479
     41.6416397       0.0000001020628016
     41.7417412       0.0000001015732093
     41.8418427       0.0000001010870141
     41.9419403       0.0000001006043153
     42.0420418       0.0000001001251779
     42.1421432       0.0000000996493844
     42.2422409       0.0000000991768948
     42.3423424       0.0000000987079035
     42.4424438       0.0000000982421121
     42.5425415       0.0000000977797249
     42.6426430       0.0000000973205005
     42.7427444       0.0000000968645062
     42.8428421       0.0000000964118267
     42.9429436       0.0000000959622048
     43.0430412       0.0000000955156639
     43.1431427       0.0000000950723722
     43.2432442       0.0000000946320797
     43.3433418       0.0000000941949079
     43.4434433       0.0000000937607231
     43.5435448       0.0000000933295315
     43.6436424       0.0000000929013299
     43.7437439       0.0000000924759537
     43.8438454       0.0000000920536581
     43.9439430       0.0000000916341586
     44.0440445       0.0000000912175705
     44.1441460       0.0000000908038060
     44.2442436       0.0000000903927799
     44.3443451       0.0000000899845599
     44.4444427       0.0000000895792711
     44.5445442       0.0000000891765485
     44.6446457       0.0000000887764738
     44.7447433       0.0000000883792551
     44.8448448       0.0000000879846229
     44.9449463       0.0000000875925487
     45.0450439       0.0000000872032245
     45.1451454       0.0000000868165350
     45.2452469       0.0000000864322346
     45.3453445       0.0000000860505933
     45.4454460       0.0000000856714767
     45.5455437       0.0000000852947685
     45.6456451       0.0000000849205901
     45.7457466       0.0000000845489414
     45.8458443       0.0000000841796175
     45.9459457       0.0000000838128133
     46.0460472       0.0000000834483262
     46.1461449       0.0000000830862087
     46.2462463       0.0000000827264626
     46.3463478       0.0000000823690533
     46.4464455       0.0000000820139985
     46.5465469       0.0000000816611842
     46.6466484       0.0000000813106298
     46.7467461       0.0000000809623578
     46.8468475       0.0000000806162382
     46.9469452       0.0000000802724865
     47.0470467       0.0000000799308567
     47.1471481       0.0000000795913911
     47.2472458       0.0000000792540515
     47.3473473       0.0000000789189081
     47.4474487       0.0000000785859091
     47.5475464       0.0000000782549525
     47.6476479       0.0000000779261350
     47.7477493       0.0000000775993147
     47.8478470       0.0000000772745857
     47.9479485       0.0000000769518873
     48.0480499       0.0000000766312290
     48.1481476       0.0000000763126197
     48.2482491       0.0000000759958990
     48.3483467       0.0000000756811587
     48.4484482       0.0000000753684273
     48.5485497       0.0000000750575938
     48.6486473       0.0000000747487380
     48.7487488       0.0000000744417290
     48.8488503       0.0000000741365786
     48.9489479       0.0000000738333644
     49.0490494       0.0000000735319322
     49.1491508       0.0000000732323332
     49.2492485       0.0000000729347094
     49.3493500       0.0000000726387701
     49.4494476       0.0000000723446822
     49.5495491       0.0000000720524123
     49.6496506       0.0000000717617064
     49.7497482       0.0000000714729697
     49.8498497       0.0000000711859264
     49.9499512       0.0000000709005680
     50.0500488       0.0000000706169936
     50.1501503       0.0000000703350274
     50.2502518       0.0000000700547825
     50.3503494       0.0000000697762458
     50.4504509       0.0000000694993259
     50.5505524       0.0000000692240980
     50.6506500       0.0000000689504275
     50.7507515       0.0000000686784283
     50.8508492       0.0000000684080695
     50.9509506       0.0000000681392401
     51.0510521       0.0000000678720241
     51.1511497       0.0000000676063751
     51.2512512       0.0000000673421851
     51.3513527       0.0000000670796643
     51.4514503       0.0000000668186520
     51.5515518       0.0000000665591782
     51.6516533       0.0000000663011978
     51.7517509       0.0000000660447011
     51.8518524       0.0000000657896905
     51.9519501       0.0000000655361457
     52.0520515       0.0000000652840248
     52.1521530       0.0000000650333954
     52.2522507       0.0000000647842613
     52.3523521       0.0000000645365537
     52.4524536       0.0000000642901738
     52.5525513       0.0000000640452314
     52.6526527       0.0000000638017143
     52.7527542       0.0000000635596520
     52.8528519       0.0000000633188879
     52.9529533       0.0000000630794285
     53.0530548       0.0000000628414618
     53.1531525       0.0000000626047298
     53.2532539       0.0000000623693662
     53.3533516       0.0000000621353732
     53.4534531       0.0000000619025905
     53.5535545       0.0000000616711996
     53.6536522       0.0000000614410853
     53.7537537       0.0000000612123086
     53.8538551       0.0000000609846385
     53.9539528       0.0000000607584091
     54.0540543       0.0000000605333692
     54.1541557       0.0000000603096126
     54.2542534       0.0000000600870300
     54.3543549       0.0000000598657347
     54.4544525       0.0000000596456690
     54.5545540       0.0000000594268079
     54.6546555       0.0000000592090505
     54.7547531       0.0000000589926463
     54.8548546       0.0000000587773400
     54.9549561       0.0000000585632112
     55.0550537       0.0000000583502130
     55.1551552       0.0000000581384292
     55.2552567       0.0000000579277704
     55.3553543       0.0000000577183040
     55.4554558       0.0000000575099316
     55.5555573       0.0000000573026780
     55.6556549       0.0000000570965703
     55.7557564       0.0000000568915812
     55.8558540       0.0000000566876533
     55.9559555       0.0000000564848702
     56.0560570       0.0000000562831538
     56.1561546       0.0000000560825520
     56.2562561       0.0000000558829385
     56.3563576       0.0000000556843801
     56.4564552       0.0000000554869854
     56.5565567       0.0000000552905082
     56.6566582       0.0000000550952143
     56.7567558       0.0000000549008558
     56.8568573       0.0000000547075204
     56.9569588       0.0000000545152634
     57.0570564       0.0000000543239570
     57.1571579       0.0000000541337725
     57.2572556       0.0000000539444262
     57.3573570       0.0000000537561433
     57.4574585       0.0000000535688555
     57.5575562       0.0000000533825598
     57.6576576       0.0000000531972377
     57.7577591       0.0000000530128314
     57.8578568       0.0000000528293800
     57.9579582       0.0000000526469309
     58.0580597       0.0000000524654082
     58.1581573       0.0000000522848311
     58.2582588       0.0000000521051839
     58.3583565       0.0000000519263983
     58.4584579       0.0000000517485771
     58.5585594       0.0000000515716953
     58.6586571       0.0000000513956634
     58.7587585       0.0000000512205951
     58.8588600       0.0000000510464076
     58.9589577       0.0000000508730154
     59.0590591       0.0000000507006226
     59.1591606       0.0000000505290584
     59.2592583       0.0000000503583664
     59.3593597       0.0000000501885146
     59.4594612       0.0000000500195645
     59.5595589       0.0000000498514223
     59.6596603       0.0000000496841681
     59.7597580       0.0000000495177491
     59.8598595       0.0000000493521138
     59.9599609       0.0000000491873804
     60.0600586       0.0000000490234342
     60.1601601       0.0000000488603004
     60.2602615       0.0000000486979946
     60.3603592       0.0000000485364920
     60.4604607       0.0000000483757726
     60.5605621       0.0000000482158764
     60.6606598       0.0000000480567801
     60.7607613       0.0000000478984257
     60.8608627       0.0000000477408530
     60.9609604       0.0000000475841336
     61.0610619       0.0000000474280951
     61.1611595       0.0000000472729003
     61.2612610       0.0000000471184361
     61.3613625       0.0000000469647349
     61.4614601       0.0000000468117293
     61.5615616       0.0000000466594907
     61.6616631       0.0000000465080381
     61.7617607       0.0000000463573046
     61.8618622       0.0000000462072837
     61.9619637       0.0000000460579917
     62.0620613       0.0000000459094539
     62.1621628       0.0000000457616483
     62.2622604       0.0000000456144369
     62.3623619       0.0000000454680856
     62.4624634       0.0000000453223298
     62.5625610       0.0000000451773274
     62.6626625       0.0000000450329739
     62.7627640       0.0000000448893977
     62.8628616       0.0000000447464156
     62.9629631       0.0000000446041704
     63.0630646       0.0000000444625835
     63.1631622       0.0000000443217033
     63.2632637       0.0000000441814321
     63.3633652       0.0000000440418582
     63.4634628       0.0000000439029363
     63.5635643       0.0000000437646956
     63.6636620       0.0000000436270649
     63.7637634       0.0000000434900939
     63.8638649       0.0000000433537599
     63.9639626       0.0000000432180888
     64.0640640       0.0000000430831010
     64.1641617       0.0000000429486839
     64.2642670       0.0000000428148492
     64.3643646       0.0000000426817147
     64.4644623       0.0000000425491978
     64.5645676       0.0000000424172721
     64.6646652       0.0000000422859490
     64.7647629       0.0000000421552806
     64.8648682       0.0000000420251735
     64.9649658       0.0000000418956945
     65.0650635       0.0000000417668003
     65.1651688       0.0000000416384661
     65.2652664       0.0000000415107767
     65.3653641       0.0000000413836741
     65.4654617       0.0000000412571205
     65.5655670       0.0000000411311573
     65.6656647       0.0000000410057811
     65.7657623       0.0000000408809873
     65.8658676       0.0000000407567064
     65.9659653       0.0000000406330453
     66.0660629       0.0000000405099480
     66.1661682       0.0000000403874002
     66.2662659       0.0000000402653707
     66.3663635       0.0000000401439426
     66.4664688       0.0000000400230594
     66.5665665       0.0000000399026716
     66.6666641       0.0000000397828544
     66.7667694       0.0000000396635904
     66.8668671       0.0000000395448282
     66.9669647       0.0000000394266743
     67.0670700       0.0000000393089727
     67.1671677       0.0000000391918267
     67.2672653       0.0000000390752259
     67.3673706       0.0000000389590906
     67.4674683       0.0000000388435293
     67.5675659       0.0000000387284610
     67.6676712       0.0000000386138981
     67.7677689       0.0000000384998154
     67.8678665       0.0000000383862455
     67.9679642       0.0000000382732116
     68.0680695       0.0000000381606429
     68.1681671       0.0000000380486074
     68.2682648       0.0000000379370467
     68.3683701       0.0000000378259759
     68.4684677       0.0000000377153770
     68.5685654       0.0000000376052650
     68.6686707       0.0000000374956844
     68.7687683       0.0000000373865158
     68.8688660       0.0000000372778604
     68.9689713       0.0000000371696554
     69.0690689       0.0000000370619551
     69.1691666       0.0000000369546844
     69.2692719       0.0000000368479057
     69.3693695       0.0000000367415829
     69.4694672       0.0000000366357013
     69.5695724       0.0000000365302693
     69.6696701       0.0000000364253437
     69.7697678       0.0000000363208479
     69.8698730       0.0000000362167739
     69.9699707       0.0000000361131479
     70.0700684       0.0000000360100462
     70.1701736       0.0000000359072974
     70.2702713       0.0000000358049952
     70.3703690       0.0000000357031514
     70.4704742       0.0000000356017142
     70.5705719       0.0000000355007693
     70.6706696       0.0000000354002064
     70.7707672       0.0000000353000862
     70.8708725       0.0000000352003864
     70.9709702       0.0000000351011017
     71.0710678       0.0000000350022345
     71.1711731       0.0000000349037972
     71.2712708       0.0000000348057638
     71.3713684       0.0000000347081665
     71.4714737       0.0000000346109678
     71.5715714       0.0000000345141721
     71.6716690       0.0000000344177792
     71.7717743       0.0000000343217686
     71.8718719       0.0000000342261683
     71.9719696       0.0000000341310005
     72.0720749       0.0000000340362151
     72.1721725       0.0000000339418079
     72.2722702       0.0000000338478206
     72.3723755       0.0000000337541813
     72.4724731       0.0000000336609648
     72.5725708       0.0000000335681247
     72.6726761       0.0000000334756543
     72.7727737       0.0000000333835616
     72.8728714       0.0000000332918756
     72.9729767       0.0000000332005486
     73.0730743       0.0000000331096090
     73.1731720       0.0000000330190462
     73.2732697       0.0000000329288816
     73.3733749       0.0000000328390163
     73.4734726       0.0000000327495480
     73.5735703       0.0000000326604734
     73.6736755       0.0000000325717237
     73.7737732       0.0000000324833117
     73.8738708       0.0000000323953151
     73.9739761       0.0000000323076743
     74.0740738       0.0000000322203868
     74.1741714       0.0000000321334247
     74.2742767       0.0000000320468154
     74.3743744       0.0000000319605902
     74.4744720       0.0000000318746884
     74.5745773       0.0000000317891321
     74.6746750       0.0000000317038987
     74.7747726       0.0000000316190483
     74.8748779       0.0000000315345384
     74.9749756       0.0000000314503371
     75.0750732       0.0000000313664815
     75.1751785       0.0000000312829690
     75.2752762       0.0000000311997791
     75.3753738       0.0000000311168939
     75.4754791       0.0000000310344063
     75.5755768       0.0000000309522072
     75.6756744       0.0000000308703099
     75.7757721       0.0000000307887802
     75.8758774       0.0000000307075857
     75.9759750       0.0000000306266869
     76.0760727       0.0000000305461100
     76.1761780       0.0000000304658147
     76.2762756       0.0000000303858693
     76.3763733       0.0000000303062378
     76.4764786       0.0000000302269206
     76.5765762       0.0000000301479192
     76.6766739       0.0000000300691998
     76.7767792       0.0000000299908080
     76.8768768       0.0000000299127332
     76.9769745       0.0000000298349777
     77.0770798       0.0000000297574746
     77.1771774       0.0000000296802939
     77.2772751       0.0000000296034462
     77.3773804       0.0000000295268375
     77.4774780       0.0000000294505556
     77.5775757       0.0000000293745535
     77.6776810       0.0000000292988720
     77.7777786       0.0000000292234438
     77.8778763       0.0000000291483564
     77.9779816       0.0000000290735454
     78.0780792       0.0000000289990314
     78.1781769       0.0000000289247790
     78.2782745       0.0000000288508064
     78.3783798       0.0000000287771095
     78.4784775       0.0000000287037029
     78.5785751       0.0000000286306084
     78.6786804       0.0000000285577890
     78.7787781       0.0000000284852285
     78.8788757       0.0000000284129447
     78.9789810       0.0000000283409266
     79.0790787       0.0000000282691901
     79.1791763       0.0000000281977305
     79.2792816       0.0000000281265454
     79.3793793       0.0000000280556188
     79.4794769       0.0000000279849707
     79.5795822       0.0000000279145790
     79.6796799       0.0000000278444313
     79.7797775       0.0000000277745909
     79.8798828       0.0000000277049937
     79.9799805       0.0000000276356390
     80.0800781       0.0000000275665672
     80.1801834       0.0000000274977420
     80.2802811       0.0000000274291863
     80.3803787       0.0000000273608951
     80.4804840       0.0000000272928362
     80.5805817       0.0000000272250531
     80.6806793       0.0000000271575333
     80.7807770       0.0000000270902278
     80.8808823       0.0000000270231892
     80.9809799       0.0000000269563843
     81.0810776       0.0000000268898236
     81.1811829       0.0000000268235486
     81.2812805       0.0000000267574919
     81.3813782       0.0000000266916727
     81.4814835       0.0000000266261105
     81.5815811       0.0000000265607858
     81.6816788       0.0000000264956894
     81.7817841       0.0000000264308277
     81.8818817       0.0000000263662101
     81.9819794       0.0000000263018429
     82.0820847       0.0000000262377276
     82.1821823       0.0000000261738218
     82.2822800       0.0000000261101429
     82.3823853       0.0000000260467096
     82.4824829       0.0000000259834985
     82.5825806       0.0000000259205143
     82.6826859       0.0000000258577725
     82.7827835       0.0000000257952591
     82.8828812       0.0000000257329633
     82.9829865       0.0000000256708989
     83.0830841       0.0000000256090537
     83.1831818       0.0000000255474185
     83.2832794       0.0000000254860088
     83.3833847       0.0000000254248361
     83.4834824       0.0000000253638919
     83.5835800       0.0000000253031273
     83.6836853       0.0000000252426422
     83.7837830       0.0000000251823158
     83.8838806       0.0000000251222414
     83.9839859       0.0000000250623679
     84.0840836       0.0000000250026848
     84.1841812       0.0000000249432551
     84.2842865       0.0000000248840351
     84.3843842       0.0000000248250009
     84.4844818       0.0000000247661709
     84.5845871       0.0000000247075783
     84.6846848       0.0000000246491852
     84.7847824       0.0000000245909883
     84.8848877       0.0000000245329832
     84.9849854       0.0000000244752130
     85.0850830       0.0000000244176312
     85.1851883       0.0000000243602616
     85.2852859       0.0000000243031000
     85.3853836       0.0000000242461172
     85.4854889       0.0000000241893631
     85.5855865       0.0000000241327825
     85.6856842       0.0000000240764390
     85.7857895       0.0000000240202481
     85.8858871       0.0000000239642578
     85.9859848       0.0000000239084760
     86.0860825       0.0000000238528755
     86.1861877       0.0000000237974918
     86.2862854       0.0000000237423022
     86.3863831       0.0000000236872839
     86.4864883       0.0000000236324376
     86.5865860       0.0000000235778239
     86.6866837       0.0000000235233982
     86.7867889       0.0000000234691313
     86.8868866       0.0000000234150650
     86.9869843       0.0000000233611898
     87.0870895       0.0000000233074979
     87.1871872       0.0000000232539634
     87.2872849       0.0000000232006442
     87.3873901       0.0000000231475065
     87.4874878       0.0000000230945801
     87.5875854       0.0000000230417803
     87.6876907       0.0000000229892075
     87.7877884       0.0000000229367789
     87.8878860       0.0000000228845523
     87.9879913       0.0000000228324869
     88.0880890       0.0000000227805843
     88.1881866       0.0000000227288884
     88.2882919       0.0000000226773784
     88.3883896       0.0000000226260255
     88.4884872       0.0000000225748339
     88.5885849       0.0000000225238270
     88.6886902       0.0000000224730029
     88.7887878       0.0000000224223436
     88.8888855       0.0000000223718518
     88.9889908       0.0000000223215229
     89.0890884       0.0000000222713741
     89.1891861       0.0000000222214050
     89.2892914       0.0000000221715700
     89.3893890       0.0000000221219373
     89.4894867       0.0000000220724512
     89.5895920       0.0000000220231596
     89.6896896       0.0000000219740160
     89.7897873       0.0000000219250260
     89.8898926       0.0000000218762186
     89.9899902       0.0000000218275547
     90.0900879       0.0000000217790552
     90.1901932       0.0000000217307228
     90.2902908       0.0000000216825368
     90.3903885       0.0000000216345198
     90.4904938       0.0000000215866784
     90.5905914       0.0000000215389824
     90.6906891       0.0000000214914415
     90.7907944       0.0000000214440540
     90.8908920       0.0000000213968292
     90.9909897       0.0000000213497597
     91.0910873       0.0000000213028657
     91.1911926       0.0000000212561031
     91.2912903       0.0000000212094957
     91.3913879       0.0000000211630448
     91.4914932       0.0000000211167327
     91.5915909       0.0000000210705842
     91.6916885       0.0000000210246093
     91.7917938       0.0000000209787398
     91.8918915       0.0000000209330656
     91.9919891       0.0000000208875129
     92.0920944       0.0000000208421115
     92.1921921       0.0000000207968636
     92.2922897       0.0000000207517630
     92.3923950       0.0000000207068080
     92.4924927       0.0000000206620003
     92.5925903       0.0000000206173366
     92.6926956       0.0000000205728171
     92.7927933       0.0000000205284416
     92.8928909       0.0000000204842052
     92.9929962       0.0000000204401165
     93.0930939       0.0000000203961718
     93.1931915       0.0000000203523697
     93.2932968       0.0000000203086860
     93.3933945       0.0000000202651690
     93.4934921       0.0000000202217867
     93.5935898       0.0000000201785470
     93.6936951       0.0000000201354419
     93.7937927       0.0000000200924698
     93.8938904       0.0000000200496360
     93.9939957       0.0000000200069414
     94.0940933       0.0000000199643909
     94.1941910       0.0000000199219560
     94.2942963       0.0000000198796624
     94.3943939       0.0000000198375145
     94.4944916       0.0000000197954855
     94.5945969       0.0000000197536040
     94.6946945       0.0000000197118697
     94.7947922       0.0000000196702278
     94.8948975       0.0000000196287426
     94.9949951       0.0000000195873847
     95.0950928       0.0000000195461829
     95.1951981       0.0000000195050644
     95.2952957       0.0000000194641072
     95.3953934       0.0000000194232690
     95.4954987       0.0000000193825640
     95.5955963       0.0000000193419659
     95.6956940       0.0000000193015258
     95.7957993       0.0000000192611877
     95.8958969       0.0000000192209933
     95.9959946       0.0000000191809015
     96.0960999       0.0000000191409411
     96.1961975       0.0000000191011371
     96.2962952       0.0000000190614350
     96.3963928       0.0000000190218507
     96.4964981       0.0000000189823914
     96.5965958       0.0000000189430622
     96.6966934       0.0000000189038542
     96.7967987       0.0000000188647573
     96.8968964       0.0000000188257826
     96.9969940       0.0000000187869334
     97.0970993       0.0000000187482149
     97.1971970       0.0000000187096028
     97.2972946       0.0000000186711077
     97.3973999       0.0000000186327318
     97.4974976       0.0000000185945037
     97.5975952       0.0000000185563555
     97.6977005       0.0000000185183323
     97.7977982       0.0000000184804297
     97.8978958       0.0000000184426596
     97.9980011       0.0000000184049842
     98.0980988       0.0000000183674311
     98.1981964       0.0000000183299954
     98.2983017       0.0000000182926680
     98.3983994       0.0000000182554566
     98.4984970       0.0000000182183570
     98.5986023       0.0000000181813871
     98.6987000       0.0000000181445173
     98.7987976       0.0000000181077562
     98.8988953       0.0000000180711091
     98.9990005       0.0000000180345928
     99.0990982       0.0000000179981681
     99.1991959       0.0000000179618334
     99.2993011       0.0000000179256422
     99.3993988       0.0000000178895472
     99.4994965       0.0000000178535615
     99.5996017       0.0000000178176776
     99.6996994       0.0000000177818886
     99.7997971       0.0000000177462458
     99.8999023       0.0000000177106684
    100.0000000       0.0000000176752219
