# x		H(x,a)
      0.0000000       1.0000000000000000
      0.1001001       0.9900299906730652
      0.2002002       0.9607124924659729
      0.3003003       0.9137664437294006
      0.4004004       0.8518707156181335
      0.5005005       0.7784109115600586
      0.6006006       0.6971734166145325
      0.7007007       0.6120254397392273
      0.8008008       0.5266169309616089
      0.9009009       0.4441368877887726
      1.0010010       0.3671661971683688
      1.1011012       0.2975401223537791
      1.2012012       0.2363469890874725
      1.3013012       0.1840228525280379
      1.4014014       0.1404467282130771
      1.5015016       0.1050692571522713
      1.6016016       0.0770503095753467
      1.7017016       0.0553890353154614
      1.8018018       0.0390344114082445
      1.9019020       0.0269700605909746
      2.0020020       0.0182717846098477
      2.1021020       0.0121402354031706
      2.2022023       0.0079131343210314
      2.3023024       0.0050623236505230
      2.4024024       0.0031809477787702
      2.5025024       0.0019656074327926
      2.6026025       0.0011968350175754
      2.7027028       0.0007204153165708
      2.8028028       0.0004309646604163
      2.9029028       0.0002583744538378
      3.0030031       0.0001572068457271
      3.1031032       0.0000987510142592
      3.2032032       0.0000653076614303
      3.3033032       0.0000462255300502
      3.4034033       0.0000352432406403
      3.5035036       0.0000287620101067
      3.6036036       0.0000247575466358
      3.7037036       0.0000221135456094
      3.8038039       0.0000202251349216
      3.9039040       0.0000187688551413
      4.0040040       0.0000175729107502
      4.1041040       0.0000165456765783
      4.2042041       0.0000156372537763
      4.3043041       0.0000148192466019
      4.4044046       0.0000140744275006
      4.5045047       0.0000133913584295
      4.6046047       0.0000127618158817
      4.7047048       0.0000121794334447
      4.8048048       0.0000116390477476
      4.9049048       0.0000111363163138
      5.0050049       0.0000106675047419
      5.1051049       0.0000102293794557
      5.2052050       0.0000098191197502
      5.3053055       0.0000094342410914
      5.4054055       0.0000090725379942
      5.5055056       0.0000087320735388
      5.6056056       0.0000084111207417
      5.7057056       0.0000081080944753
      5.8058057       0.0000078216408350
      5.9059057       0.0000075505011639
      6.0060062       0.0000072935324190
      6.1061063       0.0000070497481430
      6.2062063       0.0000068182106022
      6.3063064       0.0000065980802968
      6.4064064       0.0000063885907858
      6.5065064       0.0000061890495240
      6.6066065       0.0000059988162372
      6.7067065       0.0000058173062105
      6.8068066       0.0000056439821959
      6.9069071       0.0000054783389988
      7.0070071       0.0000053199267671
      7.1071072       0.0000051683330841
      7.2072072       0.0000050231525507
      7.3073072       0.0000048840194475
      7.4074073       0.0000047506164003
      7.5075073       0.0000046226095326
      7.6076078       0.0000044997213828
      7.7077079       0.0000043816747548
      7.8078079       0.0000042682183871
      7.9079080       0.0000041591133202
      8.0080080       0.0000040541410936
      8.1081085       0.0000039530969259
      8.2082081       0.0000038557804144
      8.3083086       0.0000037620137133
      8.4084082       0.0000036716257240
      8.5085087       0.0000035844495012
      8.6086082       0.0000035003463675
      8.7087088       0.0000034191631937
      8.8088093       0.0000033407687160
      8.9089088       0.0000032650375762
      9.0090094       0.0000031918489466
      9.1091089       0.0000031210940954
      9.2092094       0.0000030526615960
      9.3093090       0.0000029864513201
      9.4094095       0.0000029223710094
      9.5095091       0.0000028603296514
      9.6096096       0.0000028002433894
      9.7097101       0.0000027420266080
      9.8098097       0.0000026856041967
      9.9099102       0.0000026309074669
     10.0100098       0.0000025778583521
     10.1101103       0.0000025263953940
     10.2102098       0.0000024764617228
     10.3103104       0.0000024279903879
     10.4104099       0.0000023809296958
     10.5105104       0.0000023352200299
     10.6106110       0.0000022908161293
     10.7107105       0.0000022476644202
     10.8108110       0.0000022057180653
     10.9109106       0.0000021649352911
     11.0110111       0.0000021252734120
     11.1111107       0.0000020866907533
     11.2112112       0.0000020491495060
     11.3113117       0.0000020126126873
     11.4114113       0.0000019770438993
     11.5115118       0.0000019424083118
     11.6116114       0.0000019086734048
     11.7117119       0.0000018758125686
     11.8118114       0.0000018437918964
     11.9119120       0.0000018125834151
     12.0120125       0.0000017821619904
     12.1121120       0.0000017524979132
     12.2122126       0.0000017235717904
     12.3123121       0.0000016953543267
     12.4124126       0.0000016678236865
     12.5125122       0.0000016409593567
     12.6126127       0.0000016147384827
     12.7127123       0.0000015891416446
     12.8128128       0.0000015641496821
     12.9129133       0.0000015397419558
     13.0130129       0.0000015159015119
     13.1131134       0.0000014926089246
     13.2132130       0.0000014698507099
     13.3133135       0.0000014476090836
     13.4134130       0.0000014258715654
     13.5135136       0.0000014046163693
     13.6136131       0.0000013838347269
     13.7137136       0.0000013635118702
     13.8138142       0.0000013436334296
     13.9139137       0.0000013241845522
     14.0140142       0.0000013051576198
     14.1141138       0.0000012865386799
     14.2142143       0.0000012683144051
     14.3143139       0.0000012504740229
     14.4144144       0.0000012330085500
     14.5145149       0.0000012159072684
     14.6146145       0.0000011991593510
     14.7147150       0.0000011827560741
     14.8148146       0.0000011666864348
     14.9149151       0.0000011509413691
     15.0150146       0.0000011355157780
     15.1151152       0.0000011203952761
     15.2152157       0.0000011055775611
     15.3153152       0.0000010910513302
     15.4154158       0.0000010768096745
     15.5155153       0.0000010628454288
     15.6156158       0.0000010491508025
     15.7157154       0.0000010357211773
     15.8158159       0.0000010225466983
     15.9159155       0.0000010096220995
     16.0160160       0.0000009969410945
     16.1161156       0.0000009844990129
     16.2162170       0.0000009722876158
     16.3163166       0.0000009603027137
     16.4164162       0.0000009485369290
     16.5165157       0.0000009369882783
     16.6166172       0.0000009256480779
     16.7167168       0.0000009145129170
     16.8168163       0.0000009035784298
     16.9169178       0.0000008928387563
     17.0170174       0.0000008822895738
     17.1171169       0.0000008719261325
     17.2172165       0.0000008617451652
     17.3173180       0.0000008517401939
     17.4174175       0.0000008419100631
     17.5175171       0.0000008322495170
     17.6176186       0.0000008227530199
     17.7177181       0.0000008134195017
     17.8178177       0.0000008042441509
     17.9179173       0.0000007952224496
     18.0180187       0.0000007863519743
     18.1181183       0.0000007776302137
     18.2182178       0.0000007690523897
     18.3183174       0.0000007606164771
     18.4184189       0.0000007523177375
     18.5185184       0.0000007441541562
     18.6186180       0.0000007361232281
     18.7187195       0.0000007282228279
     18.8188190       0.0000007204476895
     18.9189186       0.0000007127968751
     19.0190182       0.0000007052670907
     19.1191196       0.0000006978569398
     19.2192192       0.0000006905628647
     19.3193188       0.0000006833821822
     19.4194202       0.0000006763136154
     19.5195198       0.0000006693544329
     19.6196194       0.0000006625020466
     19.7197189       0.0000006557537892
     19.8198204       0.0000006491084212
     19.9199200       0.0000006425647229
     20.0200195       0.0000006361186667
     20.1201210       0.0000006297687782
     20.2202206       0.0000006235145492
     20.3203201       0.0000006173526891
     20.4204197       0.0000006112820473
     20.5205212       0.0000006053006146
     20.6206207       0.0000005994060632
     20.7207203       0.0000005935980047
     20.8208199       0.0000005878735284
     20.9209213       0.0000005822322914
     21.0210209       0.0000005766717264
     21.1211205       0.0000005711898404
     21.2212219       0.0000005657861212
     21.3213215       0.0000005604590161
     21.4214211       0.0000005552065617
     21.5215206       0.0000005500286126
     21.6216221       0.0000005449220385
     21.7217216       0.0000005398867088
     21.8218212       0.0000005349199378
     21.9219227       0.0000005300223010
     22.0220222       0.0000005251920285
     22.1221218       0.0000005204268044
     22.2222214       0.0000005157268172
     22.3223228       0.0000005110900020
     22.4224224       0.0000005065150871
     22.5225220       0.0000005020020127
     22.6226234       0.0000004975488088
     22.7227230       0.0000004931545782
     22.8228226       0.0000004888186146
     22.9229221       0.0000004845393653
     23.0230236       0.0000004803161777
     23.1231232       0.0000004761484656
     23.2232227       0.0000004720345403
     23.3233242       0.0000004679732605
     23.4234238       0.0000004639644663
     23.5235233       0.0000004600076185
     23.6236229       0.0000004561005689
     23.7237244       0.0000004522437213
     23.8238239       0.0000004484351979
     23.9239235       0.0000004446746948
     24.0240250       0.0000004409608748
     24.1241245       0.0000004372943267
     24.2242241       0.0000004336726026
     24.3243237       0.0000004300961364
     24.4244251       0.0000004265634001
     24.5245247       0.0000004230746133
     24.6246243       0.0000004196284203
     24.7247238       0.0000004162237501
     24.8248253       0.0000004128610219
     24.9249249       0.0000004095382089
     25.0250244       0.0000004062557960
     25.1251259       0.0000004030126471
     25.2252254       0.0000003998084706
     25.3253250       0.0000003966423095
     25.4254246       0.0000003935130718
     25.5255260       0.0000003904213490
     25.6256256       0.0000003873656155
     25.7257252       0.0000003843458222
     25.8258266       0.0000003813613510
     25.9259262       0.0000003784114692
     26.0260258       0.0000003754954236
     26.1261253       0.0000003726135609
     26.2262268       0.0000003697643604
     26.3263264       0.0000003669475769
     26.4264259       0.0000003641631527
     26.5265274       0.0000003614099219
     26.6266270       0.0000003586885291
     26.7267265       0.0000003559974674
     26.8268261       0.0000003533366063
     26.9269276       0.0000003507055542
     27.0270271       0.0000003481035377
     27.1271267       0.0000003455306563
     27.2272263       0.0000003429861314
     27.3273277       0.0000003404697132
     27.4274273       0.0000003379810174
     27.5275269       0.0000003355193164
     27.6276283       0.0000003330843168
     27.7277279       0.0000003306761127
     27.8278275       0.0000003282937114
     27.9279270       0.0000003259369092
     28.0280285       0.0000003236057334
     28.1281281       0.0000003212990522
     28.2282276       0.0000003190176419
     28.3283291       0.0000003167597034
     28.4284286       0.0000003145262545
     28.5285282       0.0000003123159972
     28.6286278       0.0000003101292000
     28.7287292       0.0000003079651559
     28.8288288       0.0000003058237601
     28.9289284       0.0000003037046931
     29.0290298       0.0000003016074308
     29.1291294       0.0000002995319849
     29.2292290       0.0000002974778626
     29.3293285       0.0000002954450491
     29.4294300       0.0000002934328009
     29.5295296       0.0000002914409233
     29.6296291       0.0000002894693907
     29.7297306       0.0000002875178292
     29.8298302       0.0000002855857531
     29.9299297       0.0000002836733414
     30.0300293       0.0000002817802911
     30.1301308       0.0000002799054755
     30.2302303       0.0000002780499323
     30.3303299       0.0000002762124766
     30.4304314       0.0000002743934658
     30.5305309       0.0000002725921883
     30.6306305       0.0000002708085211
     30.7307301       0.0000002690425824
     30.8308315       0.0000002672936781
     30.9309311       0.0000002655617698
     31.0310307       0.0000002638468402
     31.1311302       0.0000002621482526
     31.2312317       0.0000002604661057
     31.3313313       0.0000002588002753
     31.4314308       0.0000002571500971
     31.5315323       0.0000002555158218
     31.6316319       0.0000002538971347
     31.7317314       0.0000002522935440
     31.8318310       0.0000002507054994
     31.9319324       0.0000002491318452
     32.0320320       0.0000002475734067
     32.1321335       0.0000002460297998
     32.2322311       0.0000002445000937
     32.3323326       0.0000002429849146
     32.4324341       0.0000002414835208
     32.5325317       0.0000002399962918
     32.6326332       0.0000002385226146
     32.7327309       0.0000002370623570
     32.8328323       0.0000002356156023
     32.9329338       0.0000002341820181
     33.0330315       0.0000002327614994
     33.1331329       0.0000002313539327
     33.2332344       0.0000002299593978
     33.3333321       0.0000002285771191
     33.4334335       0.0000002272071817
     33.5335350       0.0000002258496745
     33.6336327       0.0000002245041436
     33.7337341       0.0000002231706696
     33.8338356       0.0000002218492583
     33.9339333       0.0000002205393369
     34.0340347       0.0000002192409867
     34.1341324       0.0000002179545161
     34.2342339       0.0000002166788009
     34.3343353       0.0000002154142227
     34.4344330       0.0000002141610409
     34.5345345       0.0000002129186533
     34.6346359       0.0000002116869344
     34.7347336       0.0000002104661971
     34.8348351       0.0000002092556621
     34.9349365       0.0000002080556925
     35.0350342       0.0000002068660042
     35.1351357       0.0000002056864914
     35.2352371       0.0000002045168613
     35.3353348       0.0000002033574530
     35.4354362       0.0000002022077999
     35.5355339       0.0000002010679428
     35.6356354       0.0000001999374568
     35.7357368       0.0000001988168415
     35.8358345       0.0000001977054825
     35.9359360       0.0000001966033191
     36.0360374       0.0000001955103529
     36.1361351       0.0000001944265249
     36.2362366       0.0000001933518079
     36.3363380       0.0000001922857769
     36.4364357       0.0000001912285978
     36.5365372       0.0000001901801000
     36.6366348       0.0000001891402870
     36.7367363       0.0000001881090964
     36.8368378       0.0000001870861659
     36.9369354       0.0000001860716071
     37.0370369       0.0000001850650717
     37.1371384       0.0000001840670076
     37.2372360       0.0000001830769771
     37.3373375       0.0000001820945556
     37.4374390       0.0000001811203660
     37.5375366       0.0000001801539568
     37.6376381       0.0000001791950345
     37.7377396       0.0000001782438755
     37.8378372       0.0000001773006259
     37.9379387       0.0000001763642844
     38.0380363       0.0000001754356722
     38.1381378       0.0000001745142989
     38.2382393       0.0000001736001208
     38.3383369       0.0000001726931861
     38.4384384       0.0000001717934426
     38.5385399       0.0000001709005812
     38.6386375       0.0000001700145490
     38.7387390       0.0000001691356747
     38.8388405       0.0000001682633294
     38.9389381       0.0000001673977971
     39.0390396       0.0000001665390268
     39.1391373       0.0000001656866810
     39.2392387       0.0000001648411722
     39.3393402       0.0000001640019412
     39.4394379       0.0000001631690315
     39.5395393       0.0000001623424503
     39.6396408       0.0000001615221657
     39.7397385       0.0000001607080389
     39.8398399       0.0000001599003935
     39.9399414       0.0000001590984520
     40.0400391       0.0000001583027428
     40.1401405       0.0000001575127467
     40.2402420       0.0000001567289017
     40.3403397       0.0000001559507855
     40.4404411       0.0000001551783838
     40.5405388       0.0000001544118198
     40.6406403       0.0000001536508833
     40.7407417       0.0000001528955753
     40.8408394       0.0000001521459498
     40.9409409       0.0000001514016840
     41.0410423       0.0000001506628503
     41.1411400       0.0000001499295045
     41.2412415       0.0000001492013163
     41.3413429       0.0000001484786601
     41.4414406       0.0000001477611492
     41.5415421       0.0000001470487369
     41.6416397       0.0000001463415051
     41.7417412       0.0000001456394988
     41.8418427       0.0000001449423802
     41.9419403       0.0000001442502595
     42.0420418       0.0000001435632750
     42.1421432       0.0000001428810541
     42.2422409       0.0000001422035771
     42.3423424       0.0000001415311194
     42.4424438       0.0000001408632554
     42.5425415       0.0000001402002705
     42.6426430       0.0000001395418138
     42.7427444       0.0000001388879836
     42.8428421       0.0000001382389229
     42.9429436       0.0000001375942329
     43.0430412       0.0000001369539578
     43.1431427       0.0000001363183535
     43.2432442       0.0000001356870508
     43.3433418       0.0000001350602132
     43.4434433       0.0000001344376655
     43.5435448       0.0000001338194130
     43.6436424       0.0000001332054425
     43.7437439       0.0000001325955215
     43.8438454       0.0000001319900092
     43.9439430       0.0000001313885117
     44.0440445       0.0000001307911965
     44.1441460       0.0000001301979255
     44.2442436       0.0000001296085925
     44.3443451       0.0000001290232645
     44.4444427       0.0000001284421493
     44.5445442       0.0000001278646973
     44.6446457       0.0000001272910596
     44.7447433       0.0000001267215058
     44.8448448       0.0000001261556679
     44.9449463       0.0000001255935032
     45.0450439       0.0000001250352693
     45.1451454       0.0000001244808277
     45.2452469       0.0000001239297979
     45.3453445       0.0000001233825848
     45.4454460       0.0000001228389892
     45.5455437       0.0000001222988600
     45.6456451       0.0000001217623467
     45.7457466       0.0000001212294615
     45.8458443       0.0000001206999146
     45.9459457       0.0000001201739747
     46.0460472       0.0000001196513585
     46.1461449       0.0000001191321450
     46.2462463       0.0000001186163246
     46.3463478       0.0000001181038582
     46.4464455       0.0000001175947660
     46.5465469       0.0000001170888920
     46.6466484       0.0000001165862624
     46.7467461       0.0000001160868769
     46.8468475       0.0000001155906014
     46.9469452       0.0000001150977254
     47.0470467       0.0000001146078853
     47.1471481       0.0000001141211491
     47.2472458       0.0000001136374497
     47.3473473       0.0000001131569094
     47.4474487       0.0000001126794430
     47.5475464       0.0000001122049099
     47.6476479       0.0000001117334435
     47.7477493       0.0000001112648385
     47.8478470       0.0000001107992282
     47.9479485       0.0000001103365186
     48.0480499       0.0000001098767484
     48.1481476       0.0000001094199073
     48.2482491       0.0000001089657794
     48.3483467       0.0000001085145109
     48.4484482       0.0000001080660982
     48.5485497       0.0000001076204053
     48.6486473       0.0000001071775681
     48.7487488       0.0000001067373759
     48.8488503       0.0000001062998313
     48.9489479       0.0000001058650745
     49.0490494       0.0000001054328592
     49.1491508       0.0000001050032875
     49.2492485       0.0000001045765426
     49.3493500       0.0000001041522096
     49.4494476       0.0000001037305402
     49.5495491       0.0000001033114717
     49.6496506       0.0000001028946514
     49.7497482       0.0000001024806433
     49.8498497       0.0000001020690693
     49.9499512       0.0000001016599126
     50.0500488       0.0000001012533128
     50.1501503       0.0000001008490268
     50.2502518       0.0000001004471934
     50.3503494       0.0000001000478076
     50.4504509       0.0000000996507535
     50.5505524       0.0000000992561202
     50.6506500       0.0000000988637245
     50.7507515       0.0000000984737292
     50.8508492       0.0000000980860765
     50.9509506       0.0000000977006170
     51.0510521       0.0000000973174670
     51.1511497       0.0000000969365642
     51.2512512       0.0000000965577728
     51.3513527       0.0000000961813559
     51.4514503       0.0000000958071033
     51.5515518       0.0000000954350667
     51.6516533       0.0000000950651605
     51.7517509       0.0000000946973924
     51.8518524       0.0000000943317447
     51.9519501       0.0000000939681986
     52.0520515       0.0000000936067035
     52.1521530       0.0000000932473384
     52.2522507       0.0000000928901273
     52.3523521       0.0000000925349504
     52.4524536       0.0000000921816813
     52.5525513       0.0000000918304719
     52.6526527       0.0000000914813061
     52.7527542       0.0000000911342249
     52.8528519       0.0000000907890166
     52.9529533       0.0000000904456699
     53.0530548       0.0000000901044580
     53.1531525       0.0000000897650290
     53.2532539       0.0000000894275540
     53.3533516       0.0000000890920398
     53.4534531       0.0000000887582791
     53.5535545       0.0000000884264963
     53.6536522       0.0000000880965406
     53.7537537       0.0000000877685254
     53.8538551       0.0000000874420820
     53.9539528       0.0000000871177002
     54.0540543       0.0000000867950290
     54.1541557       0.0000000864742063
     54.2542534       0.0000000861550477
     54.3543549       0.0000000858377481
     54.4544525       0.0000000855222059
     54.5545540       0.0000000852083962
     54.6546555       0.0000000848961686
     54.7547531       0.0000000845858840
     54.8548546       0.0000000842771680
     54.9549561       0.0000000839701405
     55.0550537       0.0000000836647476
     55.1551552       0.0000000833610763
     55.2552567       0.0000000830590288
     55.3553543       0.0000000827586752
     55.4554558       0.0000000824599146
     55.5555573       0.0000000821627439
     55.6556549       0.0000000818672221
     55.7557564       0.0000000815732972
     55.8558540       0.0000000812809025
     55.9559555       0.0000000809901469
     56.0560570       0.0000000807009060
     56.1561546       0.0000000804132888
     56.2562561       0.0000000801270723
     56.3563576       0.0000000798423719
     56.4564552       0.0000000795593352
     56.5565567       0.0000000792776247
     56.6566582       0.0000000789975963
     56.7567558       0.0000000787189224
     56.8568573       0.0000000784417020
     56.9569588       0.0000000781660429
     57.0570564       0.0000000778917467
     57.1571579       0.0000000776190531
     57.2572556       0.0000000773475603
     57.3573570       0.0000000770775862
     57.4574585       0.0000000768090488
     57.5575562       0.0000000765419277
     57.6576576       0.0000000762762129
     57.7577591       0.0000000760118049
     57.8578568       0.0000000757487673
     57.9579582       0.0000000754871520
     58.0580597       0.0000000752268815
     58.1581573       0.0000000749679653
     58.2582588       0.0000000747103820
     58.3583565       0.0000000744540291
     58.4584579       0.0000000741990605
     58.5585594       0.0000000739454464
     58.6586571       0.0000000736930452
     58.7587585       0.0000000734420317
     58.8588600       0.0000000731922645
     58.9589577       0.0000000729436536
     59.0590591       0.0000000726964665
     59.1591606       0.0000000724504728
     59.2592583       0.0000000722057330
     59.3593597       0.0000000719621835
     59.4594612       0.0000000717199428
     59.5595589       0.0000000714788490
     59.6596603       0.0000000712390417
     59.7597580       0.0000000710004202
     59.8598595       0.0000000707629218
     59.9599609       0.0000000705267183
     60.0600586       0.0000000702916507
     60.1601601       0.0000000700577410
     60.2602615       0.0000000698250185
     60.3603592       0.0000000695934561
     60.4604607       0.0000000693630122
     60.5605621       0.0000000691337473
     60.6606598       0.0000000689056321
     60.7607613       0.0000000686785739
     60.8608627       0.0000000684526369
     60.9609604       0.0000000682279316
     61.0610619       0.0000000680041977
     61.1611595       0.0000000677816640
     61.2612610       0.0000000675601937
     61.3613625       0.0000000673398133
     61.4614601       0.0000000671204262
     61.5615616       0.0000000669021368
     61.6616631       0.0000000666849828
     61.7617607       0.0000000664688516
     61.8618622       0.0000000662537455
     61.9619637       0.0000000660396922
     62.0620613       0.0000000658267109
     62.1621628       0.0000000656147849
     62.2622604       0.0000000654037025
     62.3623619       0.0000000651938612
     62.4624634       0.0000000649848691
     62.5625610       0.0000000647769652
     62.6626625       0.0000000645699736
     62.7627640       0.0000000643641191
     62.8628616       0.0000000641590973
     62.9629631       0.0000000639551437
     63.0630646       0.0000000637521277
     63.1631622       0.0000000635501332
     63.2632637       0.0000000633490047
     63.3633652       0.0000000631488805
     63.4634628       0.0000000629496858
     63.5635643       0.0000000627514663
     63.6636620       0.0000000625541366
     63.7637634       0.0000000623577406
     63.8638649       0.0000000621622625
     63.9639626       0.0000000619677367
     64.0640640       0.0000000617741740
     64.1641617       0.0000000615814512
     64.2642670       0.0000000613895487
     64.3643646       0.0000000611986484
     64.4644623       0.0000000610086484
     64.5645676       0.0000000608194882
     64.6646652       0.0000000606311881
     64.7647629       0.0000000604438314
     64.8648682       0.0000000602572771
     64.9649658       0.0000000600716311
     65.0650635       0.0000000598868167
     65.1651688       0.0000000597028094
     65.2652664       0.0000000595197199
     65.3653641       0.0000000593374748
     65.4654617       0.0000000591560121
     65.5655670       0.0000000589754073
     65.6656647       0.0000000587956409
     65.7657623       0.0000000586167075
     65.8658676       0.0000000584385038
     65.9659653       0.0000000582611948
     66.0660629       0.0000000580846938
     66.1661682       0.0000000579089812
     66.2662659       0.0000000577340064
     66.3663635       0.0000000575598970
     66.4664688       0.0000000573865769
     66.5665665       0.0000000572139570
     66.6666641       0.0000000570421542
     66.7667694       0.0000000568711488
     66.8668671       0.0000000567008628
     66.9669647       0.0000000565314560
     67.0670700       0.0000000563626861
     67.1671677       0.0000000561947170
     67.2672653       0.0000000560275394
     67.3673706       0.0000000558610222
     67.4674683       0.0000000556953198
     67.5675659       0.0000000555303269
     67.6676712       0.0000000553660640
     67.7677689       0.0000000552024942
     67.8678665       0.0000000550396452
     67.9679642       0.0000000548775728
     68.0680695       0.0000000547161731
     68.1681671       0.0000000545555297
     68.2682648       0.0000000543955716
     68.3683701       0.0000000542363126
     68.4684677       0.0000000540777329
     68.5685654       0.0000000539198524
     68.6686707       0.0000000537627295
     68.7687683       0.0000000536062028
     68.8688660       0.0000000534504078
     68.9689713       0.0000000532952613
     69.0690689       0.0000000531408333
     69.1691666       0.0000000529870223
     69.2692719       0.0000000528339207
     69.3693695       0.0000000526814710
     69.4694672       0.0000000525296518
     69.5695724       0.0000000523784818
     69.6696701       0.0000000522280333
     69.7697678       0.0000000520782057
     69.8698730       0.0000000519289807
     69.9699707       0.0000000517803928
     70.0700684       0.0000000516325656
     70.1701736       0.0000000514852421
     70.2702713       0.0000000513385557
     70.3703690       0.0000000511925279
     70.4704742       0.0000000510470843
     70.5705719       0.0000000509023479
     70.6706696       0.0000000507581534
     70.7707672       0.0000000506145984
     70.8708725       0.0000000504716427
     70.9709702       0.0000000503292844
     71.0710678       0.0000000501875288
     71.1711731       0.0000000500463812
     71.2712708       0.0000000499058184
     71.3713684       0.0000000497658762
     71.4714737       0.0000000496265145
     71.5715714       0.0000000494877226
     71.6716690       0.0000000493495116
     71.7717743       0.0000000492118514
     71.8718719       0.0000000490747756
     71.9719696       0.0000000489383184
     72.0720749       0.0000000488024089
     72.1721725       0.0000000486670480
     72.2722702       0.0000000485322864
     72.3723755       0.0000000483980173
     72.4724731       0.0000000482643600
     72.5725708       0.0000000481312448
     72.6726761       0.0000000479986546
     72.7727737       0.0000000478666132
     72.8728714       0.0000000477351518
     72.9729767       0.0000000476042048
     73.0730743       0.0000000474738076
     73.1731720       0.0000000473439569
     73.2732697       0.0000000472146764
     73.3733749       0.0000000470858241
     73.4734726       0.0000000469575350
     73.5735703       0.0000000468298189
     73.6736755       0.0000000467025671
     73.7737732       0.0000000465758019
     73.8738708       0.0000000464496256
     73.9739761       0.0000000463239681
     74.0740738       0.0000000461988069
     74.1741714       0.0000000460741172
     74.2742767       0.0000000459499370
     74.3743744       0.0000000458263038
     74.4744720       0.0000000457031333
     74.5745773       0.0000000455804592
     74.6746750       0.0000000454582447
     74.7747726       0.0000000453365831
     74.8748779       0.0000000452154088
     74.9749756       0.0000000450946822
     75.0750732       0.0000000449744460
     75.1751785       0.0000000448547032
     75.2752762       0.0000000447354234
     75.3753738       0.0000000446165791
     75.4754791       0.0000000444983045
     75.5755768       0.0000000443804405
     75.6756744       0.0000000442630188
     75.7757721       0.0000000441461142
     75.8758774       0.0000000440296928
     75.9759750       0.0000000439137011
     76.0760727       0.0000000437981626
     76.1761780       0.0000000436830360
     76.2762756       0.0000000435684073
     76.3763733       0.0000000434542291
     76.4764786       0.0000000433405005
     76.5765762       0.0000000432272284
     76.6766739       0.0000000431143531
     76.7767792       0.0000000430019562
     76.8768768       0.0000000428900069
     76.9769745       0.0000000427785182
     77.0770798       0.0000000426673907
     77.1771774       0.0000000425567303
     77.2772751       0.0000000424465425
     77.3773804       0.0000000423366950
     77.4774780       0.0000000422273170
     77.5775757       0.0000000421183442
     77.6776810       0.0000000420098331
     77.7777786       0.0000000419016782
     77.8778763       0.0000000417940113
     77.9779816       0.0000000416867450
     78.0780792       0.0000000415799040
     78.1781769       0.0000000414734415
     78.2782745       0.0000000413673737
     78.3783798       0.0000000412617014
     78.4784775       0.0000000411564500
     78.5785751       0.0000000410516538
     78.6786804       0.0000000409472357
     78.7787781       0.0000000408431969
     78.8788757       0.0000000407395528
     78.9789810       0.0000000406362933
     79.0790787       0.0000000405334343
     79.1791763       0.0000000404309717
     79.2792816       0.0000000403289012
     79.3793793       0.0000000402272087
     79.4794769       0.0000000401259071
     79.5795822       0.0000000400249777
     79.6796799       0.0000000399243972
     79.7797775       0.0000000398242563
     79.8798828       0.0000000397244654
     79.9799805       0.0000000396250213
     80.0800781       0.0000000395259843
     80.1801834       0.0000000394272974
     80.2802811       0.0000000393290048
     80.3803787       0.0000000392310836
     80.4804840       0.0000000391334979
     80.5805817       0.0000000390363063
     80.6806793       0.0000000389394961
     80.7807770       0.0000000388429898
     80.8808823       0.0000000387468710
     80.9809799       0.0000000386510812
     81.0810776       0.0000000385556451
     81.1811829       0.0000000384606145
     81.2812805       0.0000000383659007
     81.3813782       0.0000000382715283
     81.4814835       0.0000000381775241
     81.5815811       0.0000000380838614
     81.6816788       0.0000000379905216
     81.7817841       0.0000000378975197
     81.8818817       0.0000000378048684
     81.9819794       0.0000000377125762
     82.0820847       0.0000000376206462
     82.1821823       0.0000000375290148
     82.2822800       0.0000000374377090
     82.3823853       0.0000000373467526
     82.4824829       0.0000000372561196
     82.5825806       0.0000000371658119
     82.6826859       0.0000000370758475
     82.7827835       0.0000000369862156
     82.8828812       0.0000000368968968
     82.9829865       0.0000000368079054
     83.0830841       0.0000000367192281
     83.1831818       0.0000000366308525
     83.2832794       0.0000000365428002
     83.3833847       0.0000000364550887
     83.4834824       0.0000000363677088
     83.5835800       0.0000000362805803
     83.6836853       0.0000000361938556
     83.7837830       0.0000000361073531
     83.8838806       0.0000000360212186
     83.9839859       0.0000000359353672
     84.0840836       0.0000000358497956
     84.1841812       0.0000000357645842
     84.2842865       0.0000000356796700
     84.3843842       0.0000000355950232
     84.4844818       0.0000000355106714
     84.5845871       0.0000000354266585
     84.6846848       0.0000000353429333
     84.7847824       0.0000000352594874
     84.8848877       0.0000000351763190
     84.9849854       0.0000000350934859
     85.0850830       0.0000000350109228
     85.1851883       0.0000000349286624
     85.2852859       0.0000000348467045
     85.3853836       0.0000000347649992
     85.4854889       0.0000000346836213
     85.5855865       0.0000000346024941
     85.6856842       0.0000000345217096
     85.7857895       0.0000000344411428
     85.8858871       0.0000000343608589
     85.9859848       0.0000000342808753
     86.0860825       0.0000000342011550
     86.1861877       0.0000000341217418
     86.2862854       0.0000000340426083
     86.3863831       0.0000000339637229
     86.4864883       0.0000000338850822
     86.5865860       0.0000000338067740
     86.6866837       0.0000000337287392
     86.7867889       0.0000000336509309
     86.8868866       0.0000000335734055
     86.9869843       0.0000000334961580
     87.0870895       0.0000000334191715
     87.1871872       0.0000000333424116
     87.2872849       0.0000000332659637
     87.3873901       0.0000000331897725
     87.4874878       0.0000000331138811
     87.5875854       0.0000000330381746
     87.6876907       0.0000000329627933
     87.7877884       0.0000000328876195
     87.8878860       0.0000000328127369
     87.9879913       0.0000000327380798
     88.0880890       0.0000000326636627
     88.1881866       0.0000000325895380
     88.2882919       0.0000000325156811
     88.3883896       0.0000000324420480
     88.4884872       0.0000000323686468
     88.5885849       0.0000000322955148
     88.6886902       0.0000000322226412
     88.7887878       0.0000000321500039
     88.8888855       0.0000000320776046
     88.9889908       0.0000000320054425
     89.0890884       0.0000000319335380
     89.1891861       0.0000000318618900
     89.2892914       0.0000000317904342
     89.3893890       0.0000000317192703
     89.4894867       0.0000000316483152
     89.5895920       0.0000000315776404
     89.6896896       0.0000000315071765
     89.7897873       0.0000000314369280
     89.8898926       0.0000000313669489
     89.9899902       0.0000000312971746
     90.0900879       0.0000000312276322
     90.1901932       0.0000000311583302
     90.2902908       0.0000000310892415
     90.3903885       0.0000000310203913
     90.4904938       0.0000000309517963
     90.5905914       0.0000000308834034
     90.6906891       0.0000000308152393
     90.7907944       0.0000000307472912
     90.8908920       0.0000000306795800
     90.9909897       0.0000000306120893
     91.0910873       0.0000000305448534
     91.1911926       0.0000000304778044
     91.2912903       0.0000000304109778
     91.3913879       0.0000000303443736
     91.4914932       0.0000000302779680
     91.5915909       0.0000000302118024
     91.6916885       0.0000000301458787
     91.7917938       0.0000000300801071
     91.8918915       0.0000000300146187
     91.9919891       0.0000000299493052
     92.0920944       0.0000000298842078
     92.1921921       0.0000000298193297
     92.2922897       0.0000000297546615
     92.3923950       0.0000000296902064
     92.4924927       0.0000000296259548
     92.5925903       0.0000000295619163
     92.6926956       0.0000000294980814
     92.7927933       0.0000000294344564
     92.8928909       0.0000000293710272
     92.9929962       0.0000000293078127
     93.0930939       0.0000000292447986
     93.1931915       0.0000000291819975
     93.2932968       0.0000000291193597
     93.3933945       0.0000000290569628
     93.4934921       0.0000000289947602
     93.5935898       0.0000000289327643
     93.6936951       0.0000000288709595
     93.7937927       0.0000000288093414
     93.8938904       0.0000000287479253
     93.9939957       0.0000000286867096
     94.0940933       0.0000000286256974
     94.1941910       0.0000000285648522
     94.2942963       0.0000000285042087
     94.3943939       0.0000000284437793
     94.4944916       0.0000000283835140
     94.5945969       0.0000000283234669
     94.6946945       0.0000000282636212
     94.7947922       0.0000000282039159
     94.8948975       0.0000000281444327
     94.9949951       0.0000000280851319
     95.0950928       0.0000000280260546
     95.1951981       0.0000000279670984
     95.2952957       0.0000000279083703
     95.3953934       0.0000000278498169
     95.4954987       0.0000000277914523
     95.5955963       0.0000000277332390
     95.6956940       0.0000000276752557
     95.7957993       0.0000000276174192
     95.8958969       0.0000000275597909
     95.9959946       0.0000000275022986
     96.0960999       0.0000000274450044
     96.1961975       0.0000000273879329
     96.2962952       0.0000000273310027
     96.3963928       0.0000000272742477
     96.4964981       0.0000000272176685
     96.5965958       0.0000000271612806
     96.6966934       0.0000000271050603
     96.7967987       0.0000000270490042
     96.8968964       0.0000000269931173
     96.9969940       0.0000000269374123
     97.0970993       0.0000000268818991
     97.1971970       0.0000000268265341
     97.2972946       0.0000000267713400
     97.3973999       0.0000000267163121
     97.4974976       0.0000000266615026
     97.5975952       0.0000000266068035
     97.6977005       0.0000000265522865
     97.7977982       0.0000000264979356
     97.8978958       0.0000000264437839
     97.9980011       0.0000000263897621
     98.0980988       0.0000000263359159
     98.1981964       0.0000000262822406
     98.2983017       0.0000000262287188
     98.3983994       0.0000000261753631
     98.4984970       0.0000000261221689
     98.5986023       0.0000000260691595
     98.6987000       0.0000000260162944
     98.7987976       0.0000000259635845
     98.8988953       0.0000000259110361
     98.9990005       0.0000000258586798
     99.0990982       0.0000000258064526
     99.1991959       0.0000000257543560
     99.2993011       0.0000000257024653
     99.3993988       0.0000000256507084
     99.4994965       0.0000000255991082
     99.5996017       0.0000000255476584
     99.6996994       0.0000000254963442
     99.7997971       0.0000000254452386
     99.8999023       0.0000000253942270
    100.0000000       0.0000000253434012
