# x		H(x,a)
      0.0000000       1.0000000000000000
      0.1001001       0.9900299906730652
      0.2002002       0.9607124924659729
      0.3003003       0.9137664437294006
      0.4004004       0.8518707156181335
      0.5005005       0.7784109115600586
      0.6006006       0.6971734166145325
      0.7007007       0.6120254397392273
      0.8008008       0.5266169309616089
      0.9009009       0.4441368877887726
      1.0010010       0.3671624383590610
      1.1011012       0.2975294817976389
      1.2012012       0.2363302822185170
      1.3013012       0.1840019991860762
      1.4014014       0.1404236779900815
      1.5015016       0.1050455868811756
      1.6016016       0.0770271384183157
      1.7017016       0.0553670731175780
      1.8018018       0.0390140494229177
      1.9019020       0.0269514633295789
      2.0020020       0.0182549665537036
      2.1021020       0.0121251194117104
      2.2022023       0.0078995929156137
      2.3023024       0.0050502067700969
      2.4024024       0.0031701004499444
      2.5025024       0.0019558802572205
      2.6026025       0.0011880898428302
      2.7027028       0.0007125278236994
      2.8028028       0.0004238250176411
      2.9029028       0.0002518868043980
      3.0030031       0.0001512882490300
      3.1031032       0.0000933300832329
      3.2032032       0.0000603231702130
      3.3033032       0.0000416250337985
      3.4034033       0.0000309818338326
      3.5035036       0.0000248012122893
      3.6036036       0.0000210643249771
      3.7037036       0.0000186594859921
      3.8038039       0.0000169857129303
      3.9039040       0.0000157228527314
      4.0040040       0.0000147018939946
      4.1041040       0.0000138335741397
      4.2042041       0.0000130700001933
      4.3043041       0.0000123844842761
      4.4044046       0.0000117612516513
      4.5045047       0.0000111901121384
      4.6046047       0.0000106639126311
      4.7047048       0.0000101772109304
      4.8048048       0.0000097256391523
      4.9049048       0.0000093055446762
      5.0050049       0.0000089138003835
      5.1051049       0.0000085476999394
      5.2052050       0.0000082048863608
      5.3053055       0.0000078832806296
      5.4054055       0.0000075810392641
      5.5055056       0.0000072965458652
      5.6056056       0.0000070283570930
      5.7057056       0.0000067751480149
      5.8058057       0.0000065357864263
      5.9059057       0.0000063092210860
      6.0060062       0.0000060944968962
      6.1061063       0.0000058907905401
      6.2062063       0.0000056973171547
      6.3063064       0.0000055133753613
      6.4064064       0.0000053383253172
      6.5065064       0.0000051715884278
      6.6066065       0.0000050126288118
      6.7067065       0.0000048609580660
      6.8068066       0.0000047161280072
      6.9069071       0.0000045777159582
      7.0070071       0.0000044453466534
      7.1071072       0.0000043186741621
      7.2072072       0.0000041973609828
      7.3073072       0.0000040811011379
      7.4074073       0.0000039696291121
      7.5075073       0.0000038626661358
      7.6076078       0.0000037599802225
      7.7077079       0.0000036613402224
      7.8078079       0.0000035665357514
      7.9079080       0.0000034753674972
      8.0080080       0.0000033876520501
      8.1081085       0.0000033032192025
      8.2082081       0.0000032219014974
      8.3083086       0.0000031435496929
      8.4084082       0.0000030680214462
      8.5085087       0.0000029951765689
      8.6086082       0.0000029249000476
      8.7087088       0.0000028570628675
      8.8088093       0.0000027915562519
      8.9089088       0.0000027282751221
      9.0090094       0.0000026671185433
      9.1091089       0.0000026079953715
      9.2092094       0.0000025508132957
      9.3093090       0.0000024954876419
      9.4094095       0.0000024419417908
      9.5095091       0.0000023900998034
      9.6096096       0.0000023398917075
      9.7097101       0.0000022912455861
      9.8098097       0.0000022440987853
      9.9099102       0.0000021983939815
     10.0100098       0.0000021540660206
     10.1101103       0.0000021110634742
     10.2102098       0.0000020693386433
     10.3103104       0.0000020288358561
     10.4104099       0.0000019895118862
     10.5105104       0.0000019513169385
     10.6106110       0.0000019142126459
     10.7107105       0.0000018781549916
     10.8108110       0.0000018431045685
     10.9109106       0.0000018090261832
     11.0110111       0.0000017758847826
     11.1111107       0.0000017436448025
     11.2112112       0.0000017122753684
     11.3113117       0.0000016817451149
     11.4114113       0.0000016520237749
     11.5115118       0.0000016230822704
     11.6116114       0.0000015948930877
     11.7117119       0.0000015674344836
     11.8118114       0.0000015406780136
     11.9119120       0.0000015146000696
     12.0120125       0.0000014891798573
     12.1121120       0.0000014643924566
     12.2122126       0.0000014402215938
     12.3123121       0.0000014166429869
     12.4124126       0.0000013936384061
     12.5125122       0.0000013711904164
     12.6126127       0.0000013492802625
     12.7127123       0.0000013278913563
     12.8128128       0.0000013070080540
     12.9129133       0.0000012866129560
     13.0130129       0.0000012666917528
     13.1131134       0.0000012472284819
     13.2132130       0.0000012282116680
     13.3133135       0.0000012096265002
     13.4134130       0.0000011914625069
     13.5135136       0.0000011737016519
     13.6136131       0.0000011563364369
     13.7137136       0.0000011393544886
     13.8138142       0.0000011227440541
     13.9139137       0.0000011064925939
     14.0140142       0.0000010905935315
     14.1141138       0.0000010750355690
     14.2142143       0.0000010598072185
     14.3143139       0.0000010448998987
     14.4144144       0.0000010303055930
     14.5145149       0.0000010160157640
     14.6146145       0.0000010020210368
     14.7147150       0.0000009883145082
     14.8148146       0.0000009748866854
     14.9149151       0.0000009617300056
     15.0150146       0.0000009488402949
     15.1151152       0.0000009362056058
     15.2152157       0.0000009238238503
     15.3153152       0.0000009116857939
     15.4154158       0.0000008997853735
     15.5155153       0.0000008881168261
     15.6156158       0.0000008766735380
     15.7157154       0.0000008654516843
     15.8158159       0.0000008544430357
     15.9159155       0.0000008436432560
     16.0160160       0.0000008330468909
     16.1161156       0.0000008226502120
     16.2162170       0.0000008124464629
     16.3163166       0.0000008024317637
     16.4164162       0.0000007926003133
     16.5165157       0.0000007829502165
     16.6166172       0.0000007734742644
     16.7167168       0.0000007641697146
     16.8168163       0.0000007550327910
     16.9169178       0.0000007460587059
     17.0170174       0.0000007372437010
     17.1171169       0.0000007285840891
     17.2172165       0.0000007200767721
     17.3173180       0.0000007117166347
     17.4174175       0.0000007035025789
     17.5175171       0.0000006954301606
     17.6176186       0.0000006874948292
     17.7177181       0.0000006796957316
     17.8178177       0.0000006720286990
     17.9179173       0.0000006644902601
     18.0180187       0.0000006570780254
     18.1181183       0.0000006497901361
     18.2182178       0.0000006426224815
     18.3183174       0.0000006355733615
     18.4184189       0.0000006286389378
     18.5185184       0.0000006218173977
     18.6186180       0.0000006151067530
     18.7187195       0.0000006085051554
     18.8188190       0.0000006020082274
     18.9189186       0.0000005956151928
     19.0190182       0.0000005893232746
     19.1191196       0.0000005831313211
     19.2192192       0.0000005770363809
     19.3193188       0.0000005710361791
     19.4194202       0.0000005651296553
     19.5195198       0.0000005593145725
     19.6196194       0.0000005535886705
     19.7197189       0.0000005479497739
     19.8198204       0.0000005423968613
     19.9199200       0.0000005369289507
     20.0200195       0.0000005315426257
     20.1201210       0.0000005262366442
     20.2202206       0.0000005210105936
     20.3203201       0.0000005158617293
     20.4204197       0.0000005107890066
     20.5205212       0.0000005057910093
     20.6206207       0.0000005008654738
     20.7207203       0.0000004960122578
     20.8208199       0.0000004912288122
     20.9209213       0.0000004865150488
     21.0210209       0.0000004818685677
     21.1211205       0.0000004772879178
     21.2212219       0.0000004727725217
     21.3213215       0.0000004683211741
     21.4214211       0.0000004639322872
     21.5215206       0.0000004596055406
     21.6216221       0.0000004553385006
     21.7217216       0.0000004511309638
     21.8218212       0.0000004469806979
     21.9219227       0.0000004428881870
     22.0220222       0.0000004388520202
     22.1221218       0.0000004348701764
     22.2222214       0.0000004309428483
     22.3223228       0.0000004270683386
     22.4224224       0.0000004232455298
     22.5225220       0.0000004194743266
     22.6226234       0.0000004157532644
     22.7227230       0.0000004120814171
     22.8228226       0.0000004084582789
     22.9229221       0.0000004048825304
     23.0230236       0.0000004013536044
     23.1231232       0.0000003978710460
     23.2232227       0.0000003944334385
     23.3233242       0.0000003910398391
     23.4234238       0.0000003876900753
     23.5235233       0.0000003843837151
     23.6236229       0.0000003811189742
     23.7237244       0.0000003778961678
     23.8238239       0.0000003747137528
     23.9239235       0.0000003715714860
     24.0240250       0.0000003684682195
     24.1241245       0.0000003654044387
     24.2242241       0.0000003623781332
     24.3243237       0.0000003593896181
     24.4244251       0.0000003564376596
     24.5245247       0.0000003535223937
     24.6246243       0.0000003506427630
     24.7247238       0.0000003477978419
     24.8248253       0.0000003449878923
     24.9249249       0.0000003422113326
     25.0250244       0.0000003394685613
     25.1251259       0.0000003367585739
     25.2252254       0.0000003340811401
     25.3253250       0.0000003314354907
     25.4254246       0.0000003288207022
     25.5255260       0.0000003262372300
     25.6256256       0.0000003236838532
     25.7257252       0.0000003211605163
     25.8258266       0.0000003186666673
     25.9259262       0.0000003162017484
     26.0260258       0.0000003137650783
     26.1261253       0.0000003113569973
     26.2262268       0.0000003089761952
     26.3263264       0.0000003066224760
     26.4264259       0.0000003042958221
     26.5265274       0.0000003019952109
     26.6266270       0.0000002997212024
     26.7267265       0.0000002974725517
     26.8268261       0.0000002952491215
     26.9269276       0.0000002930505781
     27.0270271       0.0000002908763535
     27.1271267       0.0000002887264299
     27.2272263       0.0000002866002521
     27.3273277       0.0000002844974852
     27.4274273       0.0000002824179443
     27.5275269       0.0000002803609198
     27.6276283       0.0000002783262623
     27.7277279       0.0000002763139319
     27.8278275       0.0000002743232113
     27.9279270       0.0000002723538404
     28.0280285       0.0000002704059090
     28.1281281       0.0000002684784147
     28.2282276       0.0000002665720727
     28.3283291       0.0000002646853599
     28.4284286       0.0000002628190827
     28.5285282       0.0000002609721693
     28.6286278       0.0000002591448821
     28.7287292       0.0000002573365859
     28.8288288       0.0000002555472184
     28.9289284       0.0000002537765341
     29.0290298       0.0000002520240301
     29.1291294       0.0000002502898113
     29.2292290       0.0000002485733845
     29.3293285       0.0000002468747586
     29.4294300       0.0000002451933296
     29.5295296       0.0000002435289024
     29.6296291       0.0000002418814727
     29.7297306       0.0000002402507414
     29.8298302       0.0000002386362907
     29.9299297       0.0000002370382750
     30.0300293       0.0000002354564417
     30.1301308       0.0000002338898460
     30.2302303       0.0000002323393678
     30.3303299       0.0000002308040012
     30.4304314       0.0000002292839959
     30.5305309       0.0000002277788444
     30.6306305       0.0000002262884240
     30.7307301       0.0000002248127640
     30.8308315       0.0000002233513754
     30.9309311       0.0000002219042023
     31.0310307       0.0000002204712015
     31.1311302       0.0000002190518500
     31.2312317       0.0000002176462804
     31.3313313       0.0000002162542901
     31.4314308       0.0000002148753947
     31.5315323       0.0000002135097674
     31.6316319       0.0000002121571824
     31.7317314       0.0000002108172337
     31.8318310       0.0000002094902683
     31.9319324       0.0000002081752967
     32.0320320       0.0000002068730620
     32.1321335       0.0000002055832443
     32.2322311       0.0000002043050163
     32.3323326       0.0000002030389101
     32.4324341       0.0000002017843394
     32.5325317       0.0000002005416051
     32.6326332       0.0000001993102206
     32.7327309       0.0000001980900131
     32.8328323       0.0000001968810905
     32.9329338       0.0000001956831917
     33.0330315       0.0000001944962002
     33.1331329       0.0000001933200302
     33.2332344       0.0000001921547485
     33.3333321       0.0000001909996909
     33.4334335       0.0000001898549952
     33.5335350       0.0000001887206531
     33.6336327       0.0000001875963271
     33.7337341       0.0000001864820808
     33.8338356       0.0000001853779028
     33.9339333       0.0000001842833148
     34.0340347       0.0000001831984307
     34.1341324       0.0000001821234213
     34.2342339       0.0000001810574473
     34.3343353       0.0000001800007698
     34.4344330       0.0000001789536181
     34.5345345       0.0000001779154355
     34.6346359       0.0000001768862296
     34.7347336       0.0000001758661829
     34.8348351       0.0000001748546534
     34.9349365       0.0000001738519485
     35.0350342       0.0000001728578374
     35.1351357       0.0000001718722403
     35.2352371       0.0000001708948903
     35.3353348       0.0000001699260892
     35.4354362       0.0000001689654413
     35.5355339       0.0000001680129708
     35.6356354       0.0000001670683352
     35.7357368       0.0000001661319377
     35.8358345       0.0000001652032859
     35.9359360       0.0000001642823087
     36.0360374       0.0000001633690325
     36.1361351       0.0000001624633833
     36.2362366       0.0000001615653428
     36.3363380       0.0000001606745583
     36.4364357       0.0000001597911747
     36.5365372       0.0000001589150580
     36.6366348       0.0000001580461865
     36.7367363       0.0000001571845311
     36.8368378       0.0000001563297500
     36.9369354       0.0000001554819862
     37.0370369       0.0000001546409221
     37.1371384       0.0000001538069280
     37.2372360       0.0000001529796632
     37.3373375       0.0000001521587587
     37.4374390       0.0000001513447101
     37.5375366       0.0000001505371612
     37.6376381       0.0000001497359065
     37.7377396       0.0000001489411167
     37.8378372       0.0000001481529329
     37.9379387       0.0000001473705208
     38.0380363       0.0000001465945603
     38.1381378       0.0000001458246649
     38.2382393       0.0000001450607794
     38.3383369       0.0000001443029381
     38.4384384       0.0000001435511099
     38.5385399       0.0000001428050286
     38.6386375       0.0000001420646541
     38.7387390       0.0000001413302801
     38.8388405       0.0000001406013377
     38.9389381       0.0000001398780930
     39.0390396       0.0000001391605041
     39.1391373       0.0000001384482785
     39.2392387       0.0000001377417695
     39.3393402       0.0000001370404994
     39.4394379       0.0000001363445339
     39.5395393       0.0000001356538293
     39.6396408       0.0000001349684027
     39.7397385       0.0000001342881051
     39.8398399       0.0000001336132548
     39.9399414       0.0000001329431418
     40.0400391       0.0000001322782413
     40.1401405       0.0000001316181093
     40.2402420       0.0000001309631345
     40.3403397       0.0000001303129413
     40.4404411       0.0000001296675182
     40.5405388       0.0000001290269741
     40.6406403       0.0000001283911360
     40.7407417       0.0000001277600047
     40.8408394       0.0000001271336231
     40.9409409       0.0000001265117033
     41.0410423       0.0000001258943286
     41.1411400       0.0000001252815332
     41.2412415       0.0000001246730580
     41.3413429       0.0000001240692076
     41.4414406       0.0000001234696506
     41.5415421       0.0000001228743567
     41.6416397       0.0000001222833796
     41.7417412       0.0000001216968070
     41.8418427       0.0000001211142964
     41.9419403       0.0000001205359443
     42.0420418       0.0000001199618932
     42.1421432       0.0000001193918301
     42.2422409       0.0000001188257196
     42.3423424       0.0000001182638192
     42.4424438       0.0000001177057442
     42.5425415       0.0000001171517518
     42.6426430       0.0000001166015574
     42.7427444       0.0000001160552118
     42.8428421       0.0000001155128639
     42.9429436       0.0000001149741430
     43.0430412       0.0000001144391321
     43.1431427       0.0000001139080200
     43.2432442       0.0000001133804899
     43.3433418       0.0000001128567120
     43.4434433       0.0000001123365087
     43.5435448       0.0000001118198949
     43.6436424       0.0000001113068618
     43.7437439       0.0000001107972068
     43.8438454       0.0000001102912385
     43.9439430       0.0000001097886383
     44.0440445       0.0000001092895067
     44.1441460       0.0000001087937762
     44.2442436       0.0000001083013145
     44.3443451       0.0000001078122152
     44.4444427       0.0000001073266330
     44.5445442       0.0000001068441257
     44.6446457       0.0000001063647863
     44.7447433       0.0000001058888712
     44.8448448       0.0000001054160503
     44.9449463       0.0000001049463066
     45.0450439       0.0000001044798492
     45.1451454       0.0000001040165520
     45.2452469       0.0000001035561035
     45.3453445       0.0000001030988545
     45.4454460       0.0000001026446241
     45.5455437       0.0000001021932964
     45.6456451       0.0000001017449759
     45.7457466       0.0000001012996995
     45.8458443       0.0000001008572046
     45.9459457       0.0000001004177282
     46.0460472       0.0000000999810337
     46.1461449       0.0000000995471705
     46.2462463       0.0000000991161554
     46.3463478       0.0000000986879333
     46.4464455       0.0000000982625354
     46.5465469       0.0000000978398212
     46.6466484       0.0000000974198167
     46.7467461       0.0000000970025385
     46.8468475       0.0000000965878495
     46.9469452       0.0000000961759957
     47.0470467       0.0000000957666820
     47.1471481       0.0000000953599630
     47.2472458       0.0000000949557953
     47.3473473       0.0000000945542519
     47.4474487       0.0000000941552741
     47.5475464       0.0000000937587489
     47.6476479       0.0000000933647917
     47.7477493       0.0000000929732250
     47.8478470       0.0000000925841579
     47.9479485       0.0000000921975227
     48.0480499       0.0000000918133368
     48.1481476       0.0000000914316023
     48.2482491       0.0000000910521305
     48.3483467       0.0000000906750477
     48.4484482       0.0000000903003531
     48.5485497       0.0000000899279373
     48.6486473       0.0000000895578910
     48.7487488       0.0000000891900610
     48.8488503       0.0000000888244539
     48.9489479       0.0000000884611678
     49.0490494       0.0000000881000077
     49.1491508       0.0000000877410525
     49.2492485       0.0000000873844649
     49.3493500       0.0000000870298939
     49.4494476       0.0000000866775459
     49.5495491       0.0000000863273757
     49.6496506       0.0000000859790751
     49.7497482       0.0000000856331311
     49.8498497       0.0000000852892142
     49.9499512       0.0000000849473219
     50.0500488       0.0000000846075678
     50.1501503       0.0000000842697426
     50.2502518       0.0000000839339727
     50.3503494       0.0000000836002467
     50.4504509       0.0000000832684645
     50.5505524       0.0000000829387040
     50.6506500       0.0000000826108212
     50.7507515       0.0000000822849390
     50.8508492       0.0000000819610141
     50.9509506       0.0000000816389270
     51.0510521       0.0000000813187635
     51.1511497       0.0000000810004767
     51.2512512       0.0000000806839522
     51.3513527       0.0000000803694256
     51.4514503       0.0000000800566991
     51.5515518       0.0000000797458215
     51.6516533       0.0000000794367285
     51.7517509       0.0000000791294222
     51.8518524       0.0000000788238819
     51.9519501       0.0000000785200979
     52.0520515       0.0000000782180366
     52.1521530       0.0000000779177514
     52.2522507       0.0000000776192591
     52.3523521       0.0000000773224786
     52.4524536       0.0000000770272803
     52.5525513       0.0000000767338121
     52.6526527       0.0000000764420530
     52.7527542       0.0000000761520344
     52.8528519       0.0000000758635690
     52.9529533       0.0000000755766693
     53.0530548       0.0000000752915530
     53.1531525       0.0000000750079200
     53.2532539       0.0000000747259290
     53.3533516       0.0000000744455752
     53.4534531       0.0000000741666740
     53.5535545       0.0000000738894378
     53.6536522       0.0000000736137324
     53.7537537       0.0000000733396370
     53.8538551       0.0000000730668623
     53.9539528       0.0000000727958112
     54.0540543       0.0000000725261801
     54.1541557       0.0000000722580990
     54.2542534       0.0000000719914168
     54.3543549       0.0000000717262756
     54.4544525       0.0000000714626124
     54.5545540       0.0000000712003898
     54.6546555       0.0000000709394904
     54.7547531       0.0000000706802149
     54.8548546       0.0000000704222493
     54.9549561       0.0000000701656980
     55.0550537       0.0000000699105087
     55.1551552       0.0000000696567615
     55.2552567       0.0000000694043705
     55.3553543       0.0000000691534005
     55.4554558       0.0000000689037496
     55.5555573       0.0000000686554287
     55.6556549       0.0000000684084955
     55.7557564       0.0000000681628920
     55.8558540       0.0000000679185634
     55.9559555       0.0000000676756072
     56.0560570       0.0000000674339236
     56.1561546       0.0000000671935836
     56.2562561       0.0000000669544211
     56.3563576       0.0000000667165198
     56.4564552       0.0000000664800147
     56.5565567       0.0000000662446184
     56.6566582       0.0000000660106243
     56.7567558       0.0000000657777616
     56.8568573       0.0000000655461154
     56.9569588       0.0000000653157757
     57.0570564       0.0000000650865694
     57.1571579       0.0000000648587104
     57.2572556       0.0000000646318526
     57.3573570       0.0000000644062594
     57.4574585       0.0000000641818667
     57.5575562       0.0000000639586594
     57.6576576       0.0000000637366293
     57.7577591       0.0000000635156869
     57.8578568       0.0000000632958917
     57.9579582       0.0000000630772892
     58.0580597       0.0000000628598073
     58.1581573       0.0000000626434612
     58.2582588       0.0000000624282123
     58.3583565       0.0000000622140061
     58.4584579       0.0000000620009548
     58.5585594       0.0000000617890344
     58.6586571       0.0000000615781202
     58.7587585       0.0000000613683773
     58.8588600       0.0000000611596751
     58.9589577       0.0000000609519287
     59.0590591       0.0000000607453839
     59.1591606       0.0000000605398323
     59.2592583       0.0000000603353223
     59.3593597       0.0000000601318169
     59.4594612       0.0000000599293896
     59.5595589       0.0000000597279408
     59.6596603       0.0000000595275487
     59.7597580       0.0000000593281613
     59.8598595       0.0000000591297096
     59.9599609       0.0000000589323362
     60.0600586       0.0000000587359113
     60.1601601       0.0000000585404513
     60.2602615       0.0000000583459973
     60.3603592       0.0000000581524923
     60.4604607       0.0000000579599371
     60.5605621       0.0000000577683623
     60.6606598       0.0000000575777498
     60.7607613       0.0000000573880127
     60.8608627       0.0000000571992286
     60.9609604       0.0000000570114546
     61.0610619       0.0000000568245054
     61.1611595       0.0000000566385597
     61.2612610       0.0000000564534959
     61.3613625       0.0000000562693539
     61.4614601       0.0000000560860217
     61.5615616       0.0000000559036261
     61.6616631       0.0000000557221686
     61.7617607       0.0000000555415717
     61.8618622       0.0000000553618299
     61.9619637       0.0000000551829540
     62.0620613       0.0000000550049955
     62.1621628       0.0000000548279008
     62.2622604       0.0000000546515305
     62.3623619       0.0000000544761784
     62.4624634       0.0000000543015460
     62.5625610       0.0000000541278165
     62.6626625       0.0000000539548606
     62.7627640       0.0000000537828463
     62.8628616       0.0000000536115349
     62.9629631       0.0000000534411077
     63.0630646       0.0000000532714680
     63.1631622       0.0000000531026764
     63.2632637       0.0000000529346157
     63.3633652       0.0000000527673878
     63.4634628       0.0000000526009449
     63.5635643       0.0000000524353126
     63.6636620       0.0000000522704186
     63.7637634       0.0000000521063131
     63.8638649       0.0000000519429714
     63.9639626       0.0000000517804182
     64.0640640       0.0000000516186843
     64.1641617       0.0000000514576398
     64.2642670       0.0000000512972880
     64.3643646       0.0000000511377769
     64.4644623       0.0000000509790076
     64.5645676       0.0000000508209433
     64.6646652       0.0000000506636029
     64.7647629       0.0000000505070437
     64.8648682       0.0000000503511624
     64.9649658       0.0000000501960286
     65.0650635       0.0000000500415972
     65.1651688       0.0000000498878435
     65.2652664       0.0000000497348516
     65.3653641       0.0000000495825707
     65.4654617       0.0000000494309438
     65.5655670       0.0000000492800234
     65.6656647       0.0000000491298111
     65.7657623       0.0000000489802909
     65.8658676       0.0000000488313912
     65.9659653       0.0000000486832246
     66.0660629       0.0000000485357407
     66.1661682       0.0000000483889150
     66.2662659       0.0000000482427090
     66.3663635       0.0000000480972244
     66.4664688       0.0000000479523944
     66.5665665       0.0000000478081540
     66.6666641       0.0000000476645976
     66.7667694       0.0000000475217007
     66.8668671       0.0000000473794103
     66.9669647       0.0000000472378498
     67.0670700       0.0000000470968292
     67.1671677       0.0000000469564770
     67.2672653       0.0000000468167771
     67.3673706       0.0000000466776316
     67.4674683       0.0000000465391735
     67.5675659       0.0000000464013077
     67.6676712       0.0000000462640472
     67.7677689       0.0000000461273661
     67.8678665       0.0000000459912940
     67.9679642       0.0000000458558651
     68.0680695       0.0000000457209945
     68.1681671       0.0000000455867637
     68.2682648       0.0000000454531008
     68.3683701       0.0000000453200246
     68.4684677       0.0000000451875134
     68.5685654       0.0000000450555859
     68.6686707       0.0000000449242941
     68.7687683       0.0000000447934967
     68.8688660       0.0000000446633166
     68.9689713       0.0000000445336768
     69.0690689       0.0000000444046389
     69.1691666       0.0000000442761141
     69.2692719       0.0000000441481784
     69.3693695       0.0000000440207922
     69.4694672       0.0000000438939313
     69.5695724       0.0000000437676136
     69.6696701       0.0000000436418966
     69.7697678       0.0000000435166991
     69.8698730       0.0000000433920110
     69.9699707       0.0000000432678517
     70.0700684       0.0000000431443208
     70.1701736       0.0000000430212199
     70.2702713       0.0000000428986498
     70.3703690       0.0000000427766286
     70.4704742       0.0000000426550953
     70.5705719       0.0000000425341514
     70.6706696       0.0000000424136642
     70.7707672       0.0000000422937068
     70.8708725       0.0000000421742577
     70.9709702       0.0000000420552980
     71.0710678       0.0000000419368468
     71.1711731       0.0000000418189065
     71.2712708       0.0000000417014484
     71.3713684       0.0000000415845136
     71.4714737       0.0000000414680621
     71.5715714       0.0000000413520879
     71.6716690       0.0000000412365979
     71.7717743       0.0000000411215684
     71.8718719       0.0000000410070269
     71.9719696       0.0000000408930056
     72.0720749       0.0000000407794387
     72.1721725       0.0000000406663278
     72.2722702       0.0000000405537212
     72.3723755       0.0000000404415311
     72.4724731       0.0000000403298420
     72.5725708       0.0000000402186078
     72.6726761       0.0000000401078178
     72.7727737       0.0000000399974804
     72.8728714       0.0000000398876343
     72.9729767       0.0000000397782157
     73.0730743       0.0000000396692532
     73.1731720       0.0000000395607493
     73.2732697       0.0000000394527212
     73.3733749       0.0000000393450549
     73.4734726       0.0000000392378575
     73.5735703       0.0000000391311350
     73.6736755       0.0000000390248061
     73.7737732       0.0000000389188775
     73.8738708       0.0000000388134455
     73.9739761       0.0000000387084442
     74.0740738       0.0000000386038587
     74.1741714       0.0000000384996706
     74.2742767       0.0000000383959071
     74.3743744       0.0000000382925964
     74.4744720       0.0000000381896743
     74.5745773       0.0000000380871670
     74.6746750       0.0000000379850452
     74.7747726       0.0000000378833842
     74.8748779       0.0000000377821325
     74.9749756       0.0000000376812486
     75.0750732       0.0000000375807795
     75.1751785       0.0000000374807222
     75.2752762       0.0000000373810502
     75.3753738       0.0000000372817425
     75.4754791       0.0000000371829156
     75.5755768       0.0000000370844313
     75.6756744       0.0000000369863116
     75.7757721       0.0000000368886243
     75.8758774       0.0000000367913410
     75.9759750       0.0000000366944195
     76.0760727       0.0000000365978730
     76.1761780       0.0000000365016708
     76.2762756       0.0000000364058903
     76.3763733       0.0000000363104826
     76.4764786       0.0000000362154491
     76.5765762       0.0000000361207970
     76.6766739       0.0000000360264802
     76.7767792       0.0000000359325595
     76.8768768       0.0000000358390181
     76.9769745       0.0000000357458554
     77.0770798       0.0000000356529988
     77.1771774       0.0000000355605303
     77.2772751       0.0000000354684533
     77.3773804       0.0000000353766669
     77.4774780       0.0000000352852718
     77.5775757       0.0000000351942133
     77.6776810       0.0000000351035407
     77.7777786       0.0000000350131659
     77.8778763       0.0000000349231999
     77.9779816       0.0000000348335694
     78.0780792       0.0000000347442922
     78.1781769       0.0000000346553277
     78.2782745       0.0000000345667020
     78.3783798       0.0000000344784028
     78.4784775       0.0000000343904528
     78.5785751       0.0000000343028827
     78.6786804       0.0000000342156314
     78.7787781       0.0000000341286965
     78.8788757       0.0000000340420912
     78.9789810       0.0000000339558079
     79.0790787       0.0000000338698562
     79.1791763       0.0000000337842411
     79.2792816       0.0000000336989498
     79.3793793       0.0000000336139738
     79.4794769       0.0000000335293263
     79.5795822       0.0000000334449915
     79.6796799       0.0000000333609426
     79.7797775       0.0000000332772650
     79.8798828       0.0000000331938779
     79.9799805       0.0000000331107844
     80.0800781       0.0000000330280323
     80.1801834       0.0000000329455679
     80.2802811       0.0000000328634319
     80.3803787       0.0000000327816076
     80.4804840       0.0000000327000660
     80.5805817       0.0000000326188528
     80.6806793       0.0000000325379586
     80.7807770       0.0000000324573179
     80.8808823       0.0000000323769993
     80.9809799       0.0000000322969594
     81.0810776       0.0000000322172105
     81.1811829       0.0000000321378019
     81.2812805       0.0000000320586597
     81.3813782       0.0000000319798026
     81.4814835       0.0000000319012513
     81.5815811       0.0000000318229851
     81.6816788       0.0000000317449916
     81.7817841       0.0000000316672828
     81.8818817       0.0000000315898588
     81.9819794       0.0000000315127378
     82.0820847       0.0000000314359234
     82.1821823       0.0000000313593536
     82.2822800       0.0000000312830592
     82.3823853       0.0000000312070582
     82.4824829       0.0000000311313239
     82.5825806       0.0000000310558619
     82.6826859       0.0000000309806900
     82.7827835       0.0000000309057948
     82.8828812       0.0000000308311558
     82.9829865       0.0000000307567912
     83.0830841       0.0000000306826966
     83.1831818       0.0000000306088503
     83.2832794       0.0000000305352714
     83.3833847       0.0000000304619832
     83.4834824       0.0000000303889641
     83.5835800       0.0000000303161612
     83.6836853       0.0000000302436919
     83.7837830       0.0000000301714117
     83.8838806       0.0000000300994346
     83.9839859       0.0000000300276997
     84.0840836       0.0000000299561941
     84.1841812       0.0000000298849900
     84.2842865       0.0000000298140361
     84.3843842       0.0000000297433086
     84.4844818       0.0000000296728222
     84.5845871       0.0000000296026225
     84.6846848       0.0000000295326604
     84.7847824       0.0000000294629332
     84.8848877       0.0000000293934361
     84.9849854       0.0000000293242189
     85.0850830       0.0000000292552305
     85.1851883       0.0000000291864954
     85.2852859       0.0000000291180092
     85.3853836       0.0000000290497376
     85.4854889       0.0000000289817379
     85.5855865       0.0000000289139471
     85.6856842       0.0000000288464414
     85.7857895       0.0000000287791170
     85.8858871       0.0000000287120351
     85.9859848       0.0000000286452035
     86.0860825       0.0000000285785851
     86.1861877       0.0000000285122273
     86.2862854       0.0000000284461026
     86.3863831       0.0000000283801840
     86.4864883       0.0000000283144757
     86.5865860       0.0000000282490413
     86.6866837       0.0000000281838338
     86.7867889       0.0000000281188170
     86.8868866       0.0000000280540333
     86.9869843       0.0000000279894871
     87.0870895       0.0000000279251583
     87.1871872       0.0000000278610167
     87.2872849       0.0000000277971357
     87.3873901       0.0000000277334707
     87.4874878       0.0000000276700592
     87.5875854       0.0000000276067992
     87.6876907       0.0000000275438102
     87.7877884       0.0000000274809924
     87.8878860       0.0000000274184201
     87.9879913       0.0000000273560350
     88.0880890       0.0000000272938541
     88.1881866       0.0000000272319143
     88.2882919       0.0000000271702019
     88.3883896       0.0000000271086718
     88.4884872       0.0000000270473385
     88.5885849       0.0000000269862248
     88.6886902       0.0000000269253355
     88.7887878       0.0000000268646383
     88.8888855       0.0000000268041416
     88.9889908       0.0000000267438435
     89.0890884       0.0000000266837570
     89.1891861       0.0000000266238900
     89.2892914       0.0000000265641821
     89.3893890       0.0000000265047174
     89.4894867       0.0000000264454231
     89.5895920       0.0000000263863672
     89.6896896       0.0000000263274879
     89.7897873       0.0000000262687903
     89.8898926       0.0000000262103150
     89.9899902       0.0000000261520089
     90.0900879       0.0000000260939017
     90.1901932       0.0000000260359933
     90.2902908       0.0000000259782621
     90.3903885       0.0000000259207313
     90.4904938       0.0000000258634116
     90.5905914       0.0000000258062645
     90.6906891       0.0000000257493053
     90.7907944       0.0000000256925294
     90.8908920       0.0000000256359493
     90.9909897       0.0000000255795540
     91.0910873       0.0000000255233695
     91.1911926       0.0000000254673422
     91.2912903       0.0000000254115029
     91.3913879       0.0000000253558500
     91.4914932       0.0000000253003604
     91.5915909       0.0000000252450693
     91.6916885       0.0000000251899856
     91.7917938       0.0000000251350291
     91.8918915       0.0000000250803056
     91.9919891       0.0000000250257292
     92.0920944       0.0000000249713325
     92.1921921       0.0000000249171190
     92.2922897       0.0000000248630826
     92.3923950       0.0000000248092216
     92.4924927       0.0000000247555360
     92.5925903       0.0000000247020242
     92.6926956       0.0000000246486848
     92.7927933       0.0000000245955177
     92.8928909       0.0000000245425174
     92.9929962       0.0000000244896933
     93.0930939       0.0000000244370431
     93.1931915       0.0000000243845637
     93.2932968       0.0000000243322238
     93.3933945       0.0000000242800843
     93.4934921       0.0000000242281093
     93.5935898       0.0000000241763018
     93.6936951       0.0000000241246573
     93.7937927       0.0000000240731720
     93.8938904       0.0000000240218497
     93.9939957       0.0000000239706987
     94.0940933       0.0000000239197183
     94.1941910       0.0000000238688765
     94.2942963       0.0000000238182012
     94.3943939       0.0000000237677050
     94.4944916       0.0000000237173505
     94.5945969       0.0000000236671692
     94.6946945       0.0000000236171667
     94.7947922       0.0000000235672742
     94.8948975       0.0000000235175706
     94.9949951       0.0000000234680205
     95.0950928       0.0000000234186558
     95.1951981       0.0000000233693901
     95.2952957       0.0000000233203163
     95.3953934       0.0000000232713880
     95.4954987       0.0000000232226181
     95.5955963       0.0000000231739779
     95.6956940       0.0000000231255279
     95.7957993       0.0000000230771965
     95.8958969       0.0000000230290407
     95.9959946       0.0000000229810039
     96.0960999       0.0000000229331270
     96.1961975       0.0000000228854352
     96.2962952       0.0000000228378685
     96.3963928       0.0000000227904414
     96.4964981       0.0000000227431662
     96.5965958       0.0000000226960461
     96.6966934       0.0000000226490689
     96.7967987       0.0000000226022263
     96.8968964       0.0000000225555295
     96.9969940       0.0000000225089816
     97.0970993       0.0000000224625947
     97.1971970       0.0000000224163307
     97.2972946       0.0000000223702107
     97.3973999       0.0000000223242301
     97.4974976       0.0000000222784291
     97.5975952       0.0000000222327232
     97.6977005       0.0000000221871674
     97.7977982       0.0000000221417558
     97.8978958       0.0000000220965019
     97.9980011       0.0000000220513646
     98.0980988       0.0000000220063699
     98.1981964       0.0000000219615176
     98.2983017       0.0000000219167956
     98.3983994       0.0000000218722099
     98.4984970       0.0000000218277609
     98.5986023       0.0000000217834673
     98.6987000       0.0000000217392907
     98.7987976       0.0000000216952477
     98.8988953       0.0000000216513391
     98.9990005       0.0000000216075901
     99.0990982       0.0000000215639496
     99.1991959       0.0000000215204157
     99.2993011       0.0000000214770559
     99.3993988       0.0000000214338090
     99.4994965       0.0000000213906904
     99.5996017       0.0000000213476988
     99.6996994       0.0000000213048219
     99.7997971       0.0000000212621171
     99.8999023       0.0000000212194911
    100.0000000       0.0000000211770214
