# x		H(x,a)
      0.0000000       1.0000000000000000
      0.1001001       0.9900299906730652
      0.2002002       0.9607124924659729
      0.3003003       0.9137664437294006
      0.4004004       0.8518707156181335
      0.5005005       0.7784109115600586
      0.6006006       0.6971734166145325
      0.7007007       0.6120254397392273
      0.8008008       0.5266169309616089
      0.9009009       0.4441368877887726
      1.0010010       0.3671589340931381
      1.1011012       0.2975195617983685
      1.2012012       0.2363147067139970
      1.3013012       0.1839825580268653
      1.4014014       0.1404021886925636
      1.5015016       0.1050235195493248
      1.6016016       0.0770055363873914
      1.7017016       0.0553465981672924
      1.8018018       0.0389950663356354
      1.9019020       0.0269341254515613
      2.0020020       0.0182392873964211
      2.1021020       0.0121110270519525
      2.2022023       0.0078869685116463
      2.3023024       0.0050389104249655
      2.4024024       0.0031599876901947
      2.5025024       0.0019468117894465
      2.6026025       0.0011799368796323
      2.7027028       0.0007051744649038
      2.8028028       0.0004171688652099
      2.9029028       0.0002458384936147
      3.0030031       0.0001457704494328
      3.1031032       0.0000882762501746
      3.2032032       0.0000556762230672
      3.3033032       0.0000373360784099
      3.4034033       0.0000270090060962
      3.5035036       0.0000211086347558
      3.6036036       0.0000176212043132
      3.7037036       0.0000154393277555
      3.8038039       0.0000139656611824
      3.9039040       0.0000128831206289
      4.0040040       0.0000120252975464
      4.1041040       0.0000113051320542
      4.2042041       0.0000106765972110
      4.3043041       0.0000101146012191
      4.4044046       0.0000096047211547
      4.5045047       0.0000091379313332
      4.6046047       0.0000087080776753
      4.7047048       0.0000083105767410
      4.8048048       0.0000079418031723
      4.9049048       0.0000075987512097
      5.0050049       0.0000072788557295
      5.1051049       0.0000069799030380
      5.2052050       0.0000066999663905
      5.3053055       0.0000064373485659
      5.4054055       0.0000061905436344
      5.5055056       0.0000059582311886
      5.6056056       0.0000057392333025
      5.7057056       0.0000055324671802
      5.8058057       0.0000053370079956
      5.9059057       0.0000051519987327
      6.0060062       0.0000049766591624
      6.1061063       0.0000048103162651
      6.2062063       0.0000046523290064
      6.3063064       0.0000045021253265
      6.4064064       0.0000043591825006
      6.5065064       0.0000042230281327
      6.6066065       0.0000040932241231
      6.7067065       0.0000039693733949
      6.8068066       0.0000038511072041
      6.9069071       0.0000037380825748
      7.0070071       0.0000036299921702
      7.1071072       0.0000035265536020
      7.2072072       0.0000034274912726
      7.3073072       0.0000033325553310
      7.4074073       0.0000032415293476
      7.5075073       0.0000031541852030
      7.6076078       0.0000030703338722
      7.7077079       0.0000029897862964
      7.8078079       0.0000029123707544
      7.9079080       0.0000028379241354
      8.0080080       0.0000027662973264
      8.1081085       0.0000026973509513
      8.2082081       0.0000026309481621
      8.3083086       0.0000025669676210
      8.4084082       0.0000025052922110
      8.5085087       0.0000024458085637
      8.6086082       0.0000023884218547
      8.7087088       0.0000023330274468
      8.8088093       0.0000022795359391
      8.9089088       0.0000022278615635
      9.0090094       0.0000021779222516
      9.1091089       0.0000021296433690
      9.2092094       0.0000020829491588
      9.3093090       0.0000020377713271
      9.4094095       0.0000019940468083
      9.5095091       0.0000019517136850
      9.6096096       0.0000019107144910
      9.7097101       0.0000018709908445
      9.8098097       0.0000018324915585
      9.9099102       0.0000017951698811
     10.0100098       0.0000017589725558
     10.1101103       0.0000017238573050
     10.2102098       0.0000016897857186
     10.3103104       0.0000016567116457
     10.4104099       0.0000016246003774
     10.5105104       0.0000015934110129
     10.6106110       0.0000015631124487
     10.7107105       0.0000015336683737
     10.8108110       0.0000015050467480
     10.9109106       0.0000014772190629
     11.0110111       0.0000014501562980
     11.1111107       0.0000014238298330
     11.2112112       0.0000013982139230
     11.3113117       0.0000013732834667
     11.4114113       0.0000013490136156
     11.5115118       0.0000013253804205
     11.6116114       0.0000013023617070
     11.7117119       0.0000012799394885
     11.8118114       0.0000012580905132
     11.9119120       0.0000012367958704
     12.0120125       0.0000012160380963
     12.1121120       0.0000011957971422
     12.2122126       0.0000011760596797
     12.3123121       0.0000011568058602
     12.4124126       0.0000011380206461
     12.5125122       0.0000011196900557
     12.6126127       0.0000011017985272
     12.7127123       0.0000010843328487
     12.8128128       0.0000010672799034
     12.9129133       0.0000010506255886
     13.0130129       0.0000010343582282
     13.1131134       0.0000010184648374
     13.2132130       0.0000010029360489
     13.3133135       0.0000009877596141
     13.4134130       0.0000009729273536
     13.5135136       0.0000009584241373
     13.6136131       0.0000009442440336
     13.7137136       0.0000009303768376
     13.8138142       0.0000009168129877
     13.9139137       0.0000009035423800
     14.0140142       0.0000008905595726
     14.1141138       0.0000008778551166
     14.2142143       0.0000008654200312
     14.3143139       0.0000008532468600
     14.4144144       0.0000008413294424
     14.5145149       0.0000008296606203
     14.6146145       0.0000008182327715
     14.7147150       0.0000008070402082
     14.8148146       0.0000007960753318
     14.9149151       0.0000007853318323
     15.0150146       0.0000007748063379
     15.1151152       0.0000007644890728
     15.2152157       0.0000007543782969
     15.3153152       0.0000007444665501
     15.4154158       0.0000007347489274
     15.5155153       0.0000007252205786
     15.6156158       0.0000007158761756
     15.7157154       0.0000007067126356
     15.8158159       0.0000006977232048
     15.9159155       0.0000006889042212
     16.0160160       0.0000006802514595
     16.1161156       0.0000006717617411
     16.2162170       0.0000006634295042
     16.3163166       0.0000006552516272
     16.4164162       0.0000006472234624
     16.5165157       0.0000006393433459
     16.6166172       0.0000006316054766
     16.7167168       0.0000006240075688
     16.8168163       0.0000006165465048
     16.9169178       0.0000006092183838
     17.0170174       0.0000006020202593
     17.1171169       0.0000005949489449
     17.2172165       0.0000005880020112
     17.3173180       0.0000005811753606
     17.4174175       0.0000005744678481
     17.5175171       0.0000005678760283
     17.6176186       0.0000005613962351
     17.7177181       0.0000005550275800
     17.8178177       0.0000005487668215
     17.9179173       0.0000005426111024
     18.0180187       0.0000005365584219
     18.1181183       0.0000005306072053
     18.2182178       0.0000005247542422
     18.3183174       0.0000005189980307
     18.4184189       0.0000005133355313
     18.5185184       0.0000005077651903
     18.6186180       0.0000005022853612
     18.7187195       0.0000004968946306
     18.8188190       0.0000004915893413
     18.9189186       0.0000004863689031
     19.0190182       0.0000004812310091
     19.1191196       0.0000004761747712
     19.2192192       0.0000004711977370
     19.3193188       0.0000004662980926
     19.4194202       0.0000004614749158
     19.5195198       0.0000004567264599
     19.6196194       0.0000004520507965
     19.7197189       0.0000004474461416
     19.8198204       0.0000004429118067
     19.9199200       0.0000004384467676
     20.0200195       0.0000004340483454
     20.1201210       0.0000004297155924
     20.2202206       0.0000004254481081
     20.3203201       0.0000004212436349
     20.4204197       0.0000004171013431
     20.5205212       0.0000004130200736
     20.6206207       0.0000004089979575
     20.7207203       0.0000004050349247
     20.8208199       0.0000004011288249
     20.9209213       0.0000003972796253
     21.0210209       0.0000003934854454
     21.1211205       0.0000003897449635
     21.2212219       0.0000003860577452
     21.3213215       0.0000003824228596
     21.4214211       0.0000003788389459
     21.5215206       0.0000003753057910
     21.6216221       0.0000003718214010
     21.7217216       0.0000003683856082
     21.8218212       0.0000003649965498
     21.9219227       0.0000003616546899
     22.0220222       0.0000003583588261
     22.1221218       0.0000003551073678
     22.2222214       0.0000003519003580
     22.3223228       0.0000003487364861
     22.4224224       0.0000003456148580
     22.5225220       0.0000003425353586
     22.6226234       0.0000003394968258
     22.7227230       0.0000003364984531
     22.8228226       0.0000003335398679
     22.9229221       0.0000003306199558
     23.0230236       0.0000003277382876
     23.1231232       0.0000003248944970
     23.2232227       0.0000003220874326
     23.3233242       0.0000003193162539
     23.4234238       0.0000003165809034
     23.5235233       0.0000003138809648
     23.6236229       0.0000003112150551
     23.7237244       0.0000003085833925
     23.8238239       0.0000003059846562
     23.9239235       0.0000003034187727
     24.0240250       0.0000003008846544
     24.1241245       0.0000002983828457
     24.2242241       0.0000002959116348
     24.3243237       0.0000002934712312
     24.4244251       0.0000002910607129
     24.5245247       0.0000002886801679
     24.6246243       0.0000002863287070
     24.7247238       0.0000002840055979
     24.8248253       0.0000002817110556
     24.9249249       0.0000002794437566
     25.0250244       0.0000002772040520
     25.1251259       0.0000002749911137
     25.2252254       0.0000002728047999
     25.3253250       0.0000002706444056
     25.4254246       0.0000002685091936
     25.5255260       0.0000002663995971
     25.6256256       0.0000002643145407
     25.7257252       0.0000002622540204
     25.8258266       0.0000002602175979
     25.9259262       0.0000002582047903
     26.0260258       0.0000002562150606
     26.1261253       0.0000002542486546
     26.2262268       0.0000002523045371
     26.3263264       0.0000002503825121
     26.4264259       0.0000002484826110
     26.5265274       0.0000002466039713
     26.6266270       0.0000002447470544
     26.7267265       0.0000002429108448
     26.8268261       0.0000002410952501
     26.9269276       0.0000002392999477
     27.0270271       0.0000002375245207
     27.1271267       0.0000002357689399
     27.2272263       0.0000002340327225
     27.3273277       0.0000002323156479
     27.4274273       0.0000002306175335
     27.5275269       0.0000002289378327
     27.6276283       0.0000002272763200
     27.7277279       0.0000002256330986
     27.8278275       0.0000002240075220
     27.9279270       0.0000002223993750
     28.0280285       0.0000002208087168
     28.1281281       0.0000002192347643
     28.2282276       0.0000002176780853
     28.3283291       0.0000002161373931
     28.4284286       0.0000002146134462
     28.5285282       0.0000002131052885
     28.6286278       0.0000002116131607
     28.7287292       0.0000002101365434
     28.8288288       0.0000002086753946
     28.9289284       0.0000002072294705
     29.0290298       0.0000002057984093
     29.1291294       0.0000002043822651
     29.2292290       0.0000002029806535
     29.3293285       0.0000002015935983
     29.4294300       0.0000002002205688
     29.5295296       0.0000001988614312
     29.6296291       0.0000001975161568
     29.7297306       0.0000001961845211
     29.8298302       0.0000001948661962
     29.9299297       0.0000001935612920
     30.0300293       0.0000001922695817
     30.1301308       0.0000001909903302
     30.2302303       0.0000001897242246
     30.3303299       0.0000001884704767
     30.4304314       0.0000001872292730
     30.5305309       0.0000001860001934
     30.6306305       0.0000001847831418
     30.7307301       0.0000001835781742
     30.8308315       0.0000001823848036
     30.9309311       0.0000001812030704
     31.0310307       0.0000001800329075
     31.1311302       0.0000001788738888
     31.2312317       0.0000001777261232
     31.3313313       0.0000001765894417
     31.4314308       0.0000001754634597
     31.5315323       0.0000001743483295
     31.6316319       0.0000001732438374
     31.7317314       0.0000001721496480
     31.8318310       0.0000001710660625
     31.9319324       0.0000001699922848
     32.0320320       0.0000001689289116
     32.1321335       0.0000001678756621
     32.2322311       0.0000001668318763
     32.3323326       0.0000001657980030
     32.4324341       0.0000001647735430
     32.5325317       0.0000001637587362
     32.6326332       0.0000001627532196
     32.7327309       0.0000001617568276
     32.8328323       0.0000001607696352
     32.9329338       0.0000001597914506
     33.0330315       0.0000001588221830
     33.1331329       0.0000001578617382
     33.2332344       0.0000001569101855
     33.3333321       0.0000001559670012
     33.4334335       0.0000001550322436
     33.5335350       0.0000001541059711
     33.6336327       0.0000001531878583
     33.7337341       0.0000001522779817
     33.8338356       0.0000001513763375
     33.9339333       0.0000001504825123
     34.0340347       0.0000001495966193
     34.1341324       0.0000001487187943
     34.2342339       0.0000001478483247
     34.3343353       0.0000001469854675
     34.4344330       0.0000001461303771
     34.5345345       0.0000001452826236
     34.6346359       0.0000001444421993
     34.7347336       0.0000001436092352
     34.8348351       0.0000001427832451
     34.9349365       0.0000001419644484
     35.0350342       0.0000001411526778
     35.1351357       0.0000001403478555
     35.2352371       0.0000001395497758
     35.3353348       0.0000001387586581
     35.4354362       0.0000001379741994
     35.5355339       0.0000001371964326
     35.6356354       0.0000001364250589
     35.7357368       0.0000001356604276
     35.8358345       0.0000001349021004
     35.9359360       0.0000001341500473
     36.0360374       0.0000001334042830
     36.1361351       0.0000001326647435
     36.2362366       0.0000001319314204
     36.3363380       0.0000001312040177
     36.4364357       0.0000001304826740
     36.5365372       0.0000001297672549
     36.6366348       0.0000001290577378
     36.7367363       0.0000001283541172
     36.8368378       0.0000001276561294
     36.9369354       0.0000001269638641
     37.0370369       0.0000001262770696
     37.1371384       0.0000001255960314
     37.2372360       0.0000001249205026
     37.3373375       0.0000001242501536
     37.4374390       0.0000001235854354
     37.5375366       0.0000001229260072
     37.6376381       0.0000001222717135
     37.7377396       0.0000001216226969
     37.8378372       0.0000001209790716
     37.9379387       0.0000001203401729
     38.0380363       0.0000001197065482
     38.1381378       0.0000001190778623
     38.2382393       0.0000001184540850
     38.3383369       0.0000001178352384
     38.4384384       0.0000001172213128
     38.5385399       0.0000001166120829
     38.6386375       0.0000001160075080
     38.7387390       0.0000001154078151
     38.8388405       0.0000001148125885
     38.9389381       0.0000001142219921
     39.0390396       0.0000001136360198
     39.1391373       0.0000001130544328
     39.2392387       0.0000001124775058
     39.3393402       0.0000001119048622
     39.4394379       0.0000001113365535
     39.5395393       0.0000001107725357
     39.6396408       0.0000001102128263
     39.7397385       0.0000001096573137
     39.8398399       0.0000001091062293
     39.9399414       0.0000001085590217
     40.0400391       0.0000001080160821
     40.1401405       0.0000001074770490
     40.2402420       0.0000001069421935
     40.3403397       0.0000001064112562
     40.4404411       0.0000001058842174
     40.5405388       0.0000001053611605
     40.6406403       0.0000001048419359
     40.7407417       0.0000001043265767
     40.8408394       0.0000001038150771
     40.9409409       0.0000001033072261
     41.0410423       0.0000001028031001
     41.1411400       0.0000001023027001
     41.2412415       0.0000001018058295
     41.3413429       0.0000001013127341
     41.4414406       0.0000001008231457
     41.5415421       0.0000001003370455
     41.6416397       0.0000000998544654
     41.7417412       0.0000000993754696
     41.8418427       0.0000000988997944
     41.9419403       0.0000000984275427
     42.0420418       0.0000000979587702
     42.1421432       0.0000000974932761
     42.2422409       0.0000000970309966
     42.3423424       0.0000000965721570
     42.4424438       0.0000000961164526
     42.5425415       0.0000000956640716
     42.6426430       0.0000000952147812
     42.7427444       0.0000000947686481
     42.8428421       0.0000000943257664
     42.9429436       0.0000000938858650
     43.0430412       0.0000000934489914
     43.1431427       0.0000000930152962
     43.2432442       0.0000000925845168
     43.3433418       0.0000000921568141
     43.4434433       0.0000000917320193
     43.5435448       0.0000000913101631
     43.6436424       0.0000000908912294
     43.7437439       0.0000000904750559
     43.8438454       0.0000000900618862
     43.9439430       0.0000000896514662
     44.0440445       0.0000000892438887
     44.1441460       0.0000000888390867
     44.2442436       0.0000000884369508
     44.3443451       0.0000000880375655
     44.4444427       0.0000000876410470
     44.5445442       0.0000000872470367
     44.6446457       0.0000000868556145
     44.7447433       0.0000000864669961
     44.8448448       0.0000000860808983
     44.9449463       0.0000000856973047
     45.0450439       0.0000000853164037
     45.1451454       0.0000000849380811
     45.2452469       0.0000000845620964
     45.3453445       0.0000000841887135
     45.4454460       0.0000000838177999
     45.5455437       0.0000000834492479
     45.6456451       0.0000000830831630
     45.7457466       0.0000000827195575
     45.8458443       0.0000000823582178
     45.9459457       0.0000000819993528
     46.0460472       0.0000000816427510
     46.1461449       0.0000000812884704
     46.2462463       0.0000000809365116
     46.3463478       0.0000000805868341
     46.4464455       0.0000000802394616
     46.5465469       0.0000000798942811
     46.6466484       0.0000000795513120
     46.7467461       0.0000000792105696
     46.8468475       0.0000000788719441
     46.9469452       0.0000000785356348
     47.0470467       0.0000000782013931
     47.1471481       0.0000000778692734
     47.2472458       0.0000000775392372
     47.3473473       0.0000000772113407
     47.4474487       0.0000000768855452
     47.5475464       0.0000000765617445
     47.6476479       0.0000000762400511
     47.7477493       0.0000000759203008
     47.8478470       0.0000000756025985
     47.9479485       0.0000000752868773
     48.0480499       0.0000000749731592
     48.1481476       0.0000000746614398
     48.2482491       0.0000000743515680
     48.3483467       0.0000000740436458
     48.4484482       0.0000000737376758
     48.5485497       0.0000000734335738
     48.6486473       0.0000000731313990
     48.7487488       0.0000000728310356
     48.8488503       0.0000000725324818
     48.9489479       0.0000000722358328
     49.0490494       0.0000000719409176
     49.1491508       0.0000000716478055
     49.2492485       0.0000000713566223
     49.3493500       0.0000000710670831
     49.4494476       0.0000000707793638
     49.5495491       0.0000000704934120
     49.6496506       0.0000000702089978
     49.7497482       0.0000000699265120
     49.8498497       0.0000000696456769
     49.9499512       0.0000000693664910
     50.0500488       0.0000000690890505
     50.1501503       0.0000000688131895
     50.2502518       0.0000000685390119
     50.3503494       0.0000000682664928
     50.4504509       0.0000000679955665
     50.5505524       0.0000000677262943
     50.6506500       0.0000000674585445
     50.7507515       0.0000000671924336
     50.8508492       0.0000000669279259
     50.9509506       0.0000000666649119
     51.0510521       0.0000000664034733
     51.1511497       0.0000000661435714
     51.2512512       0.0000000658850997
     51.3513527       0.0000000656282635
     51.4514503       0.0000000653728935
     51.5515518       0.0000000651190430
     51.6516533       0.0000000648666367
     51.7517509       0.0000000646156903
     51.8518524       0.0000000643661988
     51.9519501       0.0000000641181366
     52.0520515       0.0000000638714742
     52.1521530       0.0000000636262717
     52.2522507       0.0000000633825266
     52.3523521       0.0000000631401768
     52.4524536       0.0000000628991258
     52.5525513       0.0000000626594812
     52.6526527       0.0000000624212304
     52.7527542       0.0000000621844144
     52.8528519       0.0000000619488613
     52.9529533       0.0000000617145770
     53.0530548       0.0000000614817579
     53.1531525       0.0000000612501514
     53.2532539       0.0000000610198816
     53.3533516       0.0000000607909507
     53.4534531       0.0000000605632072
     53.5535545       0.0000000603368232
     53.6536522       0.0000000601116792
     53.7537537       0.0000000598878592
     53.8538551       0.0000000596651184
     53.9539528       0.0000000594437779
     54.0540543       0.0000000592236034
     54.1541557       0.0000000590046929
     54.2542534       0.0000000587869273
     54.3543549       0.0000000585704167
     54.4544525       0.0000000583551171
     54.5545540       0.0000000581409910
     54.6546555       0.0000000579279461
     54.7547531       0.0000000577162204
     54.8548546       0.0000000575055696
     54.9549561       0.0000000572960776
     55.0550537       0.0000000570876927
     55.1551552       0.0000000568804899
     55.2552567       0.0000000566743877
     55.3553543       0.0000000564694527
     55.4554558       0.0000000562655872
     55.5555573       0.0000000560628163
     55.6556549       0.0000000558611723
     55.7557564       0.0000000556606155
     55.8558540       0.0000000554611089
     55.9559555       0.0000000552627148
     56.0560570       0.0000000550653569
     56.1561546       0.0000000548690942
     56.2562561       0.0000000546738031
     56.3563576       0.0000000544795366
     56.4564552       0.0000000542864127
     56.5565567       0.0000000540941907
     56.6566582       0.0000000539031242
     56.7567558       0.0000000537129643
     56.8568573       0.0000000535238151
     56.9569588       0.0000000533357182
     57.0570564       0.0000000531485488
     57.1571579       0.0000000529624798
     57.2572556       0.0000000527772343
     57.3573570       0.0000000525930194
     57.4574585       0.0000000524097873
     57.5575562       0.0000000522275222
     57.6576576       0.0000000520462117
     57.7577591       0.0000000518657968
     57.8578568       0.0000000516863119
     57.9579582       0.0000000515078064
     58.0580597       0.0000000513302156
     58.1581573       0.0000000511535453
     58.2582588       0.0000000509777832
     58.3583565       0.0000000508028657
     58.4584579       0.0000000506288928
     58.5585594       0.0000000504558402
     58.6586571       0.0000000502836172
     58.7587585       0.0000000501123377
     58.8588600       0.0000000499419175
     58.9589577       0.0000000497722763
     59.0590591       0.0000000496036131
     59.1591606       0.0000000494357609
     59.2592583       0.0000000492687627
     59.3593597       0.0000000491025830
     59.4594612       0.0000000489372919
     59.5595589       0.0000000487727851
     59.6596603       0.0000000486091526
     59.7597580       0.0000000484463340
     59.8598595       0.0000000482842785
     59.9599609       0.0000000481231108
     60.0600586       0.0000000479627127
     60.1601601       0.0000000478031084
     60.2602615       0.0000000476443132
     60.3603592       0.0000000474863090
     60.4604607       0.0000000473290666
     60.5605621       0.0000000471726283
     60.6606598       0.0000000470169773
     60.7607613       0.0000000468620475
     60.8608627       0.0000000467078869
     60.9609604       0.0000000465545563
     61.0610619       0.0000000464018931
     61.1611595       0.0000000462500533
     61.2612610       0.0000000460989323
     61.3613625       0.0000000459485618
     61.4614601       0.0000000457988666
     61.5615616       0.0000000456499160
     61.6616631       0.0000000455017442
     61.7617607       0.0000000453542704
     61.8618622       0.0000000452074939
     61.9619637       0.0000000450614339
     62.0620613       0.0000000449161119
     62.1621628       0.0000000447715032
     62.2622604       0.0000000446274789
     62.3623619       0.0000000444842928
     62.4624634       0.0000000443416921
     62.5625610       0.0000000441998282
     62.6626625       0.0000000440585924
     62.7627640       0.0000000439181290
     62.8628616       0.0000000437782401
     62.9629631       0.0000000436390711
     63.0630646       0.0000000435005453
     63.1631622       0.0000000433627165
     63.2632637       0.0000000432254761
     63.3633652       0.0000000430889228
     63.4634628       0.0000000429530065
     63.5635643       0.0000000428177552
     63.6636620       0.0000000426831055
     63.7637634       0.0000000425490965
     63.8638649       0.0000000424157155
     63.9639626       0.0000000422829813
     64.0640640       0.0000000421509108
     64.1641617       0.0000000420194062
     64.2642670       0.0000000418884631
     64.3643646       0.0000000417582093
     64.4644623       0.0000000416285608
     64.5645676       0.0000000414994884
     64.6646652       0.0000000413710097
     64.7647629       0.0000000412431660
     64.8648682       0.0000000411158720
     64.9649658       0.0000000409891995
     65.0650635       0.0000000408630904
     65.1651688       0.0000000407375354
     65.2652664       0.0000000406126058
     65.3653641       0.0000000404882535
     65.4654617       0.0000000403644419
     65.5655670       0.0000000402412014
     65.6656647       0.0000000401185417
     65.7657623       0.0000000399964457
     65.8658676       0.0000000398748540
     65.9659653       0.0000000397538659
     66.0660629       0.0000000396334351
     66.1661682       0.0000000395135383
     66.2662659       0.0000000393941487
     66.3663635       0.0000000392753466
     66.4664688       0.0000000391570801
     66.5665665       0.0000000390392978
     66.6666641       0.0000000389220732
     66.7667694       0.0000000388053858
     66.8668671       0.0000000386891948
     66.9669647       0.0000000385735979
     67.0670700       0.0000000384584426
     67.1671677       0.0000000383438331
     67.2672653       0.0000000382297557
     67.3673706       0.0000000381161324
     67.4674683       0.0000000380030728
     67.5675659       0.0000000378904911
     67.6676712       0.0000000377784085
     67.7677689       0.0000000376667975
     67.8678665       0.0000000375556806
     67.9679642       0.0000000374450895
     68.0680695       0.0000000373349610
     68.1681671       0.0000000372253496
     68.2682648       0.0000000371162041
     68.3683701       0.0000000370075329
     68.4684677       0.0000000368993309
     68.5685654       0.0000000367916001
     68.6686707       0.0000000366843902
     68.7687683       0.0000000365775813
     68.8688660       0.0000000364712819
     68.9689713       0.0000000363654176
     69.0690689       0.0000000362600482
     69.1691666       0.0000000361550967
     69.2692719       0.0000000360506271
     69.3693695       0.0000000359466043
     69.4694672       0.0000000358430139
     69.5695724       0.0000000357398668
     69.6696701       0.0000000356372065
     69.7697678       0.0000000355349734
     69.8698730       0.0000000354331530
     69.9699707       0.0000000353317685
     70.0700684       0.0000000352308940
     70.1701736       0.0000000351303712
     70.2702713       0.0000000350302824
     70.3703690       0.0000000349306424
     70.4704742       0.0000000348313999
     70.5705719       0.0000000347326424
     70.6706696       0.0000000346342492
     70.7707672       0.0000000345362983
     70.8708725       0.0000000344387553
     70.9709702       0.0000000343416186
     71.0710678       0.0000000342448930
     71.1711731       0.0000000341485814
     71.2712708       0.0000000340526708
     71.3713684       0.0000000339571867
     71.4714737       0.0000000338620918
     71.5715714       0.0000000337673877
     71.6716690       0.0000000336730835
     71.7717743       0.0000000335791492
     71.8718719       0.0000000334856191
     71.9719696       0.0000000333925083
     72.0720749       0.0000000332997739
     72.1721725       0.0000000332074088
     72.2722702       0.0000000331154597
     72.3723755       0.0000000330238441
     72.4724731       0.0000000329326412
     72.5725708       0.0000000328418087
     72.6726761       0.0000000327513398
     72.7727737       0.0000000326612395
     72.8728714       0.0000000325715422
     72.9729767       0.0000000324821916
     73.0730743       0.0000000323932159
     73.1731720       0.0000000323046140
     73.2732697       0.0000000322164001
     73.3733749       0.0000000321284807
     73.4734726       0.0000000320409455
     73.5735703       0.0000000319538002
     73.6736755       0.0000000318669679
     73.7737732       0.0000000317804709
     73.8738708       0.0000000316943789
     73.9739761       0.0000000316086362
     74.0740738       0.0000000315232345
     74.1741714       0.0000000314381527
     74.2742767       0.0000000313534202
     74.3743744       0.0000000312690622
     74.4744720       0.0000000311850184
     74.5745773       0.0000000311013109
     74.6746750       0.0000000310179206
     74.7747726       0.0000000309349060
     74.8748779       0.0000000308522226
     74.9749756       0.0000000307698485
     75.0750732       0.0000000306878044
     75.1751785       0.0000000306061000
     75.2752762       0.0000000305247092
     75.3753738       0.0000000304436205
     75.4754791       0.0000000303629153
     75.5755768       0.0000000302824965
     75.6756744       0.0000000302023708
     75.7757721       0.0000000301226023
     75.8758774       0.0000000300431624
     75.9759750       0.0000000299640189
     76.0760727       0.0000000298851816
     76.1761780       0.0000000298066235
     76.2762756       0.0000000297284115
     76.3763733       0.0000000296505040
     76.4764786       0.0000000295729015
     76.5765762       0.0000000294956085
     76.6766739       0.0000000294185918
     76.7767792       0.0000000293418990
     76.8768768       0.0000000292655108
     76.9769745       0.0000000291894383
     77.0770798       0.0000000291136130
     77.1771774       0.0000000290381035
     77.2772751       0.0000000289629170
     77.3773804       0.0000000288879645
     77.4774780       0.0000000288133318
     77.5775757       0.0000000287389762
     77.6776810       0.0000000286649344
     77.7777786       0.0000000285911373
     77.8778763       0.0000000285176707
     77.9779816       0.0000000284444806
     78.0780792       0.0000000283715813
     78.1781769       0.0000000282989316
     78.2782745       0.0000000282265617
     78.3783798       0.0000000281544583
     78.4784775       0.0000000280826389
     78.5785751       0.0000000280111278
     78.6786804       0.0000000279398823
     78.7787781       0.0000000278688964
     78.8788757       0.0000000277981715
     78.9789810       0.0000000277277124
     79.0790787       0.0000000276575317
     79.1791763       0.0000000275876153
     79.2792816       0.0000000275179701
     79.3793793       0.0000000274485806
     79.4794769       0.0000000273794570
     79.5795822       0.0000000273105929
     79.6796799       0.0000000272419609
     79.7797775       0.0000000271736323
     79.8798828       0.0000000271055377
     79.9799805       0.0000000270376862
     80.0800781       0.0000000269701109
     80.1801834       0.0000000269027729
     80.2802811       0.0000000268357011
     80.3803787       0.0000000267688874
     80.4804840       0.0000000267023002
     80.5805817       0.0000000266359822
     80.6806793       0.0000000265699272
     80.7807770       0.0000000265040749
     80.8808823       0.0000000264384888
     80.9809799       0.0000000263731278
     81.0810776       0.0000000263080077
     81.1811829       0.0000000262431647
     81.2812805       0.0000000261785389
     81.3813782       0.0000000261141447
     81.4814835       0.0000000260500023
     81.5815811       0.0000000259860914
     81.6816788       0.0000000259224028
     81.7817841       0.0000000258589458
     81.8818817       0.0000000257957234
     81.9819794       0.0000000257327481
     82.0820847       0.0000000256700226
     82.1821823       0.0000000256074980
     82.2822800       0.0000000255451987
     82.3823853       0.0000000254831353
     82.4824829       0.0000000254212929
     82.5825806       0.0000000253596727
     82.6826859       0.0000000252982868
     82.7827835       0.0000000252371277
     82.8828812       0.0000000251761803
     82.9829865       0.0000000251154576
     83.0830841       0.0000000250549498
     83.1831818       0.0000000249946492
     83.2832794       0.0000000249345677
     83.3833847       0.0000000248747197
     83.4834824       0.0000000248150938
     83.5835800       0.0000000247556436
     83.6836853       0.0000000246964670
     83.7837830       0.0000000246374456
     83.8838806       0.0000000245786693
     83.9839859       0.0000000245200940
     84.0840836       0.0000000244617019
     84.1841812       0.0000000244035593
     84.2842865       0.0000000243456184
     84.3843842       0.0000000242878625
     84.4844818       0.0000000242303062
     84.5845871       0.0000000241729803
     84.6846848       0.0000000241158510
     84.7847824       0.0000000240589136
     84.8848877       0.0000000240021634
     84.9849854       0.0000000239456429
     85.0850830       0.0000000238893081
     85.1851883       0.0000000238331804
     85.2852859       0.0000000237772529
     85.3853836       0.0000000237215048
     85.4854889       0.0000000236659782
     85.5855865       0.0000000236106213
     85.6856842       0.0000000235554974
     85.7857895       0.0000000235005223
     85.8858871       0.0000000234457431
     85.9859848       0.0000000233911691
     86.0860825       0.0000000233367703
     86.1861877       0.0000000232825847
     86.2862854       0.0000000232285886
     86.3863831       0.0000000231747626
     86.4864883       0.0000000231211011
     86.5865860       0.0000000230676714
     86.6866837       0.0000000230144234
     86.7867889       0.0000000229613301
     86.8868866       0.0000000229084327
     86.9869843       0.0000000228557246
     87.0870895       0.0000000228031935
     87.1871872       0.0000000227508174
     87.2872849       0.0000000226986542
     87.3873901       0.0000000226466648
     87.4874878       0.0000000225948831
     87.5875854       0.0000000225432244
     87.6876907       0.0000000224917885
     87.7877884       0.0000000224404961
     87.8878860       0.0000000223894006
     87.9879913       0.0000000223384602
     88.0880890       0.0000000222876816
     88.1881866       0.0000000222371042
     88.2882919       0.0000000221867094
     88.3883896       0.0000000221364658
     88.4884872       0.0000000220863824
     88.5885849       0.0000000220364786
     88.6886902       0.0000000219867542
     88.7887878       0.0000000219371917
     88.8888855       0.0000000218877921
     88.9889908       0.0000000218385509
     89.0890884       0.0000000217894880
     89.1891861       0.0000000217405998
     89.2892914       0.0000000216918434
     89.3893890       0.0000000216432869
     89.4894867       0.0000000215948713
     89.5895920       0.0000000215466447
     89.6896896       0.0000000214985636
     89.7897873       0.0000000214506331
     89.8898926       0.0000000214028832
     89.9899902       0.0000000213552709
     90.0900879       0.0000000213078216
     90.1901932       0.0000000212605358
     90.2902908       0.0000000212133909
     90.3903885       0.0000000211664145
     90.4904938       0.0000000211196087
     90.5905914       0.0000000210729440
     90.6906891       0.0000000210264313
     90.7907944       0.0000000209800689
     90.8908920       0.0000000209338659
     90.9909897       0.0000000208878137
     91.0910873       0.0000000208419348
     91.1911926       0.0000000207961832
     91.2912903       0.0000000207505867
     91.3913879       0.0000000207051406
     91.4914932       0.0000000206598302
     91.5915909       0.0000000206146802
     91.6916885       0.0000000205696985
     91.7917938       0.0000000205248217
     91.8918915       0.0000000204801376
     91.9919891       0.0000000204355710
     92.0920944       0.0000000203911508
     92.1921921       0.0000000203468810
     92.2922897       0.0000000203027568
     92.3923950       0.0000000202587752
     92.4924927       0.0000000202149361
     92.5925903       0.0000000201712380
     92.6926956       0.0000000201276824
     92.7927933       0.0000000200842678
     92.8928909       0.0000000200409893
     92.9929962       0.0000000199978536
     93.0930939       0.0000000199548588
     93.1931915       0.0000000199120050
     93.2932968       0.0000000198692669
     93.3933945       0.0000000198266903
     93.4934921       0.0000000197842469
     93.5935898       0.0000000197419430
     93.6936951       0.0000000196997706
     93.7937927       0.0000000196577282
     93.8938904       0.0000000196158209
     93.9939957       0.0000000195740511
     94.0940933       0.0000000195324223
     94.1941910       0.0000000194909049
     94.2942963       0.0000000194495252
     94.3943939       0.0000000194082896
     94.4944916       0.0000000193671702
     94.5945969       0.0000000193261962
     94.6946945       0.0000000192853631
     94.7947922       0.0000000192446231
     94.8948975       0.0000000192040344
     94.9949951       0.0000000191635734
     95.0950928       0.0000000191232631
     95.1951981       0.0000000190830340
     95.2952957       0.0000000190429608
     95.3953934       0.0000000190030070
     95.4954987       0.0000000189631844
     95.5955963       0.0000000189234631
     95.6956940       0.0000000188838991
     95.7957993       0.0000000188444330
     95.8958969       0.0000000188051102
     95.9959946       0.0000000187658842
     96.0960999       0.0000000187267879
     96.1961975       0.0000000186878443
     96.2962952       0.0000000186490013
     96.3963928       0.0000000186102749
     96.4964981       0.0000000185716702
     96.5965958       0.0000000185331923
     96.6966934       0.0000000184948309
     96.7967987       0.0000000184565809
     96.8968964       0.0000000184184484
     96.9969940       0.0000000183804382
     97.0970993       0.0000000183425600
     97.1971970       0.0000000183047822
     97.2972946       0.0000000182671215
     97.3973999       0.0000000182295752
     97.4974976       0.0000000181921746
     97.5975952       0.0000000181548499
     97.6977005       0.0000000181176500
     97.7977982       0.0000000180805676
     97.8978958       0.0000000180436158
     97.9980011       0.0000000180067560
     98.0980988       0.0000000179700137
     98.1981964       0.0000000179333902
     98.2983017       0.0000000178968705
     98.3983994       0.0000000178604636
     98.4984970       0.0000000178241670
     98.5986023       0.0000000177879966
     98.6987000       0.0000000177519235
     98.7987976       0.0000000177159576
     98.8988953       0.0000000176801024
     98.9990005       0.0000000176443792
     99.0990982       0.0000000176087418
     99.1991959       0.0000000175731948
     99.2993011       0.0000000175377859
     99.3993988       0.0000000175024704
     99.4994965       0.0000000174672625
     99.5996017       0.0000000174321550
     99.6996994       0.0000000173971427
     99.7997971       0.0000000173622712
     99.8999023       0.0000000173274627
    100.0000000       0.0000000172927831
