# x		H(x,a)
      0.0000000       1.0000000000000000
      0.1001001       0.9900299906730652
      0.2002002       0.9607124924659729
      0.3003003       0.9137664437294006
      0.4004004       0.8518707156181335
      0.5005005       0.7784109115600586
      0.6006006       0.6971734166145325
      0.7007007       0.6120254397392273
      0.8008008       0.5266169309616089
      0.9009009       0.4441368877887726
      1.0010010       0.3671542136403174
      1.1011012       0.2975061989875384
      1.2012012       0.2362937256009228
      1.3013012       0.1839563696304559
      1.4014014       0.1403732413474114
      1.5015016       0.1049937935434946
      1.6016016       0.0769764371818800
      1.7017016       0.0553190172110409
      1.8018018       0.0389694949991492
      1.9019020       0.0269107703130747
      2.0020020       0.0182181666579832
      2.1021020       0.0120920438227706
      2.2022023       0.0078699627027079
      2.3023024       0.0050236935918750
      2.4024024       0.0031463652099041
      2.5025024       0.0019345960338304
      2.6026025       0.0011689543603393
      2.7027028       0.0006952690598099
      2.8028028       0.0004082026349834
      2.9029028       0.0002376910587743
      3.0030031       0.0001383376519448
      3.1031032       0.0000814684441720
      3.2032032       0.0000494165103941
      3.3033032       0.0000315586032867
      3.4034033       0.0000216573716954
      3.5035036       0.0000161345168701
      3.6036036       0.0000129831183232
      3.7037036       0.0000111015887187
      3.8038039       0.0000098974736789
      3.9039040       0.0000090578354854
      4.0040040       0.0000084197668520
      4.1041040       0.0000078991717987
      4.2042041       0.0000074525434184
      4.3043041       0.0000070569361724
      4.4044046       0.0000066997479169
      4.5045047       0.0000063735244559
      4.6046047       0.0000060734524614
      4.7047048       0.0000057961102585
      4.8048048       0.0000055388719888
      4.9049048       0.0000052995993224
      5.0050049       0.0000050764884287
      5.1051049       0.0000048679875797
      5.2052050       0.0000046727506570
      5.3053055       0.0000044895931214
      5.4054055       0.0000043174642213
      5.5055056       0.0000041554427156
      5.6056056       0.0000040027070348
      5.7057056       0.0000038585025761
      5.8058057       0.0000037221838155
      5.9059057       0.0000035931528501
      6.0060062       0.0000034708662006
      6.1061063       0.0000033548534006
      6.2062063       0.0000032446685889
      6.3063064       0.0000031399125911
      6.4064064       0.0000030402200934
      6.5065064       0.0000029452621659
      6.6066065       0.0000028547330361
      6.7067065       0.0000027683556361
      6.8068066       0.0000026858735807
      6.9069071       0.0000026070468958
      7.0070071       0.0000025316614190
      7.1071072       0.0000024595205243
      7.2072072       0.0000023904316743
      7.3073072       0.0000023242204233
      7.4074073       0.0000022607362180
      7.5075073       0.0000021998201177
      7.6076078       0.0000021413397619
      7.7077079       0.0000020851632708
      7.8078079       0.0000020311716698
      7.9079080       0.0000019792502842
      8.0080080       0.0000019292957567
      8.1081085       0.0000018812105047
      8.2082081       0.0000018348995086
      8.3083086       0.0000017902775174
      8.4084082       0.0000017472632338
      8.5085087       0.0000017057776679
      8.6086082       0.0000016657544846
      8.7087088       0.0000016271208045
      8.8088093       0.0000015898142608
      8.9089088       0.0000015537750842
      9.0090094       0.0000015189459077
      9.1091089       0.0000014852748739
      9.2092094       0.0000014527089327
      9.3093090       0.0000014212007088
      9.4094095       0.0000013907058705
      9.5095091       0.0000013611814964
      9.6096096       0.0000013325875456
      9.7097101       0.0000013048831377
      9.8098097       0.0000012780326966
      9.9099102       0.0000012520034576
     10.0100098       0.0000012267583584
     10.1101103       0.0000012022679154
     10.2102098       0.0000011785053579
     10.3103104       0.0000011554387804
     10.4104099       0.0000011330433750
     10.5105104       0.0000011112908803
     10.6106110       0.0000010901598660
     10.7107105       0.0000010696246857
     10.8108110       0.0000010496632153
     10.9109106       0.0000010302553673
     11.0110111       0.0000010113809377
     11.1111107       0.0000009930201131
     11.2112112       0.0000009751548286
     11.3113117       0.0000009577675599
     11.4114113       0.0000009408410631
     11.5115118       0.0000009243586974
     11.6116114       0.0000009083047563
     11.7117119       0.0000008926668717
     11.8118114       0.0000008774287891
     11.9119120       0.0000008625771750
     12.0120125       0.0000008481001119
     12.1121120       0.0000008339834629
     12.2122126       0.0000008202180313
     12.3123121       0.0000008067898698
     12.4124126       0.0000007936885040
     12.5125122       0.0000007809041755
     12.6126127       0.0000007684261670
     12.7127123       0.0000007562450708
     12.8128128       0.0000007443518164
     12.9129133       0.0000007327366867
     13.0130129       0.0000007213913957
     13.1131134       0.0000007103068259
     13.2132130       0.0000006994766603
     13.3133135       0.0000006888921805
     13.4134130       0.0000006785476633
     13.5135136       0.0000006684327130
     13.6136131       0.0000006585431140
     13.7137136       0.0000006488717427
     13.8138142       0.0000006394119373
     13.9139137       0.0000006301566200
     14.0140142       0.0000006211019670
     14.1141138       0.0000006122415911
     14.2142143       0.0000006035689249
     14.3143139       0.0000005950790383
     14.4144144       0.0000005867674618
     14.5145149       0.0000005786292721
     14.6146145       0.0000005706592421
     14.7147150       0.0000005628531874
     14.8148146       0.0000005552059549
     14.9149151       0.0000005477131787
     15.0150146       0.0000005403723577
     15.1151152       0.0000005331767894
     15.2152157       0.0000005261252282
     15.3153152       0.0000005192125194
     15.4154158       0.0000005124350934
     15.5155153       0.0000005057898279
     15.6156158       0.0000004992727465
     15.7157154       0.0000004928818256
     15.8158159       0.0000004866123437
     15.9159155       0.0000004804617519
     16.0160160       0.0000004744270518
     16.1161156       0.0000004685060744
     16.2162170       0.0000004626949462
     16.3163166       0.0000004569914263
     16.4164162       0.0000004513923413
     16.5165157       0.0000004458965947
     16.6166172       0.0000004404999346
     16.7167168       0.0000004352008849
     16.8168163       0.0000004299973594
     16.9169178       0.0000004248865607
     17.0170174       0.0000004198663532
     17.1171169       0.0000004149346288
     17.2172165       0.0000004100896068
     17.3173180       0.0000004053285019
     17.4174175       0.0000004006505111
     17.5175171       0.0000003960531806
     17.6176186       0.0000003915339684
     17.7177181       0.0000003870923144
     17.8178177       0.0000003827258875
     17.9179173       0.0000003784326500
     18.0180187       0.0000003742113463
     18.1181183       0.0000003700608096
     18.2182178       0.0000003659787602
     18.3183174       0.0000003619642447
     18.4184189       0.0000003580150262
     18.5185184       0.0000003541301258
     18.6186180       0.0000003503083500
     18.7187195       0.0000003465486785
     18.8188190       0.0000003428486510
     18.9189186       0.0000003392077450
     19.0190182       0.0000003356244318
     19.1191196       0.0000003320980676
     19.2192192       0.0000003286269471
     19.3193188       0.0000003252097662
     19.4194202       0.0000003218459920
     19.5195198       0.0000003185342196
     19.6196194       0.0000003152732909
     19.7197189       0.0000003120618809
     19.8198204       0.0000003088995000
     19.9199200       0.0000003057854440
     20.0200195       0.0000003027178841
     20.1201210       0.0000002996961017
     20.2202206       0.0000002967198142
     20.3203201       0.0000002937875205
     20.4204197       0.0000002908985700
     20.5205212       0.0000002880521221
     20.6206207       0.0000002852470051
     20.7207203       0.0000002824830556
     20.8208199       0.0000002797588428
     20.9209213       0.0000002770742996
     21.0210209       0.0000002744281187
     21.1211205       0.0000002718193775
     21.2212219       0.0000002692478374
     21.3213215       0.0000002667127476
     21.4214211       0.0000002642132286
     21.5215206       0.0000002617491264
     21.6216221       0.0000002593190040
     21.7217216       0.0000002569227710
     21.8218212       0.0000002545591571
     21.9219227       0.0000002522284494
     22.0220222       0.0000002499298459
     22.1221218       0.0000002476621374
     22.2222214       0.0000002454255049
     22.3223228       0.0000002432189025
     22.4224224       0.0000002410418001
     22.5225220       0.0000002388940610
     22.6226234       0.0000002367748878
     22.7227230       0.0000002346837543
     22.8228226       0.0000002326203672
     22.9229221       0.0000002305839349
     23.0230236       0.0000002285741709
     23.1231232       0.0000002265908424
     23.2232227       0.0000002246330709
     23.3233242       0.0000002227003805
     23.4234238       0.0000002207926786
     23.5235233       0.0000002189096826
     23.6236229       0.0000002170503921
     23.7237244       0.0000002152149743
     23.8238239       0.0000002134025705
     23.9239235       0.0000002116130298
     24.0240250       0.0000002098456726
     24.1241245       0.0000002081008335
     24.2242241       0.0000002063773240
     24.3243237       0.0000002046753330
     24.4244251       0.0000002029941719
     24.5245247       0.0000002013339154
     24.6246243       0.0000001996939251
     24.7247238       0.0000001980737056
     24.8248253       0.0000001964734276
     24.9249249       0.0000001948921718
     25.0250244       0.0000001933301380
     25.1251259       0.0000001917867664
     25.2252254       0.0000001902619427
     25.3253250       0.0000001887552399
     25.4254246       0.0000001872660890
     25.5255260       0.0000001857947759
     25.6256256       0.0000001843406137
     25.7257252       0.0000001829035466
     25.8258266       0.0000001814832803
     25.9259262       0.0000001800794893
     26.0260258       0.0000001786918003
     26.1261253       0.0000001773203642
     26.2262268       0.0000001759644653
     26.3263264       0.0000001746240055
     26.4264259       0.0000001732989611
     26.5265274       0.0000001719887422
     26.6266270       0.0000001706936845
     26.7267265       0.0000001694130516
     26.8268261       0.0000001681467857
     26.9269276       0.0000001668947098
     27.0270271       0.0000001656564739
     27.1271267       0.0000001644320736
     27.2272263       0.0000001632211885
     27.3273277       0.0000001620236640
     27.4274273       0.0000001608393329
     27.5275269       0.0000001596678499
     27.6276283       0.0000001585090888
     27.7277279       0.0000001573630596
     27.8278275       0.0000001562293303
     27.9279270       0.0000001551077451
     28.0280285       0.0000001539983913
     28.1281281       0.0000001529006729
     28.2282276       0.0000001518149879
     28.3283291       0.0000001507404822
     28.4284286       0.0000001496776179
     28.5285282       0.0000001486257842
     28.6286278       0.0000001475851333
     28.7287292       0.0000001465552978
     28.8288288       0.0000001455362574
     28.9289284       0.0000001445278242
     29.0290298       0.0000001435297553
     29.1291294       0.0000001425421100
     29.2292290       0.0000001415645715
     29.3293285       0.0000001405971991
     29.4294300       0.0000001396396183
     29.5295296       0.0000001386917193
     29.6296291       0.0000001377534816
     29.7297306       0.0000001368247678
     29.8298302       0.0000001359053289
     29.9299297       0.0000001349952437
     30.0300293       0.0000001340943730
     30.1301308       0.0000001332021854
     30.2302303       0.0000001323191694
     30.3303299       0.0000001314447550
     30.4304314       0.0000001305791052
     30.5305309       0.0000001297219130
     30.6306305       0.0000001288731011
     30.7307301       0.0000001280327191
     30.8308315       0.0000001272004320
     30.9309311       0.0000001263762638
     31.0310307       0.0000001255601524
     31.1311302       0.0000001247518263
     31.2312317       0.0000001239513375
     31.3313313       0.0000001231585862
     31.4314308       0.0000001223733015
     31.5315323       0.0000001215955692
     31.6316319       0.0000001208252624
     31.7317314       0.0000001200621405
     31.8318310       0.0000001193064133
     31.9319324       0.0000001185575485
     32.0320320       0.0000001178159127
     32.1321335       0.0000001170813515
     32.2322311       0.0000001163533848
     32.3323326       0.0000001156323150
     32.4324341       0.0000001149178347
     32.5325317       0.0000001142100849
     32.6326332       0.0000001135088021
     32.7327309       0.0000001128138879
     32.8328323       0.0000001121253980
     32.9329338       0.0000001114431957
     33.0330315       0.0000001107671793
     33.1331329       0.0000001100973383
     33.2332344       0.0000001094337071
     33.3333321       0.0000001087758894
     33.4334335       0.0000001081239812
     33.5335350       0.0000001074779597
     33.6336327       0.0000001068376449
     33.7337341       0.0000001062030799
     33.8338356       0.0000001055742296
     33.9339333       0.0000001049508550
     34.0340347       0.0000001043330012
     34.1341324       0.0000001037207840
     34.2342339       0.0000001031136984
     34.3343353       0.0000001025119125
     34.4344330       0.0000001019155522
     34.5345345       0.0000001013243038
     34.6346359       0.0000001007381581
     34.7347336       0.0000001001572384
     34.8348351       0.0000000995811681
     34.9349365       0.0000000990101124
     35.0350342       0.0000000984439582
     35.1351357       0.0000000978826511
     35.2352371       0.0000000973260423
     35.3353348       0.0000000967743045
     35.4354362       0.0000000962271989
     35.5355339       0.0000000956847620
     35.6356354       0.0000000951467862
     35.7357368       0.0000000946135089
     35.8358345       0.0000000940846229
     35.9359360       0.0000000935601258
     36.0360374       0.0000000930400038
     36.1361351       0.0000000925242335
     36.2362366       0.0000000920127926
     36.3363380       0.0000000915054818
     36.4364357       0.0000000910023917
     36.5365372       0.0000000905034305
     36.6366348       0.0000000900086062
     36.7367363       0.0000000895178771
     36.8368378       0.0000000890310706
     36.9369354       0.0000000885482629
     37.0370369       0.0000000880692718
     37.1371384       0.0000000875943099
     37.2372360       0.0000000871231715
     37.3373375       0.0000000866556587
     37.4374390       0.0000000861920537
     37.5375366       0.0000000857321597
     37.6376381       0.0000000852758256
     37.7377396       0.0000000848231895
     37.8378372       0.0000000843743059
     37.9379387       0.0000000839287198
     38.0380363       0.0000000834868042
     38.1381378       0.0000000830483450
     38.2382393       0.0000000826133035
     38.3383369       0.0000000821817063
     38.4384384       0.0000000817535390
     38.5385399       0.0000000813286394
     38.6386375       0.0000000809069889
     38.7387390       0.0000000804887518
     38.8388405       0.0000000800736219
     38.9389381       0.0000000796617224
     39.0390396       0.0000000792530485
     39.1391373       0.0000000788474337
     39.2392387       0.0000000784450658
     39.3393402       0.0000000780456894
     39.4394379       0.0000000776493303
     39.5395393       0.0000000772559778
     39.6396408       0.0000000768656076
     39.7397385       0.0000000764781794
     39.8398399       0.0000000760938368
     39.9399414       0.0000000757122040
     40.0400391       0.0000000753335425
     40.1401405       0.0000000749575976
     40.2402420       0.0000000745845816
     40.3403397       0.0000000742142878
     40.4404411       0.0000000738467183
     40.5405388       0.0000000734819262
     40.6406403       0.0000000731198021
     40.7407417       0.0000000727603695
     40.8408394       0.0000000724036370
     40.9409409       0.0000000720494526
     41.0410423       0.0000000716978568
     41.1411400       0.0000000713488636
     41.2412415       0.0000000710023252
     41.3413429       0.0000000706584312
     41.4414406       0.0000000703169795
     41.5415421       0.0000000699779560
     41.6416397       0.0000000696413950
     41.7417412       0.0000000693073267
     41.8418427       0.0000000689755783
     41.9419403       0.0000000686462135
     42.0420418       0.0000000683192840
     42.1421432       0.0000000679946292
     42.2422409       0.0000000676722282
     42.3423424       0.0000000673522211
     42.4424438       0.0000000670343923
     42.5425415       0.0000000667188912
     42.6426430       0.0000000664055401
     42.7427444       0.0000000660943993
     42.8428421       0.0000000657855168
     42.9429436       0.0000000654787199
     43.0430412       0.0000000651740290
     43.1431427       0.0000000648715577
     43.2432442       0.0000000645711186
     43.3433418       0.0000000642728244
     43.4434433       0.0000000639765660
     43.5435448       0.0000000636823454
     43.6436424       0.0000000633901738
     43.7437439       0.0000000630999204
     43.8438454       0.0000000628117682
     43.9439430       0.0000000625255231
     44.0440445       0.0000000622412690
     44.1441460       0.0000000619589461
     44.2442436       0.0000000616784904
     44.3443451       0.0000000613999446
     44.4444427       0.0000000611234021
     44.5445442       0.0000000608486109
     44.6446457       0.0000000605756249
     44.7447433       0.0000000603045838
     44.8448448       0.0000000600353111
     44.9449463       0.0000000597677792
     45.0450439       0.0000000595021358
     45.1451454       0.0000000592382759
     45.2452469       0.0000000589760550
     45.3453445       0.0000000587156410
     45.4454460       0.0000000584569554
     45.5455437       0.0000000581999147
     45.6456451       0.0000000579446003
     45.7457466       0.0000000576910120
     45.8458443       0.0000000574390046
     45.9459457       0.0000000571887174
     46.0460472       0.0000000569400211
     46.1461449       0.0000000566929347
     46.2462463       0.0000000564474643
     46.3463478       0.0000000562035846
     46.4464455       0.0000000559613179
     46.5465469       0.0000000557205813
     46.6466484       0.0000000554813879
     46.7467461       0.0000000552437426
     46.8468475       0.0000000550075744
     46.9469452       0.0000000547730217
     47.0470467       0.0000000545399154
     47.1471481       0.0000000543082820
     47.2472458       0.0000000540781005
     47.3473473       0.0000000538494229
     47.4474487       0.0000000536222017
     47.5475464       0.0000000533963821
     47.6476479       0.0000000531720139
     47.7477493       0.0000000529490110
     47.8478470       0.0000000527274374
     47.9479485       0.0000000525072463
     48.0480499       0.0000000522884505
     48.1481476       0.0000000520710500
     48.2482491       0.0000000518549357
     48.3483467       0.0000000516401830
     48.4484482       0.0000000514267887
     48.5485497       0.0000000512146972
     48.6486473       0.0000000510039546
     48.7487488       0.0000000507944690
     48.8488503       0.0000000505862528
     48.9489479       0.0000000503793579
     49.0490494       0.0000000501736808
     49.1491508       0.0000000499692521
     49.2492485       0.0000000497661734
     49.3493500       0.0000000495642434
     49.4494476       0.0000000493635760
     49.5495491       0.0000000491641490
     49.6496506       0.0000000489657914
     49.7497482       0.0000000487687719
     49.8498497       0.0000000485729087
     49.9499512       0.0000000483781977
     50.0500488       0.0000000481847040
     50.1501503       0.0000000479923087
     50.2502518       0.0000000478010860
     50.3503494       0.0000000476110282
     50.4504509       0.0000000474220754
     50.5505524       0.0000000472342761
     50.6506500       0.0000000470475402
     50.7507515       0.0000000468619465
     50.8508492       0.0000000466774712
     50.9509506       0.0000000464940392
     51.0510521       0.0000000463117081
     51.1511497       0.0000000461304397
     51.2512512       0.0000000459501746
     51.3513527       0.0000000457710490
     51.4514503       0.0000000455929488
     51.5515518       0.0000000454159026
     51.6516533       0.0000000452398702
     51.7517509       0.0000000450648522
     51.8518524       0.0000000448908508
     51.9519501       0.0000000447178426
     52.0520515       0.0000000445458111
     52.1521530       0.0000000443748003
     52.2522507       0.0000000442048065
     52.3523521       0.0000000440357864
     52.4524536       0.0000000438676706
     52.5525513       0.0000000437005350
     52.6526527       0.0000000435343769
     52.7527542       0.0000000433692061
     52.8528519       0.0000000432049283
     52.9529533       0.0000000430415308
     53.0530548       0.0000000428791561
     53.1531525       0.0000000427176275
     53.2532539       0.0000000425570313
     53.3533516       0.0000000423973679
     53.4534531       0.0000000422385317
     53.5535545       0.0000000420806419
     53.6536522       0.0000000419236265
     53.7537537       0.0000000417675265
     53.8538551       0.0000000416121781
     53.9539528       0.0000000414578120
     54.0540543       0.0000000413042535
     54.1541557       0.0000000411515811
     54.2542534       0.0000000409997034
     54.3543549       0.0000000408487003
     54.4544525       0.0000000406985418
     54.5545540       0.0000000405492061
     54.6546555       0.0000000404006219
     54.7547531       0.0000000402529608
     54.8548546       0.0000000401060467
     54.9549561       0.0000000399599426
     55.0550537       0.0000000398146079
     55.1551552       0.0000000396700981
     55.2552567       0.0000000395263576
     55.3553543       0.0000000393834290
     55.4554558       0.0000000392412480
     55.5555573       0.0000000390998320
     55.6556549       0.0000000389591990
     55.7557564       0.0000000388193242
     55.8558540       0.0000000386801789
     55.9559555       0.0000000385418110
     56.0560570       0.0000000384041704
     56.1561546       0.0000000382672971
     56.2562561       0.0000000381310896
     56.3563576       0.0000000379956039
     56.4564552       0.0000000378609184
     56.5565567       0.0000000377268570
     56.6566582       0.0000000375935948
     56.7567558       0.0000000374609732
     56.8568573       0.0000000373290533
     56.9569588       0.0000000371978719
     57.0570564       0.0000000370673375
     57.1571579       0.0000000369375655
     57.2572556       0.0000000368083691
     57.3573570       0.0000000366798922
     57.4574585       0.0000000365521025
     57.5575562       0.0000000364249805
     57.6576576       0.0000000362985328
     57.7577591       0.0000000361727069
     57.8578568       0.0000000360475321
     57.9579582       0.0000000359230355
     58.0580597       0.0000000357991749
     58.1581573       0.0000000356759634
     58.2582588       0.0000000355533811
     58.3583565       0.0000000354313886
     58.4584579       0.0000000353100554
     58.5585594       0.0000000351893612
     58.6586571       0.0000000350692481
     58.7587585       0.0000000349497951
     58.8588600       0.0000000348309351
     58.9589577       0.0000000347126256
     59.0590591       0.0000000345949925
     59.1591606       0.0000000344779299
     59.2592583       0.0000000343614607
     59.3593597       0.0000000342455651
     59.4594612       0.0000000341302824
     59.5595589       0.0000000340155532
     59.6596603       0.0000000339014312
     59.7597580       0.0000000337878750
     59.8598595       0.0000000336748508
     59.9599609       0.0000000335624499
     60.0600586       0.0000000334505843
     60.1601601       0.0000000333392729
     60.2602615       0.0000000332285237
     60.3603592       0.0000000331183236
     60.4604607       0.0000000330086618
     60.5605621       0.0000000328995575
     60.6606598       0.0000000327909969
     60.7607613       0.0000000326829477
     60.8608627       0.0000000325754280
     60.9609604       0.0000000324684938
     61.0610619       0.0000000323620235
     61.1611595       0.0000000322561261
     61.2612610       0.0000000321507300
     61.3613625       0.0000000320458539
     61.4614601       0.0000000319414519
     61.5615616       0.0000000318375730
     61.6616631       0.0000000317342323
     61.7617607       0.0000000316313790
     61.8618622       0.0000000315290170
     61.9619637       0.0000000314271503
     62.0620613       0.0000000313257939
     62.1621628       0.0000000312249427
     62.2622604       0.0000000311244928
     62.3623619       0.0000000310246333
     62.4624634       0.0000000309251773
     62.5625610       0.0000000308262357
     62.6626625       0.0000000307277364
     62.7627640       0.0000000306297713
     62.8628616       0.0000000305322077
     62.9629631       0.0000000304351479
     63.0630646       0.0000000303385390
     63.1631622       0.0000000302424120
     63.2632637       0.0000000301466984
     63.3633652       0.0000000300514605
     63.4634628       0.0000000299566696
     63.5635643       0.0000000298623435
     63.6636620       0.0000000297684327
     63.7637634       0.0000000296749725
     63.8638649       0.0000000295819501
     63.9639626       0.0000000294893751
     64.0640640       0.0000000293972647
     64.1641617       0.0000000293055483
     64.2642670       0.0000000292142278
     64.3643646       0.0000000291233845
     64.4644623       0.0000000290329632
     64.5645676       0.0000000289429440
     64.6646652       0.0000000288533368
     64.7647629       0.0000000287641780
     64.8648682       0.0000000286754001
     64.9649658       0.0000000285870505
     65.0650635       0.0000000284991020
     65.1651688       0.0000000284115358
     65.2652664       0.0000000283244053
     65.3653641       0.0000000282376784
     65.4654617       0.0000000281513253
     65.5655670       0.0000000280653786
     65.6656647       0.0000000279798294
     65.7657623       0.0000000278946779
     65.8658676       0.0000000278098770
     65.9659653       0.0000000277254972
     66.0660629       0.0000000276415026
     66.1661682       0.0000000275578837
     66.2662659       0.0000000274746199
     66.3663635       0.0000000273917620
     66.4664688       0.0000000273092830
     66.5665665       0.0000000272271344
     66.6666641       0.0000000271453780
     66.7667694       0.0000000270639979
     66.8668671       0.0000000269829663
     66.9669647       0.0000000269023435
     67.0670700       0.0000000268220294
     67.1671677       0.0000000267420994
     67.2672653       0.0000000266625364
     67.3673706       0.0000000265832956
     67.4674683       0.0000000265044422
     67.5675659       0.0000000264259255
     67.6676712       0.0000000263477550
     67.7677689       0.0000000262699136
     67.8678665       0.0000000261924170
     67.9679642       0.0000000261152904
     68.0680695       0.0000000260384835
     68.1681671       0.0000000259620370
     68.2682648       0.0000000258859135
     68.3683701       0.0000000258101255
     68.4684677       0.0000000257346591
     68.5685654       0.0000000256595266
     68.6686707       0.0000000255847539
     68.7687683       0.0000000255102646
     68.8688660       0.0000000254361259
     68.9689713       0.0000000253622949
     69.0690689       0.0000000252888054
     69.1691666       0.0000000252156100
     69.2692719       0.0000000251427510
     69.3693695       0.0000000250702013
     69.4694672       0.0000000249979549
     69.5695724       0.0000000249260161
     69.6696701       0.0000000248544195
     69.7697678       0.0000000247831185
     69.8698730       0.0000000247121052
     69.9699707       0.0000000246413956
     70.0700684       0.0000000245710461
     70.1701736       0.0000000245009390
     70.2702713       0.0000000244311332
     70.3703690       0.0000000243616421
     70.4704742       0.0000000242924265
     70.5705719       0.0000000242235488
     70.6706696       0.0000000241549280
     70.7707672       0.0000000240866141
     70.8708725       0.0000000240185856
     70.9709702       0.0000000239508378
     71.0710678       0.0000000238833788
     71.1711731       0.0000000238162091
     71.2712708       0.0000000237493169
     71.3713684       0.0000000236827234
     71.4714737       0.0000000236164014
     71.5715714       0.0000000235503524
     71.6716690       0.0000000234845814
     71.7717743       0.0000000234190708
     71.8718719       0.0000000233538398
     71.9719696       0.0000000232889014
     72.0720749       0.0000000232242234
     72.1721725       0.0000000231598077
     72.2722702       0.0000000230956781
     72.3723755       0.0000000230317824
     72.4724731       0.0000000229681774
     72.5725708       0.0000000229048282
     72.6726761       0.0000000228417323
     72.7727737       0.0000000227788942
     72.8728714       0.0000000227163356
     72.9729767       0.0000000226540191
     73.0730743       0.0000000225919666
     73.1731720       0.0000000225301716
     73.2732697       0.0000000224686499
     73.3733749       0.0000000224073303
     73.4734726       0.0000000223462824
     73.5735703       0.0000000222855027
     73.6736755       0.0000000222249453
     73.7737732       0.0000000221646215
     73.8738708       0.0000000221045747
     73.9739761       0.0000000220447759
     74.0740738       0.0000000219852149
     74.1741714       0.0000000219258782
     74.2742767       0.0000000218667816
     74.3743744       0.0000000218079471
     74.4744720       0.0000000217493335
     74.5745773       0.0000000216909541
     74.6746750       0.0000000216327946
     74.7747726       0.0000000215748990
     74.8748779       0.0000000215172330
     74.9749756       0.0000000214597810
     75.0750732       0.0000000214025632
     75.1751785       0.0000000213455791
     75.2752762       0.0000000212888161
     75.3753738       0.0000000212322593
     75.4754791       0.0000000211759755
     75.5755768       0.0000000211198876
     75.6756744       0.0000000210640062
     75.7757721       0.0000000210083756
     75.8758774       0.0000000209529720
     75.9759750       0.0000000208977733
     76.0760727       0.0000000208427918
     76.1761780       0.0000000207880034
     76.2762756       0.0000000207334533
     76.3763733       0.0000000206791193
     76.4764786       0.0000000206249975
     76.5765762       0.0000000205710913
     76.6766739       0.0000000205173769
     76.7767792       0.0000000204638897
     76.8768768       0.0000000204106153
     76.9769745       0.0000000203575583
     77.0770798       0.0000000203046739
     77.1771774       0.0000000202520132
     77.2772751       0.0000000201995770
     77.3773804       0.0000000201473018
     77.4774780       0.0000000200952527
     77.5775757       0.0000000200433925
     77.6776810       0.0000000199917528
     77.7777786       0.0000000199402849
     77.8778763       0.0000000198890501
     77.9779816       0.0000000198380032
     78.0780792       0.0000000197871595
     78.1781769       0.0000000197364935
     78.2782745       0.0000000196860202
     78.3783798       0.0000000196357326
     78.4784775       0.0000000195856456
     78.5785751       0.0000000195357727
     78.6786804       0.0000000194860827
     78.7787781       0.0000000194365738
     78.8788757       0.0000000193872498
     78.9789810       0.0000000193381103
     79.0790787       0.0000000192891616
     79.1791763       0.0000000192404017
     79.2792816       0.0000000191918281
     79.3793793       0.0000000191434346
     79.4794769       0.0000000190952271
     79.5795822       0.0000000190471979
     79.6796799       0.0000000189993315
     79.7797775       0.0000000189516773
     79.8798828       0.0000000189041877
     79.9799805       0.0000000188568629
     80.0800781       0.0000000188097346
     80.1801834       0.0000000187627724
     80.2802811       0.0000000187159943
     80.3803787       0.0000000186693957
     80.4804840       0.0000000186229574
     80.5805817       0.0000000185767049
     80.6806793       0.0000000185306347
     80.7807770       0.0000000184847085
     80.8808823       0.0000000184389673
     80.9809799       0.0000000183933821
     81.0810776       0.0000000183479659
     81.1811829       0.0000000183027418
     81.2812805       0.0000000182576692
     81.3813782       0.0000000182127598
     81.4814835       0.0000000181680243
     81.5815811       0.0000000181234522
     81.6816788       0.0000000180790341
     81.7817841       0.0000000180347772
     81.8818817       0.0000000179906846
     81.9819794       0.0000000179467633
     82.0820847       0.0000000179030160
     82.1821823       0.0000000178594099
     82.2822800       0.0000000178159603
     82.3823853       0.0000000177726757
     82.4824829       0.0000000177295452
     82.5825806       0.0000000176865697
     82.6826859       0.0000000176437575
     82.7827835       0.0000000176011023
     82.8828812       0.0000000175585962
     82.9829865       0.0000000175162470
     83.0830841       0.0000000174740476
     83.1831818       0.0000000174319900
     83.2832794       0.0000000173900879
     83.3833847       0.0000000173483489
     83.4834824       0.0000000173067633
     83.5835800       0.0000000172653015
     83.6836853       0.0000000172240302
     83.7837830       0.0000000171828674
     83.8838806       0.0000000171418747
     83.9839859       0.0000000171010209
     84.0840836       0.0000000170602985
     84.1841812       0.0000000170197486
     84.2842865       0.0000000169793396
     84.3843842       0.0000000169390572
     84.4844818       0.0000000168989165
     84.5845871       0.0000000168589361
     84.6846848       0.0000000168190922
     84.7847824       0.0000000167793837
     84.8848877       0.0000000167398034
     84.9849854       0.0000000167003836
     85.0850830       0.0000000166610946
     85.1851883       0.0000000166219487
     85.2852859       0.0000000165829446
     85.3853836       0.0000000165440646
     85.4854889       0.0000000165053375
     85.5855865       0.0000000164667293
     85.6856842       0.0000000164282846
     85.7857895       0.0000000163899440
     85.8858871       0.0000000163517402
     85.9859848       0.0000000163136767
     86.0860825       0.0000000162757390
     86.1861877       0.0000000162379478
     86.2862854       0.0000000162002903
     86.3863831       0.0000000161627496
     86.4864883       0.0000000161253256
     86.5865860       0.0000000160880619
     86.6866837       0.0000000160509239
     86.7867889       0.0000000160138968
     86.8868866       0.0000000159770034
     86.9869843       0.0000000159402438
     87.0870895       0.0000000159036069
     87.1871872       0.0000000158670781
     87.2872849       0.0000000158306964
     87.3873901       0.0000000157944400
     87.4874878       0.0000000157583248
     87.5875854       0.0000000157222978
     87.6876907       0.0000000156864235
     87.7877884       0.0000000156506514
     87.8878860       0.0000000156150149
     87.9879913       0.0000000155794883
     88.0880890       0.0000000155440746
     88.1881866       0.0000000155087981
     88.2882919       0.0000000154736520
     88.3883896       0.0000000154386124
     88.4884872       0.0000000154036828
     88.5885849       0.0000000153688780
     88.6886902       0.0000000153341989
     88.7887878       0.0000000152996305
     88.8888855       0.0000000152651796
     88.9889908       0.0000000152308382
     89.0890884       0.0000000151966190
     89.1891861       0.0000000151625229
     89.2892914       0.0000000151285195
     89.3893890       0.0000000150946529
     89.4894867       0.0000000150608869
     89.5895920       0.0000000150272536
     89.6896896       0.0000000149937203
     89.7897873       0.0000000149602918
     89.8898926       0.0000000149269895
     89.9899902       0.0000000148937842
     90.0900879       0.0000000148606915
     90.1901932       0.0000000148277125
     90.2902908       0.0000000147948330
     90.3903885       0.0000000147620693
     90.4904938       0.0000000147294246
     90.5905914       0.0000000146968802
     90.6906891       0.0000000146644407
     90.7907944       0.0000000146321061
     90.8908920       0.0000000145998821
     90.9909897       0.0000000145677668
     91.0910873       0.0000000145357672
     91.1911926       0.0000000145038603
     91.2912903       0.0000000144720598
     91.3913879       0.0000000144403643
     91.4914932       0.0000000144087636
     91.5915909       0.0000000143772733
     91.6916885       0.0000000143459048
     91.7917938       0.0000000143146059
     91.8918915       0.0000000142834394
     91.9919891       0.0000000142523566
     92.0920944       0.0000000142213784
     92.1921921       0.0000000141905037
     92.2922897       0.0000000141597307
     92.3923950       0.0000000141290564
     92.4924927       0.0000000140984808
     92.5925903       0.0000000140680055
     92.6926956       0.0000000140376272
     92.7927933       0.0000000140073508
     92.8928909       0.0000000139771664
     92.9929962       0.0000000139470827
     93.0930939       0.0000000139170960
     93.1931915       0.0000000138872096
     93.2932968       0.0000000138574024
     93.3933945       0.0000000138277072
     93.4934921       0.0000000137981059
     93.5935898       0.0000000137686017
     93.6936951       0.0000000137391900
     93.7937927       0.0000000137098688
     93.8938904       0.0000000136806408
     93.9939957       0.0000000136515095
     94.0940933       0.0000000136224753
     94.1941910       0.0000000135935205
     94.2942963       0.0000000135646615
     94.3943939       0.0000000135359030
     94.4944916       0.0000000135072256
     94.5945969       0.0000000134786473
     94.6946945       0.0000000134501693
     94.7947922       0.0000000134217566
     94.8948975       0.0000000133934508
     94.9949951       0.0000000133652288
     95.0950928       0.0000000133371159
     95.1951981       0.0000000133090605
     95.2952957       0.0000000132811119
     95.3953934       0.0000000132532463
     95.4954987       0.0000000132254732
     95.5955963       0.0000000131977704
     95.6956940       0.0000000131701775
     95.7957993       0.0000000131426526
     95.8958969       0.0000000131152273
     95.9959946       0.0000000130878701
     96.0960999       0.0000000130606039
     96.1961975       0.0000000130334433
     96.2962952       0.0000000130063533
     96.3963928       0.0000000129793440
     96.4964981       0.0000000129524201
     96.5965958       0.0000000129255840
     96.6966934       0.0000000128988301
     96.7967987       0.0000000128721531
     96.8968964       0.0000000128455592
     96.9969940       0.0000000128190507
     97.0970993       0.0000000127926320
     97.1971970       0.0000000127662849
     97.2972946       0.0000000127400193
     97.3973999       0.0000000127138329
     97.4974976       0.0000000126877485
     97.5975952       0.0000000126617182
     97.6977005       0.0000000126357732
     97.7977982       0.0000000126099120
     97.8978958       0.0000000125841396
     97.9980011       0.0000000125584320
     98.0980988       0.0000000125328074
     98.1981964       0.0000000125072649
     98.2983017       0.0000000124817947
     98.3983994       0.0000000124564037
     98.4984970       0.0000000124310895
     98.5986023       0.0000000124058632
     98.6987000       0.0000000123807049
     98.7987976       0.0000000123556211
     98.8988953       0.0000000123306157
     98.9990005       0.0000000123057000
     99.0990982       0.0000000122808457
     99.1991959       0.0000000122560535
     99.2993011       0.0000000122313599
     99.3993988       0.0000000122067291
     99.4994965       0.0000000121821742
     99.5996017       0.0000000121576907
     99.6996994       0.0000000121332709
     99.7997971       0.0000000121089494
     99.8999023       0.0000000120846746
    100.0000000       0.0000000120604874
