# x		H(x,a)
      0.0000000       1.0000000000000000
      0.1001001       0.9900299906730652
      0.2002002       0.9607124924659729
      0.3003003       0.9137664437294006
      0.4004004       0.8518707156181335
      0.5005005       0.7784109115600586
      0.6006006       0.6971734166145325
      0.7007007       0.6120254397392273
      0.8008008       0.5266169309616089
      0.9009009       0.4441368877887726
      1.0010010       0.3671577095567856
      1.1011012       0.2975160953426417
      1.2012012       0.2363092639860700
      1.3013012       0.1839757644672414
      1.4014014       0.1403946794428526
      1.5015016       0.1050158083030585
      1.6016016       0.0769979877387614
      1.7017016       0.0553394433733305
      1.8018018       0.0389884328551584
      1.9019020       0.0269280668721763
      2.0020020       0.0182338084498668
      2.1021020       0.0121061025975676
      2.2022023       0.0078825570185067
      2.3023024       0.0050349630174632
      2.4024024       0.0031564538692712
      2.5025024       0.0019436428906705
      2.6026025       0.0011770878972167
      2.7027028       0.0007026048982502
      2.8028028       0.0004148429292020
      2.9029028       0.0002437249594795
      3.0030031       0.0001438423005078
      3.1031032       0.0000865102334644
      3.2032032       0.0000540523851695
      3.3033032       0.0000358373391815
      3.4034033       0.0000256207339297
      3.5035036       0.0000198182943050
      3.6036036       0.0000164180331210
      3.7037036       0.0000143140720444
      3.8038039       0.0000129103290313
      3.9039040       0.0000118908008401
      4.0040040       0.0000110899844060
      4.1041040       0.0000104215885993
      4.2042041       0.0000098402426286
      4.3043041       0.0000093214097615
      4.4044046       0.0000088511390728
      4.5045047       0.0000084208147055
      4.6046047       0.0000080246273475
      4.7047048       0.0000076582966300
      4.8048048       0.0000073184566094
      4.9049048       0.0000070023261596
      5.0050049       0.0000067075375644
      5.1051049       0.0000064320493701
      5.2052050       0.0000061740848874
      5.3053055       0.0000059320794800
      5.4054055       0.0000057046466856
      5.5055056       0.0000054905686662
      5.6056056       0.0000052887596646
      5.7057056       0.0000050982227009
      5.8058057       0.0000049181056915
      5.9059057       0.0000047476174139
      6.0060062       0.0000045860399520
      6.1061063       0.0000044327532771
      6.2062063       0.0000042871668389
      6.3063064       0.0000041487526669
      6.4064064       0.0000040170291764
      6.5065064       0.0000038915618481
      6.6066065       0.0000037719463403
      6.7067065       0.0000036578160685
      6.8068066       0.0000035488329981
      6.9069071       0.0000034446799035
      7.0070071       0.0000033450733678
      7.1071072       0.0000032497536591
      7.2072072       0.0000031584669553
      7.3073072       0.0000030709824168
      7.4074073       0.0000029871008920
      7.5075073       0.0000029066125455
      7.6076078       0.0000028293427245
      7.7077079       0.0000027551173815
      7.8078079       0.0000026837781756
      7.9079080       0.0000026151747771
      8.0080080       0.0000025491700937
      8.1081085       0.0000024856351759
      8.2082081       0.0000024244444967
      8.3083086       0.0000023654859658
      8.4084082       0.0000023086514095
      8.5085087       0.0000022538365813
      8.6086082       0.0000022009541048
      8.7087088       0.0000021499076646
      8.8088093       0.0000021006145016
      8.9089088       0.0000020529963214
      9.0090094       0.0000020069765301
      9.1091089       0.0000019624870617
      9.2092094       0.0000019194581205
      9.3093090       0.0000018778262595
      9.4094095       0.0000018375336537
      9.5095091       0.0000017985232565
      9.6096096       0.0000017607420767
      9.7097101       0.0000017241363562
      9.8098097       0.0000016886589510
      9.9099102       0.0000016542666772
     10.0100098       0.0000016209103932
     10.1101103       0.0000015885514481
     10.2102098       0.0000015571540250
     10.3103104       0.0000015266761695
     10.4104099       0.0000014970852333
     10.5105104       0.0000014683437927
     10.6106110       0.0000014404234897
     10.7107105       0.0000014132904424
     10.8108110       0.0000013869153225
     10.9109106       0.0000013612718755
     11.0110111       0.0000013363332425
     11.1111107       0.0000013120730987
     11.2112112       0.0000012884678007
     11.3113117       0.0000012654940835
     11.4114113       0.0000012431291911
     11.5115118       0.0000012213509928
     11.6116114       0.0000012001391494
     11.7117119       0.0000011794768165
     11.8118114       0.0000011593427210
     11.9119120       0.0000011397194541
     12.0120125       0.0000011205910463
     12.1121120       0.0000011019386652
     12.2122126       0.0000010837505228
     12.3123121       0.0000010660078767
     12.4124126       0.0000010486971458
     12.5125122       0.0000010318052960
     12.6126127       0.0000010153180510
     12.7127123       0.0000009992232137
     12.8128128       0.0000009835089116
     12.9129133       0.0000009681617642
     13.0130129       0.0000009531713504
     13.1131134       0.0000009385252990
     13.2132130       0.0000009242154103
     13.3133135       0.0000009102302192
     13.4134130       0.0000008965620739
     13.5135136       0.0000008831972144
     13.6136131       0.0000008701300841
     13.7137136       0.0000008573514354
     13.8138142       0.0000008448522760
     13.9139137       0.0000008326230913
     14.0140142       0.0000008206592893
     14.1141138       0.0000008089521248
     14.2142143       0.0000007974929851
     14.3143139       0.0000007862753039
     14.4144144       0.0000007752933108
     14.5145149       0.0000007645403772
     14.6146145       0.0000007540095688
     14.7147150       0.0000007436954841
     14.8148146       0.0000007335912154
     14.9149151       0.0000007236910031
     15.0150146       0.0000007139916354
     15.1151152       0.0000007044841922
     15.2152157       0.0000006951669835
     15.3153152       0.0000006860332212
     15.4154158       0.0000006770782704
     15.5155153       0.0000006682978606
     15.6156158       0.0000006596869169
     15.7157154       0.0000006512425786
     15.8158159       0.0000006429587898
     15.9159155       0.0000006348320443
     16.0160160       0.0000006268583965
     16.1161156       0.0000006190349852
     16.2162170       0.0000006113567422
     16.3163166       0.0000006038208095
     16.4164162       0.0000005964227657
     16.5165157       0.0000005891611866
     16.6166172       0.0000005820306500
     16.7167168       0.0000005750290802
     16.8168163       0.0000005681536371
     16.9169178       0.0000005614007309
     17.0170174       0.0000005547675565
     17.1171169       0.0000005482513144
     17.2172165       0.0000005418496025
     17.3173180       0.0000005355587603
     17.4174175       0.0000005293776979
     17.5175171       0.0000005233033197
     17.6176186       0.0000005173321282
     17.7177181       0.0000005114634067
     17.8178177       0.0000005056940639
     17.9179173       0.0000005000214480
     18.0180187       0.0000004944437947
     18.1181183       0.0000004889597003
     18.2182178       0.0000004835661765
     18.3183174       0.0000004782617359
     18.4184189       0.0000004730437023
     18.5185184       0.0000004679105742
     18.6186180       0.0000004628609113
     18.7187195       0.0000004578932823
     18.8188190       0.0000004530044352
     18.9189186       0.0000004481936606
     19.0190182       0.0000004434591280
     19.1191196       0.0000004387997610
     19.2192192       0.0000004342133078
     19.3193188       0.0000004296982195
     19.4194202       0.0000004252536800
     19.5195198       0.0000004208778665
     19.6196194       0.0000004165692168
     19.7197189       0.0000004123260145
     19.8198204       0.0000004081475331
     19.9199200       0.0000004040329895
     20.0200195       0.0000003999797939
     20.1201210       0.0000003959871501
     20.2202206       0.0000003920545941
     20.3203201       0.0000003881801379
     20.4204197       0.0000003843629883
     20.5205212       0.0000003806019990
     20.6206207       0.0000003768956036
     20.7207203       0.0000003732436388
     20.8208199       0.0000003696441544
     20.9209213       0.0000003660970754
     21.0210209       0.0000003626006726
     21.1211205       0.0000003591537727
     21.2212219       0.0000003557559937
     21.3213215       0.0000003524064076
     21.4214211       0.0000003491038106
     21.5215206       0.0000003458479653
     21.6216221       0.0000003426370925
     21.7217216       0.0000003394709445
     21.8218212       0.0000003363479058
     21.9219227       0.0000003332683558
     22.0220222       0.0000003302311870
     22.1221218       0.0000003272349301
     22.2222214       0.0000003242796478
     22.3223228       0.0000003213641025
     22.4224224       0.0000003184874675
     22.5225220       0.0000003156496986
     22.6226234       0.0000003128496472
     22.7227230       0.0000003100866192
     22.8228226       0.0000003073602362
     22.9229221       0.0000003046695263
     23.0230236       0.0000003020140404
     23.1231232       0.0000002993934567
     23.2232227       0.0000002968067054
     23.3233242       0.0000002942530614
     23.4234238       0.0000002917324146
     23.5235233       0.0000002892443934
     23.6236229       0.0000002867877427
     23.7237244       0.0000002843626044
     23.8238239       0.0000002819678489
     23.9239235       0.0000002796033510
     24.0240250       0.0000002772681749
     24.1241245       0.0000002749627184
     24.2242241       0.0000002726854461
     24.3243237       0.0000002704366273
     24.4244251       0.0000002682152986
     24.5245247       0.0000002660216193
     24.6246243       0.0000002638546847
     24.7247238       0.0000002617139412
     24.8248253       0.0000002595994711
     24.9249249       0.0000002575101712
     25.0250244       0.0000002554462756
     25.1251259       0.0000002534070240
     25.2252254       0.0000002513922871
     25.3253250       0.0000002494014878
     25.4254246       0.0000002474338710
     25.5255260       0.0000002454898178
     25.6256256       0.0000002435684350
     25.7257252       0.0000002416696518
     25.8258266       0.0000002397930603
     25.9259262       0.0000002379382354
     26.0260258       0.0000002361046967
     26.1261253       0.0000002342926154
     26.2262268       0.0000002325010991
     26.3263264       0.0000002307299273
     26.4264259       0.0000002289791620
     26.5265274       0.0000002272479797
     26.6266270       0.0000002255368144
     26.7267265       0.0000002238447126
     26.8268261       0.0000002221716211
     26.9269276       0.0000002205172531
     27.0270271       0.0000002188811692
     27.1271267       0.0000002172634007
     27.2272263       0.0000002156634567
     27.3273277       0.0000002140811542
     27.4274273       0.0000002125163113
     27.5275269       0.0000002109684446
     27.6276283       0.0000002094373685
     27.7277279       0.0000002079231096
     27.8278275       0.0000002064251285
     27.9279270       0.0000002049431999
     28.0280285       0.0000002034773921
     28.1281281       0.0000002020269887
     28.2282276       0.0000002005924853
     28.3283291       0.0000001991727305
     28.4284286       0.0000001977683815
     28.5285282       0.0000001963786135
     28.6286278       0.0000001950035882
     28.7287292       0.0000001936428836
     28.8288288       0.0000001922964103
     28.9289284       0.0000001909639783
     29.0290298       0.0000001896452530
     29.1291294       0.0000001883402582
     29.2292290       0.0000001870486547
     29.3293285       0.0000001857704620
     29.4294300       0.0000001845052202
     29.5295296       0.0000001832527583
     29.6296291       0.0000001820130798
     29.7297306       0.0000001807859604
     29.8298302       0.0000001795711110
     29.9299297       0.0000001783686297
     30.0300293       0.0000001771783147
     30.1301308       0.0000001759994620
     30.2302303       0.0000001748327403
     30.3303299       0.0000001736773869
     30.4304314       0.0000001725336152
     30.5305309       0.0000001714009943
     30.6306305       0.0000001702794694
     30.7307301       0.0000001691690757
     30.8308315       0.0000001680693898
     30.9309311       0.0000001669804011
     31.0310307       0.0000001659020839
     31.1311302       0.0000001648340450
     31.2312317       0.0000001637763599
     31.3313313       0.0000001627289078
     31.4314308       0.0000001616913057
     31.5315323       0.0000001606636972
     31.6316319       0.0000001596458938
     31.7317314       0.0000001586375845
     31.8318310       0.0000001576390494
     31.9319324       0.0000001566495506
     32.0320320       0.0000001556696506
     32.1321335       0.0000001546990690
     32.2322311       0.0000001537372206
     32.3323326       0.0000001527844786
     32.4324341       0.0000001518404362
     32.5325317       0.0000001509052952
     32.6326332       0.0000001499786932
     32.7327309       0.0000001490605004
     32.8328323       0.0000001481508046
     32.9329338       0.0000001472493881
     33.0330315       0.0000001463561975
     33.1331329       0.0000001454711438
     33.2332344       0.0000001445942715
     33.3333321       0.0000001437251183
     33.4334335       0.0000001428637354
     33.5335350       0.0000001420101576
     33.6336327       0.0000001411641183
     33.7337341       0.0000001403256600
     33.8338356       0.0000001394947771
     33.9339333       0.0000001386711164
     34.0340347       0.0000001378547484
     34.1341324       0.0000001370458298
     34.2342339       0.0000001362436797
     34.3343353       0.0000001354485446
     34.4344330       0.0000001346605817
     34.5345345       0.0000001338793632
     34.6346359       0.0000001331049010
     34.7347336       0.0000001323373206
     34.8348351       0.0000001315761515
     34.9349365       0.0000001308216284
     35.0350342       0.0000001300735685
     35.1351357       0.0000001293319276
     35.2352371       0.0000001285964834
     35.3353348       0.0000001278674725
     35.4354362       0.0000001271445819
     35.5355339       0.0000001264278640
     35.6356354       0.0000001257170308
     35.7357368       0.0000001250124165
     35.8358345       0.0000001243136104
     35.9359360       0.0000001236205876
     36.0360374       0.0000001229333461
     36.1361351       0.0000001222518710
     36.2362366       0.0000001215760990
     36.3363380       0.0000001209057991
     36.4364357       0.0000001202410617
     36.5365372       0.0000001195817897
     36.6366348       0.0000001189279727
     36.7367363       0.0000001182795708
     36.8368378       0.0000001176363642
     36.9369354       0.0000001169984449
     37.0370369       0.0000001163655464
     37.1371384       0.0000001157379785
     37.2372360       0.0000001151154602
     37.3373375       0.0000001144977420
     37.4374390       0.0000001138851878
     37.5375366       0.0000001132775295
     37.6376381       0.0000001126745785
     37.7377396       0.0000001120765009
     37.8378372       0.0000001114833967
     37.9379387       0.0000001108946478
     38.0380363       0.0000001103107469
     38.1381378       0.0000001097314101
     38.2382393       0.0000001091565987
     38.3383369       0.0000001085863390
     38.4384384       0.0000001080205950
     38.5385399       0.0000001074591638
     38.6386375       0.0000001069020586
     38.7387390       0.0000001063494415
     38.8388405       0.0000001058009160
     38.9389381       0.0000001052566945
     39.0390396       0.0000001047167117
     39.1391373       0.0000001041807662
     39.2392387       0.0000001036491177
     39.3393402       0.0000001031214351
     39.4394379       0.0000001025977210
     39.5395393       0.0000001020779772
     39.6396408       0.0000001015621980
     39.7397385       0.0000001010502805
     39.8398399       0.0000001005424552
     39.9399414       0.0000001000382066
     40.0400391       0.0000000995378862
     40.1401405       0.0000000990411382
     40.2402420       0.0000000985482740
     40.3403397       0.0000000980590141
     40.4404411       0.0000000975733376
     40.5405388       0.0000000970913421
     40.6406403       0.0000000966128756
     40.7407417       0.0000000961379610
     40.8408394       0.0000000956666053
     40.9409409       0.0000000951986236
     41.0410423       0.0000000947340628
     41.1411400       0.0000000942729394
     41.2412415       0.0000000938150619
     41.3413429       0.0000000933606719
     41.4414406       0.0000000929095170
     41.5415421       0.0000000924615653
     41.6416397       0.0000000920168665
     41.7417412       0.0000000915754681
     41.8418427       0.0000000911371312
     41.9419403       0.0000000907019441
     42.0420418       0.0000000902699642
     42.1421432       0.0000000898410060
     42.2422409       0.0000000894150149
     42.3423424       0.0000000889921879
     42.4424438       0.0000000885722542
     42.5425415       0.0000000881553763
     42.6426430       0.0000000877413496
     42.7427444       0.0000000873302374
     42.8428421       0.0000000869221173
     42.9429436       0.0000000865167481
     43.0430412       0.0000000861141610
     43.1431427       0.0000000857145076
     43.2432442       0.0000000853175403
     43.3433418       0.0000000849234058
     43.4434433       0.0000000845319552
     43.5435448       0.0000000841432057
     43.6436424       0.0000000837571573
     43.7437439       0.0000000833736513
     43.8438454       0.0000000829929107
     43.9439430       0.0000000826147080
     44.0440445       0.0000000822391225
     44.1441460       0.0000000818660876
     44.2442436       0.0000000814955226
     44.3443451       0.0000000811274793
     44.4444427       0.0000000807620773
     44.5445442       0.0000000803989995
     44.6446457       0.0000000800383067
     44.7447433       0.0000000796801792
     44.8448448       0.0000000793243939
     44.9449463       0.0000000789709099
     45.0450439       0.0000000786199080
     45.1451454       0.0000000782712778
     45.2452469       0.0000000779248038
     45.3453445       0.0000000775807216
     45.4454460       0.0000000772389237
     45.5455437       0.0000000768992992
     45.6456451       0.0000000765619473
     45.7457466       0.0000000762268801
     45.8458443       0.0000000758939095
     45.9459457       0.0000000755632029
     46.0460472       0.0000000752345997
     46.1461449       0.0000000749081227
     46.2462463       0.0000000745837881
     46.3463478       0.0000000742615622
     46.4464455       0.0000000739414496
     46.5465469       0.0000000736233653
     46.6466484       0.0000000733073161
     46.7467461       0.0000000729933148
     46.8468475       0.0000000726812691
     46.9469452       0.0000000723713516
     47.0470467       0.0000000720633530
     47.1471481       0.0000000717572940
     47.2472458       0.0000000714531607
     47.3473473       0.0000000711510098
     47.4474487       0.0000000708507799
     47.5475464       0.0000000705524031
     47.6476479       0.0000000702559509
     47.7477493       0.0000000699612991
     47.8478470       0.0000000696685344
     47.9479485       0.0000000693775967
     48.0480499       0.0000000690885006
     48.1481476       0.0000000688012524
     48.2482491       0.0000000685156994
     48.3483467       0.0000000682319474
     48.4484482       0.0000000679499960
     48.5485497       0.0000000676697551
     48.6486473       0.0000000673913022
     48.7487488       0.0000000671145114
     48.8488503       0.0000000668393969
     48.9489479       0.0000000665660295
     49.0490494       0.0000000662942657
     49.1491508       0.0000000660241523
     49.2492485       0.0000000657558274
     49.3493500       0.0000000654890146
     49.4494476       0.0000000652238768
     49.5495491       0.0000000649603740
     49.6496506       0.0000000646982821
     49.7497482       0.0000000644379628
     49.8498497       0.0000000641791669
     49.9499512       0.0000000639219016
     50.0500488       0.0000000636662402
     50.1501503       0.0000000634120297
     50.2502518       0.0000000631593639
     50.3503494       0.0000000629082450
     50.4504509       0.0000000626585791
     50.5505524       0.0000000624104468
     50.6506500       0.0000000621637084
     50.7507515       0.0000000619184799
     50.8508492       0.0000000616747366
     50.9509506       0.0000000614323682
     51.0510521       0.0000000611914551
     51.1511497       0.0000000609519447
     51.2512512       0.0000000607137667
     51.3513527       0.0000000604770842
     51.4514503       0.0000000602417611
     51.5515518       0.0000000600078308
     51.6516533       0.0000000597752420
     51.7517509       0.0000000595439979
     51.8518524       0.0000000593140844
     51.9519501       0.0000000590854912
     52.0520515       0.0000000588581882
     52.1521530       0.0000000586322315
     52.2522507       0.0000000584076179
     52.3523521       0.0000000581842882
     52.4524536       0.0000000579621589
     52.5525513       0.0000000577413239
     52.6526527       0.0000000575217819
     52.7527542       0.0000000573035453
     52.8528519       0.0000000570864796
     52.9529533       0.0000000568705879
     53.0530548       0.0000000566560405
     53.1531525       0.0000000564426097
     53.2532539       0.0000000562304199
     53.3533516       0.0000000560194549
     53.4534531       0.0000000558095853
     53.5535545       0.0000000556009646
     53.6536522       0.0000000553935060
     53.7537537       0.0000000551872488
     53.8538551       0.0000000549819909
     53.9539528       0.0000000547780230
     54.0540543       0.0000000545751325
     54.1541557       0.0000000543734044
     54.2542534       0.0000000541727284
     54.3543549       0.0000000539732099
     54.4544525       0.0000000537748030
     54.5545540       0.0000000535774889
     54.6546555       0.0000000533811654
     54.7547531       0.0000000531860633
     54.8548546       0.0000000529919495
     54.9549561       0.0000000527988950
     55.0550537       0.0000000526068711
     55.1551552       0.0000000524159259
     55.2552567       0.0000000522260055
     55.3553543       0.0000000520371509
     55.4554558       0.0000000518492933
     55.5555573       0.0000000516624362
     55.6556549       0.0000000514766200
     55.7557564       0.0000000512918042
     55.8558540       0.0000000511079522
     55.9559555       0.0000000509251280
     56.0560570       0.0000000507432613
     56.1561546       0.0000000505624134
     56.2562561       0.0000000503824436
     56.3563576       0.0000000502034259
     56.4564552       0.0000000500254618
     56.5565567       0.0000000498483290
     56.6566582       0.0000000496722544
     56.7567558       0.0000000494970234
     56.8568573       0.0000000493227156
     56.9569588       0.0000000491493879
     57.0570564       0.0000000489769131
     57.1571579       0.0000000488054444
     57.2572556       0.0000000486347417
     57.3573570       0.0000000484649831
     57.4574585       0.0000000482961325
     57.5575562       0.0000000481281711
     57.6576576       0.0000000479610941
     57.7577591       0.0000000477948374
     57.8578568       0.0000000476294426
     57.9579582       0.0000000474649487
     58.0580597       0.0000000473012967
     58.1581573       0.0000000471384934
     58.2582588       0.0000000469765271
     58.3583565       0.0000000468153395
     58.4584579       0.0000000466550213
     58.5585594       0.0000000464955497
     58.6586571       0.0000000463368452
     58.7587585       0.0000000461790099
     58.8588600       0.0000000460219643
     58.9589577       0.0000000458656401
     59.0590591       0.0000000457102158
     59.1591606       0.0000000455555378
     59.2592583       0.0000000454016504
     59.3593597       0.0000000452485163
     59.4594612       0.0000000450961909
     59.5595589       0.0000000449446008
     59.6596603       0.0000000447938096
     59.7597580       0.0000000446437688
     59.8598595       0.0000000444944357
     59.9599609       0.0000000443459195
     60.0600586       0.0000000441981113
     60.1601601       0.0000000440510346
     60.2602615       0.0000000439047014
     60.3603592       0.0000000437590972
     60.4604607       0.0000000436141974
     60.5605621       0.0000000434700377
     60.6606598       0.0000000433266029
     60.7607613       0.0000000431838369
     60.8608627       0.0000000430417748
     60.9609604       0.0000000429004782
     61.0610619       0.0000000427597999
     61.1611595       0.0000000426198776
     61.2612610       0.0000000424806197
     61.3613625       0.0000000423420469
     61.4614601       0.0000000422041017
     61.5615616       0.0000000420668464
     61.6616631       0.0000000419303042
     61.7617607       0.0000000417944058
     61.8618622       0.0000000416591502
     61.9619637       0.0000000415245550
     62.0620613       0.0000000413906369
     62.1621628       0.0000000412573809
     62.2622604       0.0000000411246567
     62.3623619       0.0000000409927123
     62.4624634       0.0000000408613027
     62.5625610       0.0000000407305735
     62.6626625       0.0000000406004227
     62.7627640       0.0000000404709847
     62.8628616       0.0000000403420767
     62.9629631       0.0000000402138304
     63.0630646       0.0000000400861794
     63.1631622       0.0000000399591676
     63.2632637       0.0000000398327022
     63.3633652       0.0000000397068647
     63.4634628       0.0000000395816159
     63.5635643       0.0000000394569837
     63.6636620       0.0000000393328972
     63.7637634       0.0000000392094092
     63.8638649       0.0000000390864979
     63.9639626       0.0000000389641820
     64.0640640       0.0000000388424799
     64.1641617       0.0000000387212922
     64.2642670       0.0000000386006318
     64.3643646       0.0000000384805966
     64.4644623       0.0000000383611264
     64.5645676       0.0000000382421840
     64.6646652       0.0000000381237869
     64.7647629       0.0000000380059812
     64.8648682       0.0000000378886816
     64.9649658       0.0000000377719457
     65.0650635       0.0000000376557404
     65.1651688       0.0000000375400379
     65.2652664       0.0000000374249139
     65.3653641       0.0000000373103239
     65.4654617       0.0000000371962274
     65.5655670       0.0000000370826632
     65.6656647       0.0000000369696301
     65.7657623       0.0000000368571168
     65.8658676       0.0000000367450703
     65.9659653       0.0000000366335777
     66.0660629       0.0000000365225987
     66.1661682       0.0000000364121133
     66.2662659       0.0000000363020925
     66.3663635       0.0000000361926208
     66.4664688       0.0000000360836313
     66.5665665       0.0000000359750964
     66.6666641       0.0000000358670739
     66.7667694       0.0000000357595436
     66.8668671       0.0000000356524720
     66.9669647       0.0000000355459511
     67.0670700       0.0000000354398310
     67.1671677       0.0000000353342178
     67.2672653       0.0000000352290947
     67.3673706       0.0000000351243911
     67.4674683       0.0000000350202016
     67.5675659       0.0000000349164603
     67.6676712       0.0000000348131743
     67.7677689       0.0000000347103221
     67.8678665       0.0000000346079267
     67.9679642       0.0000000345060168
     68.0680695       0.0000000344045335
     68.1681671       0.0000000343035254
     68.2682648       0.0000000342029470
     68.3683701       0.0000000341028087
     68.4684677       0.0000000340030940
     68.5685654       0.0000000339038226
     68.6686707       0.0000000338050242
     68.7687683       0.0000000337066011
     68.8688660       0.0000000336086442
     68.9689713       0.0000000335110894
     69.0690689       0.0000000334139876
     69.1691666       0.0000000333172751
     69.2692719       0.0000000332210046
     69.3693695       0.0000000331251478
     69.4694672       0.0000000330296903
     69.5695724       0.0000000329346387
     69.6696701       0.0000000328400369
     69.7697678       0.0000000327458263
     69.8698730       0.0000000326519984
     69.9699707       0.0000000325585702
     70.0700684       0.0000000324656175
     70.1701736       0.0000000323729823
     70.2702713       0.0000000322807499
     70.3703690       0.0000000321889308
     70.4704742       0.0000000320974760
     70.5705719       0.0000000320064713
     70.6706696       0.0000000319158002
     70.7707672       0.0000000318255391
     70.8708725       0.0000000317356514
     70.9709702       0.0000000316461370
     71.0710678       0.0000000315570055
     71.1711731       0.0000000314682525
     71.2712708       0.0000000313798705
     71.3713684       0.0000000312918764
     71.4714737       0.0000000312042494
     71.5715714       0.0000000311169772
     71.6716690       0.0000000310300735
     71.7717743       0.0000000309435161
     71.8718719       0.0000000308573254
     71.9719696       0.0000000307715234
     72.0720749       0.0000000306860676
     72.1721725       0.0000000306009546
     72.2722702       0.0000000305162174
     72.3723755       0.0000000304317926
     72.4724731       0.0000000303477530
     72.5725708       0.0000000302640506
     72.6726761       0.0000000301806805
     72.7727737       0.0000000300976522
     72.8728714       0.0000000300149932
     72.9729767       0.0000000299326572
     73.0730743       0.0000000298506680
     73.1731720       0.0000000297690180
     73.2732697       0.0000000296877288
     73.3733749       0.0000000296067077
     73.4734726       0.0000000295260446
     73.5735703       0.0000000294457377
     73.6736755       0.0000000293657244
     73.7737732       0.0000000292860174
     73.8738708       0.0000000292066775
     73.9739761       0.0000000291276671
     74.0740738       0.0000000290489676
     74.1741714       0.0000000289705653
     74.2742767       0.0000000288924830
     74.3743744       0.0000000288147459
     74.4744720       0.0000000287372994
     74.5745773       0.0000000286601639
     74.6746750       0.0000000285833168
     74.7747726       0.0000000285068201
     74.8748779       0.0000000284306295
     74.9749756       0.0000000283547163
     75.0750732       0.0000000282791142
     75.1751785       0.0000000282038194
     75.2752762       0.0000000281288174
     75.3753738       0.0000000280540918
     75.4754791       0.0000000279797222
     75.5755768       0.0000000279056141
     75.6756744       0.0000000278317826
     75.7757721       0.0000000277582738
     75.8758774       0.0000000276850674
     75.9759750       0.0000000276121346
     76.0760727       0.0000000275394893
     76.1761780       0.0000000274670974
     76.2762756       0.0000000273950242
     76.3763733       0.0000000273232307
     76.4764786       0.0000000272517170
     76.5765762       0.0000000271804940
     76.6766739       0.0000000271095185
     76.7767792       0.0000000270388457
     76.8768768       0.0000000269684557
     76.9769745       0.0000000268983522
     77.0770798       0.0000000268284773
     77.1771774       0.0000000267588952
     77.2772751       0.0000000266896121
     77.3773804       0.0000000266205422
     77.4774780       0.0000000265517683
     77.5775757       0.0000000264832474
     77.6776810       0.0000000264150161
     77.7777786       0.0000000263470112
     77.8778763       0.0000000262793145
     77.9779816       0.0000000262118679
     78.0780792       0.0000000261446886
     78.1781769       0.0000000260777438
     78.2782745       0.0000000260110523
     78.3783798       0.0000000259446064
     78.4784775       0.0000000258784278
     78.5785751       0.0000000258125320
     78.6786804       0.0000000257468768
     78.7787781       0.0000000256814597
     78.8788757       0.0000000256162881
     78.9789810       0.0000000255513604
     79.0790787       0.0000000254866861
     79.1791763       0.0000000254222604
     79.2792816       0.0000000253580783
     79.3793793       0.0000000252941358
     79.4794769       0.0000000252304404
     79.5795822       0.0000000251669795
     79.6796799       0.0000000251037355
     79.7797775       0.0000000250407683
     79.8798828       0.0000000249780206
     79.9799805       0.0000000249154914
     80.0800781       0.0000000248532208
     80.1801834       0.0000000247911681
     80.2802811       0.0000000247293619
     80.3803787       0.0000000246677902
     80.4804840       0.0000000246064304
     80.5805817       0.0000000245453186
     80.6806793       0.0000000244844468
     80.7807770       0.0000000244237667
     80.8808823       0.0000000243633273
     80.9809799       0.0000000243030962
     81.0810776       0.0000000242430888
     81.1811829       0.0000000241833321
     81.2812805       0.0000000241237805
     81.3813782       0.0000000240644396
     81.4814835       0.0000000240053312
     81.5815811       0.0000000239464382
     81.6816788       0.0000000238877481
     81.7817841       0.0000000238292723
     81.8818817       0.0000000237710125
     81.9819794       0.0000000237129815
     82.0820847       0.0000000236551751
     82.1821823       0.0000000235975598
     82.2822800       0.0000000235401511
     82.3823853       0.0000000234829585
     82.4824829       0.0000000234259691
     82.5825806       0.0000000233691862
     82.6826859       0.0000000233126195
     82.7827835       0.0000000232562610
     82.8828812       0.0000000232000961
     82.9829865       0.0000000231441395
     83.0830841       0.0000000230883814
     83.1831818       0.0000000230328126
     83.2832794       0.0000000229774491
     83.3833847       0.0000000229222982
     83.4834824       0.0000000228673523
     83.5835800       0.0000000228125676
     83.6836853       0.0000000227580348
     83.7837830       0.0000000227036476
     83.8838806       0.0000000226494855
     83.9839859       0.0000000225955066
     84.0840836       0.0000000225416988
     84.1841812       0.0000000224881188
     84.2842865       0.0000000224347249
     84.3843842       0.0000000223815038
     84.4844818       0.0000000223284628
     84.5845871       0.0000000222756384
     84.6846848       0.0000000222229930
     84.7847824       0.0000000221705261
     84.8848877       0.0000000221182286
     84.9849854       0.0000000220661434
     85.0850830       0.0000000220142321
     85.1851883       0.0000000219625085
     85.2852859       0.0000000219109724
     85.3853836       0.0000000218595971
     85.4854889       0.0000000218084298
     85.5855865       0.0000000217574175
     85.6856842       0.0000000217066207
     85.7857895       0.0000000216559621
     85.8858871       0.0000000216054823
     85.9859848       0.0000000215551910
     86.0860825       0.0000000215050634
     86.1861877       0.0000000214551298
     86.2862854       0.0000000214053718
     86.3863831       0.0000000213557700
     86.4864883       0.0000000213063226
     86.5865860       0.0000000212570840
     86.6866837       0.0000000212080162
     86.7867889       0.0000000211590906
     86.8868866       0.0000000211103439
     86.9869843       0.0000000210617744
     87.0870895       0.0000000210133665
     87.1871872       0.0000000209651003
     87.2872849       0.0000000209170306
     87.3873901       0.0000000208691221
     87.4874878       0.0000000208214053
     87.5875854       0.0000000207738035
     87.6876907       0.0000000207264044
     87.7877884       0.0000000206791367
     87.8878860       0.0000000206320500
     87.9879913       0.0000000205851084
     88.0880890       0.0000000205383160
     88.1881866       0.0000000204917084
     88.2882919       0.0000000204452683
     88.3883896       0.0000000203989702
     88.4884872       0.0000000203528175
     88.5885849       0.0000000203068310
     88.6886902       0.0000000202610105
     88.7887878       0.0000000202153372
     88.8888855       0.0000000201698142
     88.9889908       0.0000000201244378
     89.0890884       0.0000000200792265
     89.1891861       0.0000000200341766
     89.2892914       0.0000000199892451
     89.3893890       0.0000000199445002
     89.4894867       0.0000000198998853
     89.5895920       0.0000000198554445
     89.6896896       0.0000000198111366
     89.7897873       0.0000000197669676
     89.8898926       0.0000000197229667
     89.9899902       0.0000000196790925
     90.0900879       0.0000000196353655
     90.1901932       0.0000000195917920
     90.2902908       0.0000000195483482
     90.3903885       0.0000000195050583
     90.4904938       0.0000000194619263
     90.5905914       0.0000000194189230
     90.6906891       0.0000000193760606
     90.7907944       0.0000000193333376
     90.8908920       0.0000000192907630
     90.9909897       0.0000000192483250
     91.0910873       0.0000000192060464
     91.1911926       0.0000000191638873
     91.2912903       0.0000000191218691
     91.3913879       0.0000000190799903
     91.4914932       0.0000000190382356
     91.5915909       0.0000000189966309
     91.6916885       0.0000000189551791
     91.7917938       0.0000000189138257
     91.8918915       0.0000000188726463
     91.9919891       0.0000000188315788
     92.0920944       0.0000000187906445
     92.1921921       0.0000000187498512
     92.2922897       0.0000000187091895
     92.3923950       0.0000000186686609
     92.4924927       0.0000000186282607
     92.5925903       0.0000000185879937
     92.6926956       0.0000000185478566
     92.7927933       0.0000000185078496
     92.8928909       0.0000000184679685
     92.9929962       0.0000000184282184
     93.0930939       0.0000000183885983
     93.1931915       0.0000000183491082
     93.2932968       0.0000000183097243
     93.3933945       0.0000000182704896
     93.4934921       0.0000000182313786
     93.5935898       0.0000000181923945
     93.6936951       0.0000000181535326
     93.7937927       0.0000000181147904
     93.8938904       0.0000000180761710
     93.9939957       0.0000000180376803
     94.0940933       0.0000000179993181
     94.1941910       0.0000000179610593
     94.2942963       0.0000000179229282
     94.3943939       0.0000000178849294
     94.4944916       0.0000000178470389
     94.5945969       0.0000000178092783
     94.6946945       0.0000000177716515
     94.7947922       0.0000000177341082
     94.8948975       0.0000000176967063
     94.9949951       0.0000000176594186
     95.0950928       0.0000000176222748
     95.1951981       0.0000000175852033
     95.2952957       0.0000000175482760
     95.3953934       0.0000000175114579
     95.4954987       0.0000000174747594
     95.5955963       0.0000000174381565
     95.6956940       0.0000000174016971
     95.7957993       0.0000000173653313
     95.8958969       0.0000000173290918
     95.9959946       0.0000000172929466
     96.0960999       0.0000000172569194
     96.1961975       0.0000000172210334
     96.2962952       0.0000000171852384
     96.3963928       0.0000000171495497
     96.4964981       0.0000000171139757
     96.5965958       0.0000000170785176
     96.6966934       0.0000000170431683
     96.7967987       0.0000000170079215
     96.8968964       0.0000000169727813
     96.9969940       0.0000000169377555
     97.0970993       0.0000000169028493
     97.1971970       0.0000000168680372
     97.2972946       0.0000000168333311
     97.3973999       0.0000000167987316
     97.4974976       0.0000000167642664
     97.5975952       0.0000000167298737
     97.6977005       0.0000000166955923
     97.7977982       0.0000000166614207
     97.8978958       0.0000000166273690
     97.9980011       0.0000000165934011
     98.0980988       0.0000000165595445
     98.1981964       0.0000000165257951
     98.2983017       0.0000000164921407
     98.3983994       0.0000000164585913
     98.4984970       0.0000000164251428
     98.5986023       0.0000000163918129
     98.6987000       0.0000000163585707
     98.7987976       0.0000000163254278
     98.8988953       0.0000000162923894
     98.9990005       0.0000000162594667
     99.0990982       0.0000000162266273
     99.1991959       0.0000000161938702
     99.2993011       0.0000000161612422
     99.3993988       0.0000000161286996
     99.4994965       0.0000000160962536
     99.5996017       0.0000000160639032
     99.6996994       0.0000000160316385
     99.7997971       0.0000000159995025
     99.8999023       0.0000000159674274
    100.0000000       0.0000000159354705
