# x		H(x,a)
      0.0000000       1.0000000000000000
      0.1001001       0.9900299906730652
      0.2002002       0.9607124924659729
      0.3003003       0.9137664437294006
      0.4004004       0.8518707156181335
      0.5005005       0.7784109115600586
      0.6006006       0.6971734166145325
      0.7007007       0.6120254397392273
      0.8008008       0.5266169309616089
      0.9009009       0.4441368877887726
      1.0010010       0.3671655996753077
      1.1011012       0.2975384309446870
      1.2012012       0.2363443333987444
      1.3013012       0.1840195377166579
      1.4014014       0.1404430641901446
      1.5015016       0.1050654945743650
      1.6016016       0.0770466263228473
      1.7017016       0.0553855442490352
      1.8018018       0.0390311746809886
      1.9019020       0.0269671044060827
      2.0020020       0.0182691112310853
      2.1021020       0.0121378325887435
      2.2022023       0.0079109818002983
      2.3023024       0.0050603975685270
      2.4024024       0.0031792235010375
      2.5025024       0.0019640612150430
      2.6026025       0.0011954448976892
      2.7027028       0.0007191615320032
      2.8028028       0.0004298297526312
      2.9029028       0.0002573431893423
      3.0030031       0.0001562660360933
      3.1031032       0.0000978893102777
      3.2032032       0.0000645153347466
      3.3033032       0.0000454942446481
      3.4034033       0.0000345658546754
      3.5035036       0.0000281324057078
      3.6036036       0.0000241704782295
      3.7037036       0.0000215644941708
      3.8038039       0.0000197102007480
      3.9039040       0.0000182846676497
      4.0040040       0.0000171165396953
      4.1041040       0.0000161145661884
      4.2042041       0.0000152291678720
      4.3043041       0.0000144322213373
      4.4044046       0.0000137067294766
      4.5045047       0.0000130414527055
      4.6046047       0.0000124283370583
      4.7047048       0.0000118611640912
      4.8048048       0.0000113348958144
      4.9049048       0.0000108452997606
      5.0050049       0.0000103887388950
      5.1051049       0.0000099620623203
      5.2052050       0.0000095625241026
      5.3053055       0.0000091877038939
      5.4054055       0.0000088354521131
      5.5055056       0.0000085038844427
      5.6056056       0.0000081913181745
      5.7057056       0.0000078962114668
      5.8058057       0.0000076172434442
      5.9059057       0.0000073531885329
      6.0060062       0.0000071029355324
      6.1061063       0.0000068655225685
      6.2062063       0.0000066400353630
      6.3063064       0.0000064256572345
      6.4064064       0.0000062216418091
      6.5065064       0.0000060273156425
      6.6066065       0.0000058420533157
      6.7067065       0.0000056652865741
      6.8068066       0.0000054964919800
      6.9069071       0.0000053351775032
      7.0070071       0.0000051809049453
      7.1071072       0.0000050332727370
      7.2072072       0.0000048918861407
      7.3073072       0.0000047563886999
      7.4074073       0.0000046264718893
      7.5075073       0.0000045018097673
      7.6076078       0.0000043821334599
      7.7077079       0.0000042671715770
      7.8078079       0.0000041566804629
      7.9079080       0.0000040504263486
      8.0080080       0.0000039481972130
      8.1081085       0.0000038497935228
      8.2082081       0.0000037550202358
      8.3083086       0.0000036637035072
      8.4084082       0.0000035756778367
      8.5085087       0.0000034907795520
      8.6086082       0.0000034088745076
      8.7087088       0.0000033298125777
      8.8088093       0.0000032534670285
      8.9089088       0.0000031797147389
      9.0090094       0.0000031084389080
      9.1091089       0.0000030395329847
      9.2092094       0.0000029728887305
      9.3093090       0.0000029084085676
      9.4094095       0.0000028460028192
      9.5095091       0.0000027855825244
      9.6096096       0.0000027270666920
      9.7097101       0.0000026703712043
      9.8098097       0.0000026154232563
      9.9099102       0.0000025621557206
     10.0100098       0.0000025104929502
     10.1101103       0.0000024603747298
     10.2102098       0.0000024117460281
     10.3103104       0.0000023645414085
     10.4104099       0.0000023187106627
     10.5105104       0.0000022741954098
     10.6106110       0.0000022309519560
     10.7107105       0.0000021889277376
     10.8108110       0.0000021480776833
     10.9109106       0.0000021083605942
     11.0110111       0.0000020697351423
     11.1111107       0.0000020321607254
     11.2112112       0.0000019956005987
     11.3113117       0.0000019600185326
     11.4114113       0.0000019253793183
     11.5115118       0.0000018916489568
     11.6116114       0.0000018587952750
     11.7117119       0.0000018267932722
     11.8118114       0.0000017956091888
     11.9119120       0.0000017652164827
     12.0120125       0.0000017355900143
     12.1121120       0.0000017067011358
     12.2122126       0.0000016785307399
     12.3123121       0.0000016510506731
     12.4124126       0.0000016242397011
     12.5125122       0.0000015980772478
     12.6126127       0.0000015725415134
     12.7127123       0.0000015476137730
     12.8128128       0.0000015232749036
     12.9129133       0.0000014995051306
     13.0130129       0.0000014762875853
     13.1131134       0.0000014536036085
     13.2132130       0.0000014314402146
     13.3133135       0.0000014097797851
     13.4134130       0.0000013886103385
     13.5135136       0.0000013679105891
     13.6136131       0.0000013476720546
     13.7137136       0.0000013278801262
     13.8138142       0.0000013085212735
     13.9139137       0.0000012895805718
     14.0140142       0.0000012710508329
     14.1141138       0.0000012529185040
     14.2142143       0.0000012351704891
     14.3143139       0.0000012177963710
     14.4144144       0.0000012007872250
     14.5145149       0.0000011841329020
     14.6146145       0.0000011678225247
     14.7147150       0.0000011518479108
     14.8148146       0.0000011361982174
     14.9149151       0.0000011208645875
     15.0150146       0.0000011058421460
     15.1151152       0.0000010911168634
     15.2152157       0.0000010766862334
     15.3153152       0.0000010625397333
     15.4154158       0.0000010486700991
     15.5155153       0.0000010350708554
     15.6156158       0.0000010217340811
     15.7157154       0.0000010086554358
     15.8158159       0.0000009958252721
     15.9159155       0.0000009832383561
     16.0160160       0.0000009708887309
     16.1161156       0.0000009587717454
     16.2162170       0.0000009468795486
     16.3163166       0.0000009352077066
     16.4164162       0.0000009237494983
     16.5165157       0.0000009125027322
     16.6166172       0.0000009014587708
     16.7167168       0.0000008906146175
     16.8168163       0.0000008799657624
     16.9169178       0.0000008695069040
     17.0170174       0.0000008592332216
     17.1171169       0.0000008491407054
     17.2172165       0.0000008392257471
     17.3173180       0.0000008294822766
     17.4174175       0.0000008199090493
     17.5175171       0.0000008105009123
     17.6176186       0.0000008012525334
     17.7177181       0.0000007921629538
     17.8178177       0.0000007832273660
     17.9179173       0.0000007744414974
     18.0180187       0.0000007658027814
     18.1181183       0.0000007573089605
     18.2182178       0.0000007489553192
     18.3183174       0.0000007407398405
     18.4184189       0.0000007326579432
     18.5185184       0.0000007247076876
     18.6186180       0.0000007168866723
     18.7187195       0.0000007091927401
     18.8188190       0.0000007016207780
     18.9189186       0.0000006941698861
     19.0190182       0.0000006868368645
     19.1191196       0.0000006796203197
     19.2192192       0.0000006725168658
     19.3193188       0.0000006655238562
     19.4194202       0.0000006586400201
     19.5195198       0.0000006518626839
     19.6196194       0.0000006451893948
     19.7197189       0.0000006386173984
     19.8198204       0.0000006321457508
     19.9199200       0.0000006257730158
     20.0200195       0.0000006194954022
     20.1201210       0.0000006133115000
     20.2202206       0.0000006072206737
     20.3203201       0.0000006012198511
     20.4204197       0.0000005953078042
     20.5205212       0.0000005894827598
     20.6206207       0.0000005837422144
     20.7207203       0.0000005780859764
     20.8208199       0.0000005725110162
     20.9209213       0.0000005670172375
     21.0210209       0.0000005616019541
     21.1211205       0.0000005562633685
     21.2212219       0.0000005510008378
     21.3213215       0.0000005458129562
     21.4214211       0.0000005406977660
     21.5215206       0.0000005356550862
     21.6216221       0.0000005306820144
     21.7217216       0.0000005257782471
     21.8218212       0.0000005209412217
     21.9219227       0.0000005161716061
     22.0220222       0.0000005114675926
     22.1221218       0.0000005068268891
     22.2222214       0.0000005022496947
     22.3223228       0.0000004977340537
     22.4224224       0.0000004932786549
     22.5225220       0.0000004888834991
     22.6226234       0.0000004845467324
     22.7227230       0.0000004802673553
     22.8228226       0.0000004760446958
     22.9229221       0.0000004718772598
     23.0230236       0.0000004677644339
     23.1231232       0.0000004637055689
     23.2232227       0.0000004596991875
     23.3233242       0.0000004557440475
     23.4234238       0.0000004518400241
     23.5235233       0.0000004479865152
     23.6236229       0.0000004441816436
     23.7237244       0.0000004404255316
     23.8238239       0.0000004367165794
     23.9239235       0.0000004330543112
     24.0240250       0.0000004294375509
     24.1241245       0.0000004258668027
     24.2242241       0.0000004223397549
     24.3243237       0.0000004188567129
     24.4244251       0.0000004154163603
     24.5245247       0.0000004120186957
     24.6246243       0.0000004086625757
     24.7247238       0.0000004053469085
     24.8248253       0.0000004020720108
     24.9249249       0.0000003988360386
     25.0250244       0.0000003956394190
     25.1251259       0.0000003924810006
     25.2252254       0.0000003893605352
     25.3253250       0.0000003862771662
     25.4254246       0.0000003832296942
     25.5255260       0.0000003802187471
     25.6256256       0.0000003772428771
     25.7257252       0.0000003743020148
     25.8258266       0.0000003713955201
     25.9259262       0.0000003685227139
     26.0260258       0.0000003656828711
     26.1261253       0.0000003628763140
     26.2262268       0.0000003601015682
     26.3263264       0.0000003573583885
     26.4264259       0.0000003546467454
     26.5265274       0.0000003519654428
     26.6266270       0.0000003493151736
     26.7267265       0.0000003466944494
     26.8268261       0.0000003441031100
     26.9269276       0.0000003415408065
     27.0270271       0.0000003390067787
     27.1271267       0.0000003365011565
     27.2272263       0.0000003340231451
     27.3273277       0.0000003315724641
     27.4274273       0.0000003291488037
     27.5275269       0.0000003267514428
     27.6276283       0.0000003243800837
     27.7277279       0.0000003220347823
     27.8278275       0.0000003197146609
     27.9279270       0.0000003174194367
     28.0280285       0.0000003151491973
     28.1281281       0.0000003129027579
     28.2282276       0.0000003106809884
     28.3283291       0.0000003084820519
     28.4284286       0.0000003063069532
     28.5285282       0.0000003041544719
     28.6286278       0.0000003020248312
     28.7287292       0.0000002999173109
     28.8288288       0.0000002978318752
     28.9289284       0.0000002957681759
     29.0290298       0.0000002937257209
     29.1291294       0.0000002917045380
     29.2292290       0.0000002897040886
     29.3293285       0.0000002877243996
     29.4294300       0.0000002857647377
     29.5295296       0.0000002838249329
     29.6296291       0.0000002819048771
     29.7297306       0.0000002800042953
     29.8298302       0.0000002781227333
     29.9299297       0.0000002762603091
     30.0300293       0.0000002744167197
     30.1301308       0.0000002725908842
     30.2302303       0.0000002707838816
     30.3303299       0.0000002689944526
     30.4304314       0.0000002672229374
     30.5305309       0.0000002654687114
     30.6306305       0.0000002637316725
     30.7307301       0.0000002620118793
     30.8308315       0.0000002603086752
     30.9309311       0.0000002586220400
     31.0310307       0.0000002569519273
     31.1311302       0.0000002552977109
     31.2312317       0.0000002536595285
     31.3313313       0.0000002520372552
     31.4314308       0.0000002504301901
     31.5315323       0.0000002488386172
     31.6316319       0.0000002472622279
     31.7317314       0.0000002457005365
     31.8318310       0.0000002441540008
     31.9319324       0.0000002426214382
     32.0320320       0.0000002411037253
     32.1321335       0.0000002396005033
     32.2322311       0.0000002381107417
     32.3323326       0.0000002366351658
     32.4324341       0.0000002351729993
     32.5325317       0.0000002337246340
     32.6326332       0.0000002322894878
     32.7327309       0.0000002308673596
     32.8328323       0.0000002294584201
     32.9329338       0.0000002280623175
     33.0330315       0.0000002266789220
     33.1331329       0.0000002253081415
     33.2332344       0.0000002239500251
     33.3333321       0.0000002226038644
     33.4334335       0.0000002212697353
     33.5335350       0.0000002199476959
     33.6336327       0.0000002186373530
     33.7337341       0.0000002173387267
     33.8338356       0.0000002160518468
     33.9339333       0.0000002147761271
     34.0340347       0.0000002135117144
     34.1341324       0.0000002122588596
     34.2342339       0.0000002110164848
     34.3343353       0.0000002097849604
     34.4344330       0.0000002085645350
     34.5345345       0.0000002073545949
     34.6346359       0.0000002061550741
     34.7347336       0.0000002049662392
     34.8348351       0.0000002037873499
     34.9349365       0.0000002026187211
     35.0350342       0.0000002014601229
     35.1351357       0.0000002003114353
     35.2352371       0.0000001991723696
     35.3353348       0.0000001980432674
     35.4354362       0.0000001969236447
     35.5355339       0.0000001958135769
     35.6356354       0.0000001947126318
     35.7357368       0.0000001936213081
     35.8358345       0.0000001925389800
     35.9359360       0.0000001914656206
     36.0360374       0.0000001904012169
     36.1361351       0.0000001893457096
     36.2362366       0.0000001882990813
     36.3363380       0.0000001872609147
     36.4364357       0.0000001862313577
     36.5365372       0.0000001852102772
     36.6366348       0.0000001841976142
     36.7367363       0.0000001831933764
     36.8368378       0.0000001821971611
     36.9369354       0.0000001812091246
     37.0370369       0.0000001802288861
     37.1371384       0.0000001792569063
     37.2372360       0.0000001782927548
     37.3373375       0.0000001773360159
     37.4374390       0.0000001763872817
     37.5375366       0.0000001754461246
     37.6376381       0.0000001745122654
     37.7377396       0.0000001735859611
     37.8378372       0.0000001726673514
     37.9379387       0.0000001717554698
     38.0380363       0.0000001708511295
     38.1381378       0.0000001699538467
     38.2382393       0.0000001690635549
     38.3383369       0.0000001681803232
     38.4384384       0.0000001673040986
     38.5385399       0.0000001664345521
     38.6386375       0.0000001655716825
     38.7387390       0.0000001647157800
     38.8388405       0.0000001638662316
     38.9389381       0.0000001630233140
     39.0390396       0.0000001621869845
     39.1391373       0.0000001613569022
     39.2392387       0.0000001605334787
     39.3393402       0.0000001597161925
     39.4394379       0.0000001589050599
     39.5395393       0.0000001581000860
     39.6396408       0.0000001573012243
     39.7397385       0.0000001565083528
     39.8398399       0.0000001557218446
     39.9399414       0.0000001549408306
     40.0400391       0.0000001541659352
     40.1401405       0.0000001533965763
     40.2402420       0.0000001526332154
     40.3403397       0.0000001518754418
     40.4404411       0.0000001511232125
     40.5405388       0.0000001503766984
     40.6406403       0.0000001496356290
     40.7407417       0.0000001489000780
     40.8408394       0.0000001481700372
     40.9409409       0.0000001474452250
     41.0410423       0.0000001467256989
     41.1411400       0.0000001460115008
     41.2412415       0.0000001453023308
     41.3413429       0.0000001445985647
     41.4414406       0.0000001438998140
     41.5415421       0.0000001432060037
     41.6416397       0.0000001425172652
     41.7417412       0.0000001418336008
     41.8418427       0.0000001411547069
     41.9419403       0.0000001404806772
     42.0420418       0.0000001398116320
     42.1421432       0.0000001391472562
     42.2422409       0.0000001384874692
     42.3423424       0.0000001378325856
     42.4424438       0.0000001371821777
     42.5425415       0.0000001365365244
     42.6426430       0.0000001358952670
     42.7427444       0.0000001352585271
     42.8428421       0.0000001346264178
     42.9429436       0.0000001339985736
     43.0430412       0.0000001333750495
     43.1431427       0.0000001327560427
     43.2432442       0.0000001321412318
     43.3433418       0.0000001315307860
     43.4434433       0.0000001309244961
     43.5435448       0.0000001303224044
     43.6436424       0.0000001297244840
     43.7437439       0.0000001291304947
     43.8438454       0.0000001285407981
     43.9439430       0.0000001279550352
     44.0440445       0.0000001273733170
     44.1441460       0.0000001267955586
     44.2442436       0.0000001262216180
     44.3443451       0.0000001256515836
     44.4444427       0.0000001250856587
     44.5445442       0.0000001245233173
     44.6446457       0.0000001239646573
     44.7447433       0.0000001234100027
     44.8448448       0.0000001228589435
     44.9449463       0.0000001223114621
     45.0450439       0.0000001217678218
     45.1451454       0.0000001212278613
     45.2452469       0.0000001206912339
     45.3453445       0.0000001201583090
     45.4454460       0.0000001196289277
     45.5455437       0.0000001191029186
     45.6456451       0.0000001185804125
     45.7457466       0.0000001180614716
     45.8458443       0.0000001175457498
     45.9459457       0.0000001170335454
     46.0460472       0.0000001165246065
     46.1461449       0.0000001160189478
     46.2462463       0.0000001155166205
     46.3463478       0.0000001150175360
     46.4464455       0.0000001145217516
     46.5465469       0.0000001140290880
     46.6466484       0.0000001135395836
     46.7467461       0.0000001130532620
     46.8468475       0.0000001125699541
     46.9469452       0.0000001120899548
     47.0470467       0.0000001116129202
     47.1471481       0.0000001111389044
     47.2472458       0.0000001106678528
     47.3473473       0.0000001101998596
     47.4474487       0.0000001097348660
     47.5475464       0.0000001092727349
     47.6476479       0.0000001088135821
     47.7477493       0.0000001083572318
     47.8478470       0.0000001079037895
     47.9479485       0.0000001074531740
     48.0480499       0.0000001070054234
     48.1481476       0.0000001065605139
     48.2482491       0.0000001061182601
     48.3483467       0.0000001056787789
     48.4484482       0.0000001052420776
     48.5485497       0.0000001048080486
     48.6486473       0.0000001043767683
     48.7487488       0.0000001039480739
     48.8488503       0.0000001035219728
     48.9489479       0.0000001030985776
     49.0490494       0.0000001026776586
     49.1491508       0.0000001022593101
     49.2492485       0.0000001018437151
     49.3493500       0.0000001014304816
     49.4494476       0.0000001010198299
     49.5495491       0.0000001006117096
     49.6496506       0.0000001002057834
     49.7497482       0.0000000998025948
     49.8498497       0.0000000994017734
     49.9499512       0.0000000990033099
     50.0500488       0.0000000986073326
     50.1501503       0.0000000982136048
     50.2502518       0.0000000978222790
     50.3503494       0.0000000974333325
     50.4504509       0.0000000970466570
     50.5505524       0.0000000966623329
     50.6506500       0.0000000962801881
     50.7507515       0.0000000959003794
     50.8508492       0.0000000955228635
     50.9509506       0.0000000951474815
     51.0510521       0.0000000947743457
     51.1511497       0.0000000944033901
     51.2512512       0.0000000940344938
     51.3513527       0.0000000936679177
     51.4514503       0.0000000933034399
     51.5515518       0.0000000929411336
     51.6516533       0.0000000925808906
     51.7517509       0.0000000922227250
     51.8518524       0.0000000918666426
     51.9519501       0.0000000915125948
     52.0520515       0.0000000911605432
     52.1521530       0.0000000908105772
     52.2522507       0.0000000904626957
     52.3523521       0.0000000901168050
     52.4524536       0.0000000897727636
     52.5525513       0.0000000894307258
     52.6526527       0.0000000890906874
     52.7527542       0.0000000887526815
     52.8528519       0.0000000884164961
     52.9529533       0.0000000880821125
     53.0530548       0.0000000877498220
     53.1531525       0.0000000874192631
     53.2532539       0.0000000870906074
     53.3533516       0.0000000867638616
     53.4534531       0.0000000864388170
     53.5535545       0.0000000861157044
     53.6536522       0.0000000857943767
     53.7537537       0.0000000854749315
     53.8538551       0.0000000851570211
     53.9539528       0.0000000848411172
     54.0540543       0.0000000845268701
     54.1541557       0.0000000842144333
     54.2542534       0.0000000839036267
     54.3543549       0.0000000835946085
     54.4544525       0.0000000832873167
     54.5545540       0.0000000829817139
     54.6546555       0.0000000826776415
     54.7547531       0.0000000823754634
     54.8548546       0.0000000820748136
     54.9549561       0.0000000817758088
     55.0550537       0.0000000814783909
     55.1551552       0.0000000811826617
     55.2552567       0.0000000808885075
     55.3553543       0.0000000805960089
     55.4554558       0.0000000803050483
     55.5555573       0.0000000800156415
     55.6556549       0.0000000797278453
     55.7557564       0.0000000794416026
     55.8558540       0.0000000791568484
     55.9559555       0.0000000788736879
     56.0560570       0.0000000785920121
     56.1561546       0.0000000783119092
     56.2562561       0.0000000780331727
     56.3563576       0.0000000777559037
     56.4564552       0.0000000774802695
     56.5565567       0.0000000772059229
     56.6566582       0.0000000769332099
     56.7567558       0.0000000766618119
     56.8568573       0.0000000763918425
     56.9569588       0.0000000761233890
     57.0570564       0.0000000758562578
     57.1571579       0.0000000755906869
     57.2572556       0.0000000753262926
     57.3573570       0.0000000750633768
     57.4574585       0.0000000748018480
     57.5575562       0.0000000745417105
     57.6576576       0.0000000742829411
     57.7577591       0.0000000740254441
     57.8578568       0.0000000737692739
     57.9579582       0.0000000735145056
     58.0580597       0.0000000732610331
     58.1581573       0.0000000730088837
     58.2582588       0.0000000727580301
     58.3583565       0.0000000725083722
     58.4584579       0.0000000722600783
     58.5585594       0.0000000720130818
     58.6586571       0.0000000717672761
     58.7587585       0.0000000715228180
     58.8588600       0.0000000712795824
     58.9589577       0.0000000710374632
     59.0590591       0.0000000707967382
     59.1591606       0.0000000705571774
     59.2592583       0.0000000703188276
     59.3593597       0.0000000700816498
     59.4594612       0.0000000698457361
     59.5595589       0.0000000696109464
     59.6596603       0.0000000693773976
     59.7597580       0.0000000691450170
     59.8598595       0.0000000689137238
     59.9599609       0.0000000686836980
     60.0600586       0.0000000684547726
     60.1601601       0.0000000682269676
     60.2602615       0.0000000680003375
     60.3603592       0.0000000677748238
     60.4604607       0.0000000675503922
     60.5605621       0.0000000673271200
     60.6606598       0.0000000671049664
     60.7607613       0.0000000668838467
     60.8608627       0.0000000666638169
     60.9609604       0.0000000664449790
     61.0610619       0.0000000662270910
     61.1611595       0.0000000660103757
     61.2612610       0.0000000657946935
     61.3613625       0.0000000655800763
     61.4614601       0.0000000653664176
     61.5615616       0.0000000651538307
     61.6616631       0.0000000649423527
     61.7617607       0.0000000647318736
     61.8618622       0.0000000645223828
     61.9619637       0.0000000643139263
     62.0620613       0.0000000641065097
     62.1621628       0.0000000639001165
     62.2622604       0.0000000636945593
     62.3623619       0.0000000634901939
     62.4624634       0.0000000632866631
     62.5625610       0.0000000630841877
     62.6626625       0.0000000628826139
     62.7627640       0.0000000626821363
     62.8628616       0.0000000624824770
     62.9629631       0.0000000622838522
     63.0630646       0.0000000620861410
     63.1631622       0.0000000618894192
     63.2632637       0.0000000616935533
     63.3633652       0.0000000614986591
     63.4634628       0.0000000613046703
     63.5635643       0.0000000611116307
     63.6636620       0.0000000609194452
     63.7637634       0.0000000607281928
     63.8638649       0.0000000605378153
     63.9639626       0.0000000603483707
     64.0640640       0.0000000601598814
     64.1641617       0.0000000599721844
     64.2642670       0.0000000597853030
     64.3643646       0.0000000595993966
     64.4644623       0.0000000594143530
     64.5645676       0.0000000592301314
     64.6646652       0.0000000590467581
     64.7647629       0.0000000588642956
     64.8648682       0.0000000586826183
     64.9649658       0.0000000585018235
     65.0650635       0.0000000583218362
     65.1651688       0.0000000581426379
     65.2652664       0.0000000579643311
     65.3653641       0.0000000577868500
     65.4654617       0.0000000576101341
     65.5655670       0.0000000574342440
     65.6656647       0.0000000572591801
     65.7657623       0.0000000570849178
     65.8658676       0.0000000569113743
     65.9659653       0.0000000567386928
     66.0660629       0.0000000565668068
     66.1661682       0.0000000563956845
     66.2662659       0.0000000562252894
     66.3663635       0.0000000560557328
     66.4664688       0.0000000558869341
     66.5665665       0.0000000557188254
     66.6666641       0.0000000555515206
     66.7667694       0.0000000553849751
     66.8668671       0.0000000552191441
     66.9669647       0.0000000550541582
     67.0670700       0.0000000548898059
     67.1671677       0.0000000547262226
     67.2672653       0.0000000545634049
     67.3673706       0.0000000544012429
     67.4674683       0.0000000542398756
     67.5675659       0.0000000540791936
     67.6676712       0.0000000539192229
     67.7677689       0.0000000537599277
     67.8678665       0.0000000536013348
     67.9679642       0.0000000534434984
     68.0680695       0.0000000532863166
     68.1681671       0.0000000531298717
     68.2682648       0.0000000529740942
     68.3683701       0.0000000528189968
     68.4684677       0.0000000526645546
     68.5685654       0.0000000525108022
     68.6686707       0.0000000523577836
     68.7687683       0.0000000522053450
     68.8688660       0.0000000520536244
     68.9689713       0.0000000519025343
     69.0690689       0.0000000517521400
     69.1691666       0.0000000516023517
     69.2692719       0.0000000514532465
     69.3693695       0.0000000513047814
     69.4694672       0.0000000511569317
     69.5695724       0.0000000510097158
     69.6696701       0.0000000508631948
     69.7697678       0.0000000507172833
     69.8698730       0.0000000505719591
     69.9699707       0.0000000504272572
     70.0700684       0.0000000502832878
     70.1701736       0.0000000501398159
     70.2702713       0.0000000499969592
     70.3703690       0.0000000498547512
     70.4704742       0.0000000497131092
     70.5705719       0.0000000495721539
     70.6706696       0.0000000494317266
     70.7707672       0.0000000492919227
     70.8708725       0.0000000491527056
     70.9709702       0.0000000490140647
     71.0710678       0.0000000488760139
     71.1711731       0.0000000487385550
     71.2712708       0.0000000486016658
     71.3713684       0.0000000484653810
     71.4714737       0.0000000483296580
     71.5715714       0.0000000481944960
     71.6716690       0.0000000480598962
     71.7717743       0.0000000479258322
     71.8718719       0.0000000477923401
     71.9719696       0.0000000476594497
     72.0720749       0.0000000475270921
     72.1721725       0.0000000473952649
     72.2722702       0.0000000472640264
     72.3723755       0.0000000471332667
     72.4724731       0.0000000470031020
     72.5725708       0.0000000468734642
     72.6726761       0.0000000467443421
     72.7727737       0.0000000466157476
     72.8728714       0.0000000464877225
     72.9729767       0.0000000463601967
     73.0730743       0.0000000462332084
     73.1731720       0.0000000461067507
     73.2732697       0.0000000459808498
     73.3733749       0.0000000458553637
     73.4734726       0.0000000457304278
     73.5735703       0.0000000456060480
     73.6736755       0.0000000454821243
     73.7737732       0.0000000453586729
     73.8738708       0.0000000452357897
     73.9739761       0.0000000451134186
     74.0740738       0.0000000449915288
     74.1741714       0.0000000448700959
     74.2742767       0.0000000447491626
     74.3743744       0.0000000446287601
     74.4744720       0.0000000445088053
     74.5745773       0.0000000443893375
     74.6746750       0.0000000442703180
     74.7747726       0.0000000441518339
     74.8748779       0.0000000440338278
     74.9749756       0.0000000439162582
     75.0750732       0.0000000437991601
     75.1751785       0.0000000436825486
     75.2752762       0.0000000435663818
     75.3753738       0.0000000434506455
     75.4754791       0.0000000433354605
     75.5755768       0.0000000432206815
     75.6756744       0.0000000431063239
     75.7757721       0.0000000429924789
     75.8758774       0.0000000428790975
     75.9759750       0.0000000427661376
     76.0760727       0.0000000426536185
     76.1761780       0.0000000425414968
     76.2762756       0.0000000424298655
     76.3763733       0.0000000423186692
     76.4764786       0.0000000422079162
     76.5765762       0.0000000420976008
     76.6766739       0.0000000419876741
     76.7767792       0.0000000418782184
     76.8768768       0.0000000417691916
     76.9769745       0.0000000416606185
     77.0770798       0.0000000415523959
     77.1771774       0.0000000414446240
     77.2772751       0.0000000413373144
     77.3773804       0.0000000412303409
     77.4774780       0.0000000411238203
     77.5775757       0.0000000410176959
     77.6776810       0.0000000409120197
     77.7777786       0.0000000408066920
     77.8778763       0.0000000407018381
     77.9779816       0.0000000405973755
     78.0780792       0.0000000404933288
     78.1781769       0.0000000403896428
     78.2782745       0.0000000402863516
     78.3783798       0.0000000401834408
     78.4784775       0.0000000400809409
     78.5785751       0.0000000399788764
     78.6786804       0.0000000398771902
     78.7787781       0.0000000397758747
     78.8788757       0.0000000396749321
     78.9789810       0.0000000395743742
     79.0790787       0.0000000394742042
     79.1791763       0.0000000393744180
     79.2792816       0.0000000392750142
     79.3793793       0.0000000391759794
     79.4794769       0.0000000390773262
     79.5795822       0.0000000389790358
     79.6796799       0.0000000388810827
     79.7797775       0.0000000387835584
     79.8798828       0.0000000386863752
     79.9799805       0.0000000385895273
     80.0800781       0.0000000384930792
     80.1801834       0.0000000383969724
     80.2802811       0.0000000383012468
     80.3803787       0.0000000382058864
     80.4804840       0.0000000381108494
     80.5805817       0.0000000380161967
     80.6806793       0.0000000379219187
     80.7807770       0.0000000378279334
     80.8808823       0.0000000377343254
     80.9809799       0.0000000376410379
     81.0810776       0.0000000375480978
     81.1811829       0.0000000374555494
     81.2812805       0.0000000373633123
     81.3813782       0.0000000372714047
     81.4814835       0.0000000371798581
     81.5815811       0.0000000370886441
     81.6816788       0.0000000369977440
     81.7817841       0.0000000369071725
     81.8818817       0.0000000368169421
     81.9819794       0.0000000367270579
     82.0820847       0.0000000366375318
     82.1821823       0.0000000365482933
     82.2822800       0.0000000364593771
     82.3823853       0.0000000363707975
     82.4824829       0.0000000362825322
     82.5825806       0.0000000361945861
     82.6826859       0.0000000361069733
     82.7827835       0.0000000360196837
     82.8828812       0.0000000359326952
     82.9829865       0.0000000358460304
     83.0830841       0.0000000357596708
     83.1831818       0.0000000356736071
     83.2832794       0.0000000355878543
     83.3833847       0.0000000355024381
     83.4834824       0.0000000354173347
     83.5835800       0.0000000353324873
     83.6836853       0.0000000352480258
     83.7837830       0.0000000351637856
     83.8838806       0.0000000350799026
     83.9839859       0.0000000349962939
     84.0840836       0.0000000349129563
     84.1841812       0.0000000348299715
     84.2842865       0.0000000347472776
     84.3843842       0.0000000346648457
     84.4844818       0.0000000345826967
     84.5845871       0.0000000345008790
     84.6846848       0.0000000344193401
     84.7847824       0.0000000343380778
     84.8848877       0.0000000342570809
     84.9849854       0.0000000341764121
     85.0850830       0.0000000340960076
     85.1851883       0.0000000340158990
     85.2852859       0.0000000339360773
     85.3853836       0.0000000338565092
     85.4854889       0.0000000337772607
     85.5855865       0.0000000336982550
     85.6856842       0.0000000336195777
     85.7857895       0.0000000335411135
     85.8858871       0.0000000334629323
     85.9859848       0.0000000333850383
     86.0860825       0.0000000333074019
     86.1861877       0.0000000332300623
     86.2862854       0.0000000331529961
     86.3863831       0.0000000330761726
     86.4864883       0.0000000329995881
     86.5865860       0.0000000329233253
     86.6866837       0.0000000328473297
     86.7867889       0.0000000327715520
     86.8868866       0.0000000326960541
     86.9869843       0.0000000326208275
     87.0870895       0.0000000325458524
     87.1871872       0.0000000324710989
     87.2872849       0.0000000323966468
     87.3873901       0.0000000323224451
     87.4874878       0.0000000322485423
     87.5875854       0.0000000321748110
     87.6876907       0.0000000321013996
     87.7877884       0.0000000320281941
     87.8878860       0.0000000319552636
     87.9879913       0.0000000318825588
     88.0880890       0.0000000318100855
     88.1881866       0.0000000317379002
     88.2882919       0.0000000316659729
     88.3883896       0.0000000315942640
     88.4884872       0.0000000315227811
     88.5885849       0.0000000314515576
     88.6886902       0.0000000313805890
     88.7887878       0.0000000313098508
     88.8888855       0.0000000312393475
     88.9889908       0.0000000311690661
     89.0890884       0.0000000310990420
     89.1891861       0.0000000310292645
     89.2892914       0.0000000309596773
     89.3893890       0.0000000308903745
     89.4894867       0.0000000308212720
     89.5895920       0.0000000307524423
     89.6896896       0.0000000306838180
     89.7897873       0.0000000306154127
     89.8898926       0.0000000305472603
     89.9899902       0.0000000304793072
     90.0900879       0.0000000304115829
     90.1901932       0.0000000303440955
     90.2902908       0.0000000302768064
     90.3903885       0.0000000302097587
     90.4904938       0.0000000301429528
     90.5905914       0.0000000300763530
     90.6906891       0.0000000300099662
     90.7907944       0.0000000299437955
     90.8908920       0.0000000298778554
     90.9909897       0.0000000298121296
     91.0910873       0.0000000297466452
     91.1911926       0.0000000296813485
     91.2912903       0.0000000296162680
     91.3913879       0.0000000295514067
     91.4914932       0.0000000294867381
     91.5915909       0.0000000294222966
     91.6916885       0.0000000293580963
     91.7917938       0.0000000292940465
     91.8918915       0.0000000292302689
     91.9919891       0.0000000291666611
     92.0920944       0.0000000291032659
     92.1921921       0.0000000290400806
     92.2922897       0.0000000289771052
     92.3923950       0.0000000289143303
     92.4924927       0.0000000288517622
     92.5925903       0.0000000287893945
     92.6926956       0.0000000287272305
     92.7927933       0.0000000286652669
     92.8928909       0.0000000286034965
     92.9929962       0.0000000285419309
     93.0930939       0.0000000284805657
     93.1931915       0.0000000284194042
     93.2932968       0.0000000283584067
     93.3933945       0.0000000282976368
     93.4934921       0.0000000282370611
     93.5935898       0.0000000281766829
     93.6936951       0.0000000281164957
     93.7937927       0.0000000280564862
     93.8938904       0.0000000279966756
     93.9939957       0.0000000279370586
     94.0940933       0.0000000278776453
     94.1941910       0.0000000278183903
     94.2942963       0.0000000277593271
     94.3943939       0.0000000277004746
     94.4944916       0.0000000276417900
     94.5945969       0.0000000275833072
     94.6946945       0.0000000275250287
     94.7947922       0.0000000274668825
     94.8948975       0.0000000274089512
     94.9949951       0.0000000273512025
     95.0950928       0.0000000272936701
     95.1951981       0.0000000272362542
     95.2952957       0.0000000271790592
     95.3953934       0.0000000271220360
     95.4954987       0.0000000270651981
     95.5955963       0.0000000270085064
     95.6956940       0.0000000269520370
     95.7957993       0.0000000268957123
     95.8958969       0.0000000268395857
     95.9959946       0.0000000267836024
     96.0960999       0.0000000267278043
     96.1961975       0.0000000266722216
     96.2962952       0.0000000266167841
     96.3963928       0.0000000265615094
     96.4964981       0.0000000265064104
     96.5965958       0.0000000264514932
     96.6966934       0.0000000263967436
     96.7967987       0.0000000263421491
     96.8968964       0.0000000262877270
     96.9969940       0.0000000262334773
     97.0970993       0.0000000261794141
     97.1971970       0.0000000261254951
     97.2972946       0.0000000260717454
     97.3973999       0.0000000260181556
     97.4974976       0.0000000259647738
     97.5975952       0.0000000259115054
     97.6977005       0.0000000258584108
     97.7977982       0.0000000258054855
     97.8978958       0.0000000257527462
     97.9980011       0.0000000257001375
     98.0980988       0.0000000256476980
     98.1981964       0.0000000255954260
     98.2983017       0.0000000255433032
     98.3983994       0.0000000254913418
     98.4984970       0.0000000254395356
     98.5986023       0.0000000253879119
     98.6987000       0.0000000253364285
     98.7987976       0.0000000252850972
     98.8988953       0.0000000252339226
     98.9990005       0.0000000251829346
     99.0990982       0.0000000251320718
     99.1991959       0.0000000250813356
     99.2993011       0.0000000250308009
     99.3993988       0.0000000249803975
     99.4994965       0.0000000249301461
     99.5996017       0.0000000248800404
     99.6996994       0.0000000248300662
     99.7997971       0.0000000247802962
     99.8999023       0.0000000247306184
    100.0000000       0.0000000246811210
