# x		H(x,a)
      0.0000000       1.0000000000000000
      0.1001001       0.9900299906730652
      0.2002002       0.9607124924659729
      0.3003003       0.9137664437294006
      0.4004004       0.8518707156181335
      0.5005005       0.7784109115600586
      0.6006006       0.6971734166145325
      0.7007007       0.6120254397392273
      0.8008008       0.5266169309616089
      0.9009009       0.4441368877887726
      1.0010010       0.3671556542458622
      1.1011012       0.2975102771020564
      1.2012012       0.2363001287024690
      1.3013012       0.1839643619067240
      1.4014014       0.1403820756081993
      1.5015016       0.1050028654415470
      1.6016016       0.0769853177930395
      1.7017016       0.0553274344722268
      1.8018018       0.0389772989597620
      1.9019020       0.0269178979237312
      2.0020020       0.0182246123668601
      2.1021020       0.0120978371976642
      2.2022023       0.0078751526012853
      2.3023024       0.0050283375261835
      2.4024024       0.0031505225700240
      2.5025024       0.0019383240869560
      2.6026025       0.0011723060485119
      2.7027028       0.0006982920313883
      2.8028028       0.0004109389851572
      2.9029028       0.0002401775243210
      3.0030031       0.0001406060227153
      3.1031032       0.0000835460765060
      3.2032032       0.0000513268727848
      3.3033032       0.0000333217965674
      3.4034033       0.0000232906037399
      3.5035036       0.0000176525380182
      3.6036036       0.0000143985867125
      3.7037036       0.0000124253973903
      3.8038039       0.0000111390183981
      3.9039040       0.0000102252512137
      4.0040040       0.0000095201162694
      4.1041040       0.0000089386151271
      4.2042041       0.0000084364729310
      4.3043041       0.0000079900866170
      4.4044046       0.0000075862993182
      4.5045047       0.0000072171766887
      4.6046047       0.0000068774973706
      4.7047048       0.0000065634850733
      4.8048048       0.0000062722076490
      4.9049048       0.0000060012634481
      5.0050049       0.0000057486150884
      5.1051049       0.0000055125099784
      5.2052050       0.0000052914239921
      5.3053055       0.0000050840168227
      5.4054055       0.0000048890976341
      5.5055056       0.0000047056248238
      5.6056056       0.0000045326666781
      5.7057056       0.0000043693696937
      5.8058057       0.0000042150022641
      5.9059057       0.0000040688876695
      6.0060062       0.0000039304098045
      6.1061063       0.0000037990374962
      6.2062063       0.0000036742636690
      6.3063064       0.0000035556379359
      6.4064064       0.0000034427459206
      6.5065064       0.0000033352156087
      6.6066065       0.0000032327007075
      6.7067065       0.0000031348868446
      6.8068066       0.0000030414842410
      6.9069071       0.0000029522207035
      7.0070071       0.0000028668542828
      7.1071072       0.0000027851617817
      7.2072072       0.0000027069257428
      7.3073072       0.0000026319481089
      7.4074073       0.0000025600584802
      7.5075073       0.0000024910768725
      7.6076078       0.0000024248538953
      7.7077079       0.0000023612395545
      7.8078079       0.0000023000993775
      7.9079080       0.0000022413036992
      8.0080080       0.0000021847351318
      8.1081085       0.0000021302833611
      8.2082081       0.0000020778407390
      8.3083086       0.0000020273106965
      8.4084082       0.0000019786016510
      8.5085087       0.0000019316232535
      8.6086082       0.0000018863007834
      8.7087088       0.0000018425520027
      8.8088093       0.0000018003062521
      8.9089088       0.0000017594955018
      9.0090094       0.0000017200547502
      9.1091089       0.0000016819256749
      9.2092094       0.0000016450480903
      9.3093090       0.0000016093680846
      9.4094095       0.0000015748358035
      9.5095091       0.0000015414023933
      9.6096096       0.0000015090224531
      9.7097101       0.0000014776500712
      9.8098097       0.0000014472446418
      9.9099102       0.0000014177690364
     10.0100098       0.0000013891814361
     10.1101103       0.0000013614486360
     10.2102098       0.0000013345398594
     10.3103104       0.0000013084191805
     10.4104099       0.0000012830586868
     10.5105104       0.0000012584261880
     10.6106110       0.0000012344973870
     10.7107105       0.0000012112432776
     10.8108110       0.0000011886389200
     10.9109106       0.0000011666615086
     11.0110111       0.0000011452880949
     11.1111107       0.0000011244962262
     11.2112112       0.0000011042656612
     11.3113117       0.0000010845763312
     11.4114113       0.0000010654087802
     11.5115118       0.0000010467439874
     11.6116114       0.0000010285645431
     11.7117119       0.0000010108561482
     11.8118114       0.0000009936005559
     11.9119120       0.0000009767827029
     12.0120125       0.0000009603888613
     12.1121120       0.0000009444032095
     12.2122126       0.0000009288151669
     12.3123121       0.0000009136090025
     12.4124126       0.0000008987730749
     12.5125122       0.0000008842961340
     12.6126127       0.0000008701659813
     12.7127123       0.0000008563721358
     12.8128128       0.0000008429042774
     12.9129133       0.0000008297511966
     13.0130129       0.0000008169038305
     13.1131134       0.0000008043516794
     13.2132130       0.0000007920875708
     13.3133135       0.0000007801017687
     13.4134130       0.0000007683876022
     13.5135136       0.0000007569333822
     13.6136131       0.0000007457344305
     13.7137136       0.0000007347826167
     13.8138142       0.0000007240702787
     13.9139137       0.0000007135895444
     14.0140142       0.0000007033360951
     14.1141138       0.0000006933025396
     14.2142143       0.0000006834816812
     14.3143139       0.0000006738676926
     14.4144144       0.0000006644556670
     14.5145149       0.0000006552399956
     14.6146145       0.0000006462146883
     14.7147150       0.0000006373751281
     14.8148146       0.0000006287153873
     14.9149151       0.0000006202305292
     15.0150146       0.0000006119178069
     15.1151152       0.0000006037695883
     15.2152157       0.0000005957844176
     15.3153152       0.0000005879564565
     15.4154158       0.0000005802817050
     15.5155153       0.0000005727565765
     15.6156158       0.0000005653766202
     15.7157154       0.0000005581395315
     15.8158159       0.0000005510400257
     15.9159155       0.0000005440750436
     16.0160160       0.0000005372413712
     16.1161156       0.0000005305364551
     16.2162170       0.0000005239558296
     16.3163166       0.0000005174972472
     16.4164162       0.0000005111568371
     16.5165157       0.0000005049333987
     16.6166172       0.0000004988222844
     16.7167168       0.0000004928216879
     16.8168163       0.0000004869291680
     16.9169178       0.0000004811416677
     17.0170174       0.0000004754567761
     17.1171169       0.0000004698720528
     17.2172165       0.0000004643856151
     17.3173180       0.0000004589941355
     17.4174175       0.0000004536967407
     17.5175171       0.0000004484907431
     17.6176186       0.0000004433731656
     17.7177181       0.0000004383434478
     17.8178177       0.0000004333988927
     17.9179173       0.0000004285373023
     18.0180187       0.0000004237570344
     18.1181183       0.0000004190570020
     18.2182178       0.0000004144344592
     18.3183174       0.0000004098884522
     18.4184189       0.0000004054163521
     18.5185184       0.0000004010170634
     18.6186180       0.0000003966892728
     18.7187195       0.0000003924318456
     18.8188190       0.0000003882419196
     18.9189186       0.0000003841189445
     19.0190182       0.0000003800612279
     19.1191196       0.0000003760679466
     19.2192192       0.0000003721372805
     19.3193188       0.0000003682676408
     19.4194202       0.0000003644584997
     19.5195198       0.0000003607082605
     19.6196194       0.0000003570155944
     19.7197189       0.0000003533789855
     19.8198204       0.0000003497978764
     19.9199200       0.0000003462715477
     20.0200195       0.0000003427978243
     20.1201210       0.0000003393759686
     20.2202206       0.0000003360056276
     20.3203201       0.0000003326850699
     20.4204197       0.0000003294136430
     20.5205212       0.0000003261903021
     20.6206207       0.0000003230138085
     20.7207203       0.0000003198839149
     20.8208199       0.0000003167990049
     20.9209213       0.0000003137590213
     21.0210209       0.0000003107624955
     21.1211205       0.0000003078083807
     21.2212219       0.0000003048963491
     21.3213215       0.0000003020256226
     21.4214211       0.0000002991951384
     21.5215206       0.0000002964047794
     21.6216221       0.0000002936529305
     21.7217216       0.0000002909394209
     21.8218212       0.0000002882628696
     21.9219227       0.0000002856235704
     22.0220222       0.0000002830206225
     22.1221218       0.0000002804526869
     22.2222214       0.0000002779199142
     22.3223228       0.0000002754211814
     22.4224224       0.0000002729558145
     22.5225220       0.0000002705237408
     22.6226234       0.0000002681239724
     22.7227230       0.0000002657559699
     22.8228226       0.0000002634193533
     22.9229221       0.0000002611133071
     23.0230236       0.0000002588374705
     23.1231232       0.0000002565915225
     23.2232227       0.0000002543745948
     23.3233242       0.0000002521859998
     23.4234238       0.0000002500257023
     23.5235233       0.0000002478934046
     23.6236229       0.0000002457879196
     23.7237244       0.0000002437095290
     23.8238239       0.0000002416571218
     23.9239235       0.0000002396306324
     24.0240250       0.0000002376293217
     24.1241245       0.0000002356534641
     24.2242241       0.0000002337017296
     24.3243237       0.0000002317744050
     24.4244251       0.0000002298706541
     24.5245247       0.0000002279905749
     24.6246243       0.0000002261334653
     24.7247238       0.0000002242987354
     24.8248253       0.0000002224865644
     24.9249249       0.0000002206959468
     25.0250244       0.0000002189271011
     25.1251259       0.0000002171793720
     25.2252254       0.0000002154526836
     25.3253250       0.0000002137464924
     25.4254246       0.0000002120601685
     25.5255260       0.0000002103940632
     25.6256256       0.0000002087473582
     25.7257252       0.0000002071200350
     25.8258266       0.0000002055117315
     25.9259262       0.0000002039220748
     26.0260258       0.0000002023506461
     26.1261253       0.0000002007976305
     26.2262268       0.0000001992622230
     26.3263264       0.0000001977442888
     26.4264259       0.0000001962438056
     26.5265274       0.0000001947601132
     26.6266270       0.0000001932935714
     26.7267265       0.0000001918433874
     26.8268261       0.0000001904094787
     26.9269276       0.0000001889916346
     27.0270271       0.0000001875894364
     27.1271267       0.0000001862029372
     27.2272263       0.0000001848317232
     27.3273277       0.0000001834756412
     27.4274273       0.0000001821345229
     27.5275269       0.0000001808079206
     27.6276283       0.0000001794957437
     27.7277279       0.0000001781979728
     27.8278275       0.0000001769141246
     27.9279270       0.0000001756440674
     28.0280285       0.0000001743878228
     28.1281281       0.0000001731447697
     28.2282276       0.0000001719153400
     28.3283291       0.0000001706985680
     28.4284286       0.0000001694949814
     28.5285282       0.0000001683038896
     28.6286278       0.0000001671254573
     28.7287292       0.0000001659592647
     28.8288288       0.0000001648052916
     28.9289284       0.0000001636633593
     29.0290298       0.0000001625331456
     29.1291294       0.0000001614147188
     29.2292290       0.0000001603077771
     29.3293285       0.0000001592123130
     29.4294300       0.0000001581279514
     29.5295296       0.0000001570545459
     29.6296291       0.0000001559920835
     29.7297306       0.0000001549404143
     29.8298302       0.0000001538992359
     29.9299297       0.0000001528686552
     30.0300293       0.0000001518485082
     30.1301308       0.0000001508381878
     30.2302303       0.0000001498382618
     30.3303299       0.0000001488480891
     30.4304314       0.0000001478678365
     30.5305309       0.0000001468971418
     30.6306305       0.0000001459359492
     30.7307301       0.0000001449842958
     30.8308315       0.0000001440418153
     30.9309311       0.0000001431085234
     31.0310307       0.0000001421843555
     31.1311302       0.0000001412690153
     31.2312317       0.0000001403625181
     31.3313313       0.0000001394648273
     31.4314308       0.0000001385755547
     31.5315323       0.0000001376948623
     31.6316319       0.0000001368225707
     31.7317314       0.0000001359584135
     31.8318310       0.0000001351026270
     31.9319324       0.0000001342546002
     32.0320320       0.0000001334147797
     32.1321335       0.0000001325829482
     32.2322311       0.0000001317586041
     32.3323326       0.0000001309420727
     32.4324341       0.0000001301329980
     32.5325317       0.0000001293315390
     32.6326332       0.0000001285374046
     32.7327309       0.0000001277504833
     32.8328323       0.0000001269708346
     32.9329338       0.0000001261982842
     33.0330315       0.0000001254328041
     33.1331329       0.0000001246742684
     33.2332344       0.0000001239227631
     33.3333321       0.0000001231778617
     33.4334335       0.0000001224396208
     33.5335350       0.0000001217080681
     33.6336327       0.0000001209829858
     33.7337341       0.0000001202643928
     33.8338356       0.0000001195523054
     33.9339333       0.0000001188463836
     34.0340347       0.0000001181467305
     34.1341324       0.0000001174534502
     34.2342339       0.0000001167659982
     34.3343353       0.0000001160845199
     34.4344330       0.0000001154092105
     34.5345345       0.0000001147396751
     34.6346359       0.0000001140759166
     34.7347336       0.0000001134180798
     34.8348351       0.0000001127657420
     34.9349365       0.0000001121190884
     35.0350342       0.0000001114779765
     35.1351357       0.0000001108423435
     35.2352371       0.0000001102120433
     35.3353348       0.0000001095872538
     35.4354362       0.0000001089677121
     35.5355339       0.0000001083534489
     35.6356354       0.0000001077442439
     35.7357368       0.0000001071403605
     35.8358345       0.0000001065414592
     35.9359360       0.0000001059475150
     36.0360374       0.0000001053585316
     36.1361351       0.0000001047744677
     36.2362366       0.0000001041953073
     36.3363380       0.0000001036208391
     36.4364357       0.0000001030511352
     36.5365372       0.0000001024861168
     36.6366348       0.0000001019257671
     36.7367363       0.0000001013700677
     36.8368378       0.0000001008188180
     36.9369354       0.0000001002720807
     37.0370369       0.0000000997296745
     37.1371384       0.0000000991918232
     37.2372360       0.0000000986583089
     37.3373375       0.0000000981288940
     37.4374390       0.0000000976039107
     37.5375366       0.0000000970831168
     37.6376381       0.0000000965663685
     37.7377396       0.0000000960538079
     37.8378372       0.0000000955454935
     37.9379387       0.0000000950409095
     38.0380363       0.0000000945404845
     38.1381378       0.0000000940439760
     38.2382393       0.0000000935513341
     38.3383369       0.0000000930625891
     38.4384384       0.0000000925777343
     38.5385399       0.0000000920965709
     38.6386375       0.0000000916191004
     38.7387390       0.0000000911454884
     38.8388405       0.0000000906753915
     38.9389381       0.0000000902089615
     39.0390396       0.0000000897461798
     39.1391373       0.0000000892868578
     39.2392387       0.0000000888312154
     39.3393402       0.0000000883789661
     39.4394379       0.0000000879301229
     39.5395393       0.0000000874846863
     39.6396408       0.0000000870426435
     39.7397385       0.0000000866039125
     39.8398399       0.0000000861686927
     39.9399414       0.0000000857365271
     40.0400391       0.0000000853077294
     40.1401405       0.0000000848820036
     40.2402420       0.0000000844596014
     40.3403397       0.0000000840402824
     40.4404411       0.0000000836240385
     40.5405388       0.0000000832109470
     40.6406403       0.0000000828008813
     40.7407417       0.0000000823938636
     40.8408394       0.0000000819899017
     40.9409409       0.0000000815888230
     41.0410423       0.0000000811906729
     41.1411400       0.0000000807954755
     41.2412415       0.0000000804030575
     41.3413429       0.0000000800136289
     41.4414406       0.0000000796269678
     41.5415421       0.0000000792430622
     41.6416397       0.0000000788619349
     41.7417412       0.0000000784836411
     41.8418427       0.0000000781079732
     41.9419403       0.0000000777349927
     42.0420418       0.0000000773647763
     42.1421432       0.0000000769971392
     42.2422409       0.0000000766320508
     42.3423424       0.0000000762696708
     42.4424438       0.0000000759097709
     42.5425415       0.0000000755524911
     42.6426430       0.0000000751976615
     42.7427444       0.0000000748453148
     42.8428421       0.0000000744955426
     42.9429436       0.0000000741481203
     43.0430412       0.0000000738030916
     43.1431427       0.0000000734605722
     43.2432442       0.0000000731203560
     43.3433418       0.0000000727825724
     43.4434433       0.0000000724470847
     43.5435448       0.0000000721139089
     43.6436424       0.0000000717830526
     43.7437439       0.0000000714543739
     43.8438454       0.0000000711280609
     43.9439430       0.0000000708039270
     44.0440445       0.0000000704820345
     44.1441460       0.0000000701623345
     44.2442436       0.0000000698447400
     44.3443451       0.0000000695293150
     44.4444427       0.0000000692161575
     44.5445442       0.0000000689049825
     44.6446457       0.0000000685958516
     44.7447433       0.0000000682889241
     44.8448448       0.0000000679840042
     44.9449463       0.0000000676810577
     45.0450439       0.0000000673802298
     45.1451454       0.0000000670814420
     45.2452469       0.0000000667845032
     45.3453445       0.0000000664896128
     45.4454460       0.0000000661966732
     45.5455437       0.0000000659056081
     45.6456451       0.0000000656164829
     45.7457466       0.0000000653293161
     45.8458443       0.0000000650439535
     45.9459457       0.0000000647605287
     46.0460472       0.0000000644788971
     46.1461449       0.0000000641990942
     46.2462463       0.0000000639211303
     46.3463478       0.0000000636449605
     46.4464455       0.0000000633706199
     46.5465469       0.0000000630980099
     46.6466484       0.0000000628271371
     46.7467461       0.0000000625580285
     46.8468475       0.0000000622905944
     46.9469452       0.0000000620249836
     47.0470467       0.0000000617610167
     47.1471481       0.0000000614987167
     47.2472458       0.0000000612380629
     47.3473473       0.0000000609791083
     47.4474487       0.0000000607218021
     47.5475464       0.0000000604660753
     47.6476479       0.0000000602120080
     47.7477493       0.0000000599594785
     47.8478470       0.0000000597085639
     47.9479485       0.0000000594592170
     48.0480499       0.0000000592114577
     48.1481476       0.0000000589652760
     48.2482491       0.0000000587205437
     48.3483467       0.0000000584773587
     48.4484482       0.0000000582357153
     48.5485497       0.0000000579955345
     48.6486473       0.0000000577568890
     48.7487488       0.0000000575196734
     48.8488503       0.0000000572838849
     48.9489479       0.0000000570496037
     49.0490494       0.0000000568166881
     49.1491508       0.0000000565851978
     49.2492485       0.0000000563552308
     49.3493500       0.0000000561265642
     49.4494476       0.0000000558993272
     49.5495491       0.0000000556734915
     49.6496506       0.0000000554488707
     49.7497482       0.0000000552257772
     49.8498497       0.0000000550039760
     49.9499512       0.0000000547834913
     50.0500488       0.0000000545643786
     50.1501503       0.0000000543465070
     50.2502518       0.0000000541299656
     50.3503494       0.0000000539147412
     50.4504509       0.0000000537007765
     50.5505524       0.0000000534881112
     50.6506500       0.0000000532766486
     50.7507515       0.0000000530664830
     50.8508492       0.0000000528575787
     50.9509506       0.0000000526498601
     51.0510521       0.0000000524433880
     51.1511497       0.0000000522381245
     51.2512512       0.0000000520339918
     51.3513527       0.0000000518311496
     51.4514503       0.0000000516294666
     51.5515518       0.0000000514289803
     51.6516533       0.0000000512296411
     51.7517509       0.0000000510314527
     51.8518524       0.0000000508344115
     51.9519501       0.0000000506384998
     52.0520515       0.0000000504436958
     52.1521530       0.0000000502500390
     52.2522507       0.0000000500575353
     52.3523521       0.0000000498661387
     52.4524536       0.0000000496757653
     52.5525513       0.0000000494864995
     52.6526527       0.0000000492983405
     52.7527542       0.0000000491113050
     52.8528519       0.0000000489252722
     52.9529533       0.0000000487402476
     53.0530548       0.0000000485563715
     53.1531525       0.0000000483734544
     53.2532539       0.0000000481915970
     53.3533516       0.0000000480107898
     53.4534531       0.0000000478309256
     53.5535545       0.0000000476521314
     53.6536522       0.0000000474743235
     53.7537537       0.0000000472975605
     53.8538551       0.0000000471216420
     53.9539528       0.0000000469468369
     54.0540543       0.0000000467729489
     54.1541557       0.0000000466000645
     54.2542534       0.0000000464280756
     54.3543549       0.0000000462570846
     54.4544525       0.0000000460870438
     54.5545540       0.0000000459179374
     54.6546555       0.0000000457496779
     54.7547531       0.0000000455824693
     54.8548546       0.0000000454161021
     54.9549561       0.0000000452506477
     55.0550537       0.0000000450860758
     55.1551552       0.0000000449224329
     55.2552567       0.0000000447596595
     55.3553543       0.0000000445978059
     55.4554558       0.0000000444368034
     55.5555573       0.0000000442766624
     55.6556549       0.0000000441174096
     55.7557564       0.0000000439590174
     55.8558540       0.0000000438014464
     55.9559555       0.0000000436447600
     56.0560570       0.0000000434888947
     56.1561546       0.0000000433338987
     56.2562561       0.0000000431796606
     56.3563576       0.0000000430262351
     56.4564552       0.0000000428737127
     56.5565567       0.0000000427219019
     56.6566582       0.0000000425709986
     56.7567558       0.0000000424208193
     56.8568573       0.0000000422714323
     56.9569588       0.0000000421228816
     57.0570564       0.0000000419750639
     57.1571579       0.0000000418281108
     57.2572556       0.0000000416818102
     57.3573570       0.0000000415363228
     57.4574585       0.0000000413916098
     57.5575562       0.0000000412476611
     57.6576576       0.0000000411044696
     57.7577591       0.0000000409619834
     57.8578568       0.0000000408202320
     57.9579582       0.0000000406792568
     58.0580597       0.0000000405389992
     58.1581573       0.0000000403994719
     58.2582588       0.0000000402606605
     58.3583565       0.0000000401225162
     58.4584579       0.0000000399851166
     58.5585594       0.0000000398484454
     58.6586571       0.0000000397124262
     58.7587585       0.0000000395771580
     58.8588600       0.0000000394425645
     58.9589577       0.0000000393085901
     59.0590591       0.0000000391753812
     59.1591606       0.0000000390428193
     59.2592583       0.0000000389109296
     59.3593597       0.0000000387796878
     59.4594612       0.0000000386491424
     59.5595589       0.0000000385192236
     59.6596603       0.0000000383899882
     59.7597580       0.0000000382614005
     59.8598595       0.0000000381334118
     59.9599609       0.0000000380061309
     60.0600586       0.0000000378794524
     60.1601601       0.0000000377533996
     60.2602615       0.0000000376279872
     60.3603592       0.0000000375032014
     60.4604607       0.0000000373790172
     60.5605621       0.0000000372554673
     60.6606598       0.0000000371325361
     60.7607613       0.0000000370101804
     60.8608627       0.0000000368884258
     60.9609604       0.0000000367673345
     61.0610619       0.0000000366467674
     61.1611595       0.0000000365268446
     61.2612610       0.0000000364074990
     61.3613625       0.0000000362887388
     61.4614601       0.0000000361705121
     61.5615616       0.0000000360528790
     61.6616631       0.0000000359358566
     61.7617607       0.0000000358193847
     61.8618622       0.0000000357034647
     61.9619637       0.0000000355881116
     62.0620613       0.0000000354733426
     62.1621628       0.0000000353591333
     62.2622604       0.0000000352453854
     62.3623619       0.0000000351323040
     62.4624634       0.0000000350196815
     62.5625610       0.0000000349076430
     62.6626625       0.0000000347960986
     62.7627640       0.0000000346851651
     62.8628616       0.0000000345746854
     62.9629631       0.0000000344647747
     63.0630646       0.0000000343553720
     63.1631622       0.0000000342465186
     63.2632637       0.0000000341381291
     63.3633652       0.0000000340302844
     63.4634628       0.0000000339229439
     63.5635643       0.0000000338161265
     63.6636620       0.0000000337097827
     63.7637634       0.0000000336039475
     63.8638649       0.0000000334986075
     63.9639626       0.0000000333937759
     64.0640640       0.0000000332894718
     64.1641617       0.0000000331856123
     64.2642670       0.0000000330822011
     64.3643646       0.0000000329793290
     64.4644623       0.0000000328769348
     64.5645676       0.0000000327749999
     64.6646652       0.0000000326735282
     64.7647629       0.0000000325725617
     64.8648682       0.0000000324720317
     64.9649658       0.0000000323719879
     65.0650635       0.0000000322723933
     65.1651688       0.0000000321732322
     65.2652664       0.0000000320745665
     65.3653641       0.0000000319763572
     65.4654617       0.0000000318785745
     65.5655670       0.0000000317812436
     65.6656647       0.0000000316843692
     65.7657623       0.0000000315879426
     65.8658676       0.0000000314919130
     65.9659653       0.0000000313963640
     66.0660629       0.0000000313012471
     66.1661682       0.0000000312065587
     66.2662659       0.0000000311122673
     66.3663635       0.0000000310184428
     66.4664688       0.0000000309250380
     66.5665665       0.0000000308320175
     66.6666641       0.0000000307394379
     66.7667694       0.0000000306472829
     66.8668671       0.0000000305555166
     66.9669647       0.0000000304642224
     67.0670700       0.0000000303732734
     67.1671677       0.0000000302827635
     67.2672653       0.0000000301926659
     67.3673706       0.0000000301029307
     67.4674683       0.0000000300136393
     67.5675659       0.0000000299247266
     67.6676712       0.0000000298362070
     67.7677689       0.0000000297480569
     67.8678665       0.0000000296603014
     67.9679642       0.0000000295729644
     68.0680695       0.0000000294859876
     68.1681671       0.0000000293994181
     68.2682648       0.0000000293132152
     68.3683701       0.0000000292273931
     68.4684677       0.0000000291419377
     68.5685654       0.0000000290568568
     68.6686707       0.0000000289721859
     68.7687683       0.0000000288878308
     68.8688660       0.0000000288038749
     68.9689713       0.0000000287202703
     69.0690689       0.0000000286370509
     69.1691666       0.0000000285541661
     69.2692719       0.0000000284716597
     69.3693695       0.0000000283895065
     69.4694672       0.0000000283076925
     69.5695724       0.0000000282262282
     69.6696701       0.0000000281451530
     69.7697678       0.0000000280644122
     69.8698730       0.0000000279839968
     69.9699707       0.0000000279039240
     70.0700684       0.0000000278242596
     70.1701736       0.0000000277448705
     70.2702713       0.0000000276658218
     70.3703690       0.0000000275871281
     70.4704742       0.0000000275087539
     70.5705719       0.0000000274307548
     70.6706696       0.0000000273530488
     70.7707672       0.0000000272756884
     70.8708725       0.0000000271986543
     70.9709702       0.0000000271219366
     71.0710678       0.0000000270455453
     71.1711731       0.0000000269694838
     71.2712708       0.0000000268937359
     71.3713684       0.0000000268183208
     71.4714737       0.0000000267432226
     71.5715714       0.0000000266684255
     71.6716690       0.0000000265939469
     71.7717743       0.0000000265197602
     71.8718719       0.0000000264458968
     71.9719696       0.0000000263723616
     72.0720749       0.0000000262991198
     72.1721725       0.0000000262261747
     72.2722702       0.0000000261535529
     72.3723755       0.0000000260811981
     72.4724731       0.0000000260091713
     72.5725708       0.0000000259374351
     72.6726761       0.0000000258659847
     72.7727737       0.0000000257948265
     72.8728714       0.0000000257239836
     72.9729767       0.0000000256534188
     73.0730743       0.0000000255831508
     73.1731720       0.0000000255131733
     73.2732697       0.0000000254435045
     73.3733749       0.0000000253740681
     73.4734726       0.0000000253049361
     73.5735703       0.0000000252361110
     73.6736755       0.0000000251675366
     73.7737732       0.0000000250992227
     73.8738708       0.0000000250312275
     73.9739761       0.0000000249635114
     74.0740738       0.0000000248960645
     74.1741714       0.0000000248288704
     74.2742767       0.0000000247619506
     74.3743744       0.0000000246953254
     74.4744720       0.0000000246289510
     74.5745773       0.0000000245628436
     74.6746750       0.0000000244969831
     74.7747726       0.0000000244314203
     74.8748779       0.0000000243661215
     74.9749756       0.0000000243010619
     75.0750732       0.0000000242362680
     75.1751785       0.0000000241717403
     75.2752762       0.0000000241074605
     75.3753738       0.0000000240434171
     75.4754791       0.0000000239796813
     75.5755768       0.0000000239161673
     75.6756744       0.0000000238528883
     75.7757721       0.0000000237898906
     75.8758774       0.0000000237271494
     75.9759750       0.0000000236646449
     76.0760727       0.0000000236023827
     76.1761780       0.0000000235403403
     76.2762756       0.0000000234785704
     76.3763733       0.0000000234170414
     76.4764786       0.0000000233557528
     76.5765762       0.0000000232947113
     76.6766739       0.0000000232338836
     76.7767792       0.0000000231733141
     76.8768768       0.0000000231129854
     76.9769745       0.0000000230529068
     77.0770798       0.0000000229930203
     77.1771774       0.0000000229333853
     77.2772751       0.0000000228740070
     77.3773804       0.0000000228148130
     77.4774780       0.0000000227558692
     77.5775757       0.0000000226971445
     77.6776810       0.0000000226386679
     77.7777786       0.0000000225803857
     77.8778763       0.0000000225223656
     77.9779816       0.0000000224645598
     78.0780792       0.0000000224069869
     78.1781769       0.0000000223496128
     78.2782745       0.0000000222924547
     78.3783798       0.0000000222355094
     78.4784775       0.0000000221787907
     78.5785751       0.0000000221223153
     78.6786804       0.0000000220660461
     78.7787781       0.0000000220099823
     78.8788757       0.0000000219541284
     78.9789810       0.0000000218984808
     79.0790787       0.0000000218430537
     79.1791763       0.0000000217878375
     79.2792816       0.0000000217328320
     79.3793793       0.0000000216780304
     79.4794769       0.0000000216234400
     79.5795822       0.0000000215690512
     79.6796799       0.0000000215148496
     79.7797775       0.0000000214608856
     79.8798828       0.0000000214071083
     79.9799805       0.0000000213535186
     80.0800781       0.0000000213001496
     80.1801834       0.0000000212469690
     80.2802811       0.0000000211939971
     80.3803787       0.0000000211412299
     80.4804840       0.0000000210886405
     80.5805817       0.0000000210362661
     80.6806793       0.0000000209840956
     80.7807770       0.0000000209320906
     80.8808823       0.0000000208802917
     80.9809799       0.0000000208286715
     81.0810776       0.0000000207772422
     81.1811829       0.0000000207260304
     81.2812805       0.0000000206749911
     81.3813782       0.0000000206241344
     81.4814835       0.0000000205734772
     81.5815811       0.0000000205230042
     81.6816788       0.0000000204727029
     81.7817841       0.0000000204225862
     81.8818817       0.0000000203726572
     81.9819794       0.0000000203229211
     82.0820847       0.0000000202733814
     82.1821823       0.0000000202240016
     82.2822800       0.0000000201747986
     82.3823853       0.0000000201257836
     82.4824829       0.0000000200769436
     82.5825806       0.0000000200282772
     82.6826859       0.0000000199797957
     82.7827835       0.0000000199314929
     82.8828812       0.0000000198833585
     82.9829865       0.0000000198354026
     83.0830841       0.0000000197876171
     83.1831818       0.0000000197399928
     83.2832794       0.0000000196925410
     83.3833847       0.0000000196452767
     83.4834824       0.0000000195981860
     83.5835800       0.0000000195512330
     83.6836853       0.0000000195044962
     83.7837830       0.0000000194578829
     83.8838806       0.0000000194114649
     83.9839859       0.0000000193652036
     84.0840836       0.0000000193190884
     84.1841812       0.0000000192731680
     84.2842865       0.0000000192274088
     84.3843842       0.0000000191817943
     84.4844818       0.0000000191363377
     84.5845871       0.0000000190910651
     84.6846848       0.0000000190459449
     84.7847824       0.0000000190009779
     84.8848877       0.0000000189561584
     84.9849854       0.0000000189115203
     85.0850830       0.0000000188670292
     85.1851883       0.0000000188226993
     85.2852859       0.0000000187785317
     85.3853836       0.0000000187345032
     85.4854889       0.0000000186906498
     85.5855865       0.0000000186469307
     85.6856842       0.0000000186033949
     85.7857895       0.0000000185599779
     85.8858871       0.0000000185167149
     85.9859848       0.0000000184736136
     86.0860825       0.0000000184306527
     86.1861877       0.0000000183878577
     86.2862854       0.0000000183452149
     86.3863831       0.0000000183027013
     86.4864883       0.0000000182603250
     86.5865860       0.0000000182181247
     86.6866837       0.0000000181760720
     86.7867889       0.0000000181341407
     86.8868866       0.0000000180923633
     86.9869843       0.0000000180507366
     87.0870895       0.0000000180092497
     87.1871872       0.0000000179678852
     87.2872849       0.0000000179266864
     87.3873901       0.0000000178856284
     87.4874878       0.0000000178447326
     87.5875854       0.0000000178039355
     87.6876907       0.0000000177633120
     87.7877884       0.0000000177228022
     87.8878860       0.0000000176824471
     87.9879913       0.0000000176422166
     88.0880890       0.0000000176021128
     88.1881866       0.0000000175621695
     88.2882919       0.0000000175223686
     88.3883896       0.0000000174826877
     88.4884872       0.0000000174431347
     88.5885849       0.0000000174037215
     88.6886902       0.0000000173644508
     88.7887878       0.0000000173253086
     88.8888855       0.0000000172862947
     88.9889908       0.0000000172474051
     89.0890884       0.0000000172086574
     89.1891861       0.0000000171700464
     89.2892914       0.0000000171315407
     89.3893890       0.0000000170931905
     89.4894867       0.0000000170549530
     89.5895920       0.0000000170168667
     89.6896896       0.0000000169788925
     89.7897873       0.0000000169410397
     89.8898926       0.0000000169033288
     89.9899902       0.0000000168657255
     90.0900879       0.0000000168282506
     90.1901932       0.0000000167909060
     90.2902908       0.0000000167536731
     90.3903885       0.0000000167165726
     90.4904938       0.0000000166796070
     90.5905914       0.0000000166427508
     90.6906891       0.0000000166060168
     90.7907944       0.0000000165694018
     90.8908920       0.0000000165329115
     90.9909897       0.0000000164965424
     91.0910873       0.0000000164603097
     91.1911926       0.0000000164241755
     91.2912903       0.0000000163881650
     91.3913879       0.0000000163522720
     91.4914932       0.0000000163164872
     91.5915909       0.0000000162808308
     91.6916885       0.0000000162453058
     91.7917938       0.0000000162098640
     91.8918915       0.0000000161745708
     91.9919891       0.0000000161393743
     92.0920944       0.0000000161042927
     92.1921921       0.0000000160693317
     92.2922897       0.0000000160344819
     92.3923950       0.0000000159997481
     92.4924927       0.0000000159651238
     92.5925903       0.0000000159306139
     92.6926956       0.0000000158962152
     92.7927933       0.0000000158619278
     92.8928909       0.0000000158277471
     92.9929962       0.0000000157936805
     93.0930939       0.0000000157597251
     93.1931915       0.0000000157258778
     93.2932968       0.0000000156921267
     93.3933945       0.0000000156585003
     93.4934921       0.0000000156249804
     93.5935898       0.0000000155915702
     93.6936951       0.0000000155582648
     93.7937927       0.0000000155250602
     93.8938904       0.0000000154919612
     93.9939957       0.0000000154589739
     94.0940933       0.0000000154260962
     94.1941910       0.0000000153933072
     94.2942963       0.0000000153606275
     94.3943939       0.0000000153280600
     94.4944916       0.0000000152955860
     94.5945969       0.0000000152632238
     94.6946945       0.0000000152309769
     94.7947922       0.0000000151988012
     94.8948975       0.0000000151667460
     94.9949951       0.0000000151347908
     95.0950928       0.0000000151029553
     95.1951981       0.0000000150711823
     95.2952957       0.0000000150395360
     95.3953934       0.0000000150079812
     95.4954987       0.0000000149765291
     95.5955963       0.0000000149451606
     95.6956940       0.0000000149139137
     95.7957993       0.0000000148827435
     95.8958969       0.0000000148516878
     95.9959946       0.0000000148207080
     96.0960999       0.0000000147898324
     96.1961975       0.0000000147590759
     96.2962952       0.0000000147283985
     96.3963928       0.0000000146978129
     96.4964981       0.0000000146673251
     96.5965958       0.0000000146369361
     96.6966934       0.0000000146066387
     96.7967987       0.0000000145764307
     96.8968964       0.0000000145463153
     96.9969940       0.0000000145162970
     97.0970993       0.0000000144863803
     97.1971970       0.0000000144565445
     97.2972946       0.0000000144268020
     97.3973999       0.0000000143971473
     97.4974976       0.0000000143676096
     97.5975952       0.0000000143381345
     97.6977005       0.0000000143087541
     97.7977982       0.0000000142794677
     97.8978958       0.0000000142502834
     97.9980011       0.0000000142211742
     98.0980988       0.0000000141921558
     98.1981964       0.0000000141632311
     98.2983017       0.0000000141343883
     98.3983994       0.0000000141056348
     98.4984970       0.0000000140769698
     98.5986023       0.0000000140484022
     98.6987000       0.0000000140199135
     98.7987976       0.0000000139915087
     98.8988953       0.0000000139631925
     98.9990005       0.0000000139349794
     99.0990982       0.0000000139068340
     99.1991959       0.0000000138787592
     99.2993011       0.0000000138507948
     99.3993988       0.0000000138229056
     99.4994965       0.0000000137950988
     99.5996017       0.0000000137673719
     99.6996994       0.0000000137397189
     99.7997971       0.0000000137121791
     99.8999023       0.0000000136846891
    100.0000000       0.0000000136572993
