# x		H(x,a)
      0.0000000       1.0000000000000000
      0.1001001       0.9900299906730652
      0.2002002       0.9607124924659729
      0.3003003       0.9137664437294006
      0.4004004       0.8518707156181335
      0.5005005       0.7784109115600586
      0.6006006       0.6971734166145325
      0.7007007       0.6120254397392273
      0.8008008       0.5266169309616089
      0.9009009       0.4441368877887726
      1.0010010       0.3671529525391404
      1.1011012       0.2975026290173869
      1.2012012       0.2362881203482295
      1.3013012       0.1839493732162812
      1.4014014       0.1403655078661696
      1.5015016       0.1049858520351427
      1.6016016       0.0769686631262619
      1.7017016       0.0553116487601885
      1.8018018       0.0389626634392377
      1.9019020       0.0269045308208856
      2.0020020       0.0182125241025405
      2.1021020       0.0120869723217913
      2.2022023       0.0078654194835572
      2.3023024       0.0050196283074916
      2.4024024       0.0031427258707708
      2.5025024       0.0019313325090496
      2.6026025       0.0011660203034180
      2.7027028       0.0006926227614822
      2.8028028       0.0004058072457049
      2.9029028       0.0002355144146497
      3.0030031       0.0001363519284784
      3.1031032       0.0000796496897283
      3.2032032       0.0000477441861485
      3.3033032       0.0000300151102732
      3.4034033       0.0000202276457334
      3.5035036       0.0000148056471905
      3.6036036       0.0000117440210761
      3.7037036       0.0000099427315701
      3.8038039       0.0000088106281328
      3.9039040       0.0000080358835064
      4.0040040       0.0000074565235252
      4.1041040       0.0000069892458461
      4.2042041       0.0000065912144866
      4.3043041       0.0000062400591090
      4.4044046       0.0000059236645082
      4.5045047       0.0000056349935483
      4.6046047       0.0000053695940706
      4.7047048       0.0000051243531835
      4.8048048       0.0000048969116062
      4.9049048       0.0000046853653552
      5.0050049       0.0000044881103645
      5.1051049       0.0000043037747006
      5.2052050       0.0000041311660349
      5.3053055       0.0000039692365547
      5.4054055       0.0000038170577789
      5.5055056       0.0000036738153916
      5.6056056       0.0000035387821550
      5.7057056       0.0000034112912495
      5.8058057       0.0000032907722489
      5.9059057       0.0000031766962531
      6.0060062       0.0000030685828620
      6.1061063       0.0000029660165402
      6.2062063       0.0000028686024412
      6.3063064       0.0000027759877878
      6.4064064       0.0000026878497624
      6.5065064       0.0000026038976466
      6.6066065       0.0000025238615843
      6.7067065       0.0000024474952693
      6.8068066       0.0000023745733585
      6.9069071       0.0000023048829326
      7.0070071       0.0000022382348263
      7.1071072       0.0000021744551719
      7.2072072       0.0000021133739936
      7.3073072       0.0000020548368440
      7.4074073       0.0000019987106941
      7.5075073       0.0000019448546250
      7.6076078       0.0000018931523595
      7.7077079       0.0000018434869813
      7.8078079       0.0000017957530090
      7.9079080       0.0000017498496419
      8.0080080       0.0000017056849332
      8.1081085       0.0000016631728669
      8.2082081       0.0000016222293508
      8.3083086       0.0000015827792528
      8.4084082       0.0000015447504959
      8.5085087       0.0000015080731796
      8.6086082       0.0000014726888666
      8.7087088       0.0000014385330070
      8.8088093       0.0000014055503669
      8.9089088       0.0000013736881768
      9.0090094       0.0000013428958071
      9.1091089       0.0000013131273456
      9.2092094       0.0000012843359230
      9.3093090       0.0000012564795686
      9.4094095       0.0000012295191681
      9.5095091       0.0000012034167484
      9.6096096       0.0000011781369036
      9.7097101       0.0000011536435565
      9.8098097       0.0000011299050967
      9.9099102       0.0000011068926710
     10.0100098       0.0000010845735385
     10.1101103       0.0000010629217724
     10.2102098       0.0000010419132142
     10.3103104       0.0000010215200230
     10.4104099       0.0000010017204314
     10.5105104       0.0000009824890968
     10.6106110       0.0000009638071929
     10.7107105       0.0000009456521650
     10.8108110       0.0000009280042977
     10.9109106       0.0000009108458048
     11.0110111       0.0000008941589597
     11.1111107       0.0000008779263021
     11.2112112       0.0000008621316600
     11.3113117       0.0000008467596692
     11.4114113       0.0000008317949763
     11.5115118       0.0000008172229108
     11.6116114       0.0000008030296677
     11.7117119       0.0000007892041671
     11.8118114       0.0000007757322995
     11.9119120       0.0000007626020329
     12.0120125       0.0000007498029662
     12.1121120       0.0000007373224813
     12.2122126       0.0000007251524451
     12.3123121       0.0000007132806399
     12.4124126       0.0000007016977589
     12.5125122       0.0000006903952475
     12.6126127       0.0000006793633894
     12.7127123       0.0000006685941414
     12.8128128       0.0000006580793445
     12.9129133       0.0000006478104049
     13.0130129       0.0000006377800524
     13.1131134       0.0000006279802763
     13.2132130       0.0000006184053194
     13.3133135       0.0000006090476055
     13.4134130       0.0000005999020622
     13.5135136       0.0000005909594377
     13.6136131       0.0000005822161043
     13.7137136       0.0000005736657045
     13.8138142       0.0000005653023249
     13.9139137       0.0000005571196575
     14.0140142       0.0000005491144846
     14.1141138       0.0000005412810718
     14.2142143       0.0000005336136342
     14.3143139       0.0000005261077077
     14.4144144       0.0000005187594837
     14.5145149       0.0000005115645169
     14.6146145       0.0000005045182185
     14.7147150       0.0000004976169165
     14.8148146       0.0000004908560071
     14.9149151       0.0000004842316240
     15.0150146       0.0000004777416503
     15.1151152       0.0000004713801037
     15.2152157       0.0000004651458227
     15.3153152       0.0000004590343270
     15.4154158       0.0000004530424529
     15.5155153       0.0000004471673255
     15.6156158       0.0000004414056422
     15.7157154       0.0000004357554545
     15.8158159       0.0000004302125986
     15.9159155       0.0000004247748661
     16.0160160       0.0000004194396295
     16.1161156       0.0000004142048916
     16.2162170       0.0000004090672728
     16.3163166       0.0000004040248396
     16.4164162       0.0000003990747391
     16.5165157       0.0000003942158948
     16.6166172       0.0000003894447678
     16.7167168       0.0000003847598989
     16.8168163       0.0000003801594530
     16.9169178       0.0000003756409900
     17.0170174       0.0000003712026809
     17.1171169       0.0000003668425179
     17.2172165       0.0000003625590772
     17.3173180       0.0000003583497743
     17.4174175       0.0000003542139750
     17.5175171       0.0000003501495039
     17.6176186       0.0000003461540844
     17.7177181       0.0000003422272033
     17.8178177       0.0000003383668713
     17.9179173       0.0000003345712566
     18.0180187       0.0000003308391695
     18.1181183       0.0000003271697085
     18.2182178       0.0000003235607925
     18.3183174       0.0000003200115520
     18.4184189       0.0000003165200902
     18.5185184       0.0000003130854554
     18.6186180       0.0000003097066099
     18.7187195       0.0000003063827050
     18.8188190       0.0000003031114978
     18.9189186       0.0000002998926064
     19.0190182       0.0000002967246427
     19.1191196       0.0000002936069638
     19.2192192       0.0000002905381630
     19.3193188       0.0000002875170560
     19.4194202       0.0000002845431174
     19.5195198       0.0000002816152036
     19.6196194       0.0000002787322334
     19.7197189       0.0000002758930461
     19.8198204       0.0000002730971838
     19.9199200       0.0000002703440616
     20.0200195       0.0000002676320389
     20.1201210       0.0000002649604740
     20.2202206       0.0000002623291642
     20.3203201       0.0000002597366859
     20.4204197       0.0000002571826168
     20.5205212       0.0000002546660561
     20.6206207       0.0000002521860875
     20.7207203       0.0000002497424756
     20.8208199       0.0000002473340155
     20.9209213       0.0000002449606197
     21.0210209       0.0000002426211093
     21.1211205       0.0000002403147588
     21.2212219       0.0000002380412589
     21.3213215       0.0000002358000069
     21.4214211       0.0000002335901597
     21.5215206       0.0000002314116823
     21.6216221       0.0000002292632086
     21.7217216       0.0000002271446883
     21.8218212       0.0000002250550512
     21.9219227       0.0000002229944723
     22.0220222       0.0000002209622448
     22.1221218       0.0000002189574043
     22.2222214       0.0000002169800028
     22.3223228       0.0000002150291415
     22.4224224       0.0000002131043824
     22.5225220       0.0000002112055846
     22.6226234       0.0000002093320136
     22.7227230       0.0000002074832558
     22.8228226       0.0000002056589866
     22.9229221       0.0000002038586063
     23.0230236       0.0000002020817836
     23.1231232       0.0000002003283168
     23.2232227       0.0000001985974839
     23.3233242       0.0000001968887892
     23.4234238       0.0000001952021847
     23.5235233       0.0000001935374315
     23.6236229       0.0000001918936345
     23.7237244       0.0000001902709554
     23.8238239       0.0000001886686068
     23.9239235       0.0000001870864698
     24.0240250       0.0000001855239689
     24.1241245       0.0000001839813631
     24.2242241       0.0000001824576182
     24.3243237       0.0000001809528832
     24.4244251       0.0000001794665760
     24.5245247       0.0000001779987430
     24.6246243       0.0000001765488290
     24.7247238       0.0000001751164078
     24.8248253       0.0000001737016013
     24.9249249       0.0000001723036267
     25.0250244       0.0000001709226260
     25.1251259       0.0000001695581325
     25.2252254       0.0000001682100441
     25.3253250       0.0000001668779758
     25.4254246       0.0000001655614151
     25.5255260       0.0000001642606429
     25.6256256       0.0000001629750089
     25.7257252       0.0000001617045120
     25.8258266       0.0000001604488515
     25.9259262       0.0000001592077724
     26.0260258       0.0000001579809215
     26.1261253       0.0000001567684347
     26.2262268       0.0000001555696915
     26.3263264       0.0000001543846060
     26.4264259       0.0000001532131227
     26.5265274       0.0000001520547651
     26.6266270       0.0000001509098037
     26.7267265       0.0000001497776016
     26.8268261       0.0000001486581031
     26.9269276       0.0000001475511421
     27.0270271       0.0000001464564208
     27.1271267       0.0000001453739323
     27.2272263       0.0000001443033859
     27.3273277       0.0000001432446517
     27.4274273       0.0000001421976125
     27.5275269       0.0000001411619006
     27.6276283       0.0000001401374417
     27.7277279       0.0000001391242296
     27.8278275       0.0000001381218916
     27.9279270       0.0000001371303228
     28.0280285       0.0000001361495451
     28.1281281       0.0000001351790425
     28.2282276       0.0000001342192129
     28.3283291       0.0000001332692292
     28.4284286       0.0000001323295603
     28.5285282       0.0000001313996426
     28.6286278       0.0000001304795972
     28.7287292       0.0000001295691299
     28.8288288       0.0000001286681854
     28.9289284       0.0000001277766415
     29.0290298       0.0000001268942583
     29.1291294       0.0000001260210767
     29.2292290       0.0000001251568374
     29.3293285       0.0000001243015952
     29.4294300       0.0000001234549975
     29.5295296       0.0000001226169467
     29.6296291       0.0000001217874664
     29.7297306       0.0000001209663823
     29.8298302       0.0000001201535217
     29.9299297       0.0000001193489138
     30.0300293       0.0000001185524446
     30.1301308       0.0000001177636764
     30.2302303       0.0000001169830035
     30.3303299       0.0000001162099448
     30.4304314       0.0000001154446272
     30.5305309       0.0000001146867830
     30.6306305       0.0000001139363390
     30.7307301       0.0000001131933727
     30.8308315       0.0000001124575519
     30.9309311       0.0000001117288985
     31.0310307       0.0000001110073793
     31.1311302       0.0000001102927438
     31.2312317       0.0000001095850348
     31.3313313       0.0000001088841636
     31.4314308       0.0000001081898862
     31.5315323       0.0000001075023037
     31.6316319       0.0000001068212777
     31.7317314       0.0000001061466044
     31.8318310       0.0000001054784717
     31.9319324       0.0000001048163822
     32.0320320       0.0000001041607163
     32.1321335       0.0000001035112829
     32.2322311       0.0000001028676968
     32.3323326       0.0000001022302143
     32.4324341       0.0000001015985344
     32.5325317       0.0000001009728152
     32.6326332       0.0000001003528126
     32.7327309       0.0000000997384397
     32.8328323       0.0000000991297455
     32.9329338       0.0000000985266051
     33.0330315       0.0000000979289541
     33.1331329       0.0000000973367498
     33.2332344       0.0000000967500327
     33.3333321       0.0000000961684623
     33.4334335       0.0000000955921024
     33.5335350       0.0000000950209620
     33.6336327       0.0000000944548649
     33.7337341       0.0000000938938378
     33.8338356       0.0000000933378814
     33.9339333       0.0000000927867614
     34.0340347       0.0000000922405173
     34.1341324       0.0000000916992538
     34.2342339       0.0000000911625303
     34.3343353       0.0000000906304972
     34.4344330       0.0000000901032518
     34.5345345       0.0000000895805329
     34.6346359       0.0000000890623258
     34.7347336       0.0000000885487292
     34.8348351       0.0000000880394265
     34.9349365       0.0000000875345604
     35.0350342       0.0000000870340273
     35.1351357       0.0000000865377752
     35.2352371       0.0000000860456824
     35.3353348       0.0000000855578886
     35.4354362       0.0000000850741952
     35.5355339       0.0000000845946268
     35.6356354       0.0000000841190057
     35.7357368       0.0000000836475347
     35.8358345       0.0000000831799537
     35.9359360       0.0000000827162402
     36.0360374       0.0000000822564074
     36.1361351       0.0000000818004122
     36.2362366       0.0000000813482457
     36.3363380       0.0000000808997370
     36.4364357       0.0000000804549591
     36.5365372       0.0000000800138264
     36.6366348       0.0000000795763466
     36.7367363       0.0000000791424996
     36.8368378       0.0000000787121196
     36.9369354       0.0000000782852724
     37.0370369       0.0000000778617987
     37.1371384       0.0000000774418788
     37.2372360       0.0000000770253539
     37.3373375       0.0000000766120200
     37.4374390       0.0000000762021579
     37.5375366       0.0000000757955572
     37.6376381       0.0000000753921149
     37.7377396       0.0000000749919420
     37.8378372       0.0000000745950849
     37.9379387       0.0000000742011427
     38.0380363       0.0000000738104513
     38.1381378       0.0000000734228105
     38.2382393       0.0000000730381925
     38.3383369       0.0000000726566211
     38.4384384       0.0000000722780747
     38.5385399       0.0000000719024133
     38.6386375       0.0000000715296416
     38.7387390       0.0000000711598768
     38.8388405       0.0000000707928576
     38.9389381       0.0000000704287054
     39.0390396       0.0000000700673998
     39.1391373       0.0000000697087934
     39.2392387       0.0000000693530644
     39.3393402       0.0000000689999726
     39.4394379       0.0000000686495572
     39.5395393       0.0000000683017842
     39.6396408       0.0000000679566749
     39.7397385       0.0000000676141417
     39.8398399       0.0000000672743454
     39.9399414       0.0000000669369472
     40.0400391       0.0000000666021741
     40.1401405       0.0000000662697966
     40.2402420       0.0000000659400167
     40.3403397       0.0000000656126455
     40.4404411       0.0000000652876713
     40.5405388       0.0000000649651613
     40.6406403       0.0000000646450100
     40.7407417       0.0000000643272430
     40.8408394       0.0000000640118507
     40.9409409       0.0000000636987136
     41.0410423       0.0000000633878735
     41.1411400       0.0000000630793290
     41.2412415       0.0000000627729563
     41.3413429       0.0000000624689213
     41.4414406       0.0000000621670446
     41.5415421       0.0000000618673115
     41.6416397       0.0000000615697614
     41.7417412       0.0000000612744074
     41.8418427       0.0000000609811211
     41.9419403       0.0000000606899261
     42.0420418       0.0000000604008818
     42.1421432       0.0000000601138621
     42.2422409       0.0000000598288241
     42.3423424       0.0000000595459040
     42.4424438       0.0000000592649209
     42.5425415       0.0000000589859852
     42.6426430       0.0000000587089542
     42.7427444       0.0000000584338660
     42.8428421       0.0000000581607893
     42.9429436       0.0000000578895503
     43.0430412       0.0000000576201720
     43.1431427       0.0000000573527622
     43.2432442       0.0000000570871489
     43.3433418       0.0000000568234242
     43.4434433       0.0000000565614989
     43.5435448       0.0000000563013868
     43.6436424       0.0000000560430773
     43.7437439       0.0000000557864624
     43.8438454       0.0000000555317100
     43.9439430       0.0000000552786471
     44.0440445       0.0000000550273374
     44.1441460       0.0000000547777278
     44.2442436       0.0000000545297771
     44.3443451       0.0000000542835137
     44.4444427       0.0000000540390218
     44.5445442       0.0000000537960851
     44.6446457       0.0000000535547381
     44.7447433       0.0000000533151100
     44.8448448       0.0000000530770471
     44.9449463       0.0000000528405286
     45.0450439       0.0000000526056691
     45.1451454       0.0000000523723929
     45.2452469       0.0000000521405650
     45.3453445       0.0000000519103340
     45.4454460       0.0000000516816340
     45.5455437       0.0000000514543847
     45.6456451       0.0000000512286577
     45.7457466       0.0000000510044592
     45.8458443       0.0000000507816632
     45.9459457       0.0000000505603861
     46.0460472       0.0000000503405120
     46.1461449       0.0000000501220625
     46.2462463       0.0000000499050434
     46.3463478       0.0000000496894331
     46.4464455       0.0000000494752472
     46.5465469       0.0000000492624092
     46.6466484       0.0000000490509382
     46.7467461       0.0000000488408366
     46.8468475       0.0000000486320416
     46.9469452       0.0000000484246740
     47.0470467       0.0000000482185823
     47.1471481       0.0000000480137970
     47.2472458       0.0000000478102996
     47.3473473       0.0000000476081206
     47.4474487       0.0000000474072369
     47.5475464       0.0000000472075884
     47.6476479       0.0000000470092271
     47.7477493       0.0000000468120732
     47.8478470       0.0000000466161815
     47.9479485       0.0000000464215087
     48.0480499       0.0000000462280730
     48.1481476       0.0000000460358693
     48.2482491       0.0000000458448027
     48.3483467       0.0000000456549399
     48.4484482       0.0000000454662806
     48.5485497       0.0000000452787699
     48.6486473       0.0000000450924502
     48.7487488       0.0000000449072477
     48.8488503       0.0000000447231657
     48.9489479       0.0000000445402506
     49.0490494       0.0000000443584075
     49.1491508       0.0000000441776729
     49.2492485       0.0000000439981319
     49.3493500       0.0000000438196080
     49.4494476       0.0000000436421988
     49.5495491       0.0000000434658848
     49.6496506       0.0000000432905171
     49.7497482       0.0000000431163347
     49.8498497       0.0000000429431718
     49.9499512       0.0000000427710272
     50.0500488       0.0000000425999613
     50.1501503       0.0000000424298655
     50.2502518       0.0000000422608069
     50.3503494       0.0000000420927732
     50.4504509       0.0000000419257238
     50.5505524       0.0000000417596884
     50.6506500       0.0000000415945976
     50.7507515       0.0000000414305168
     50.8508492       0.0000000412674176
     50.9509506       0.0000000411052464
     51.0510521       0.0000000409440465
     51.1511497       0.0000000407837910
     51.2512512       0.0000000406244224
     51.3513527       0.0000000404660563
     51.4514503       0.0000000403085931
     51.5515518       0.0000000401520701
     51.6516533       0.0000000399964423
     51.7517509       0.0000000398417108
     51.8518524       0.0000000396878716
     51.9519501       0.0000000395349198
     52.0520515       0.0000000393828292
     52.1521530       0.0000000392316328
     52.2522507       0.0000000390813456
     52.3523521       0.0000000389319142
     52.4524536       0.0000000387832829
     52.5525513       0.0000000386355197
     52.6526527       0.0000000384886173
     52.7527542       0.0000000383425949
     52.8528519       0.0000000381973516
     52.9529533       0.0000000380528972
     53.0530548       0.0000000379093413
     53.1531525       0.0000000377665327
     53.2532539       0.0000000376245514
     53.3533516       0.0000000374833919
     53.4534531       0.0000000373429677
     53.5535545       0.0000000372033793
     53.6536522       0.0000000370645593
     53.7537537       0.0000000369265507
     53.8538551       0.0000000367892080
     53.9539528       0.0000000366527339
     54.0540543       0.0000000365169758
     54.1541557       0.0000000363819958
     54.2542534       0.0000000362477244
     54.3543549       0.0000000361142205
     54.4544525       0.0000000359814680
     54.5545540       0.0000000358494389
     54.6546555       0.0000000357180741
     54.7547531       0.0000000355875311
     54.8548546       0.0000000354576427
     54.9549561       0.0000000353284709
     55.0550537       0.0000000351999828
     55.1551552       0.0000000350722223
     55.2552567       0.0000000349451429
     55.3553543       0.0000000348187771
     55.4554558       0.0000000346930770
     55.5555573       0.0000000345680480
     55.6556549       0.0000000344437161
     55.7557564       0.0000000343200552
     55.8558540       0.0000000341970347
     55.9559555       0.0000000340747069
     56.0560570       0.0000000339530183
     56.1561546       0.0000000338320078
     56.2562561       0.0000000337115889
     56.3563576       0.0000000335918067
     56.4564552       0.0000000334727292
     56.5565567       0.0000000333542087
     56.6566582       0.0000000332363898
     56.7567558       0.0000000331191424
     56.8568573       0.0000000330025095
     56.9569588       0.0000000328865331
     57.0570564       0.0000000327711262
     57.1571579       0.0000000326563998
     57.2572556       0.0000000325421763
     57.3573570       0.0000000324285917
     57.4574585       0.0000000323156103
     57.5575562       0.0000000322032249
     57.6576576       0.0000000320914311
     57.7577591       0.0000000319801872
     57.8578568       0.0000000318695200
     57.9579582       0.0000000317594525
     58.0580597       0.0000000316499513
     58.1581573       0.0000000315410181
     58.2582588       0.0000000314326459
     58.3583565       0.0000000313247916
     58.4584579       0.0000000312175181
     58.5585594       0.0000000311108132
     58.6586571       0.0000000310046237
     58.7587585       0.0000000308990138
     58.8588600       0.0000000307939335
     58.9589577       0.0000000306893338
     59.0590591       0.0000000305853386
     59.1591606       0.0000000304818397
     59.2592583       0.0000000303788709
     59.3593597       0.0000000302764074
     59.4594612       0.0000000301744863
     59.5595589       0.0000000300730542
     59.6596603       0.0000000299721568
     59.7597580       0.0000000298717649
     59.8598595       0.0000000297718436
     59.9599609       0.0000000296724681
     60.0600586       0.0000000295735666
     60.1601601       0.0000000294751569
     60.2602615       0.0000000293772440
     60.3603592       0.0000000292798180
     60.4604607       0.0000000291828637
     60.5605621       0.0000000290864028
     60.6606598       0.0000000289904293
     60.7607613       0.0000000288949027
     60.8608627       0.0000000287998463
     60.9609604       0.0000000287053046
     61.0610619       0.0000000286111749
     61.1611595       0.0000000285175472
     61.2612610       0.0000000284243698
     61.3613625       0.0000000283316501
     61.4614601       0.0000000282393476
     61.5615616       0.0000000281475071
     61.6616631       0.0000000280561453
     61.7617607       0.0000000279652136
     61.8618622       0.0000000278747125
     61.9619637       0.0000000277846538
     62.0620613       0.0000000276950476
     62.1621628       0.0000000276058858
     62.2622604       0.0000000275170795
     62.3623619       0.0000000274287891
     62.4624634       0.0000000273408644
     62.5625610       0.0000000272533913
     62.6626625       0.0000000271663047
     62.7627640       0.0000000270796956
     62.8628616       0.0000000269934406
     62.9629631       0.0000000269076280
     63.0630646       0.0000000268222184
     63.1631622       0.0000000267372329
     63.2632637       0.0000000266526095
     63.3633652       0.0000000265684152
     63.4634628       0.0000000264846070
     63.5635643       0.0000000264012120
     63.6636620       0.0000000263181859
     63.7637634       0.0000000262355589
     63.8638649       0.0000000261533168
     63.9639626       0.0000000260714722
     64.0640640       0.0000000259900389
     64.1641617       0.0000000259089532
     64.2642670       0.0000000258282168
     64.3643646       0.0000000257479010
     64.4644623       0.0000000256679592
     64.5645676       0.0000000255883761
     64.6646652       0.0000000255091548
     64.7647629       0.0000000254303274
     64.8648682       0.0000000253518419
     64.9649658       0.0000000252737334
     65.0650635       0.0000000251959760
     65.1651688       0.0000000251185589
     65.2652664       0.0000000250415276
     65.3653641       0.0000000249648533
     65.4654617       0.0000000248885089
     65.5655670       0.0000000248125226
     65.6656647       0.0000000247368888
     65.7657623       0.0000000246616057
     65.8658676       0.0000000245866342
     65.9659653       0.0000000245120341
     66.0660629       0.0000000244377754
     66.1661682       0.0000000243638473
     66.2662659       0.0000000242902335
     66.3663635       0.0000000242169823
     66.4664688       0.0000000241440583
     66.5665665       0.0000000240714351
     66.6666641       0.0000000239991540
     66.7667694       0.0000000239272059
     66.8668671       0.0000000238555624
     66.9669647       0.0000000237842873
     67.0670700       0.0000000237132817
     67.1671677       0.0000000236426137
     67.2672653       0.0000000235722749
     67.3673706       0.0000000235022148
     67.4674683       0.0000000234325017
     67.5675659       0.0000000233630861
     67.6676712       0.0000000232939748
     67.7677689       0.0000000232251561
     67.8678665       0.0000000231566436
     67.9679642       0.0000000230884543
     68.0680695       0.0000000230205503
     68.1681671       0.0000000229529632
     68.2682648       0.0000000228856631
     68.3683701       0.0000000228186595
     68.4684677       0.0000000227519398
     68.5685654       0.0000000226855151
     68.6686707       0.0000000226194085
     68.7687683       0.0000000225535535
     68.8688660       0.0000000224880073
     68.9689713       0.0000000224227327
     69.0690689       0.0000000223577607
     69.1691666       0.0000000222930497
     69.2692719       0.0000000222286350
     69.3693695       0.0000000221644951
     69.4694672       0.0000000221006208
     69.5695724       0.0000000220370196
     69.6696701       0.0000000219737221
     69.7697678       0.0000000219106843
     69.8698730       0.0000000218479042
     69.9699707       0.0000000217853884
     70.0700684       0.0000000217231935
     70.1701736       0.0000000216612100
     70.2702713       0.0000000215994951
     70.3703690       0.0000000215380578
     70.4704742       0.0000000214768660
     70.5705719       0.0000000214159706
     70.6706696       0.0000000213553049
     70.7707672       0.0000000212949074
     70.8708725       0.0000000212347640
     70.9709702       0.0000000211748683
     71.0710678       0.0000000211152285
     71.1711731       0.0000000210558441
     71.2712708       0.0000000209967055
     71.3713684       0.0000000209378286
     71.4714737       0.0000000208791949
     71.5715714       0.0000000208208014
     71.6716690       0.0000000207626514
     71.7717743       0.0000000207047333
     71.8718719       0.0000000206470638
     71.9719696       0.0000000205896530
     72.0720749       0.0000000205324710
     72.1721725       0.0000000204755215
     72.2722702       0.0000000204188227
     72.3723755       0.0000000203623336
     72.4724731       0.0000000203061013
     72.5725708       0.0000000202500949
     72.6726761       0.0000000201943121
     72.7727737       0.0000000201387571
     72.8728714       0.0000000200834479
     72.9729767       0.0000000200283539
     73.0730743       0.0000000199734943
     73.1731720       0.0000000199188624
     73.2732697       0.0000000198644685
     73.3733749       0.0000000198102583
     73.4734726       0.0000000197562843
     73.5735703       0.0000000197025494
     73.6736755       0.0000000196490127
     73.7737732       0.0000000195956792
     73.8738708       0.0000000195425925
     73.9739761       0.0000000194897245
     74.0740738       0.0000000194370674
     74.1741714       0.0000000193846057
     74.2742767       0.0000000193323596
     74.3743744       0.0000000192803461
     74.4744720       0.0000000192285254
     74.5745773       0.0000000191769104
     74.6746750       0.0000000191254928
     74.7747726       0.0000000190743057
     74.8748779       0.0000000190233265
     74.9749756       0.0000000189725325
     75.0750732       0.0000000189219445
     75.1751785       0.0000000188715670
     75.2752762       0.0000000188213821
     75.3753738       0.0000000187713825
     75.4754791       0.0000000187216203
     75.5755768       0.0000000186720324
     75.6756744       0.0000000186226283
     75.7757721       0.0000000185734452
     75.8758774       0.0000000185244627
     75.9759750       0.0000000184756609
     76.0760727       0.0000000184270529
     76.1761780       0.0000000183786153
     76.2762756       0.0000000183303871
     76.3763733       0.0000000182823516
     76.4764786       0.0000000182345000
     76.5765762       0.0000000181868439
     76.6766739       0.0000000181393553
     76.7767792       0.0000000180920664
     76.8768768       0.0000000180449671
     76.9769745       0.0000000179980604
     77.0770798       0.0000000179513066
     77.1771774       0.0000000179047469
     77.2772751       0.0000000178583892
     77.3773804       0.0000000178121736
     77.4774780       0.0000000177661553
     77.5775757       0.0000000177203067
     77.6776810       0.0000000176746528
     77.7777786       0.0000000176291492
     77.8778763       0.0000000175838518
     77.9779816       0.0000000175387220
     78.0780792       0.0000000174937721
     78.1781769       0.0000000174489784
     78.2782745       0.0000000174043541
     78.3783798       0.0000000173598961
     78.4784775       0.0000000173156143
     78.5785751       0.0000000172715210
     78.6786804       0.0000000172275903
     78.7787781       0.0000000171838192
     78.8788757       0.0000000171402129
     78.9789810       0.0000000170967691
     79.0790787       0.0000000170534943
     79.1791763       0.0000000170103847
     79.2792816       0.0000000169674417
     79.3793793       0.0000000169246563
     79.4794769       0.0000000168820367
     79.5795822       0.0000000168395735
     79.6796799       0.0000000167972563
     79.7797775       0.0000000167551248
     79.8798828       0.0000000167131386
     79.9799805       0.0000000166713006
     80.0800781       0.0000000166296334
     80.1801834       0.0000000165881147
     80.2802811       0.0000000165467571
     80.3803787       0.0000000165055601
     80.4804840       0.0000000164645044
     80.5805817       0.0000000164236113
     80.6806793       0.0000000163828825
     80.7807770       0.0000000163422803
     80.8808823       0.0000000163018392
     80.9809799       0.0000000162615390
     81.0810776       0.0000000162213843
     81.1811829       0.0000000161814030
     81.2812805       0.0000000161415547
     81.3813782       0.0000000161018506
     81.4814835       0.0000000160623010
     81.5815811       0.0000000160228939
     81.6816788       0.0000000159836216
     81.7817841       0.0000000159444963
     81.8818817       0.0000000159055133
     81.9819794       0.0000000158666835
     82.0820847       0.0000000158280056
     82.1821823       0.0000000157894545
     82.2822800       0.0000000157510410
     82.3823853       0.0000000157127728
     82.4824829       0.0000000156746410
     82.5825806       0.0000000156366453
     82.6826859       0.0000000155987964
     82.7827835       0.0000000155610857
     82.8828812       0.0000000155235047
     82.9829865       0.0000000154860641
     83.0830841       0.0000000154487553
     83.1831818       0.0000000154115736
     83.2832794       0.0000000153745289
     83.3833847       0.0000000153376264
     83.4834824       0.0000000153008617
     83.5835800       0.0000000152642033
     83.6836853       0.0000000152277166
     83.7837830       0.0000000151913243
     83.8838806       0.0000000151550853
     83.9839859       0.0000000151189657
     84.0840836       0.0000000150829622
     84.1841812       0.0000000150471112
     84.2842865       0.0000000150113853
     84.3843842       0.0000000149757725
     84.4844818       0.0000000149402833
     84.5845871       0.0000000149049376
     84.6846848       0.0000000148697123
     84.7847824       0.0000000148346043
     84.8848877       0.0000000147996129
     84.9849854       0.0000000147647616
     85.0850830       0.0000000147300277
     85.1851883       0.0000000146954174
     85.2852859       0.0000000146609347
     85.3853836       0.0000000146265607
     85.4854889       0.0000000145923213
     85.5855865       0.0000000145581893
     85.6856842       0.0000000145242016
     85.7857895       0.0000000144903044
     85.8858871       0.0000000144565269
     85.9859848       0.0000000144228761
     86.0860825       0.0000000143893350
     86.1861877       0.0000000143559243
     86.2862854       0.0000000143226317
     86.3863831       0.0000000142894406
     86.4864883       0.0000000142563545
     86.5865860       0.0000000142234102
     86.6866837       0.0000000141905762
     86.7867889       0.0000000141578406
     86.8868866       0.0000000141252247
     86.9869843       0.0000000140927245
     87.0870895       0.0000000140603345
     87.1871872       0.0000000140280395
     87.2872849       0.0000000139958750
     87.3873901       0.0000000139638185
     87.4874878       0.0000000139318904
     87.5875854       0.0000000139000393
     87.6876907       0.0000000138683241
     87.7877884       0.0000000138366973
     87.8878860       0.0000000138051903
     87.9879913       0.0000000137737815
     88.0880890       0.0000000137424716
     88.1881866       0.0000000137112855
     88.2882919       0.0000000136802132
     88.3883896       0.0000000136492334
     88.4884872       0.0000000136183521
     88.5885849       0.0000000135875821
     88.6886902       0.0000000135569213
     88.7887878       0.0000000135263612
     88.8888855       0.0000000134959028
     88.9889908       0.0000000134655406
     89.0890884       0.0000000134352890
     89.1891861       0.0000000134051440
     89.2892914       0.0000000133750799
     89.3893890       0.0000000133451408
     89.4894867       0.0000000133152884
     89.5895920       0.0000000132855521
     89.6896896       0.0000000132559048
     89.7897873       0.0000000132263523
     89.8898926       0.0000000131969102
     89.9899902       0.0000000131675526
     90.0900879       0.0000000131382952
     90.1901932       0.0000000131091389
     90.2902908       0.0000000130800711
     90.3903885       0.0000000130511035
     90.4904938       0.0000000130222431
     90.5905914       0.0000000129934705
     90.6906891       0.0000000129647911
     90.7907944       0.0000000129362041
     90.8908920       0.0000000129077157
     90.9909897       0.0000000128793214
     91.0910873       0.0000000128510317
     91.1911926       0.0000000128228221
     91.2912903       0.0000000127947074
     91.3913879       0.0000000127666850
     91.4914932       0.0000000127387466
     91.5915909       0.0000000127109083
     91.6916885       0.0000000126831729
     91.7917938       0.0000000126555026
     91.8918915       0.0000000126279489
     91.9919891       0.0000000126004694
     92.0920944       0.0000000125730806
     92.1921921       0.0000000125457850
     92.2922897       0.0000000125185772
     92.3923950       0.0000000124914586
     92.4924927       0.0000000124644269
     92.5925903       0.0000000124374845
     92.6926956       0.0000000124106283
     92.7927933       0.0000000123838590
     92.8928909       0.0000000123571730
     92.9929962       0.0000000123305760
     93.0930939       0.0000000123040660
     93.1931915       0.0000000122776421
     93.2932968       0.0000000122512895
     93.3933945       0.0000000122250371
     93.4934921       0.0000000121988678
     93.5935898       0.0000000121727830
     93.6936951       0.0000000121467797
     93.7937927       0.0000000121208567
     93.8938904       0.0000000120950161
     93.9939957       0.0000000120692611
     94.0940933       0.0000000120435922
     94.1941910       0.0000000120179941
     94.2942963       0.0000000119924793
     94.3943939       0.0000000119670541
     94.4944916       0.0000000119417004
     94.5945969       0.0000000119164342
     94.6946945       0.0000000118912574
     94.7947922       0.0000000118661371
     94.8948975       0.0000000118411113
     94.9949951       0.0000000118161622
     95.0950928       0.0000000117913075
     95.1951981       0.0000000117665021
     95.2952957       0.0000000117417936
     95.3953934       0.0000000117171585
     95.4954987       0.0000000116926027
     95.5955963       0.0000000116681124
     95.6956940       0.0000000116437166
     95.7957993       0.0000000116193823
     95.8958969       0.0000000115951359
     95.9959946       0.0000000115709489
     96.0960999       0.0000000115468434
     96.1961975       0.0000000115228306
     96.2962952       0.0000000114988811
     96.3963928       0.0000000114750013
     96.4964981       0.0000000114511975
     96.5965958       0.0000000114274728
     96.6966934       0.0000000114038195
     96.7967987       0.0000000113802352
     96.8968964       0.0000000113567229
     96.9969940       0.0000000113332858
     97.0970993       0.0000000113099301
     97.1971970       0.0000000112866366
     97.2972946       0.0000000112634150
     97.3973999       0.0000000112402640
     97.4974976       0.0000000112172029
     97.5975952       0.0000000111941899
     97.6977005       0.0000000111712520
     97.7977982       0.0000000111483870
     97.8978958       0.0000000111256018
     97.9980011       0.0000000111028747
     98.0980988       0.0000000110802197
     98.1981964       0.0000000110576376
     98.2983017       0.0000000110351198
     98.3983994       0.0000000110126709
     98.4984970       0.0000000109902911
     98.5986023       0.0000000109679883
     98.6987000       0.0000000109457471
     98.7987976       0.0000000109235703
     98.8988953       0.0000000109014624
     98.9990005       0.0000000108794351
     99.0990982       0.0000000108574611
     99.1991959       0.0000000108355427
     99.2993011       0.0000000108137100
     99.3993988       0.0000000107919352
     99.4994965       0.0000000107702261
     99.5996017       0.0000000107485797
     99.6996994       0.0000000107269907
     99.7997971       0.0000000107054885
     99.8999023       0.0000000106840265
    100.0000000       0.0000000106626427
