# x		H(x,a)
      0.0000000       1.0000000000000000
      0.1001001       0.9900299906730652
      0.2002002       0.9607124924659729
      0.3003003       0.9137664437294006
      0.4004004       0.8518707156181335
      0.5005005       0.7784109115600586
      0.6006006       0.6971734166145325
      0.7007007       0.6120254397392273
      0.8008008       0.5266169309616089
      0.9009009       0.4441368877887726
      1.0010010       0.3671670825517175
      1.1011012       0.2975426287309545
      1.2012012       0.2363509243777250
      1.3013012       0.1840277645109067
      1.4014014       0.1404521576732016
      1.5015016       0.1050748326626748
      1.6016016       0.0770557675161304
      1.7017016       0.0553942084990500
      1.8018018       0.0390392076432871
      1.9019020       0.0269744411615324
      2.0020020       0.0182757460858424
      2.1021020       0.0121437959555472
      2.2022023       0.0079163239980917
      2.3023024       0.0050651777697768
      2.4024024       0.0031835028555592
      2.5025024       0.0019678986639471
      2.6026025       0.0011988949362600
      2.7027028       0.0007222732067573
      2.8028028       0.0004326463981595
      2.9029028       0.0002599026132783
      3.0030031       0.0001586009656251
      3.1031032       0.0001000279085699
      3.2032032       0.0000664817546657
      3.3033032       0.0000473091733914
      3.4034033       0.0000362470116324
      3.5035036       0.0000296949721494
      3.6036036       0.0000256274814665
      3.7037036       0.0000229271467819
      3.8038039       0.0000209881790487
      3.9039040       0.0000194863412967
      4.0040040       0.0000182491767358
      4.1041040       0.0000171845101260
      4.2042041       0.0000162419689159
      4.3043041       0.0000153927536562
      4.4044046       0.0000146192940511
      4.5045047       0.0000139098606746
      4.6046047       0.0000132559752113
      4.7047048       0.0000126510557256
      4.8048048       0.0000120897506544
      4.9049048       0.0000115675524405
      5.0050049       0.0000110805883288
      5.1051049       0.0000106254972229
      5.2052050       0.0000101993515126
      5.3053055       0.0000097995699750
      5.4054055       0.0000094238583310
      5.5055056       0.0000090702099900
      5.6056056       0.0000087368296141
      5.7057056       0.0000084220696442
      5.8058057       0.0000081245228683
      5.9059057       0.0000078428833170
      6.0060062       0.0000075759640012
      6.1061063       0.0000073227398141
      6.2062063       0.0000070822357614
      6.3063064       0.0000068535818595
      6.4064064       0.0000066359795494
      6.5065064       0.0000064287115495
      6.6066065       0.0000062311121933
      6.7067065       0.0000060425729370
      6.8068066       0.0000058625376014
      6.9069071       0.0000056904801645
      7.0070071       0.0000055259333739
      7.1071072       0.0000053684695333
      7.2072072       0.0000052176670916
      7.3073072       0.0000050731458231
      7.4074073       0.0000049345771982
      7.5075073       0.0000048016131870
      7.6076078       0.0000046739665385
      7.7077079       0.0000045513487819
      7.8078079       0.0000044334991565
      7.9079080       0.0000043201691064
      8.0080080       0.0000042111319848
      8.1081085       0.0000041061748999
      8.2082081       0.0000040050898150
      8.3083086       0.0000039076926532
      8.4084082       0.0000038138041776
      8.5085087       0.0000037232521517
      8.6086082       0.0000036358926645
      8.7087088       0.0000035515655961
      8.8088093       0.0000034701354494
      8.9089088       0.0000033914718306
      9.0090094       0.0000033154489823
      9.1091089       0.0000032419540354
      9.2092094       0.0000031708715773
      9.3093090       0.0000031020974554
      9.4094095       0.0000030355356748
      9.5095091       0.0000029710916977
      9.6096096       0.0000029086791984
      9.7097101       0.0000028482075892
      9.8098097       0.0000027896003943
      9.9099102       0.0000027327856251
     10.0100098       0.0000026776823387
     10.1101103       0.0000026242265071
     10.2102098       0.0000025723592555
     10.3103104       0.0000025220107470
     10.4104099       0.0000024731279080
     10.5105104       0.0000024256481297
     10.6106110       0.0000023795246520
     10.7107105       0.0000023347021147
     10.8108110       0.0000022911315442
     10.9109106       0.0000022487693299
     11.0110111       0.0000022075715277
     11.1111107       0.0000021674949337
     11.2112112       0.0000021284998695
     11.3113117       0.0000020905481245
     11.4114113       0.0000020536023078
     11.5115118       0.0000020176255376
     11.6116114       0.0000019825840519
     11.7117119       0.0000019484505992
     11.8118114       0.0000019151899785
     11.9119120       0.0000018827731381
     12.0120125       0.0000018511736914
     12.1121120       0.0000018203607806
     12.2122126       0.0000017903145756
     12.3123121       0.0000017610045178
     12.4124126       0.0000017324077747
     12.5125122       0.0000017045031091
     12.6126127       0.0000016772668939
     12.7127123       0.0000016506789370
     12.8128128       0.0000016247191546
     12.9129133       0.0000015993663809
     13.0130129       0.0000015746025735
     13.1131134       0.0000015504081578
     13.2132130       0.0000015267686238
     13.3133135       0.0000015036656168
     13.4134130       0.0000014810863623
     13.5135136       0.0000014590081867
     13.6136131       0.0000014374217962
     13.7137136       0.0000014163118593
     13.8138142       0.0000013956636670
     13.9139137       0.0000013754617359
     14.0140142       0.0000013556979365
     14.1141138       0.0000013363581328
     14.2142143       0.0000013174281395
     14.3143139       0.0000012988969744
     14.4144144       0.0000012807550990
     14.5145149       0.0000012629915446
     14.6146145       0.0000012455950933
     14.7147150       0.0000012285565330
     14.8148146       0.0000012118647139
     14.9149151       0.0000011955100272
     15.0150146       0.0000011794869417
     15.1151152       0.0000011637810538
     15.2152157       0.0000011483894279
     15.3153152       0.0000011333007146
     15.4154158       0.0000011185075533
     15.5155153       0.0000011040026802
     15.6156158       0.0000010897777023
     15.7157154       0.0000010758280521
     15.8158159       0.0000010621434705
     15.9159155       0.0000010487184060
     16.0160160       0.0000010355461715
     16.1161156       0.0000010226222076
     16.2162170       0.0000010099380711
     16.3163166       0.0000009974889945
     16.4164162       0.0000009852677016
     16.5165157       0.0000009732718102
     16.6166172       0.0000009614924731
     16.7167168       0.0000009499260834
     16.8168163       0.0000009385681590
     16.9169178       0.0000009274126655
     17.0170174       0.0000009164549355
     17.1171169       0.0000009056902484
     17.2172165       0.0000008951149452
     17.3173180       0.0000008847226973
     17.4174175       0.0000008745119103
     17.5175171       0.0000008644771257
     17.6176186       0.0000008546129801
     17.7177181       0.0000008449179483
     17.8178177       0.0000008353873092
     17.9179173       0.0000008260163912
     18.0180187       0.0000008168023161
     18.1181183       0.0000008077428606
     18.2182178       0.0000007988328897
     18.3183174       0.0000007900702455
     18.4184189       0.0000007814502171
     18.5185184       0.0000007729704862
     18.6186180       0.0000007646285582
     18.7187195       0.0000007564222599
     18.8188190       0.0000007483460481
     18.9189186       0.0000007403989276
     19.0190182       0.0000007325775587
     19.1191196       0.0000007248804678
     19.2192192       0.0000007173039119
     19.3193188       0.0000007098451288
     19.4194202       0.0000007025029040
     19.5195198       0.0000006952742029
     19.6196194       0.0000006881564989
     19.7197189       0.0000006811468702
     19.8198204       0.0000006742442359
     19.9199200       0.0000006674471219
     20.0200195       0.0000006607514360
     20.1201210       0.0000006541557032
     20.2202206       0.0000006476592679
     20.3203201       0.0000006412588019
     20.4204197       0.0000006349530047
     20.5205212       0.0000006287400204
     20.6206207       0.0000006226172045
     20.7207203       0.0000006165842846
     20.8208199       0.0000006106380682
     20.9209213       0.0000006047784230
     21.0210209       0.0000005990025489
     21.1211205       0.0000005933084021
     21.2212219       0.0000005876953747
     21.3213215       0.0000005821619603
     21.4214211       0.0000005767061875
     21.5215206       0.0000005713277207
     21.6216221       0.0000005660234283
     21.7217216       0.0000005607930742
     21.8218212       0.0000005556339344
     21.9219227       0.0000005505466146
     22.0220222       0.0000005455293778
     22.1221218       0.0000005405795811
     22.2222214       0.0000005356976153
     22.3223228       0.0000005308812518
     22.4224224       0.0000005261291567
     22.5225220       0.0000005214412756
     22.6226234       0.0000005168157090
     22.7227230       0.0000005122513226
     22.8228226       0.0000005077474321
     22.9229221       0.0000005033024696
     23.0230236       0.0000004989156997
     23.1231232       0.0000004945866054
     23.2232227       0.0000004903134256
     23.3233242       0.0000004860948287
     23.4234238       0.0000004819308704
     23.5235233       0.0000004778207391
     23.6236229       0.0000004737624423
     23.7237244       0.0000004697561949
     23.8238239       0.0000004658001669
     23.9239235       0.0000004618940918
     24.0240250       0.0000004580364643
     24.1241245       0.0000004542279261
     24.2242241       0.0000004504659728
     24.3243237       0.0000004467509852
     24.4244251       0.0000004430814613
     24.5245247       0.0000004394575597
     24.6246243       0.0000004358779007
     24.7247238       0.0000004323414078
     24.8248253       0.0000004288484450
     24.9249249       0.0000004253970062
     25.0250244       0.0000004219874784
     25.1251259       0.0000004186187118
     25.2252254       0.0000004152904480
     25.3253250       0.0000004120017508
     25.4254246       0.0000004087513095
     25.5255260       0.0000004055398444
     25.6256256       0.0000004023657871
     25.7257252       0.0000003992290697
     25.8258266       0.0000003961290211
     25.9259262       0.0000003930649267
     26.0260258       0.0000003900359787
     26.1261253       0.0000003870425110
     26.2262268       0.0000003840829705
     26.3263264       0.0000003811570876
     26.4264259       0.0000003782648603
     26.5265274       0.0000003754049961
     26.6266270       0.0000003725782263
     26.7267265       0.0000003697829680
     26.8268261       0.0000003670190732
     26.9269276       0.0000003642861109
     27.0270271       0.0000003615833618
     27.1271267       0.0000003589108303
     27.2272263       0.0000003562677748
     27.3273277       0.0000003536539048
     27.4274273       0.0000003510688600
     27.5275269       0.0000003485118288
     27.6276283       0.0000003459825494
     27.7277279       0.0000003434810616
     27.8278275       0.0000003410064228
     27.9279270       0.0000003385583624
     28.0280285       0.0000003361369034
     28.1281281       0.0000003337408835
     28.2282276       0.0000003313711472
     28.3283291       0.0000003290257677
     28.4284286       0.0000003267058433
     28.5285282       0.0000003244099850
     28.6286278       0.0000003221385164
     28.7287292       0.0000003198906644
     28.8288288       0.0000003176663561
     28.9289284       0.0000003154652284
     29.0290298       0.0000003132867468
     29.1291294       0.0000003111309355
     29.2292290       0.0000003089972715
     29.3293285       0.0000003068857518
     29.4294300       0.0000003047955928
     29.5295296       0.0000003027265753
     29.6296291       0.0000003006786613
     29.7297306       0.0000002986515262
     29.8298302       0.0000002966446494
     29.9299297       0.0000002946582027
     30.0300293       0.0000002926918087
     30.1301308       0.0000002907444082
     30.2302303       0.0000002888170385
     30.3303299       0.0000002869084536
     30.4304314       0.0000002850189620
     30.5305309       0.0000002831479073
     30.6306305       0.0000002812951972
     30.7307301       0.0000002794608658
     30.8308315       0.0000002776442248
     30.9309311       0.0000002758452704
     31.0310307       0.0000002740639418
     31.1311302       0.0000002722995874
     31.2312317       0.0000002705522964
     31.3313313       0.0000002688219454
     31.4314308       0.0000002671078512
     31.5315323       0.0000002654103135
     31.6316319       0.0000002637289584
     31.7317314       0.0000002620632613
     31.8318310       0.0000002604137203
     31.9319324       0.0000002587790974
     32.0320320       0.0000002571603256
     32.1321335       0.0000002555569712
     32.2322311       0.0000002539680425
     32.3323326       0.0000002523941526
     32.4324341       0.0000002508346124
     32.5325317       0.0000002492897950
     32.6326332       0.0000002477590782
     32.7327309       0.0000002462422721
     32.8328323       0.0000002447394777
     32.9329338       0.0000002432503793
     33.0330315       0.0000002417748716
     33.1331329       0.0000002403127720
     33.2332344       0.0000002388642188
     33.3333321       0.0000002374284101
     33.4334335       0.0000002360054450
     33.5335350       0.0000002345953956
     33.6336327       0.0000002331977430
     33.7337341       0.0000002318126329
     33.8338356       0.0000002304400473
     33.9339333       0.0000002290793974
     34.0340347       0.0000002277307769
     34.1341324       0.0000002263944814
     34.2342339       0.0000002250693796
     34.3343353       0.0000002237558450
     34.4344330       0.0000002224541278
     34.5345345       0.0000002211636066
     34.6346359       0.0000002198842092
     34.7347336       0.0000002186162118
     34.8348351       0.0000002173588148
     34.9349365       0.0000002161123474
     35.0350342       0.0000002148766058
     35.1351357       0.0000002136514124
     35.2352371       0.0000002124364808
     35.3353348       0.0000002112321769
     35.4354362       0.0000002100380110
     35.5355339       0.0000002088540154
     35.6356354       0.0000002076797450
     35.7357368       0.0000002065157564
     35.8358345       0.0000002053613532
     35.9359360       0.0000002042165051
     36.0360374       0.0000002030812164
     36.1361351       0.0000002019554287
     36.2362366       0.0000002008390815
     36.3363380       0.0000001997317632
     36.4364357       0.0000001986336602
     36.5365372       0.0000001975445647
     36.6366348       0.0000001964644803
     36.7367363       0.0000001953933637
     36.8368378       0.0000001943308019
     36.9369354       0.0000001932769634
     37.0370369       0.0000001922314552
     37.1371384       0.0000001911947315
     37.2372360       0.0000001901663678
     37.3373375       0.0000001891459019
     37.4374390       0.0000001881339959
     37.5375366       0.0000001871301571
     37.6376381       0.0000001861341012
     37.7377396       0.0000001851461147
     37.8378372       0.0000001841663416
     37.9379387       0.0000001831937343
     38.0380363       0.0000001822291569
     38.1381378       0.0000001812721217
     38.2382393       0.0000001803225569
     38.3383369       0.0000001793804921
     38.4384384       0.0000001784459007
     38.5385399       0.0000001775184667
     38.6386375       0.0000001765981216
     38.7387390       0.0000001756852139
     38.8388405       0.0000001747790920
     38.9389381       0.0000001738800375
     39.0390396       0.0000001729880059
     39.1391373       0.0000001721026713
     39.2392387       0.0000001712244036
     39.3393402       0.0000001703526742
     39.4394379       0.0000001694875303
     39.5395393       0.0000001686289324
     39.6396408       0.0000001677768890
     39.7397385       0.0000001669312177
     39.8398399       0.0000001660923107
     39.9399414       0.0000001652593100
     40.0400391       0.0000001644327933
     40.1401405       0.0000001636121989
     40.2402420       0.0000001627979973
     40.3403397       0.0000001619897622
     40.4404411       0.0000001611874468
     40.5405388       0.0000001603912028
     40.6406403       0.0000001596007922
     40.7407417       0.0000001588162562
     40.8408394       0.0000001580375988
     40.9409409       0.0000001572645043
     41.0410423       0.0000001564970607
     41.1411400       0.0000001557353137
     41.2412415       0.0000001549789126
     41.3413429       0.0000001542282855
     41.4414406       0.0000001534829925
     41.5415421       0.0000001527429918
     41.6416397       0.0000001520083659
     41.7417412       0.0000001512791799
     41.8418427       0.0000001505550700
     41.9419403       0.0000001498361527
     42.0420418       0.0000001491225489
     42.1421432       0.0000001484139250
     42.2422409       0.0000001477102092
     42.3423424       0.0000001470117053
     42.4424438       0.0000001463179846
     42.5425415       0.0000001456293173
     42.6426430       0.0000001449453830
     42.7427444       0.0000001442662325
     42.8428421       0.0000001435920287
     42.9429436       0.0000001429223727
     43.0430412       0.0000001422573115
     43.1431427       0.0000001415970887
     43.2432442       0.0000001409413325
     43.3433418       0.0000001402902289
     43.4434433       0.0000001396435726
     43.5435448       0.0000001390013693
     43.6436424       0.0000001383636330
     43.7437439       0.0000001377300864
     43.8438454       0.0000001371011412
     43.9439430       0.0000001364763512
     44.0440445       0.0000001358559064
     44.1441460       0.0000001352396511
     44.2442436       0.0000001346274891
     44.3443451       0.0000001340195053
     44.4444427       0.0000001334158767
     44.5445442       0.0000001328160871
     44.6446457       0.0000001322202303
     44.7447433       0.0000001316286249
     44.8448448       0.0000001310408789
     44.9449463       0.0000001304569367
     45.0450439       0.0000001298770909
     45.1451454       0.0000001293011751
     45.2452469       0.0000001287287955
     45.3453445       0.0000001281604102
     45.4454460       0.0000001275957657
     45.5455437       0.0000001270347164
     45.6456451       0.0000001264774213
     45.7457466       0.0000001259239048
     45.8458443       0.0000001253738429
     45.9459457       0.0000001248275411
     46.0460472       0.0000001242846943
     46.1461449       0.0000001237453715
     46.2462463       0.0000001232095779
     46.3463478       0.0000001226772741
     46.4464455       0.0000001221484555
     46.5465469       0.0000001216229889
     46.6466484       0.0000001211008881
     46.7467461       0.0000001205821798
     46.8468475       0.0000001200666885
     46.9469452       0.0000001195547265
     47.0470467       0.0000001190459077
     47.1471481       0.0000001185403139
     47.2472458       0.0000001180379160
     47.3473473       0.0000001175387531
     47.4474487       0.0000001170428005
     47.5475464       0.0000001165498753
     47.6476479       0.0000001160601554
     47.7477493       0.0000001155734041
     47.8478470       0.0000001150897712
     47.9479485       0.0000001146091502
     48.0480499       0.0000001141315802
     48.1481476       0.0000001136570523
     48.2482491       0.0000001131853305
     48.3483467       0.0000001127165670
     48.4484482       0.0000001122507979
     48.5485497       0.0000001117878701
     48.6486473       0.0000001113278617
     48.7487488       0.0000001108706182
     48.8488503       0.0000001104161444
     48.9489479       0.0000001099645468
     49.0490494       0.0000001095155980
     49.1491508       0.0000001090693902
     49.2492485       0.0000001086261220
     49.3493500       0.0000001081853635
     49.4494476       0.0000001077473632
     49.5495491       0.0000001073120522
     49.6496506       0.0000001068790957
     49.7497482       0.0000001064490602
     49.8498497       0.0000001060215496
     49.9499512       0.0000001055965518
     50.0500488       0.0000001051742075
     50.1501503       0.0000001047542580
     50.2502518       0.0000001043368683
     50.3503494       0.0000001039220256
     50.4504509       0.0000001035095866
     50.5505524       0.0000001030996698
     50.6506500       0.0000001026920840
     50.7507515       0.0000001022869765
     50.8508492       0.0000001018843173
     50.9509506       0.0000001014839406
     51.0510521       0.0000001010859556
     51.1511497       0.0000001006903028
     51.2512512       0.0000001002968366
     51.3513527       0.0000000999058386
     51.4514503       0.0000000995171009
     51.5515518       0.0000000991306552
     51.6516533       0.0000000987464251
     51.7517509       0.0000000983644117
     51.8518524       0.0000000979846057
     51.9519501       0.0000000976069799
     52.0520515       0.0000000972314906
     52.1521530       0.0000000968582071
     52.2522507       0.0000000964871663
     52.3523521       0.0000000961182341
     52.4524536       0.0000000957512851
     52.5525513       0.0000000953864706
     52.6526527       0.0000000950237878
     52.7527542       0.0000000946632739
     52.8528519       0.0000000943046898
     52.9529533       0.0000000939480509
     53.0530548       0.0000000935936280
     53.1531525       0.0000000932410430
     53.2532539       0.0000000928905134
     53.3533516       0.0000000925420083
     53.4534531       0.0000000921953134
     53.5535545       0.0000000918506807
     53.6536522       0.0000000915079540
     53.7537537       0.0000000911672331
     53.8538551       0.0000000908281553
     53.9539528       0.0000000904912090
     54.0540543       0.0000000901560382
     54.1541557       0.0000000898227922
     54.2542534       0.0000000894912864
     54.3543549       0.0000000891616922
     54.4544525       0.0000000888339363
     54.5545540       0.0000000885079748
     54.6546555       0.0000000881836575
     54.7547531       0.0000000878613533
     54.8548546       0.0000000875406810
     54.9549561       0.0000000872217658
     55.0550537       0.0000000869045441
     55.1551552       0.0000000865891153
     55.2552567       0.0000000862753711
     55.3553543       0.0000000859633905
     55.4554558       0.0000000856530575
     55.5555573       0.0000000853443810
     55.6556549       0.0000000850374170
     55.7557564       0.0000000847321122
     55.8558540       0.0000000844283968
     55.9559555       0.0000000841263731
     56.0560570       0.0000000838259372
     56.1561546       0.0000000835271760
     56.2562561       0.0000000832298796
     56.3563576       0.0000000829341475
     56.4564552       0.0000000826401597
     56.5565567       0.0000000823475404
     56.6566582       0.0000000820566664
     56.7567558       0.0000000817671969
     56.8568573       0.0000000814792494
     56.9569588       0.0000000811929160
     57.0570564       0.0000000809079969
     57.1571579       0.0000000806247374
     57.2572556       0.0000000803427372
     57.3573570       0.0000000800623095
     57.4574585       0.0000000797833682
     57.5575562       0.0000000795059057
     57.6576576       0.0000000792299066
     57.7577591       0.0000000789552539
     57.8578568       0.0000000786820273
     57.9579582       0.0000000784102881
     58.0580597       0.0000000781399357
     58.1581573       0.0000000778709939
     58.2582588       0.0000000776034345
     58.3583565       0.0000000773371573
     58.4584579       0.0000000770723171
     58.5585594       0.0000000768088824
     58.6586571       0.0000000765467063
     58.7587585       0.0000000762859656
     58.8588600       0.0000000760265321
     58.9589577       0.0000000757682866
     59.0590591       0.0000000755115341
     59.1591606       0.0000000752560158
     59.2592583       0.0000000750017935
     59.3593597       0.0000000747488238
     59.4594612       0.0000000744971891
     59.5595589       0.0000000742467671
     59.6596603       0.0000000739976655
     59.7597580       0.0000000737498044
     59.8598595       0.0000000735031134
     59.9599609       0.0000000732577712
     60.0600586       0.0000000730135995
     60.1601601       0.0000000727706292
     60.2602615       0.0000000725288961
     60.3603592       0.0000000722883603
     60.4604607       0.0000000720489915
     60.5605621       0.0000000718108466
     60.6606598       0.0000000715739014
     60.7607613       0.0000000713380541
     60.8608627       0.0000000711033715
     60.9609604       0.0000000708699555
     61.0610619       0.0000000706375621
     61.1611595       0.0000000704064161
     61.2612610       0.0000000701763697
     61.3613625       0.0000000699474567
     61.4614601       0.0000000697195708
     61.5615616       0.0000000694928272
     61.6616631       0.0000000692672653
     61.7617607       0.0000000690427621
     61.8618622       0.0000000688193327
     61.9619637       0.0000000685969811
     62.0620613       0.0000000683757589
     62.1621628       0.0000000681556178
     62.2622604       0.0000000679363692
     62.3623619       0.0000000677183952
     62.4624634       0.0000000675013141
     62.5625610       0.0000000672853611
     62.6626625       0.0000000670703552
     62.7627640       0.0000000668565288
     62.8628616       0.0000000666435725
     62.9629631       0.0000000664317194
     63.0630646       0.0000000662208399
     63.1631622       0.0000000660110204
     63.2632637       0.0000000658021072
     63.3633652       0.0000000655942316
     63.4634628       0.0000000653873219
     63.5635643       0.0000000651814322
     63.6636620       0.0000000649764548
     63.7637634       0.0000000647724559
     63.8638649       0.0000000645694111
     63.9639626       0.0000000643673448
     64.0640640       0.0000000641662936
     64.1641617       0.0000000639660977
     64.2642670       0.0000000637667759
     64.3643646       0.0000000635684848
     64.4644623       0.0000000633711187
     64.5645676       0.0000000631746349
     64.6646652       0.0000000629790475
     64.7647629       0.0000000627844308
     64.8648682       0.0000000625906579
     64.9649658       0.0000000623978193
     65.0650635       0.0000000622058486
     65.1651688       0.0000000620147151
     65.2652664       0.0000000618245327
     65.3653641       0.0000000616352321
     65.4654617       0.0000000614467493
     65.5655670       0.0000000612591441
     65.6656647       0.0000000610724208
     65.7657623       0.0000000608865557
     65.8658676       0.0000000607014555
     65.9659653       0.0000000605172769
     66.0660629       0.0000000603339439
     66.1661682       0.0000000601514242
     66.2662659       0.0000000599696766
     66.3663635       0.0000000597888286
     66.4664688       0.0000000596087888
     66.5665665       0.0000000594294895
     66.6666641       0.0000000592510398
     66.7667694       0.0000000590734071
     66.8668671       0.0000000588965290
     66.9669647       0.0000000587205595
     67.0670700       0.0000000585452537
     67.1671677       0.0000000583707811
     67.2672653       0.0000000581971260
     67.3673706       0.0000000580241540
     67.4674683       0.0000000578520426
     67.5675659       0.0000000576806647
     67.6676712       0.0000000575100418
     67.7677689       0.0000000573401349
     67.8678665       0.0000000571709799
     67.9679642       0.0000000570026286
     68.0680695       0.0000000568349800
     68.1681671       0.0000000566681201
     68.2682648       0.0000000565019632
     68.3683701       0.0000000563365365
     68.4684677       0.0000000561718131
     68.5685654       0.0000000560078202
     68.6686707       0.0000000558446128
     68.7687683       0.0000000556820225
     68.8688660       0.0000000555201971
     68.9689713       0.0000000553590443
     69.0690689       0.0000000551986359
     69.1691666       0.0000000550388738
     69.2692719       0.0000000548798353
     69.3693695       0.0000000547214792
     69.4694672       0.0000000545637899
     69.5695724       0.0000000544067625
     69.6696701       0.0000000542504927
     69.7697678       0.0000000540948616
     69.8698730       0.0000000539398633
     69.9699707       0.0000000537855138
     70.0700684       0.0000000536319576
     70.1701736       0.0000000534789318
     70.2702713       0.0000000533265680
     70.3703690       0.0000000531748824
     70.4704742       0.0000000530238114
     70.5705719       0.0000000528734690
     70.6706696       0.0000000527236908
     70.7707672       0.0000000525745747
     70.8708725       0.0000000524260894
     70.9709702       0.0000000522782160
     71.0710678       0.0000000521309672
     71.1711731       0.0000000519843554
     71.2712708       0.0000000518383495
     71.3713684       0.0000000516929930
     71.4714737       0.0000000515482296
     71.5715714       0.0000000514040631
     71.6716690       0.0000000512605025
     71.7717743       0.0000000511175075
     71.8718719       0.0000000509751281
     71.9719696       0.0000000508333878
     72.0720749       0.0000000506922132
     72.1721725       0.0000000505516110
     72.2722702       0.0000000504116319
     72.3723755       0.0000000502721645
     72.4724731       0.0000000501333325
     72.5725708       0.0000000499950574
     72.6726761       0.0000000498573384
     72.7727737       0.0000000497201768
     72.8728714       0.0000000495836281
     72.9729767       0.0000000494476117
     73.0730743       0.0000000493121671
     73.1731720       0.0000000491772845
     73.2732697       0.0000000490429989
     73.3733749       0.0000000489091536
     73.4734726       0.0000000487759005
     73.5735703       0.0000000486432377
     73.6736755       0.0000000485110593
     73.7737732       0.0000000483793847
     73.8738708       0.0000000482483233
     73.9739761       0.0000000481177972
     74.0740738       0.0000000479877916
     74.1741714       0.0000000478582745
     74.2742767       0.0000000477292833
     74.3743744       0.0000000476008619
     74.4744720       0.0000000474729241
     74.5745773       0.0000000473454984
     74.6746750       0.0000000472185526
     74.7747726       0.0000000470921809
     74.8748779       0.0000000469663121
     74.9749756       0.0000000468409081
     75.0750732       0.0000000467160195
     75.1751785       0.0000000465916376
     75.2752762       0.0000000464677366
     75.3753738       0.0000000463442914
     75.4754791       0.0000000462214387
     75.5755768       0.0000000460990130
     75.6756744       0.0000000459770403
     75.7757721       0.0000000458556154
     75.8758774       0.0000000457346807
     75.9759750       0.0000000456141991
     76.0760727       0.0000000454941864
     76.1761780       0.0000000453745964
     76.2762756       0.0000000452555341
     76.3763733       0.0000000451369347
     76.4764786       0.0000000450188007
     76.5765762       0.0000000449011387
     76.6766739       0.0000000447838969
     76.7767792       0.0000000446671445
     76.8768768       0.0000000445508616
     76.9769745       0.0000000444350557
     77.0770798       0.0000000443196274
     77.1771774       0.0000000442046795
     77.2772751       0.0000000440902245
     77.3773804       0.0000000439761223
     77.4774780       0.0000000438625131
     77.5775757       0.0000000437493175
     77.6776810       0.0000000436366010
     77.7777786       0.0000000435242602
     77.8778763       0.0000000434124254
     77.9779816       0.0000000433010069
     78.0780792       0.0000000431900291
     78.1781769       0.0000000430794409
     78.2782745       0.0000000429692693
     78.3783798       0.0000000428595050
     78.4784775       0.0000000427501778
     78.5785751       0.0000000426413168
     78.6786804       0.0000000425328590
     78.7787781       0.0000000424247946
     78.8788757       0.0000000423171342
     78.9789810       0.0000000422098741
     79.0790787       0.0000000421030331
     79.1791763       0.0000000419966044
     79.2792816       0.0000000418905810
     79.3793793       0.0000000417849503
     79.4794769       0.0000000416797263
     79.5795822       0.0000000415748901
     79.6796799       0.0000000414704107
     79.7797775       0.0000000413663982
     79.8798828       0.0000000412627380
     79.9799805       0.0000000411594450
     80.0800781       0.0000000410565731
     80.1801834       0.0000000409540663
     80.2802811       0.0000000408519638
     80.3803787       0.0000000407502516
     80.4804840       0.0000000406488866
     80.5805817       0.0000000405479320
     80.6806793       0.0000000404473721
     80.7807770       0.0000000403471296
     80.8808823       0.0000000402472885
     80.9809799       0.0000000401477875
     81.0810776       0.0000000400486589
     81.1811829       0.0000000399499475
     81.2812805       0.0000000398515669
     81.3813782       0.0000000397535397
     81.4814835       0.0000000396558977
     81.5815811       0.0000000395586059
     81.6816788       0.0000000394616487
     81.7817841       0.0000000393650514
     81.8818817       0.0000000392688077
     81.9819794       0.0000000391729427
     82.0820847       0.0000000390774506
     82.1821823       0.0000000389822707
     82.2822800       0.0000000388874320
     82.3823853       0.0000000387929561
     82.4824829       0.0000000386988089
     82.5825806       0.0000000386050060
     82.6826859       0.0000000385115594
     82.7827835       0.0000000384184579
     82.8828812       0.0000000383256751
     82.9829865       0.0000000382332391
     83.0830841       0.0000000381411291
     83.1831818       0.0000000380493295
     83.2832794       0.0000000379578688
     83.3833847       0.0000000378667628
     83.4834824       0.0000000377759947
     83.5835800       0.0000000376854947
     83.6836853       0.0000000375954080
     83.7837830       0.0000000375055623
     83.8838806       0.0000000374160896
     83.9839859       0.0000000373269151
     84.0840836       0.0000000372380251
     84.1841812       0.0000000371495162
     84.2842865       0.0000000370613140
     84.3843842       0.0000000369733933
     84.4844818       0.0000000368857734
     84.5845871       0.0000000367985068
     84.6846848       0.0000000367115397
     84.7847824       0.0000000366248639
     84.8848877       0.0000000365384712
     84.9849854       0.0000000364524274
     85.0850830       0.0000000363666720
     85.1851883       0.0000000362812260
     85.2852859       0.0000000361960920
     85.3853836       0.0000000361112250
     85.4854889       0.0000000360266966
     85.5855865       0.0000000359424297
     85.6856842       0.0000000358585141
     85.7857895       0.0000000357748231
     85.8858871       0.0000000356914338
     85.9859848       0.0000000356083548
     86.0860825       0.0000000355255479
     86.1861877       0.0000000354430588
     86.2862854       0.0000000353608618
     86.3863831       0.0000000352789180
     86.4864883       0.0000000351972339
     86.5865860       0.0000000351158936
     86.6866837       0.0000000350348360
     86.7867889       0.0000000349540131
     86.8868866       0.0000000348734856
     86.9869843       0.0000000347932493
     87.0870895       0.0000000347132832
     87.1871872       0.0000000346335481
     87.2872849       0.0000000345541395
     87.3873901       0.0000000344749969
     87.4874878       0.0000000343961710
     87.5875854       0.0000000343175301
     87.6876907       0.0000000342392300
     87.7877884       0.0000000341611442
     87.8878860       0.0000000340833635
     87.9879913       0.0000000340058170
     88.0880890       0.0000000339285188
     88.1881866       0.0000000338515209
     88.2882919       0.0000000337748042
     88.3883896       0.0000000336983224
     88.4884872       0.0000000336220781
     88.5885849       0.0000000335461100
     88.6886902       0.0000000334704197
     88.7887878       0.0000000333949650
     88.8888855       0.0000000333197640
     88.9889908       0.0000000332448060
     89.0890884       0.0000000331701186
     89.1891861       0.0000000330956976
     89.2892914       0.0000000330214734
     89.3893890       0.0000000329475554
     89.4894867       0.0000000328738513
     89.5895920       0.0000000328004355
     89.6896896       0.0000000327272450
     89.7897873       0.0000000326542789
     89.8898926       0.0000000325815926
     89.9899902       0.0000000325091131
     90.0900879       0.0000000324368780
     90.1901932       0.0000000323648933
     90.2902908       0.0000000322931302
     90.3903885       0.0000000322216124
     90.4904938       0.0000000321503603
     90.5905914       0.0000000320793218
     90.6906891       0.0000000320085182
     90.7907944       0.0000000319379401
     90.8908920       0.0000000318676052
     90.9909897       0.0000000317975002
     91.0910873       0.0000000317276573
     91.1911926       0.0000000316580127
     91.2912903       0.0000000315885999
     91.3913879       0.0000000315194158
     91.4914932       0.0000000314504391
     91.5915909       0.0000000313817093
     91.6916885       0.0000000313132350
     91.7917938       0.0000000312449201
     91.8918915       0.0000000311768936
     91.9919891       0.0000000311090498
     92.0920944       0.0000000310414320
     92.1921921       0.0000000309740398
     92.2922897       0.0000000309068669
     92.3923950       0.0000000308399164
     92.4924927       0.0000000307731789
     92.5925903       0.0000000307066576
     92.6926956       0.0000000306403524
     92.7927933       0.0000000305742634
     92.8928909       0.0000000305083792
     92.9929962       0.0000000304427162
     93.0930939       0.0000000303772663
     93.1931915       0.0000000303120263
     93.2932968       0.0000000302469673
     93.3933945       0.0000000301821534
     93.4934921       0.0000000301175432
     93.5935898       0.0000000300531428
     93.6936951       0.0000000299889430
     93.7937927       0.0000000299249450
     93.8938904       0.0000000298611457
     93.9939957       0.0000000297975599
     94.0940933       0.0000000297341872
     94.1941910       0.0000000296709866
     94.2942963       0.0000000296079945
     94.3943939       0.0000000295452233
     94.4944916       0.0000000294826276
     94.5945969       0.0000000294202512
     94.6946945       0.0000000293580925
     94.7947922       0.0000000292960720
     94.8948975       0.0000000292342846
     94.9949951       0.0000000291726884
     95.0950928       0.0000000291113268
     95.1951981       0.0000000290500836
     95.2952957       0.0000000289890826
     95.3953934       0.0000000289282589
     95.4954987       0.0000000288676371
     95.5955963       0.0000000288071713
     95.6956940       0.0000000287469438
     95.7957993       0.0000000286868616
     95.8958969       0.0000000286270043
     95.9959946       0.0000000285672877
     96.0960999       0.0000000285077729
     96.1961975       0.0000000284484884
     96.2962952       0.0000000283893570
     96.3963928       0.0000000283304032
     96.4964981       0.0000000282716353
     96.5965958       0.0000000282130617
     96.6966934       0.0000000281546651
     96.7967987       0.0000000280964354
     96.8968964       0.0000000280383906
     96.9969940       0.0000000279805245
     97.0970993       0.0000000279228606
     97.1971970       0.0000000278653533
     97.2972946       0.0000000278080232
     97.3973999       0.0000000277508655
     97.4974976       0.0000000276939308
     97.5975952       0.0000000276371140
     97.6977005       0.0000000275804829
     97.7977982       0.0000000275240337
     97.8978958       0.0000000274677783
     97.9980011       0.0000000274116707
     98.0980988       0.0000000273557386
     98.1981964       0.0000000272999841
     98.2983017       0.0000000272443874
     98.3983994       0.0000000271889663
     98.4984970       0.0000000271337128
     98.5986023       0.0000000270786499
     98.6987000       0.0000000270237397
     98.7987976       0.0000000269689847
     98.8988953       0.0000000269144036
     98.9990005       0.0000000268600241
     99.0990982       0.0000000268057722
     99.1991959       0.0000000267516561
     99.2993011       0.0000000266977558
     99.3993988       0.0000000266439944
     99.4994965       0.0000000265903977
     99.5996017       0.0000000265369577
     99.6996994       0.0000000264836538
     99.7997971       0.0000000264305683
     99.8999023       0.0000000263775812
    100.0000000       0.0000000263247902
