# x		H(x,a)
      0.0000000       1.0000000000000000
      0.1001001       0.9900299906730652
      0.2002002       0.9607124924659729
      0.3003003       0.9137664437294006
      0.4004004       0.8518707156181335
      0.5005005       0.7784109115600586
      0.6006006       0.6971734166145325
      0.7007007       0.6120254397392273
      0.8008008       0.5266169309616089
      0.9009009       0.4441368877887726
      1.0010010       0.3671617049461426
      1.1011012       0.2975274056227603
      1.2012012       0.2363270223994899
      1.3013012       0.1839979303263526
      1.4014014       0.1404191804612867
      1.5015016       0.1050409683796502
      1.6016016       0.0770226172973196
      1.7017016       0.0553627878806526
      1.8018018       0.0390100764171135
      1.9019020       0.0269478346617537
      2.0020020       0.0182516850418980
      2.1021020       0.0121221699998418
      2.2022023       0.0078969507365023
      2.3023024       0.0050478425412840
      2.4024024       0.0031679839344404
      2.5025024       0.0019539823023703
      2.6026025       0.0011863834980608
      2.7027028       0.0007109888264787
      2.8028028       0.0004224319403919
      2.9029028       0.0002506209455118
      3.0030031       0.0001501334197878
      3.1031032       0.0000922723596710
      3.2032032       0.0000593506006774
      3.3033032       0.0000407273930748
      3.4034033       0.0000301503550398
      3.5035036       0.0000240283869786
      3.6036036       0.0000203437069769
      3.7037036       0.0000179855330720
      3.8038039       0.0000163536417788
      3.9039040       0.0000151285202602
      4.0040040       0.0000141417045531
      4.1041040       0.0000133043932781
      4.2042041       0.0000125690813286
      4.3043041       0.0000119094167756
      4.4044046       0.0000113099083911
      4.5045047       0.0000107606084691
      4.6046047       0.0000102545734506
      4.7047048       0.0000097865404994
      4.8048048       0.0000093522973511
      4.9049048       0.0000089483266976
      5.0050049       0.0000085716197486
      5.1051049       0.0000082195727972
      5.2052050       0.0000078899195132
      5.3053055       0.0000075806590720
      5.4054055       0.0000072900204669
      5.5055056       0.0000070164485421
      5.6056056       0.0000067585545223
      5.7057056       0.0000065150657627
      5.8058057       0.0000062848920920
      5.9059057       0.0000060670239254
      6.0060062       0.0000058605431067
      6.1061063       0.0000056646563819
      6.2062063       0.0000054786098088
      6.3063064       0.0000053017295096
      6.4064064       0.0000051333992046
      6.5065064       0.0000049730627151
      6.6066065       0.0000048202047813
      6.7067065       0.0000046743570648
      6.8068066       0.0000045350867809
      6.9069071       0.0000044019881110
      7.0070071       0.0000042746998725
      7.1071072       0.0000041528902279
      7.2072072       0.0000040362338661
      7.3073072       0.0000039244366504
      7.4074073       0.0000038172442445
      7.5075073       0.0000037143870374
      7.6076078       0.0000036156433941
      7.7077079       0.0000035207897065
      7.8078079       0.0000034296246832
      7.9079080       0.0000033419558493
      8.0080080       0.0000032576079609
      8.1081085       0.0000031764162902
      8.2082081       0.0000030982200825
      8.3083086       0.0000030228760662
      8.4084082       0.0000029502467257
      8.5085087       0.0000028801986122
      8.6086082       0.0000028126195391
      8.7087088       0.0000027473864948
      8.8088093       0.0000026843947958
      8.9089088       0.0000026235428680
      9.0090094       0.0000025647339533
      9.1091089       0.0000025078804253
      9.2092094       0.0000024528932518
      9.3093090       0.0000023996914040
      9.4094095       0.0000023482011120
      9.5095091       0.0000022983493295
      9.6096096       0.0000022500686038
      9.7097101       0.0000022032897596
      9.8098097       0.0000021579528428
      9.9099102       0.0000021140026408
     10.0100098       0.0000020713764024
     10.1101103       0.0000020300245343
     10.2102098       0.0000019899016176
     10.3103104       0.0000019509535005
     10.4104099       0.0000019131389189
     10.5105104       0.0000018764102017
     10.6106110       0.0000018407303535
     10.7107105       0.0000018060569382
     10.8108110       0.0000017723519848
     10.9109106       0.0000017395819517
     11.0110111       0.0000017077124865
     11.1111107       0.0000016767103888
     11.2112112       0.0000016465450242
     11.3113117       0.0000016171867299
     11.4114113       0.0000015886063361
     11.5115118       0.0000015607758571
     11.6116114       0.0000015336687561
     11.7117119       0.0000015072642440
     11.8118114       0.0000014815347781
     11.9119120       0.0000014564580104
     12.0120125       0.0000014320135060
     12.1121120       0.0000014081776315
     12.2122126       0.0000013849347513
     12.3123121       0.0000013622612470
     12.4124126       0.0000013401397815
     12.5125122       0.0000013185536156
     12.6126127       0.0000012974843669
     12.7127123       0.0000012769166372
     12.8128128       0.0000012568349484
     12.9129133       0.0000012372228258
     13.0130129       0.0000012180662758
     13.1131134       0.0000011993501608
     13.2132130       0.0000011810633595
     13.3133135       0.0000011631915676
     13.4134130       0.0000011457250343
     13.5135136       0.0000011286459583
     13.6136131       0.0000011119472498
     13.7137136       0.0000010956173128
     13.8138142       0.0000010796444784
     13.9139137       0.0000010640167634
     14.0140142       0.0000010487281578
     14.1141138       0.0000010337673788
     14.2142143       0.0000010191237150
     14.3143139       0.0000010047885447
     14.4144144       0.0000009907544380
     14.5145149       0.0000009770131291
     14.6146145       0.0000009635557399
     14.7147150       0.0000009503753249
     14.8148146       0.0000009374629176
     14.9149151       0.0000009248113326
     15.0150146       0.0000009124164924
     15.1151152       0.0000009002668222
     15.2152157       0.0000008883602645
     15.3153152       0.0000008766881848
     15.4154158       0.0000008652446164
     15.5155153       0.0000008540240039
     15.6156158       0.0000008430200636
     15.7157154       0.0000008322289447
     15.8158159       0.0000008216430055
     15.9159155       0.0000008112576459
     16.0160160       0.0000008010681071
     16.1161156       0.0000007910705212
     16.2162170       0.0000007812584281
     16.3163166       0.0000007716282098
     16.4164162       0.0000007621741540
     16.5165157       0.0000007528944621
     16.6166172       0.0000007437823134
     16.7167168       0.0000007348349876
     16.8168163       0.0000007260487425
     16.9169178       0.0000007174192045
     17.0170174       0.0000007089426340
     17.1171169       0.0000007006154143
     17.2172165       0.0000006924346160
     17.3173180       0.0000006843954905
     17.4174175       0.0000006764966878
     17.5175171       0.0000006687341542
     17.6176186       0.0000006611034501
     17.7177181       0.0000006536037205
     17.8178177       0.0000006462310395
     17.9179173       0.0000006389819924
     18.0180187       0.0000006318543218
     18.1181183       0.0000006248461286
     18.2182178       0.0000006179536070
     18.3183174       0.0000006111751042
     18.4184189       0.0000006045068945
     18.5185184       0.0000005979472831
     18.6186180       0.0000005914941846
     18.7187195       0.0000005851460473
     18.8188190       0.0000005788985159
     18.9189186       0.0000005727508867
     19.0190182       0.0000005667005247
     19.1191196       0.0000005607462226
     19.2192192       0.0000005548852555
     19.3193188       0.0000005491153341
     19.4194202       0.0000005434355869
     19.5195198       0.0000005378436928
     19.6196194       0.0000005323376691
     19.7197189       0.0000005269152074
     19.8198204       0.0000005215755241
     19.9199200       0.0000005163174635
     20.0200195       0.0000005111379037
     20.1201210       0.0000005060356115
     20.2202206       0.0000005010101847
     20.3203201       0.0000004960590066
     20.4204197       0.0000004911810447
     20.5205212       0.0000004863748278
     20.6206207       0.0000004816384041
     20.7207203       0.0000004769715273
     20.8208199       0.0000004723716326
     20.9209213       0.0000004678387713
     21.0210209       0.0000004633707214
     21.1211205       0.0000004589659367
     21.2212219       0.0000004546238472
     21.3213215       0.0000004503433947
     21.4214211       0.0000004461229497
     21.5215206       0.0000004419622938
     21.6216221       0.0000004378591318
     21.7217216       0.0000004338130327
     21.8218212       0.0000004298220873
     21.9219227       0.0000004258867146
     22.0220222       0.0000004220054681
     22.1221218       0.0000004181765015
     22.2222214       0.0000004143999612
     22.3223228       0.0000004106741158
     22.4224224       0.0000004069980778
     22.5225220       0.0000004033716829
     22.6226234       0.0000003997934160
     22.7227230       0.0000003962625400
     22.8228226       0.0000003927785070
     22.9229221       0.0000003893400098
     23.0230236       0.0000003859465424
     23.1231232       0.0000003825976571
     23.2232227       0.0000003792920302
     23.3233242       0.0000003760287148
     23.4234238       0.0000003728075216
     23.5235233       0.0000003696280989
     23.6236229       0.0000003664886955
     23.7237244       0.0000003633896052
     23.8238239       0.0000003603293261
     23.9239235       0.0000003573077064
     24.0240250       0.0000003543235425
     24.1241245       0.0000003513773982
     24.2242241       0.0000003484672857
     24.3243237       0.0000003455934582
     24.4244251       0.0000003427548234
     24.5245247       0.0000003399514868
     24.6246243       0.0000003371823619
     24.7247238       0.0000003344466500
     24.8248253       0.0000003317445777
     24.9249249       0.0000003290746314
     25.0250244       0.0000003264371203
     25.1251259       0.0000003238311489
     25.2252254       0.0000003212565044
     25.3253250       0.0000003187124452
     25.4254246       0.0000003161979929
     25.5255260       0.0000003137137286
     25.6256256       0.0000003112583690
     25.7257252       0.0000003088318826
     25.8258266       0.0000003064337941
     25.9259262       0.0000003040634776
     26.0260258       0.0000003017203545
     26.1261253       0.0000002994047103
     26.2262268       0.0000002971152863
     26.3263264       0.0000002948519355
     26.4264259       0.0000002926145901
     26.5265274       0.0000002904022752
     26.6266270       0.0000002882155936
     26.7267265       0.0000002860532490
     26.8268261       0.0000002839151473
     26.9269276       0.0000002818010204
     27.0270271       0.0000002797102675
     27.1271267       0.0000002776428969
     27.2272263       0.0000002755982895
     27.3273277       0.0000002735762759
     27.4274273       0.0000002715765485
     27.5275269       0.0000002695985046
     27.6276283       0.0000002676419398
     27.7277279       0.0000002657068718
     27.8278275       0.0000002637925784
     27.9279270       0.0000002618987937
     28.0280285       0.0000002600256399
     28.1281281       0.0000002581721400
     28.2282276       0.0000002563389976
     28.3283291       0.0000002545246603
     28.4284286       0.0000002527300360
     28.5285282       0.0000002509540382
     28.6286278       0.0000002491968795
     28.7287292       0.0000002474580126
     28.8288288       0.0000002457373690
     28.9289284       0.0000002440346246
     29.0290298       0.0000002423494086
     29.1291294       0.0000002406817659
     29.2292290       0.0000002390312080
     29.3293285       0.0000002373977835
     29.4294300       0.0000002357809010
     29.5295296       0.0000002341803901
     29.6296291       0.0000002325961867
     29.7297306       0.0000002310280414
     29.8298302       0.0000002294755941
     29.9299297       0.0000002279389107
     30.0300293       0.0000002264177883
     30.1301308       0.0000002249113324
     30.2302303       0.0000002234203828
     30.3303299       0.0000002219439386
     30.4304314       0.0000002204822783
     30.5305309       0.0000002190349100
     30.6306305       0.0000002176017060
     30.7307301       0.0000002161827328
     30.8308315       0.0000002147774184
     30.9309311       0.0000002133857973
     31.0310307       0.0000002120077968
     31.1311302       0.0000002106429558
     31.2312317       0.0000002092913198
     31.3313313       0.0000002079527600
     31.4314308       0.0000002066267951
     31.5315323       0.0000002053136156
     31.6316319       0.0000002040129539
     31.7317314       0.0000002027244357
     31.8318310       0.0000002014484006
     31.9319324       0.0000002001839112
     32.0320320       0.0000001989316826
     32.1321335       0.0000001976913582
     32.2322311       0.0000001964622024
     32.3323326       0.0000001952447046
     32.4324341       0.0000001940382967
     32.5325317       0.0000001928432517
     32.6326332       0.0000001916591405
     32.7327309       0.0000001904857845
     32.8328323       0.0000001893232769
     32.9329338       0.0000001881713634
     33.0330315       0.0000001870299277
     33.1331329       0.0000001858989042
     33.2332344       0.0000001847783652
     33.3333321       0.0000001836676555
     33.4334335       0.0000001825668892
     33.5335350       0.0000001814760882
     33.6336327       0.0000001803949280
     33.7337341       0.0000001793234471
     33.8338356       0.0000001782616699
     33.9339333       0.0000001772090949
     34.0340347       0.0000001761658500
     34.1341324       0.0000001751321087
     34.2342339       0.0000001741070580
     34.3343353       0.0000001730909452
     34.4344330       0.0000001720839990
     34.5345345       0.0000001710856665
     34.6346359       0.0000001700959644
     34.7347336       0.0000001691150893
     34.8348351       0.0000001681423913
     34.9349365       0.0000001671781647
     35.0350342       0.0000001662222214
     35.1351357       0.0000001652744546
     35.2352371       0.0000001643346272
     35.3353348       0.0000001634030165
     35.4354362       0.0000001624792359
     35.5355339       0.0000001615633310
     35.6356354       0.0000001606549411
     35.7357368       0.0000001597545149
     35.8358345       0.0000001588615020
     35.9359360       0.0000001579758892
     36.0360374       0.0000001570976629
     36.1361351       0.0000001562267737
     36.2362366       0.0000001553632124
     36.3363380       0.0000001545066233
     36.4364357       0.0000001536571570
     36.5365372       0.0000001528146797
     36.6366348       0.0000001519791443
     36.7367363       0.0000001511505663
     36.8368378       0.0000001503286025
     36.9369354       0.0000001495133774
     37.0370369       0.0000001487046043
     37.1371384       0.0000001479026384
     37.2372360       0.0000001471071234
     37.3373375       0.0000001463177258
     37.4374390       0.0000001455349316
     37.5375366       0.0000001447583981
     37.6376381       0.0000001439878850
     37.7377396       0.0000001432235920
     37.8378372       0.0000001424656644
     37.9379387       0.0000001417132955
     38.0380363       0.0000001409671276
     38.1381378       0.0000001402267950
     38.2382393       0.0000001394922199
     38.3383369       0.0000001387634816
     38.4384384       0.0000001380405107
     38.5385399       0.0000001373230594
     38.6386375       0.0000001366111275
     38.7387390       0.0000001359049298
     38.8388405       0.0000001352039788
     38.9389381       0.0000001345084949
     39.0390396       0.0000001338184429
     39.1391373       0.0000001331335667
     39.2392387       0.0000001324541656
     39.3393402       0.0000001317798277
     39.4394379       0.0000001311105660
     39.5395393       0.0000001304463964
     39.6396408       0.0000001297872712
     39.7397385       0.0000001291330838
     39.8398399       0.0000001284841372
     39.9399414       0.0000001278397466
     40.0400391       0.0000001272003795
     40.1401405       0.0000001265655940
     40.2402420       0.0000001259357622
     40.3403397       0.0000001253105099
     40.4404411       0.0000001246898709
     40.5405388       0.0000001240739268
     40.6406403       0.0000001234624942
     40.7407417       0.0000001228555839
     40.8408394       0.0000001222532393
     40.9409409       0.0000001216552016
     41.0410423       0.0000001210615390
     41.1411400       0.0000001204722590
     41.2412415       0.0000001198871463
     41.3413429       0.0000001193064673
     41.4414406       0.0000001187299284
     41.5415421       0.0000001181574829
     41.6416397       0.0000001175892087
     41.7417412       0.0000001170251376
     41.8418427       0.0000001164649756
     41.9419403       0.0000001159088390
     42.0420418       0.0000001153568265
     42.1421432       0.0000001148086590
     42.2422409       0.0000001142642658
     42.3423424       0.0000001137239285
     42.4424438       0.0000001131873001
     42.5425415       0.0000001126545675
     42.6426430       0.0000001121254767
     42.7427444       0.0000001116001141
     42.8428421       0.0000001110785724
     42.9429436       0.0000001105605412
     43.0430412       0.0000001100460763
     43.1431427       0.0000001095353560
     43.2432442       0.0000001090280760
     43.3433418       0.0000001085243982
     43.4434433       0.0000001080241743
     43.5435448       0.0000001075273686
     43.6436424       0.0000001070340459
     43.7437439       0.0000001065439592
     43.8438454       0.0000001060574051
     43.9439430       0.0000001055740894
     44.0440445       0.0000001050941296
     44.1441460       0.0000001046174247
     44.2442436       0.0000001041438758
     44.3443451       0.0000001036735533
     44.4444427       0.0000001032066127
     44.5445442       0.0000001027426252
     44.6446457       0.0000001022816862
     44.7447433       0.0000001018240360
     44.8448448       0.0000001013693668
     44.9449463       0.0000001009176553
     45.0450439       0.0000001004691026
     45.1451454       0.0000001000235913
     45.2452469       0.0000000995808207
     45.3453445       0.0000000991411224
     45.4454460       0.0000000987043318
     45.5455437       0.0000000982703196
     45.6456451       0.0000000978392141
     45.7457466       0.0000000974110336
     45.8458443       0.0000000969855229
     45.9459457       0.0000000965629156
     46.0460472       0.0000000961429830
     46.1461449       0.0000000957257784
     46.2462463       0.0000000953113106
     46.3463478       0.0000000948995310
     46.4464455       0.0000000944904580
     46.5465469       0.0000000940839718
     46.6466484       0.0000000936800920
     46.7467461       0.0000000932788274
     46.8468475       0.0000000928800627
     46.9469452       0.0000000924840231
     47.0470467       0.0000000920904155
     47.1471481       0.0000000916993057
     47.2472458       0.0000000913106562
     47.3473473       0.0000000909245303
     47.4474487       0.0000000905408709
     47.5475464       0.0000000901595627
     47.6476479       0.0000000897807279
     47.7477493       0.0000000894041880
     47.8478470       0.0000000890300675
     47.9479485       0.0000000886582675
     48.0480499       0.0000000882888301
     48.1481476       0.0000000879217560
     48.2482491       0.0000000875568444
     48.3483467       0.0000000871942352
     48.4484482       0.0000000868339195
     48.5485497       0.0000000864758042
     48.6486473       0.0000000861199637
     48.7487488       0.0000000857662500
     48.8488503       0.0000000854146741
     48.9489479       0.0000000850653372
     49.0490494       0.0000000847180493
     49.1491508       0.0000000843728748
     49.2492485       0.0000000840299811
     49.3493500       0.0000000836890174
     49.4494476       0.0000000833501947
     49.5495491       0.0000000830134615
     49.6496506       0.0000000826785270
     49.7497482       0.0000000823458730
     49.8498497       0.0000000820151548
     49.9499512       0.0000000816863900
     50.0500488       0.0000000813596798
     50.1501503       0.0000000810348163
     50.2502518       0.0000000807119387
     50.3503494       0.0000000803910241
     50.4504509       0.0000000800719808
     50.5505524       0.0000000797548769
     50.6506500       0.0000000794395748
     50.7507515       0.0000000791262022
     50.8508492       0.0000000788147185
     50.9509506       0.0000000785049891
     51.0510521       0.0000000781971197
     51.1511497       0.0000000778910604
     51.2512512       0.0000000775866810
     51.3513527       0.0000000772842255
     51.4514503       0.0000000769835048
     51.5515518       0.0000000766845631
     51.6516533       0.0000000763873332
     51.7517509       0.0000000760918172
     51.8518524       0.0000000757980113
     51.9519501       0.0000000755058951
     52.0520515       0.0000000752154221
     52.1521530       0.0000000749266681
     52.2522507       0.0000000746396375
     52.3523521       0.0000000743542378
     52.4524536       0.0000000740703814
     52.5525513       0.0000000737881741
     52.6526527       0.0000000735076128
     52.7527542       0.0000000732287270
     52.8528519       0.0000000729513428
     52.9529533       0.0000000726754526
     53.0530548       0.0000000724012782
     53.1531525       0.0000000721285370
     53.2532539       0.0000000718573741
     53.3533516       0.0000000715877787
     53.4534531       0.0000000713195843
     53.5535545       0.0000000710529900
     53.6536522       0.0000000707878659
     53.7537537       0.0000000705242932
     53.8538551       0.0000000702619934
     53.9539528       0.0000000700013422
     54.0540543       0.0000000697420641
     54.1541557       0.0000000694842725
     54.2542534       0.0000000692278279
     54.3543549       0.0000000689728658
     54.4544525       0.0000000687193258
     54.5545540       0.0000000684671705
     54.6546555       0.0000000682162815
     54.7547531       0.0000000679669601
     54.8548546       0.0000000677188969
     54.9549561       0.0000000674721919
     55.0550537       0.0000000672268018
     55.1551552       0.0000000669828017
     55.2552567       0.0000000667400967
     55.3553543       0.0000000664987557
     55.4554558       0.0000000662586914
     55.5555573       0.0000000660199026
     55.6556549       0.0000000657824443
     55.7557564       0.0000000655462660
     55.8558540       0.0000000653113215
     55.9559555       0.0000000650776911
     56.0560570       0.0000000648452848
     56.1561546       0.0000000646141712
     56.2562561       0.0000000643841953
     56.3563576       0.0000000641554197
     56.4564552       0.0000000639280042
     56.5565567       0.0000000637016352
     56.6566582       0.0000000634766313
     56.7567558       0.0000000632527017
     56.8568573       0.0000000630299510
     56.9569588       0.0000000628084547
     57.0570564       0.0000000625880459
     57.1571579       0.0000000623689284
     57.2572556       0.0000000621507769
     57.3573570       0.0000000619338494
     57.4574585       0.0000000617180663
     57.5575562       0.0000000615034375
     57.6576576       0.0000000612899288
     57.7577591       0.0000000610774677
     57.8578568       0.0000000608661041
     57.9579582       0.0000000606558935
     58.0580597       0.0000000604467612
     58.1581573       0.0000000602387210
     58.2582588       0.0000000600317408
     58.3583565       0.0000000598257508
     58.4584579       0.0000000596208823
     58.5585594       0.0000000594170937
     58.6586571       0.0000000592142775
     58.7587585       0.0000000590125856
     58.8588600       0.0000000588118919
     58.9589577       0.0000000586121214
     59.0590591       0.0000000584135093
     59.1591606       0.0000000582158429
     59.2592583       0.0000000580191819
     59.3593597       0.0000000578234945
     59.4594612       0.0000000576288404
     59.5595589       0.0000000574351174
     59.6596603       0.0000000572424175
     59.7597580       0.0000000570506862
     59.8598595       0.0000000568598555
     59.9599609       0.0000000566700561
     60.0600586       0.0000000564811702
     60.1601601       0.0000000562932180
     60.2602615       0.0000000561062219
     60.3603592       0.0000000559201563
     60.4604607       0.0000000557349855
     60.5605621       0.0000000555507691
     60.6606598       0.0000000553674650
     60.7607613       0.0000000551850200
     60.8608627       0.0000000550034782
     60.9609604       0.0000000548229183
     61.0610619       0.0000000546431376
     61.1611595       0.0000000544643324
     61.2612610       0.0000000542863790
     61.3613625       0.0000000541092975
     61.4614601       0.0000000539330104
     61.5615616       0.0000000537576089
     61.6616631       0.0000000535831185
     61.7617607       0.0000000534094588
     61.8618622       0.0000000532366114
     61.9619637       0.0000000530646113
     62.0620613       0.0000000528934777
     62.1621628       0.0000000527231883
     62.2622604       0.0000000525535794
     62.3623619       0.0000000523849661
     62.4624634       0.0000000522170340
     62.5625610       0.0000000520499746
     62.6626625       0.0000000518836599
     62.7627640       0.0000000517182451
     62.8628616       0.0000000515535104
     62.9629631       0.0000000513896225
     63.0630646       0.0000000512264983
     63.1631622       0.0000000510641869
     63.2632637       0.0000000509025749
     63.3633652       0.0000000507417722
     63.4634628       0.0000000505817118
     63.5635643       0.0000000504224421
     63.6636620       0.0000000502638754
     63.7637634       0.0000000501060682
     63.8638649       0.0000000499489977
     63.9639626       0.0000000497926867
     64.0640640       0.0000000496371620
     64.1641617       0.0000000494822983
     64.2642670       0.0000000493281011
     64.3643646       0.0000000491747105
     64.4644623       0.0000000490220369
     64.5645676       0.0000000488700413
     64.6646652       0.0000000487187424
     64.7647629       0.0000000485681947
     64.8648682       0.0000000484182957
     64.9649658       0.0000000482691182
     65.0650635       0.0000000481206161
     65.1651688       0.0000000479727613
     65.2652664       0.0000000478256416
     65.3653641       0.0000000476792049
     65.4654617       0.0000000475333990
     65.5655670       0.0000000473882737
     65.6656647       0.0000000472438287
     65.7657623       0.0000000471000475
     65.8658676       0.0000000469568636
     65.9659653       0.0000000468143894
     66.0660629       0.0000000466725634
     66.1661682       0.0000000465313739
     66.2662659       0.0000000463907817
     66.3663635       0.0000000462508835
     66.4664688       0.0000000461116084
     66.5665665       0.0000000459729071
     66.6666641       0.0000000458348607
     66.7667694       0.0000000456974512
     66.8668671       0.0000000455606250
     66.9669647       0.0000000454244970
     67.0670700       0.0000000452888875
     67.1671677       0.0000000451539237
     67.2672653       0.0000000450195863
     67.3673706       0.0000000448857833
     67.4674683       0.0000000447526411
     67.5675659       0.0000000446200670
     67.6676712       0.0000000444880732
     67.7677689       0.0000000443566386
     67.8678665       0.0000000442257882
     67.9679642       0.0000000440955574
     68.0680695       0.0000000439658702
     68.1681671       0.0000000438367938
     68.2682648       0.0000000437082581
     68.3683701       0.0000000435802935
     68.4684677       0.0000000434528666
     68.5685654       0.0000000433260078
     68.6686707       0.0000000431997510
     68.7687683       0.0000000430739764
     68.8688660       0.0000000429487924
     68.9689713       0.0000000428241277
     69.0690689       0.0000000427000422
     69.1691666       0.0000000425764527
     69.2692719       0.0000000424534289
     69.3693695       0.0000000423309336
     69.4694672       0.0000000422089424
     69.5695724       0.0000000420874758
     69.6696701       0.0000000419665832
     69.7697678       0.0000000418461924
     69.8698730       0.0000000417262897
     69.9699707       0.0000000416068949
     70.0700684       0.0000000414881121
     70.1701736       0.0000000413697318
     70.2702713       0.0000000412518669
     70.3703690       0.0000000411345313
     70.4704742       0.0000000410176625
     70.5705719       0.0000000409013621
     70.6706696       0.0000000407854956
     70.7707672       0.0000000406701490
     70.8708725       0.0000000405552824
     70.9709702       0.0000000404408906
     71.0710678       0.0000000403269852
     71.1711731       0.0000000402135714
     71.2712708       0.0000000401006215
     71.3713684       0.0000000399881789
     71.4714737       0.0000000398761943
     71.5715714       0.0000000397646724
     71.6716690       0.0000000396536190
     71.7717743       0.0000000395430049
     71.8718719       0.0000000394328634
     71.9719696       0.0000000393232155
     72.0720749       0.0000000392140071
     72.1721725       0.0000000391052399
     72.2722702       0.0000000389969566
     72.3723755       0.0000000388890672
     72.4724731       0.0000000387816712
     72.5725708       0.0000000386747087
     72.6726761       0.0000000385681686
     72.7727737       0.0000000384620695
     72.8728714       0.0000000383564382
     72.9729767       0.0000000382512196
     73.0730743       0.0000000381464415
     73.1731720       0.0000000380421031
     73.2732697       0.0000000379382236
     73.3733749       0.0000000378346837
     73.4734726       0.0000000377316058
     73.5735703       0.0000000376289795
     73.6736755       0.0000000375267295
     73.7737732       0.0000000374248718
     73.8738708       0.0000000373234835
     73.9739761       0.0000000372225128
     74.0740738       0.0000000371219461
     74.1741714       0.0000000370217532
     74.2742767       0.0000000369219717
     74.3743744       0.0000000368226298
     74.4744720       0.0000000367236585
     74.5745773       0.0000000366250864
     74.6746750       0.0000000365268855
     74.7747726       0.0000000364291277
     74.8748779       0.0000000363317604
     74.9749756       0.0000000362347530
     75.0750732       0.0000000361381417
     75.1751785       0.0000000360419226
     75.2752762       0.0000000359460770
     75.3753738       0.0000000358505847
     75.4754791       0.0000000357555447
     75.5755768       0.0000000356608431
     75.6756744       0.0000000355664887
     75.7757721       0.0000000354725553
     75.8758774       0.0000000353790065
     75.9759750       0.0000000352858052
     76.0760727       0.0000000351929664
     76.1761780       0.0000000351004545
     76.2762756       0.0000000350083503
     76.3763733       0.0000000349166067
     76.4764786       0.0000000348252183
     76.5765762       0.0000000347342019
     76.6766739       0.0000000346435036
     76.7767792       0.0000000345531906
     76.8768768       0.0000000344632381
     76.9769745       0.0000000343736511
     77.0770798       0.0000000342843598
     77.1771774       0.0000000341954402
     77.2772751       0.0000000341069014
     77.3773804       0.0000000340186371
     77.4774780       0.0000000339307504
     77.5775757       0.0000000338431852
     77.6776810       0.0000000337559952
     77.7777786       0.0000000336690894
     77.8778763       0.0000000335825778
     77.9779816       0.0000000334963862
     78.0780792       0.0000000334105385
     78.1781769       0.0000000333249891
     78.2782745       0.0000000332397630
     78.3783798       0.0000000331548514
     78.4784775       0.0000000330702821
     78.5785751       0.0000000329860727
     78.6786804       0.0000000329021697
     78.7787781       0.0000000328185749
     78.8788757       0.0000000327352908
     78.9789810       0.0000000326523164
     79.0790787       0.0000000325696704
     79.1791763       0.0000000324873422
     79.2792816       0.0000000324053215
     79.3793793       0.0000000323236106
     79.4794769       0.0000000322422094
     79.5795822       0.0000000321611115
     79.6796799       0.0000000320802913
     79.7797775       0.0000000319998281
     79.8798828       0.0000000319196435
     79.9799805       0.0000000318397349
     80.0800781       0.0000000317601572
     80.1801834       0.0000000316808646
     80.2802811       0.0000000316018780
     80.3803787       0.0000000315231998
     80.4804840       0.0000000314447862
     80.5805817       0.0000000313666910
     80.6806793       0.0000000312889017
     80.7807770       0.0000000312113553
     80.8808823       0.0000000311341203
     80.9809799       0.0000000310571496
     81.0810776       0.0000000309804668
     81.1811829       0.0000000309041037
     81.2812805       0.0000000308279988
     81.3813782       0.0000000307521702
     81.4814835       0.0000000306766337
     81.5815811       0.0000000306013767
     81.6816788       0.0000000305263710
     81.7817841       0.0000000304516469
     81.8818817       0.0000000303771951
     81.9819794       0.0000000303030363
     82.0820847       0.0000000302291674
     82.1821823       0.0000000301555416
     82.2822800       0.0000000300821724
     82.3823853       0.0000000300090898
     82.4824829       0.0000000299362620
     82.5825806       0.0000000298637002
     82.6826859       0.0000000297914092
     82.7827835       0.0000000297193887
     82.8828812       0.0000000296476155
     82.9829865       0.0000000295761098
     83.0830841       0.0000000295048560
     83.1831818       0.0000000294338448
     83.2832794       0.0000000293630916
     83.3833847       0.0000000292926155
     83.4834824       0.0000000292223990
     83.5835800       0.0000000291523911
     83.6836853       0.0000000290827014
     83.7837830       0.0000000290131974
     83.8838806       0.0000000289439854
     83.9839859       0.0000000288750036
     84.0840836       0.0000000288062429
     84.1841812       0.0000000287377726
     84.2842865       0.0000000286695431
     84.3843842       0.0000000286015287
     84.4844818       0.0000000285337496
     84.5845871       0.0000000284662430
     84.6846848       0.0000000283989653
     84.7847824       0.0000000283319198
     84.8848877       0.0000000282650892
     84.9849854       0.0000000281985282
     85.0850830       0.0000000281321902
     85.1851883       0.0000000280660924
     85.2852859       0.0000000280002342
     85.3853836       0.0000000279345823
     85.4854889       0.0000000278691944
     85.5855865       0.0000000278040075
     85.6856842       0.0000000277390943
     85.7857895       0.0000000276743520
     85.8858871       0.0000000276098460
     85.9859848       0.0000000275455771
     86.0860825       0.0000000274815189
     86.1861877       0.0000000274177077
     86.2862854       0.0000000273541233
     86.3863831       0.0000000272907367
     86.4864883       0.0000000272275452
     86.5865860       0.0000000271646230
     86.6866837       0.0000000271019183
     86.7867889       0.0000000270393958
     86.8868866       0.0000000269771035
     86.9869843       0.0000000269150355
     87.0870895       0.0000000268531756
     87.1871872       0.0000000267914980
     87.2872849       0.0000000267300671
     87.3873901       0.0000000266688428
     87.4874878       0.0000000266078679
     87.5875854       0.0000000265470312
     87.6876907       0.0000000264864631
     87.7877884       0.0000000264260589
     87.8878860       0.0000000263658865
     87.9879913       0.0000000263059004
     88.0880890       0.0000000262461037
     88.1881866       0.0000000261865435
     88.2882919       0.0000000261271978
     88.3883896       0.0000000260680321
     88.4884872       0.0000000260090528
     88.5885849       0.0000000259502865
     88.6886902       0.0000000258917313
     88.7887878       0.0000000258333658
     88.8888855       0.0000000257751928
     88.9889908       0.0000000257172064
     89.0890884       0.0000000256594280
     89.1891861       0.0000000256018577
     89.2892914       0.0000000255444416
     89.3893890       0.0000000254872611
     89.4894867       0.0000000254302456
     89.5895920       0.0000000253734546
     89.6896896       0.0000000253168333
     89.7897873       0.0000000252603910
     89.8898926       0.0000000252041624
     89.9899902       0.0000000251480928
     90.0900879       0.0000000250922159
     90.1901932       0.0000000250365311
     90.2902908       0.0000000249810149
     90.3903885       0.0000000249256925
     90.4904938       0.0000000248705740
     90.5905914       0.0000000248156211
     90.6906891       0.0000000247608469
     90.7907944       0.0000000247062511
     90.8908920       0.0000000246518417
     90.9909897       0.0000000245976125
     91.0910873       0.0000000245435854
     91.1911926       0.0000000244897085
     91.2912903       0.0000000244360134
     91.3913879       0.0000000243824952
     91.4914932       0.0000000243291378
     91.5915909       0.0000000242759689
     91.6916885       0.0000000242229987
     91.7917938       0.0000000241701529
     91.8918915       0.0000000241175287
     91.9919891       0.0000000240650484
     92.0920944       0.0000000240127378
     92.1921921       0.0000000239606075
     92.2922897       0.0000000239086463
     92.3923950       0.0000000238568527
     92.4924927       0.0000000238052282
     92.5925903       0.0000000237537698
     92.6926956       0.0000000237024774
     92.7927933       0.0000000236513527
     92.8928909       0.0000000236003858
     92.9929962       0.0000000235495900
     93.0930939       0.0000000234989602
     93.1931915       0.0000000234484933
     93.2932968       0.0000000233981654
     93.3933945       0.0000000233480275
     93.4934921       0.0000000232980463
     93.5935898       0.0000000232482279
     93.6936951       0.0000000231985662
     93.7937927       0.0000000231490579
     93.8938904       0.0000000230997049
     93.9939957       0.0000000230505179
     94.0940933       0.0000000230014953
     94.1941910       0.0000000229526043
     94.2942963       0.0000000229038747
     94.3943939       0.0000000228553159
     94.4944916       0.0000000228068950
     94.5945969       0.0000000227586416
     94.6946945       0.0000000227105557
     94.7947922       0.0000000226625816
     94.8948975       0.0000000226147841
     94.9949951       0.0000000225671358
     95.0950928       0.0000000225196669
     95.1951981       0.0000000224722930
     95.2952957       0.0000000224251017
     95.3953934       0.0000000223780533
     95.4954987       0.0000000223311565
     95.5955963       0.0000000222843814
     95.6956940       0.0000000222377900
     95.7957993       0.0000000221913154
     95.8958969       0.0000000221450078
     95.9959946       0.0000000220988157
     96.0960999       0.0000000220527752
     96.1961975       0.0000000220069154
     96.2962952       0.0000000219611754
     96.3963928       0.0000000219155674
     96.4964981       0.0000000218701078
     96.5965958       0.0000000218247955
     96.6966934       0.0000000217796230
     96.7967987       0.0000000217345777
     96.8968964       0.0000000216896734
     96.9969940       0.0000000216449118
     97.0970993       0.0000000216003056
     97.1971970       0.0000000215558185
     97.2972946       0.0000000215114691
     97.3973999       0.0000000214672544
     97.4974976       0.0000000214232103
     97.5975952       0.0000000213792597
     97.6977005       0.0000000213354525
     97.7977982       0.0000000212917833
     97.8978958       0.0000000212482663
     97.9980011       0.0000000212048620
     98.0980988       0.0000000211615940
     98.1981964       0.0000000211184649
     98.2983017       0.0000000210754602
     98.3983994       0.0000000210325872
     98.4984970       0.0000000209898430
     98.5986023       0.0000000209472486
     98.6987000       0.0000000209047690
     98.7987976       0.0000000208624150
     98.8988953       0.0000000208201940
     98.9990005       0.0000000207781235
     99.0990982       0.0000000207361563
     99.1991959       0.0000000206942951
     99.2993011       0.0000000206525986
     99.3993988       0.0000000206110126
     99.4994965       0.0000000205695502
     99.5996017       0.0000000205282085
     99.6996994       0.0000000204869776
     99.7997971       0.0000000204459125
     99.8999023       0.0000000204049216
    100.0000000       0.0000000203640830
