# x		H(x,a)
      0.0000000       1.0000000000000000
      0.1001001       0.9900299906730652
      0.2002002       0.9607124924659729
      0.3003003       0.9137664437294006
      0.4004004       0.8518707156181335
      0.5005005       0.7784109115600586
      0.6006006       0.6971734166145325
      0.7007007       0.6120254397392273
      0.8008008       0.5266169309616089
      0.9009009       0.4441368877887726
      1.0010010       0.3671511790993275
      1.1011012       0.2974976087046026
      1.2012012       0.2362802378938134
      1.3013012       0.1839395344254993
      1.4014014       0.1403546325573496
      1.5015016       0.1049746841899094
      1.6016016       0.0769577307676568
      1.7017016       0.0553012867925345
      1.8018018       0.0389530564737874
      1.9019020       0.0268957564678709
      2.0020020       0.0182045891926208
      2.1021020       0.0120798404605949
      2.2022023       0.0078590305224742
      2.3023024       0.0050139114537777
      2.4024024       0.0031376080023256
      2.5025024       0.0019267431390272
      2.6026025       0.0011618942501906
      2.7027028       0.0006889013720841
      2.8028028       0.0004024386981479
      2.9029028       0.0002324534825921
      3.0030031       0.0001335594805169
      3.1031032       0.0000770920456160
      3.2032032       0.0000453924578592
      3.3033032       0.0000278445545999
      3.4034033       0.0000182170747002
      3.5035036       0.0000129369068034
      3.6036036       0.0000100015253238
      3.7037036       0.0000083130742794
      3.8038039       0.0000072822399426
      3.9039040       0.0000065987508589
      4.0040040       0.0000061019516674
      4.1041040       0.0000057096511596
      4.2042041       0.0000053799610858
      4.3043041       0.0000050913167124
      4.4044046       0.0000048322868183
      4.5045047       0.0000045964257022
      4.6046047       0.0000043797842252
      4.7047048       0.0000041796864052
      4.8048048       0.0000039941476546
      4.9049048       0.0000038215902356
      5.0050049       0.0000036606970863
      5.1051049       0.0000035103432090
      5.2052050       0.0000033695556171
      5.3053055       0.0000032374792169
      5.4054055       0.0000031133553299
      5.5055056       0.0000029965208437
      5.6056056       0.0000028863818467
      5.7057056       0.0000027823949467
      5.8058057       0.0000026840942976
      5.9059057       0.0000025910491639
      6.0060062       0.0000025028672124
      6.1061063       0.0000024192098406
      6.2062063       0.0000023397546900
      6.3063064       0.0000022642141418
      6.4064064       0.0000021923252143
      6.5065064       0.0000021238500855
      6.6066065       0.0000020585692111
      6.7067065       0.0000019962817177
      6.8068066       0.0000019368035296
      6.9069071       0.0000018799608639
      7.0070071       0.0000018255998771
      7.1071072       0.0000017735783991
      7.2072072       0.0000017237579788
      7.3073072       0.0000016760125327
      7.4074073       0.0000016302337291
      7.5075073       0.0000015863064970
      7.6076078       0.0000015441359414
      7.7077079       0.0000015036267498
      7.8078079       0.0000014646928781
      7.9079080       0.0000014272520692
      8.0080080       0.0000013912293511
      8.1081085       0.0000013565549099
      8.2082081       0.0000013231595843
      8.3083086       0.0000012909823691
      8.4084082       0.0000012599645627
      8.5085087       0.0000012300489174
      8.6086082       0.0000012011879438
      8.7087088       0.0000011733288657
      8.8088093       0.0000011464268582
      8.9089088       0.0000011204387256
      9.0090094       0.0000010953231091
      9.1091089       0.0000010710426882
      9.2092094       0.0000010475592235
      9.3093090       0.0000010248383708
      9.4094095       0.0000010028483973
      9.5095091       0.0000009815580361
      9.6096096       0.0000009609387543
      9.7097101       0.0000009409609471
      9.8098097       0.0000009215987766
      9.9099102       0.0000009028288830
     10.0100098       0.0000008846245306
     10.1101103       0.0000008669643266
     10.2102098       0.0000008498289761
     10.3103104       0.0000008331953731
     10.4104099       0.0000008170459757
     10.5105104       0.0000008013601241
     10.6106110       0.0000007861223324
     10.7107105       0.0000007713143137
     10.8108110       0.0000007569199253
     10.9109106       0.0000007429247874
     11.0110111       0.0000007293142575
     11.1111107       0.0000007160741965
     11.2112112       0.0000007031914198
     11.3113117       0.0000006906533247
     11.4114113       0.0000006784475179
     11.5115118       0.0000006665618788
     11.6116114       0.0000006549853036
     11.7117119       0.0000006437086609
     11.8118114       0.0000006327203857
     11.9119120       0.0000006220108262
     12.0120125       0.0000006115712782
     12.1121120       0.0000006013916425
     12.2122126       0.0000005914653331
     12.3123121       0.0000005817821195
     12.4124126       0.0000005723346863
     12.5125122       0.0000005631157901
     12.6126127       0.0000005541178019
     12.7127123       0.0000005453339053
     12.8128128       0.0000005367576052
     12.9129133       0.0000005283818608
     13.0130129       0.0000005202006205
     13.1131134       0.0000005122074942
     13.2132130       0.0000005043977704
     13.3133135       0.0000004967652418
     13.4134130       0.0000004893057445
     13.5135136       0.0000004820117563
     13.6136131       0.0000004748802858
     13.7137136       0.0000004679062395
     13.8138142       0.0000004610846586
     13.9139137       0.0000004544105887
     14.0140142       0.0000004478812330
     14.1141138       0.0000004414919181
     14.2142143       0.0000004352380648
     14.3143139       0.0000004291159066
     14.4144144       0.0000004231223728
     14.5145149       0.0000004172538907
     14.6146145       0.0000004115066066
     14.7147150       0.0000004058775917
     14.8148146       0.0000004003631420
     14.9149151       0.0000003949600149
     15.0150146       0.0000003896664889
     15.1151152       0.0000003844777408
     15.2152157       0.0000003793927989
     15.3153152       0.0000003744080012
     15.4154158       0.0000003695207836
     15.5155153       0.0000003647287960
     15.6156158       0.0000003600292833
     15.7157154       0.0000003554207349
     15.8158159       0.0000003508997727
     15.9159155       0.0000003464645231
     16.0160160       0.0000003421128536
     16.1161156       0.0000003378431806
     16.2162170       0.0000003336527224
     16.3163166       0.0000003295399225
     16.4164162       0.0000003255023629
     16.5165157       0.0000003215393149
     16.6166172       0.0000003176477798
     16.7167168       0.0000003138266192
     16.8168163       0.0000003100742781
     16.9169178       0.0000003063888305
     17.0170174       0.0000003027687576
     17.1171169       0.0000002992124202
     17.2172165       0.0000002957186790
     17.3173180       0.0000002922853645
     17.4174175       0.0000002889120297
     17.5175171       0.0000002855968800
     17.6176186       0.0000002823380337
     17.7177181       0.0000002791351241
     17.8178177       0.0000002759864587
     17.9179173       0.0000002728905844
     18.0180187       0.0000002698465523
     18.1181183       0.0000002668535774
     18.2182178       0.0000002639099818
     18.3183174       0.0000002610150892
     18.4184189       0.0000002581673073
     18.5185184       0.0000002553658605
     18.6186180       0.0000002526099528
     18.7187195       0.0000002498988318
     18.8188190       0.0000002472306886
     18.9189186       0.0000002446052087
     19.0190182       0.0000002420212625
     19.1191196       0.0000002394783856
     19.2192192       0.0000002369753255
     19.3193188       0.0000002345111763
     19.4194202       0.0000002320855280
     19.5195198       0.0000002296973864
     19.6196194       0.0000002273459082
     19.7197189       0.0000002250301527
     19.8198204       0.0000002227497064
     19.9199200       0.0000002205041555
     20.0200195       0.0000002182921089
     20.1201210       0.0000002161130713
     20.2202206       0.0000002139668687
     20.3203201       0.0000002118523463
     20.4204197       0.0000002097691157
     20.5205212       0.0000002077165251
     20.6206207       0.0000002056937357
     20.7207203       0.0000002037006189
     20.8208199       0.0000002017361822
     20.9209213       0.0000001998003402
     21.0210209       0.0000001978921503
     21.1211205       0.0000001960109881
     21.2212219       0.0000001941566268
     21.3213215       0.0000001923285523
     21.4214211       0.0000001905261202
     21.5215206       0.0000001887492266
     21.6216221       0.0000001869968600
     21.7217216       0.0000001852689142
     21.8218212       0.0000001835644922
     21.9219227       0.0000001818838060
     22.0220222       0.0000001802262534
     22.1221218       0.0000001785910132
     22.2222214       0.0000001769781461
     22.3223228       0.0000001753869593
     22.4224224       0.0000001738170297
     22.5225220       0.0000001722682779
     22.6226234       0.0000001707401339
     22.7227230       0.0000001692321945
     22.8228226       0.0000001677442626
     22.9229221       0.0000001662757800
     23.0230236       0.0000001648265331
     23.1231232       0.0000001633963274
     23.2232227       0.0000001619845861
     23.3233242       0.0000001605909014
     23.4234238       0.0000001592152333
     23.5235233       0.0000001578573870
     23.6236229       0.0000001565166445
     23.7237244       0.0000001551931178
     23.8238239       0.0000001538861682
     23.9239235       0.0000001525957245
     24.0240250       0.0000001513212782
     24.1241245       0.0000001500630555
     24.2242241       0.0000001488202220
     24.3243237       0.0000001475928969
     24.4244251       0.0000001463805936
     24.5245247       0.0000001451833703
     24.6246243       0.0000001440007688
     24.7247238       0.0000001428324228
     24.8248253       0.0000001416784420
     24.9249249       0.0000001405381862
     25.0250244       0.0000001394117970
     25.1251259       0.0000001382988596
     25.2252254       0.0000001371993034
     25.3253250       0.0000001361128003
     25.4254246       0.0000001350389561
     25.5255260       0.0000001339779901
     25.6256256       0.0000001329293748
     25.7257252       0.0000001318930974
     25.8258266       0.0000001308689509
     25.9259262       0.0000001298566566
     26.0260258       0.0000001288559826
     26.1261253       0.0000001278670290
     26.2262268       0.0000001268892891
     26.3263264       0.0000001259226646
     26.4264259       0.0000001249671729
     26.5265274       0.0000001240223569
     26.6266270       0.0000001230884858
     26.7267265       0.0000001221650015
     26.8268261       0.0000001212518950
     26.9269276       0.0000001203490178
     27.0270271       0.0000001194560989
     27.1271267       0.0000001185731867
     27.2272263       0.0000001177000022
     27.3273277       0.0000001168364602
     27.4274273       0.0000001159824448
     27.5275269       0.0000001151376821
     27.6276283       0.0000001143020720
     27.7277279       0.0000001134756549
     27.8278275       0.0000001126581309
     27.9279270       0.0000001118493434
     28.0280285       0.0000001110493725
     28.1281281       0.0000001102578002
     28.2282276       0.0000001094749129
     28.3283291       0.0000001087000767
     28.4284286       0.0000001079336490
     28.5285282       0.0000001071751498
     28.6286278       0.0000001064247377
     28.7287292       0.0000001056821155
     28.8288288       0.0000001049472623
     28.9289284       0.0000001042200936
     29.0290298       0.0000001035003786
     29.1291294       0.0000001027881696
     29.2292290       0.0000001020832620
     29.3293285       0.0000001013856866
     29.4294300       0.0000001006951589
     29.5295296       0.0000001000116242
     29.6296291       0.0000000993350565
     29.7297306       0.0000000986653497
     29.8298302       0.0000000980023394
     29.9299297       0.0000000973460752
     30.0300293       0.0000000966964499
     30.1301308       0.0000000960530759
     30.2302303       0.0000000954163300
     30.3303299       0.0000000947857915
     30.4304314       0.0000000941615674
     30.5305309       0.0000000935434343
     30.6306305       0.0000000929313507
     30.7307301       0.0000000923253452
     30.8308315       0.0000000917251796
     30.9309311       0.0000000911308561
     31.0310307       0.0000000905423600
     31.1311302       0.0000000899594650
     31.2312317       0.0000000893822265
     31.3313313       0.0000000888105723
     31.4314308       0.0000000882442906
     31.5315323       0.0000000876834712
     31.6316319       0.0000000871279943
     31.7317314       0.0000000865777042
     31.8318310       0.0000000860327466
     31.9319324       0.0000000854927216
     32.0320320       0.0000000849579295
     32.1321335       0.0000000844282297
     32.2322311       0.0000000839032904
     32.3323326       0.0000000833833255
     32.4324341       0.0000000828681028
     32.5325317       0.0000000823577371
     32.6326332       0.0000000818520403
     32.7327309       0.0000000813509289
     32.8328323       0.0000000808544540
     32.9329338       0.0000000803625067
     33.0330315       0.0000000798750355
     33.1331329       0.0000000793920121
     33.2332344       0.0000000789134530
     33.3333321       0.0000000784391074
     33.4334335       0.0000000779689991
     33.5335350       0.0000000775031514
     33.6336327       0.0000000770414194
     33.7337341       0.0000000765838235
     33.8338356       0.0000000761303682
     33.9339333       0.0000000756808396
     34.0340347       0.0000000752353013
     34.1341324       0.0000000747938341
     34.2342339       0.0000000743560554
     34.3343353       0.0000000739221005
     34.4344330       0.0000000734920601
     34.5345345       0.0000000730657119
     34.6346359       0.0000000726430337
     34.7347336       0.0000000722241227
     34.8348351       0.0000000718087159
     34.9349365       0.0000000713969241
     35.0350342       0.0000000709886694
     35.1351357       0.0000000705839069
     35.2352371       0.0000000701825334
     35.3353348       0.0000000697846655
     35.4354362       0.0000000693901511
     35.5355339       0.0000000689989946
     35.6356354       0.0000000686110523
     35.7357368       0.0000000682264999
     35.8358345       0.0000000678451235
     35.9359360       0.0000000674669020
     36.0360374       0.0000000670918368
     36.1361351       0.0000000667199084
     36.2362366       0.0000000663511065
     36.3363380       0.0000000659852826
     36.4364357       0.0000000656224938
     36.5365372       0.0000000652626917
     36.6366348       0.0000000649058713
     36.7367363       0.0000000645520051
     36.8368378       0.0000000642009670
     36.9369354       0.0000000638528083
     37.0370369       0.0000000635074029
     37.1371384       0.0000000631649005
     37.2372360       0.0000000628251648
     37.3373375       0.0000000624880365
     37.4374390       0.0000000621537301
     37.5375366       0.0000000618220930
     37.6376381       0.0000000614930285
     37.7377396       0.0000000611666335
     37.8378372       0.0000000608429405
     37.9379387       0.0000000605216219
     38.0380363       0.0000000602029528
     38.1381378       0.0000000598867777
     38.2382393       0.0000000595730686
     38.3383369       0.0000000592618372
     38.4384384       0.0000000589530785
     38.5385399       0.0000000586466795
     38.6386375       0.0000000583426321
     38.7387390       0.0000000580410323
     38.8388405       0.0000000577416772
     38.9389381       0.0000000574446618
     39.0390396       0.0000000571499583
     39.1391373       0.0000000568574655
     39.2392387       0.0000000565673154
     39.3393402       0.0000000562793250
     39.4394379       0.0000000559935078
     39.5395393       0.0000000557098544
     39.6396408       0.0000000554283674
     39.7397385       0.0000000551489845
     39.8398399       0.0000000548718287
     39.9399414       0.0000000545966351
     40.0400391       0.0000000543235756
     40.1401405       0.0000000540524748
     40.2402420       0.0000000537834942
     40.3403397       0.0000000535164721
     40.4404411       0.0000000532514113
     40.5405388       0.0000000529883601
     40.6406403       0.0000000527272310
     40.7407417       0.0000000524680437
     40.8408394       0.0000000522107985
     40.9409409       0.0000000519553927
     41.0410423       0.0000000517018554
     41.1411400       0.0000000514501965
     41.2412415       0.0000000512003049
     41.3413429       0.0000000509523167
     41.4414406       0.0000000507060939
     41.5415421       0.0000000504616211
     41.6416397       0.0000000502189268
     41.7417412       0.0000000499780249
     41.8418427       0.0000000497388013
     41.9419403       0.0000000495012924
     42.0420418       0.0000000492655388
     42.1421432       0.0000000490314302
     42.2422409       0.0000000487989439
     42.3423424       0.0000000485681810
     42.4424438       0.0000000483389977
     42.5425415       0.0000000481114854
     42.6426430       0.0000000478855274
     42.7427444       0.0000000476611571
     42.8428421       0.0000000474384252
     42.9429436       0.0000000472171923
     43.0430412       0.0000000469974759
     43.1431427       0.0000000467793585
     43.2432442       0.0000000465627140
     43.3433418       0.0000000463476110
     43.4434433       0.0000000461339773
     43.5435448       0.0000000459218127
     43.6436424       0.0000000457111216
     43.7437439       0.0000000455018196
     43.8438454       0.0000000452940322
     43.9439430       0.0000000450876192
     44.0440445       0.0000000448826431
     44.1441460       0.0000000446790576
     44.2442436       0.0000000444768142
     44.3443451       0.0000000442759553
     44.4444427       0.0000000440765364
     44.5445442       0.0000000438783834
     44.6446457       0.0000000436815304
     44.7447433       0.0000000434860828
     44.8448448       0.0000000432919075
     44.9449463       0.0000000430989903
     45.0450439       0.0000000429074258
     45.1451454       0.0000000427171598
     45.2452469       0.0000000425280684
     45.3453445       0.0000000423402874
     45.4454460       0.0000000421537472
     45.5455437       0.0000000419683905
     45.6456451       0.0000000417842798
     45.7457466       0.0000000416014152
     45.8458443       0.0000000414196955
     45.9459457       0.0000000412392101
     46.0460472       0.0000000410598686
     46.1461449       0.0000000408816906
     46.2462463       0.0000000407046828
     46.3463478       0.0000000405288249
     46.4464455       0.0000000403541258
     46.5465469       0.0000000401805255
     46.6466484       0.0000000400080401
     46.7467461       0.0000000398366711
     46.8468475       0.0000000396663697
     46.9469452       0.0000000394972298
     47.0470467       0.0000000393291358
     47.1471481       0.0000000391621027
     47.2472458       0.0000000389961237
     47.3473473       0.0000000388312176
     47.4474487       0.0000000386673683
     47.5475464       0.0000000385045223
     47.6476479       0.0000000383427332
     47.7477493       0.0000000381819246
     47.8478470       0.0000000380221494
     47.9479485       0.0000000378633647
     48.0480499       0.0000000377055909
     48.1481476       0.0000000375488195
     48.2482491       0.0000000373929779
     48.3483467       0.0000000372381172
     48.4484482       0.0000000370842390
     48.5485497       0.0000000369312977
     48.6486473       0.0000000367793263
     48.7487488       0.0000000366282697
     48.8488503       0.0000000364781240
     48.9489479       0.0000000363289276
     49.0490494       0.0000000361806105
     49.1491508       0.0000000360331978
     49.2492485       0.0000000358867561
     49.3493500       0.0000000357411423
     49.4494476       0.0000000355964384
     49.5495491       0.0000000354526309
     49.6496506       0.0000000353095946
     49.7497482       0.0000000351675230
     49.8498497       0.0000000350262828
     49.9499512       0.0000000348858764
     50.0500488       0.0000000347463491
     50.1501503       0.0000000346076112
     50.2502518       0.0000000344697182
     50.3503494       0.0000000343326637
     50.4504509       0.0000000341964118
     50.5505524       0.0000000340609870
     50.6506500       0.0000000339263293
     50.7507515       0.0000000337924974
     50.8508492       0.0000000336594703
     50.9509506       0.0000000335271959
     51.0510521       0.0000000333957125
     51.1511497       0.0000000332650005
     51.2512512       0.0000000331350126
     51.3513527       0.0000000330058427
     51.4514503       0.0000000328774120
     51.5515518       0.0000000327497442
     51.6516533       0.0000000326228079
     51.7517509       0.0000000324966012
     51.8518524       0.0000000323711252
     51.9519501       0.0000000322463699
     52.0520515       0.0000000321223176
     52.1521530       0.0000000319989983
     52.2522507       0.0000000318764141
     52.3523521       0.0000000317545306
     52.4524536       0.0000000316333025
     52.5525513       0.0000000315127806
     52.6526527       0.0000000313929620
     52.7527542       0.0000000312738578
     52.8528519       0.0000000311553941
     52.9529533       0.0000000310375677
     53.0530548       0.0000000309204805
     53.1531525       0.0000000308039962
     53.2532539       0.0000000306881895
     53.3533516       0.0000000305730556
     53.4534531       0.0000000304585182
     53.5535545       0.0000000303446637
     53.6536522       0.0000000302314386
     53.7537537       0.0000000301188756
     53.8538551       0.0000000300068485
     53.9539528       0.0000000298955345
     54.0540543       0.0000000297848064
     54.1541557       0.0000000296747105
     54.2542534       0.0000000295651897
     54.3543549       0.0000000294563029
     54.4544525       0.0000000293480215
     54.5545540       0.0000000292403363
     54.6546555       0.0000000291331882
     54.7547531       0.0000000290267095
     54.8548546       0.0000000289207679
     54.9549561       0.0000000288154088
     55.0550537       0.0000000287106094
     55.1551552       0.0000000286064011
     55.2552567       0.0000000285027525
     55.3553543       0.0000000283996811
     55.4554558       0.0000000282971539
     55.5555573       0.0000000281951770
     55.6556549       0.0000000280937667
     55.7557564       0.0000000279929063
     55.8558540       0.0000000278925645
     55.9559555       0.0000000277927853
     56.0560570       0.0000000276935335
     56.1561546       0.0000000275948326
     56.2562561       0.0000000274966140
     56.3563576       0.0000000273989108
     56.4564552       0.0000000273017886
     56.5565567       0.0000000272051137
     56.6566582       0.0000000271090170
     56.7567558       0.0000000270133889
     56.8568573       0.0000000269182567
     56.9569588       0.0000000268236602
     57.0570564       0.0000000267295335
     57.1571579       0.0000000266359542
     57.2572556       0.0000000265427893
     57.3573570       0.0000000264501430
     57.4574585       0.0000000263579911
     57.5575562       0.0000000262663244
     57.6576576       0.0000000261751428
     57.7577591       0.0000000260844056
     57.8578568       0.0000000259941413
     57.9579582       0.0000000259043668
     58.0580597       0.0000000258150495
     58.1581573       0.0000000257262003
     58.2582588       0.0000000256378067
     58.3583565       0.0000000255498368
     58.4584579       0.0000000254623425
     58.5585594       0.0000000253753098
     58.6586571       0.0000000252886950
     58.7587585       0.0000000252025551
     58.8588600       0.0000000251168465
     58.9589577       0.0000000250315316
     59.0590591       0.0000000249467077
     59.1591606       0.0000000248622908
     59.2592583       0.0000000247783054
     59.3593597       0.0000000246947293
     59.4594612       0.0000000246115991
     59.5595589       0.0000000245288655
     59.6596603       0.0000000244465724
     59.7597580       0.0000000243646862
     59.8598595       0.0000000242831860
     59.9599609       0.0000000242021315
     60.0600586       0.0000000241214632
     60.1601601       0.0000000240411949
     60.2602615       0.0000000239613343
     60.3603592       0.0000000238818692
     60.4604607       0.0000000238027896
     60.5605621       0.0000000237241136
     60.6606598       0.0000000236458314
     60.7607613       0.0000000235679158
     60.8608627       0.0000000234903848
     60.9609604       0.0000000234132722
     61.0610619       0.0000000233364945
     61.1611595       0.0000000232601302
     61.2612610       0.0000000231841300
     61.3613625       0.0000000231085051
     61.4614601       0.0000000230332191
     61.5615616       0.0000000229583102
     61.6616631       0.0000000228837907
     61.7617607       0.0000000228096234
     61.8618622       0.0000000227358062
     61.9619637       0.0000000226623504
     62.0620613       0.0000000225892620
     62.1621628       0.0000000225165366
     62.2622604       0.0000000224441031
     62.3623619       0.0000000223720937
     62.4624634       0.0000000223003736
     62.5625610       0.0000000222290299
     62.6626625       0.0000000221579984
     62.7627640       0.0000000220873566
     62.8628616       0.0000000220170017
     62.9629631       0.0000000219470132
     63.0630646       0.0000000218773446
     63.1631622       0.0000000218080277
     63.2632637       0.0000000217390080
     63.3633652       0.0000000216703319
     63.4634628       0.0000000216019758
     63.5635643       0.0000000215339555
     63.6636620       0.0000000214662373
     63.7637634       0.0000000213988427
     63.8638649       0.0000000213317620
     63.9639626       0.0000000212650047
     64.0640640       0.0000000211985857
     64.1641617       0.0000000211324479
     64.2642670       0.0000000210665954
     64.3643646       0.0000000210010877
     64.4644623       0.0000000209358842
     64.5645676       0.0000000208709718
     64.6646652       0.0000000208063547
     64.7647629       0.0000000207420614
     64.8648682       0.0000000206780429
     64.9649658       0.0000000206143352
     65.0650635       0.0000000205509137
     65.1651688       0.0000000204877693
     65.2652664       0.0000000204249392
     65.3653641       0.0000000203623994
     65.4654617       0.0000000203001297
     65.5655670       0.0000000202381520
     65.6656647       0.0000000201764631
     65.7657623       0.0000000201150591
     65.8658676       0.0000000200539088
     65.9659653       0.0000000199930619
     66.0660629       0.0000000199324921
     66.1661682       0.0000000198721955
     66.2662659       0.0000000198121524
     66.3663635       0.0000000197524047
     66.4664688       0.0000000196929249
     66.5665665       0.0000000196336885
     66.6666641       0.0000000195747342
     66.7667694       0.0000000195160501
     66.8668671       0.0000000194576156
     66.9669647       0.0000000193994800
     67.0670700       0.0000000193415649
     67.1671677       0.0000000192839259
     67.2672653       0.0000000192265546
     67.3673706       0.0000000191694102
     67.4674683       0.0000000191125493
     67.5675659       0.0000000190559305
     67.6676712       0.0000000189995612
     67.7677689       0.0000000189434307
     67.8678665       0.0000000188875472
     67.9679642       0.0000000188319284
     68.0680695       0.0000000187765423
     68.1681671       0.0000000187214164
     68.2682648       0.0000000186665250
     68.3683701       0.0000000186118738
     68.4684677       0.0000000185574540
     68.5685654       0.0000000185032746
     68.6686707       0.0000000184493558
     68.7687683       0.0000000183956419
     68.8688660       0.0000000183421797
     68.9689713       0.0000000182889382
     69.0690689       0.0000000182359457
     69.1691666       0.0000000181831636
     69.2692719       0.0000000181306226
     69.3693695       0.0000000180783081
     69.4694672       0.0000000180262097
     69.5695724       0.0000000179743345
     69.6696701       0.0000000179227060
     69.7697678       0.0000000178712910
     69.8698730       0.0000000178200839
     69.9699707       0.0000000177690930
     70.0700684       0.0000000177183637
     70.1701736       0.0000000176678084
     70.2702713       0.0000000176174702
     70.3703690       0.0000000175673610
     70.4704742       0.0000000175174490
     70.5705719       0.0000000174677812
     70.6706696       0.0000000174182970
     70.7707672       0.0000000173690355
     70.8708725       0.0000000173199796
     70.9709702       0.0000000172711267
     71.0710678       0.0000000172224825
     71.1711731       0.0000000171740454
     71.2712708       0.0000000171258087
     71.3713684       0.0000000170777869
     71.4714737       0.0000000170299612
     71.5715714       0.0000000169823356
     71.6716690       0.0000000169349052
     71.7717743       0.0000000168876660
     71.8718719       0.0000000168406258
     71.9719696       0.0000000167938000
     72.0720749       0.0000000167471592
     72.1721725       0.0000000167007077
     72.2722702       0.0000000166544643
     72.3723755       0.0000000166083891
     72.4724731       0.0000000165625234
     72.5725708       0.0000000165168414
     72.6726761       0.0000000164713427
     72.7727737       0.0000000164260298
     72.8728714       0.0000000163809169
     72.9729767       0.0000000163359820
     73.0730743       0.0000000162912346
     73.1731720       0.0000000162466741
     73.2732697       0.0000000162023093
     73.3733749       0.0000000161580915
     73.4734726       0.0000000161140689
     73.5735703       0.0000000160702414
     73.6736755       0.0000000160265735
     73.7737732       0.0000000159830731
     73.8738708       0.0000000159397738
     73.9739761       0.0000000158966523
     74.0740738       0.0000000158537028
     74.1741714       0.0000000158109132
     74.2742767       0.0000000157682998
     74.3743744       0.0000000157258721
     74.4744720       0.0000000156836047
     74.5745773       0.0000000156415070
     74.6746750       0.0000000155995677
     74.7747726       0.0000000155578196
     74.8748779       0.0000000155162371
     74.9749756       0.0000000154748076
     75.0750732       0.0000000154335462
     75.1751785       0.0000000153924547
     75.2752762       0.0000000153515215
     75.3753738       0.0000000153107393
     75.4754791       0.0000000152701521
     75.5755768       0.0000000152297065
     75.6756744       0.0000000151894120
     75.7757721       0.0000000151492963
     75.8758774       0.0000000151093418
     75.9759750       0.0000000150695385
     76.0760727       0.0000000150298899
     76.1761780       0.0000000149903839
     76.2762756       0.0000000149510479
     76.3763733       0.0000000149118658
     76.4764786       0.0000000148728377
     76.5765762       0.0000000148339659
     76.6766739       0.0000000147952322
     76.7767792       0.0000000147566620
     76.8768768       0.0000000147182458
     76.9769745       0.0000000146799874
     77.0770798       0.0000000146418525
     77.1771774       0.0000000146038771
     77.2772751       0.0000000145660649
     77.3773804       0.0000000145283695
     77.4774780       0.0000000144908341
     77.5775757       0.0000000144534387
     77.6776810       0.0000000144162019
     77.7777786       0.0000000143790874
     77.8778763       0.0000000143421397
     77.9779816       0.0000000143053303
     78.0780792       0.0000000142686679
     78.1781769       0.0000000142321317
     78.2782745       0.0000000141957339
     78.3783798       0.0000000141594709
     78.4784775       0.0000000141233546
     78.5785751       0.0000000140873894
     78.6786804       0.0000000140515586
     78.7787781       0.0000000140158574
     78.8788757       0.0000000139802883
     78.9789810       0.0000000139448538
     79.0790787       0.0000000139095568
     79.1791763       0.0000000138743967
     79.2792816       0.0000000138393691
     79.3793793       0.0000000138044724
     79.4794769       0.0000000137697087
     79.5795822       0.0000000137350748
     79.6796799       0.0000000137005584
     79.7797775       0.0000000136661953
     79.8798828       0.0000000136319508
     79.9799805       0.0000000135978230
     80.0800781       0.0000000135638397
     80.1801834       0.0000000135299734
     80.2802811       0.0000000134962419
     80.3803787       0.0000000134626394
     80.4804840       0.0000000134291517
     80.5805817       0.0000000133958002
     80.6806793       0.0000000133625786
     80.7807770       0.0000000133294598
     80.8808823       0.0000000132964758
     80.9809799       0.0000000132636043
     81.0810776       0.0000000132308548
     81.1811829       0.0000000131982431
     81.2812805       0.0000000131657415
     81.3813782       0.0000000131333558
     81.4814835       0.0000000131010975
     81.5815811       0.0000000130689565
     81.6816788       0.0000000130369251
     81.7817841       0.0000000130050110
     81.8818817       0.0000000129732158
     81.9819794       0.0000000129415450
     82.0820847       0.0000000129099967
     82.1821823       0.0000000128785528
     82.2822800       0.0000000128472207
     82.3823853       0.0000000128160082
     82.4824829       0.0000000127849061
     82.5825806       0.0000000127539159
     82.6826859       0.0000000127230445
     82.7827835       0.0000000126922857
     82.8828812       0.0000000126616334
     82.9829865       0.0000000126310952
     83.0830841       0.0000000126006651
     83.1831818       0.0000000125703378
     83.2832794       0.0000000125401216
     83.3833847       0.0000000125100230
     83.4834824       0.0000000124800355
     83.5835800       0.0000000124501373
     83.6836853       0.0000000124203760
     83.7837830       0.0000000123906922
     83.8838806       0.0000000123611334
     83.9839859       0.0000000123316743
     84.0840836       0.0000000123023075
     84.1841812       0.0000000122730663
     84.2842865       0.0000000122439267
     84.3843842       0.0000000122148804
     84.4844818       0.0000000121859338
     84.5845871       0.0000000121571033
     84.6846848       0.0000000121283719
     84.7847824       0.0000000120997371
     84.8848877       0.0000000120711960
     84.9849854       0.0000000120427705
     85.0850830       0.0000000120144386
     85.1851883       0.0000000119862095
     85.2852859       0.0000000119580845
     85.3853836       0.0000000119300467
     85.4854889       0.0000000119021213
     85.5855865       0.0000000118742815
     85.6856842       0.0000000118465583
     85.7857895       0.0000000118189101
     85.8858871       0.0000000117913607
     85.9859848       0.0000000117639132
     86.0860825       0.0000000117365563
     86.1861877       0.0000000117093045
     86.2862854       0.0000000116821491
     86.3863831       0.0000000116550786
     86.4864883       0.0000000116280912
     86.5865860       0.0000000116012205
     86.6866837       0.0000000115744407
     86.7867889       0.0000000115477397
     86.8868866       0.0000000115211351
     86.9869843       0.0000000114946283
     87.0870895       0.0000000114682092
     87.1871872       0.0000000114418675
     87.2872849       0.0000000114156332
     87.3873901       0.0000000113894873
     87.4874878       0.0000000113634454
     87.5875854       0.0000000113374648
     87.6876907       0.0000000113115965
     87.7877884       0.0000000112858006
     87.8878860       0.0000000112601025
     87.9879913       0.0000000112344842
     88.0880890       0.0000000112089467
     88.1881866       0.0000000111835100
     88.2882919       0.0000000111581646
     88.3883896       0.0000000111328971
     88.4884872       0.0000000111077088
     88.5885849       0.0000000110826112
     88.6886902       0.0000000110576041
     88.7887878       0.0000000110326779
     88.8888855       0.0000000110078340
     88.9889908       0.0000000109830700
     89.0890884       0.0000000109583943
     89.1891861       0.0000000109338085
     89.2892914       0.0000000109092876
     89.3893890       0.0000000108848668
     89.4894867       0.0000000108605172
     89.5895920       0.0000000108362637
     89.6896896       0.0000000108120829
     89.7897873       0.0000000107879774
     89.8898926       0.0000000107639630
     89.9899902       0.0000000107400181
     90.0900879       0.0000000107161547
     90.1901932       0.0000000106923732
     90.2902908       0.0000000106686635
     90.3903885       0.0000000106450374
     90.4904938       0.0000000106214983
     90.5905914       0.0000000105980295
     90.6906891       0.0000000105746368
     90.7907944       0.0000000105513200
     90.8908920       0.0000000105280838
     90.9909897       0.0000000105049244
     91.0910873       0.0000000104818510
     91.1911926       0.0000000104588412
     91.2912903       0.0000000104359090
     91.3913879       0.0000000104130535
     91.4914932       0.0000000103902658
     91.5915909       0.0000000103675599
     91.6916885       0.0000000103449375
     91.7917938       0.0000000103223681
     91.8918915       0.0000000102998945
     91.9919891       0.0000000102774811
     92.0920944       0.0000000102551409
     92.1921921       0.0000000102328782
     92.2922897       0.0000000102106860
     92.3923950       0.0000000101885667
     92.4924927       0.0000000101665194
     92.5925903       0.0000000101445434
     92.6926956       0.0000000101226379
     92.7927933       0.0000000101008036
     92.8928909       0.0000000100790374
     92.9929962       0.0000000100573441
     93.0930939       0.0000000100357213
     93.1931915       0.0000000100141690
     93.2932968       0.0000000099926753
     93.3933945       0.0000000099712624
     93.4934921       0.0000000099499177
     93.5935898       0.0000000099286411
     93.6936951       0.0000000099074318
     93.7937927       0.0000000098862875
     93.8938904       0.0000000098652116
     93.9939957       0.0000000098442045
     94.0940933       0.0000000098232678
     94.1941910       0.0000000098023883
     94.2942963       0.0000000097815778
     94.3943939       0.0000000097608401
     94.4944916       0.0000000097401604
     94.5945969       0.0000000097195527
     94.6946945       0.0000000096990170
     94.7947922       0.0000000096785286
     94.8948975       0.0000000096581159
     94.9949951       0.0000000096377663
     95.0950928       0.0000000096174936
     95.1951981       0.0000000095972614
     95.2952957       0.0000000095771080
     95.3953934       0.0000000095570151
     95.4954987       0.0000000095369862
     95.5955963       0.0000000095170103
     95.6956940       0.0000000094971131
     95.7957993       0.0000000094772640
     95.8958969       0.0000000094574882
     95.9959946       0.0000000094377599
     96.0960999       0.0000000094180980
     96.1961975       0.0000000093985126
     96.2962952       0.0000000093789783
     96.3963928       0.0000000093595013
     96.4964981       0.0000000093400861
     96.5965958       0.0000000093207343
     96.6966934       0.0000000093014423
     96.7967987       0.0000000092822051
     96.8968964       0.0000000092630283
     96.9969940       0.0000000092439126
     97.0970993       0.0000000092248614
     97.1971970       0.0000000092058627
     97.2972946       0.0000000091869226
     97.3973999       0.0000000091680397
     97.4974976       0.0000000091492289
     97.5975952       0.0000000091304591
     97.6977005       0.0000000091117502
     97.7977982       0.0000000090931008
     97.8978958       0.0000000090745159
     97.9980011       0.0000000090559786
     98.0980988       0.0000000090375000
     98.1981964       0.0000000090190816
     98.2983017       0.0000000090007143
     98.3983994       0.0000000089824050
     98.4984970       0.0000000089641509
     98.5986023       0.0000000089459598
     98.6987000       0.0000000089278182
     98.7987976       0.0000000089097302
     98.8988953       0.0000000088916983
     98.9990005       0.0000000088737309
     99.0990982       0.0000000088558087
     99.1991959       0.0000000088379316
     99.2993011       0.0000000088201237
     99.3993988       0.0000000088023632
     99.4994965       0.0000000087846566
     99.5996017       0.0000000087670001
     99.6996994       0.0000000087493911
     99.7997971       0.0000000087318535
     99.8999023       0.0000000087143480
    100.0000000       0.0000000086969071
