# x		H(x,a)
      0.0000000       1.0000000000000000
      0.1001001       0.9900299906730652
      0.2002002       0.9607124924659729
      0.3003003       0.9137664437294006
      0.4004004       0.8518707156181335
      0.5005005       0.7784109115600586
      0.6006006       0.6971734166145325
      0.7007007       0.6120254397392273
      0.8008008       0.5266169309616089
      0.9009009       0.4441368877887726
      1.0010010       0.3671584565932580
      1.1011012       0.2975182100749175
      1.2012012       0.2363125843604190
      1.3013012       0.1839799089154909
      1.4014014       0.1403992605095936
      1.5015016       0.1050205125957505
      1.6016016       0.0770025928425503
      1.7017016       0.0553438081948320
      1.8018018       0.0389924796457759
      1.9019020       0.0269317629468532
      2.0020020       0.0182371509170346
      2.1021020       0.0121091067943526
      2.2022023       0.0078852482789143
      2.3023024       0.0050373711557298
      2.4024024       0.0031586096992291
      2.5025024       0.0019455760985922
      2.6026025       0.0011788259358060
      2.7027028       0.0007041724769076
      2.8028028       0.0004162618809378
      2.9029028       0.0002450143314716
      3.0030031       0.0001450185813322
      3.1031032       0.0000875876024384
      3.2032032       0.0000550430166252
      3.3033032       0.0000367516532819
      3.4034033       0.0000264676566695
      3.5035036       0.0000206054750252
      3.6036036       0.0000171520343345
      3.7037036       0.0000150005413796
      3.8038039       0.0000135541402965
      3.9039040       0.0000124961708292
      4.0040040       0.0000116605784563
      4.1041040       0.0000109605999258
      4.2042041       0.0000103504657291
      4.3043041       0.0000098053010576
      4.4044046       0.0000093108665812
      4.5045047       0.0000088582959905
      4.6046047       0.0000084415700379
      4.7047048       0.0000080562239061
      4.8048048       0.0000076987324308
      4.9049048       0.0000073661790650
      5.0050049       0.0000070560737160
      5.1051049       0.0000067662708718
      5.2052050       0.0000064949016065
      5.3053055       0.0000062403218441
      5.4054055       0.0000060010707467
      5.5055056       0.0000057758692423
      5.6056056       0.0000055635733090
      5.7057056       0.0000053631355021
      5.8058057       0.0000051736598804
      5.9059057       0.0000049943126540
      6.0060062       0.0000048243395953
      6.1061063       0.0000046630876832
      6.2062063       0.0000045099362126
      6.3063064       0.0000043643299234
      6.4064064       0.0000042257618741
      6.5065064       0.0000040937746687
      6.6066065       0.0000039679436990
      6.7067065       0.0000038478832380
      6.8068066       0.0000037332372763
      6.9069071       0.0000036236716921
      7.0070071       0.0000035188895313
      7.1071072       0.0000034186169192
      7.2072072       0.0000033225868582
      7.3073072       0.0000032305565549
      7.4074073       0.0000031423167851
      7.5075073       0.0000030576456597
      7.6076078       0.0000029763610893
      7.7077079       0.0000028982785396
      7.8078079       0.0000028232322511
      7.9079080       0.0000027510643974
      8.0080080       0.0000026816298337
      8.1081085       0.0000026147936035
      8.2082081       0.0000025504232448
      8.3083086       0.0000024884009453
      8.4084082       0.0000024286132996
      8.5085087       0.0000023709502029
      8.6086082       0.0000023153199084
      8.7087088       0.0000022616209646
      8.8088093       0.0000022097665842
      8.9089088       0.0000021596738728
      9.0090094       0.0000021112629317
      9.1091089       0.0000020644617319
      9.2092094       0.0000020191969053
      9.3093090       0.0000019754017332
      9.4094095       0.0000019330154154
      9.5095091       0.0000018919778787
      9.6096096       0.0000018522336476
      9.7097101       0.0000018137259114
      9.8098097       0.0000017764050237
      9.9099102       0.0000017402255504
     10.0100098       0.0000017051359656
     10.1101103       0.0000016710956383
     10.2102098       0.0000016380666680
     10.3103104       0.0000016060050799
     10.4104099       0.0000015748766292
     10.5105104       0.0000015446417846
     10.6106110       0.0000015152706628
     10.7107105       0.0000014867277269
     10.8108110       0.0000014589821404
     10.9109106       0.0000014320061871
     11.0110111       0.0000014057716174
     11.1111107       0.0000013802509862
     11.2112112       0.0000013554191891
     11.3113117       0.0000013312517098
     11.4114113       0.0000013077246155
     11.5115118       0.0000012848147818
     11.6116114       0.0000012625006336
     11.7117119       0.0000012407645629
     11.8118114       0.0000012195843996
     11.9119120       0.0000011989415733
     12.0120125       0.0000011788191355
     12.1121120       0.0000011591975995
     12.2122126       0.0000011400642800
     12.3123121       0.0000011213996834
     12.4124126       0.0000011031895235
     12.5125122       0.0000010854199859
     12.6126127       0.0000010680759725
     12.7127123       0.0000010511448269
     12.8128128       0.0000010346137894
     12.9129133       0.0000010184692859
     13.0130129       0.0000010026999459
     13.1131134       0.0000009872929418
     13.2132130       0.0000009722393593
     13.3133135       0.0000009575275036
     13.4134130       0.0000009431490996
     13.5135136       0.0000009290898764
     13.6136131       0.0000009153436905
     13.7137136       0.0000009019010718
     13.8138142       0.0000008887523013
     13.9139137       0.0000008758877702
     14.0140142       0.0000008633023259
     14.1141138       0.0000008509868394
     14.2142143       0.0000008389322928
     14.3143139       0.0000008271316992
     14.4144144       0.0000008155789823
     14.5145149       0.0000008042673834
     14.6146145       0.0000007931893334
     14.7147150       0.0000007823393358
     14.8148146       0.0000007717099567
     14.9149151       0.0000007612953412
     15.0150146       0.0000007510919979
     15.1151152       0.0000007410904917
     15.2152157       0.0000007312892003
     15.3153152       0.0000007216808288
     15.4154158       0.0000007122605535
     15.5155153       0.0000007030238980
     15.6156158       0.0000006939655051
     15.7157154       0.0000006850824484
     15.8158159       0.0000006763681307
     15.9159155       0.0000006678190758
     16.0160160       0.0000006594311620
     16.1161156       0.0000006512012448
     16.2162170       0.0000006431240069
     16.3163166       0.0000006351964710
     16.4164162       0.0000006274140328
     16.5165157       0.0000006197751267
     16.6166172       0.0000006122740831
     16.7167168       0.0000006049086638
     16.8168163       0.0000005976759957
     16.9169178       0.0000005905722175
     17.0170174       0.0000005835943636
     17.1171169       0.0000005767394693
     17.2172165       0.0000005700051552
     17.3173180       0.0000005633873935
     17.4174175       0.0000005568852534
     17.5175171       0.0000005504952007
     17.6176186       0.0000005442136745
     17.7177181       0.0000005380399616
     17.8178177       0.0000005319708709
     17.9179173       0.0000005260035033
     18.0180187       0.0000005201360584
     18.1181183       0.0000005143670308
     18.2182178       0.0000005086931264
     18.3183174       0.0000005031131944
     18.4184189       0.0000004976239670
     18.5185184       0.0000004922241129
     18.6186180       0.0000004869120498
     18.7187195       0.0000004816862905
     18.8188190       0.0000004765434158
     18.9189186       0.0000004714826927
     19.0190182       0.0000004665021011
     19.1191196       0.0000004616006208
     19.2192192       0.0000004567759176
     19.3193188       0.0000004520261682
     19.4194202       0.0000004473507057
     19.5195198       0.0000004427475023
     19.6196194       0.0000004382149592
     19.7197189       0.0000004337513001
     19.8198204       0.0000004293557065
     19.9199200       0.0000004250273282
     20.0200195       0.0000004207635210
     20.1201210       0.0000004165634083
     20.2202206       0.0000004124265163
     20.3203201       0.0000004083507046
     20.4204197       0.0000004043352166
     20.5205212       0.0000004003788162
     20.6206207       0.0000003964798423
     20.7207203       0.0000003926380916
     20.8208199       0.0000003888515804
     20.9209213       0.0000003851201681
     21.0210209       0.0000003814420920
     21.1211205       0.0000003778161046
     21.2212219       0.0000003742417687
     21.3213215       0.0000003707181303
     21.4214211       0.0000003672439060
     21.5215206       0.0000003638189027
     21.6216221       0.0000003604411534
     21.7217216       0.0000003571105172
     21.8218212       0.0000003538251764
     21.9219227       0.0000003505856255
     22.0220222       0.0000003473906461
     22.1221218       0.0000003442386668
     22.2222214       0.0000003411298218
     22.3223228       0.0000003380627855
     22.4224224       0.0000003350366956
     22.5225220       0.0000003320514808
     22.6226234       0.0000003291059207
     22.7227230       0.0000003261993268
     22.8228226       0.0000003233312904
     22.9229221       0.0000003205007539
     23.0230236       0.0000003177073047
     23.1231232       0.0000003149505167
     23.2232227       0.0000003122293731
     23.3233242       0.0000003095430309
     23.4234238       0.0000003068913728
     23.5235233       0.0000003042740933
     23.6236229       0.0000003016897820
     23.7237244       0.0000002991386273
     23.8238239       0.0000002966194576
     23.9239235       0.0000002941320812
     24.0240250       0.0000002916755691
     24.1241245       0.0000002892503146
     24.2242241       0.0000002868547345
     24.3243237       0.0000002844890137
     24.4244251       0.0000002821522920
     24.5245247       0.0000002798446126
     24.6246243       0.0000002775650997
     24.7247238       0.0000002753130970
     24.8248253       0.0000002730887722
     24.9249249       0.0000002708908790
     25.0250244       0.0000002687197425
     25.1251259       0.0000002665745170
     25.2252254       0.0000002644551052
     25.3253250       0.0000002623608286
     25.4254246       0.0000002602909869
     25.5255260       0.0000002582459586
     25.6256256       0.0000002562247408
     25.7257252       0.0000002542272639
     25.8258266       0.0000002522531654
     25.9259262       0.0000002503019659
     26.0260258       0.0000002483731558
     26.1261253       0.0000002464669123
     26.2262268       0.0000002445822913
     26.3263264       0.0000002427191214
     26.4264259       0.0000002408773680
     26.5265274       0.0000002390562329
     26.6266270       0.0000002372561573
     26.7267265       0.0000002354761404
     26.8268261       0.0000002337160858
     26.9269276       0.0000002319757640
     27.0270271       0.0000002302546701
     27.1271267       0.0000002285528095
     27.2272263       0.0000002268697303
     27.3273277       0.0000002252052074
     27.4274273       0.0000002235590831
     27.5275269       0.0000002219307670
     27.6276283       0.0000002203201283
     27.7277279       0.0000002187271860
     27.8278275       0.0000002171513556
     27.9279270       0.0000002155924425
     28.0280285       0.0000002140504706
     28.1281281       0.0000002125246977
     28.2282276       0.0000002110156436
     28.3283291       0.0000002095221244
     28.4284286       0.0000002080448194
     28.5285282       0.0000002065828194
     28.6286278       0.0000002051363611
     28.7287292       0.0000002037049342
     28.8288288       0.0000002022885050
     28.9289284       0.0000002008868390
     29.0290298       0.0000001994995802
     29.1291294       0.0000001981267880
     29.2292290       0.0000001967680688
     29.3293285       0.0000001954234647
     29.4294300       0.0000001940924532
     29.5295296       0.0000001927749253
     29.6296291       0.0000001914708208
     29.7297306       0.0000001901799401
     29.8298302       0.0000001889019730
     29.9299297       0.0000001876370076
     30.0300293       0.0000001863848297
     30.1301308       0.0000001851447211
     30.2302303       0.0000001839173796
     30.3303299       0.0000001827019993
     30.4304314       0.0000001814987904
     30.5305309       0.0000001803073182
     30.6306305       0.0000001791275081
     30.7307301       0.0000001779594204
     30.8308315       0.0000001768025909
     30.9309311       0.0000001756570298
     31.0310307       0.0000001745226791
     31.1311302       0.0000001733991332
     31.2312317       0.0000001722864804
     31.3313313       0.0000001711846131
     31.4314308       0.0000001700930826
     31.5315323       0.0000001690120902
     31.6316319       0.0000001679414023
     31.7317314       0.0000001668807006
     31.8318310       0.0000001658302857
     31.9319324       0.0000001647893670
     32.0320320       0.0000001637585353
     32.1321335       0.0000001627375348
     32.2322311       0.0000001617256878
     32.3323326       0.0000001607234605
     32.4324341       0.0000001597303531
     32.5325317       0.0000001587466204
     32.6326332       0.0000001577718672
     32.7327309       0.0000001568059693
     32.8328323       0.0000001558490048
     32.9329338       0.0000001549007489
     33.0330315       0.0000001539611482
     33.1331329       0.0000001530300932
     33.2332344       0.0000001521076732
     33.3333321       0.0000001511933540
     33.4334335       0.0000001502872112
     33.5335350       0.0000001493892738
     33.6336327       0.0000001484992746
     33.7337341       0.0000001476172443
     33.8338356       0.0000001467431910
     33.9339333       0.0000001458767350
     34.0340347       0.0000001450179328
     34.1341324       0.0000001441669885
     34.2342339       0.0000001433231693
     34.3343353       0.0000001424866984
     34.4344330       0.0000001416577962
     34.5345345       0.0000001408359936
     34.6346359       0.0000001400212686
     34.7347336       0.0000001392138194
     34.8348351       0.0000001384131090
     34.9349365       0.0000001376193604
     35.0350342       0.0000001368324473
     35.1351357       0.0000001360522533
     35.2352371       0.0000001352785882
     35.3353348       0.0000001345117009
     35.4354362       0.0000001337512569
     35.5355339       0.0000001329972995
     35.6356354       0.0000001322495215
     35.7357368       0.0000001315082990
     35.8358345       0.0000001307731795
     35.9359360       0.0000001300441426
     36.0360374       0.0000001293212012
     36.1361351       0.0000001286043036
     36.2362366       0.0000001278934146
     36.3363380       0.0000001271882813
     36.4364357       0.0000001264890132
     36.5365372       0.0000001257954884
     36.6366348       0.0000001251076966
     36.7367363       0.0000001244256038
     36.8368378       0.0000001237489784
     36.9369354       0.0000001230779064
     37.0370369       0.0000001224121274
     37.1371384       0.0000001217519543
     37.2372360       0.0000001210970843
     37.3373375       0.0000001204472567
     37.4374390       0.0000001198028832
     37.5375366       0.0000001191636444
     37.6376381       0.0000001185293616
     37.7377396       0.0000001179002093
     37.8378372       0.0000001172762961
     37.9379387       0.0000001166569506
     38.0380363       0.0000001160427038
     38.1381378       0.0000001154332632
     38.2382393       0.0000001148285877
     38.3383369       0.0000001142286962
     38.4384384       0.0000001136335537
     38.5385399       0.0000001130429510
     38.6386375       0.0000001124568989
     38.7387390       0.0000001118755639
     38.8388405       0.0000001112985300
     38.9389381       0.0000001107260307
     39.0390396       0.0000001101579814
     39.1391373       0.0000001095942004
     39.2392387       0.0000001090349393
     39.3393402       0.0000001084798194
     39.4394379       0.0000001079288902
     39.5395393       0.0000001073821436
     39.6396408       0.0000001068395577
     39.7397385       0.0000001063010494
     39.8398399       0.0000001057668401
     39.9399414       0.0000001052363823
     40.0400391       0.0000001047100541
     40.1401405       0.0000001041875097
     40.2402420       0.0000001036690404
     40.3403397       0.0000001031543524
     40.4404411       0.0000001026434417
     40.5405388       0.0000001021363963
     40.6406403       0.0000001016330618
     40.7407417       0.0000001011334697
     40.8408394       0.0000001006376269
     40.9409409       0.0000001001453251
     41.0410423       0.0000000996566268
     41.1411400       0.0000000991715439
     41.2412415       0.0000000986898780
     41.3413429       0.0000000982118724
     41.4414406       0.0000000977372736
     41.5415421       0.0000000972660476
     41.6416397       0.0000000967982448
     41.7417412       0.0000000963339066
     41.8418427       0.0000000958727950
     41.9419403       0.0000000954149912
     42.0420418       0.0000000949605654
     42.1421432       0.0000000945093164
     42.2422409       0.0000000940611940
     42.3423424       0.0000000936163901
     42.4424438       0.0000000931746333
     42.5425415       0.0000000927361003
     42.6426430       0.0000000923005558
     42.7427444       0.0000000918680838
     42.8428421       0.0000000914387558
     42.9429436       0.0000000910123263
     43.0430412       0.0000000905888161
     43.1431427       0.0000000901683941
     43.2432442       0.0000000897508058
     43.3433418       0.0000000893361879
     43.4434433       0.0000000889243995
     43.5435448       0.0000000885154521
     43.6436424       0.0000000881093349
     43.7437439       0.0000000877059081
     43.8438454       0.0000000873053885
     43.9439430       0.0000000869075239
     44.0440445       0.0000000865124204
     44.1441460       0.0000000861200073
     44.2442436       0.0000000857301768
     44.3443451       0.0000000853430165
     44.4444427       0.0000000849586329
     44.5445442       0.0000000845766824
     44.6446457       0.0000000841972425
     44.7447433       0.0000000838205161
     44.8448448       0.0000000834462388
     44.9449463       0.0000000830743882
     45.0450439       0.0000000827051473
     45.1451454       0.0000000823384034
     45.2452469       0.0000000819739233
     45.3453445       0.0000000816119623
     45.4454460       0.0000000812524090
     45.5455437       0.0000000808951344
     45.6456451       0.0000000805402517
     45.7457466       0.0000000801877729
     45.8458443       0.0000000798375022
     45.9459457       0.0000000794896169
     46.0460472       0.0000000791439358
     46.1461449       0.0000000788004903
     46.2462463       0.0000000784593050
     46.3463478       0.0000000781203268
     46.4464455       0.0000000777835919
     46.5465469       0.0000000774489697
     46.6466484       0.0000000771165047
     46.7467461       0.0000000767861860
     46.8468475       0.0000000764579309
     46.9469452       0.0000000761319081
     47.0470467       0.0000000758078996
     47.1471481       0.0000000754859400
     47.2472458       0.0000000751660034
     47.3473473       0.0000000748481497
     47.4474487       0.0000000745323288
     47.5475464       0.0000000742184372
     47.6476479       0.0000000739065899
     47.7477493       0.0000000735966259
     47.8478470       0.0000000732886481
     47.9479485       0.0000000729825897
     48.0480499       0.0000000726784661
     48.1481476       0.0000000723762971
     48.2482491       0.0000000720759046
     48.3483467       0.0000000717774123
     48.4484482       0.0000000714808091
     48.5485497       0.0000000711860070
     48.6486473       0.0000000708930816
     48.7487488       0.0000000706019139
     48.8488503       0.0000000703125013
     48.9489479       0.0000000700249241
     49.0490494       0.0000000697390398
     49.1491508       0.0000000694548975
     49.2492485       0.0000000691726243
     49.3493500       0.0000000688919497
     49.4494476       0.0000000686130321
     49.5495491       0.0000000683358378
     49.6496506       0.0000000680601314
     49.7497482       0.0000000677862800
     49.8498497       0.0000000675140433
     49.9499512       0.0000000672434020
     50.0500488       0.0000000669744546
     50.1501503       0.0000000667070402
     50.2502518       0.0000000664412462
     50.3503494       0.0000000661770798
     50.4504509       0.0000000659144391
     50.5505524       0.0000000656534079
     50.6506500       0.0000000653938527
     50.7507515       0.0000000651358911
     50.8508492       0.0000000648794704
     50.9509506       0.0000000646245146
     51.0510521       0.0000000643710838
     51.1511497       0.0000000641191284
     51.2512512       0.0000000638685691
     51.3513527       0.0000000636195856
     51.4514503       0.0000000633720393
     51.5515518       0.0000000631259492
     51.6516533       0.0000000628812736
     51.7517509       0.0000000626380154
     51.8518524       0.0000000623961563
     51.9519501       0.0000000621556840
     52.0520515       0.0000000619165752
     52.1521530       0.0000000616788695
     52.2522507       0.0000000614425893
     52.3523521       0.0000000612076611
     52.4524536       0.0000000609739848
     52.5525513       0.0000000607416775
     52.6526527       0.0000000605107262
     52.7527542       0.0000000602811455
     52.8528519       0.0000000600528058
     52.9529533       0.0000000598256932
     53.0530548       0.0000000595999987
     53.1531525       0.0000000593754834
     53.2532539       0.0000000591522602
     53.3533516       0.0000000589303316
     53.4534531       0.0000000587095560
     53.5535545       0.0000000584901007
     53.6536522       0.0000000582718554
     53.7537537       0.0000000580548889
     53.8538551       0.0000000578389570
     53.9539528       0.0000000576243901
     54.0540543       0.0000000574109600
     54.1541557       0.0000000571987496
     54.2542534       0.0000000569876493
     54.3543549       0.0000000567777588
     54.4544525       0.0000000565690482
     54.5545540       0.0000000563614802
     54.6546555       0.0000000561549533
     54.7547531       0.0000000559497166
     54.8548546       0.0000000557455138
     54.9549561       0.0000000555424262
     55.0550537       0.0000000553404226
     55.1551552       0.0000000551395560
     55.2552567       0.0000000549397722
     55.3553543       0.0000000547411050
     55.4554558       0.0000000545434771
     55.5555573       0.0000000543469136
     55.6556549       0.0000000541514388
     55.7557564       0.0000000539570265
     55.8558540       0.0000000537636224
     55.9559555       0.0000000535712981
     56.0560570       0.0000000533799797
     56.1561546       0.0000000531897311
     56.2562561       0.0000000530004190
     56.3563576       0.0000000528120951
     56.4564552       0.0000000526248795
     56.5565567       0.0000000524385417
     56.6566582       0.0000000522533182
     56.7567558       0.0000000520689860
     56.8568573       0.0000000518856176
     56.9569588       0.0000000517032814
     57.0570564       0.0000000515218440
     57.1571579       0.0000000513414689
     57.2572556       0.0000000511618947
     57.3573570       0.0000000509833209
     57.4574585       0.0000000508056893
     57.5575562       0.0000000506290031
     57.6576576       0.0000000504532458
     57.7577591       0.0000000502783489
     57.8578568       0.0000000501043574
     57.9579582       0.0000000499313158
     58.0580597       0.0000000497591584
     58.1581573       0.0000000495878997
     58.2582588       0.0000000494175182
     58.3583565       0.0000000492479524
     58.4584579       0.0000000490793049
     58.5585594       0.0000000489115457
     58.6586571       0.0000000487445967
     58.7587585       0.0000000485785609
     58.8588600       0.0000000484133541
     58.9589577       0.0000000482489044
     59.0590591       0.0000000480854040
     59.1591606       0.0000000479226943
     59.2592583       0.0000000477608051
     59.3593597       0.0000000475997128
     59.4594612       0.0000000474394739
     59.5595589       0.0000000472800054
     59.6596603       0.0000000471213816
     59.7597580       0.0000000469635475
     59.8598595       0.0000000468064532
     59.9599609       0.0000000466502195
     60.0600586       0.0000000464947289
     60.1601601       0.0000000463400103
     60.2602615       0.0000000461860727
     60.3603592       0.0000000460329044
     60.4604607       0.0000000458804768
     60.5605621       0.0000000457288246
     60.6606598       0.0000000455779347
     60.7607613       0.0000000454277520
     60.8608627       0.0000000452783072
     60.9609604       0.0000000451296718
     61.0610619       0.0000000449816815
     61.1611595       0.0000000448344877
     61.2612610       0.0000000446879947
     61.3613625       0.0000000445422242
     61.4614601       0.0000000443971060
     61.5615616       0.0000000442527194
     61.6616631       0.0000000441090821
     61.7617607       0.0000000439661249
     61.8618622       0.0000000438238376
     61.9619637       0.0000000436822513
     62.0620613       0.0000000435413742
     62.1621628       0.0000000434011943
     62.2622604       0.0000000432615714
     62.3623619       0.0000000431227728
     62.4624634       0.0000000429845318
     62.5625610       0.0000000428470107
     62.6626625       0.0000000427101003
     62.7627640       0.0000000425739348
     62.8628616       0.0000000424383284
     62.9629631       0.0000000423034180
     63.0630646       0.0000000421691361
     63.1631622       0.0000000420355192
     63.2632637       0.0000000419024865
     63.3633652       0.0000000417701116
     63.4634628       0.0000000416383524
     63.5635643       0.0000000415072420
     63.6636620       0.0000000413767127
     63.7637634       0.0000000412468079
     63.8638649       0.0000000411175098
     63.9639626       0.0000000409888362
     64.0640640       0.0000000408608095
     64.1641617       0.0000000407333255
     64.2642670       0.0000000406063949
     64.3643646       0.0000000404801269
     64.4644623       0.0000000403544454
     64.5645676       0.0000000402293220
     64.6646652       0.0000000401047741
     64.7647629       0.0000000399808445
     64.8648682       0.0000000398574502
     64.9649658       0.0000000397346487
     65.0650635       0.0000000396124050
     65.1651688       0.0000000394906911
     65.2652664       0.0000000393695857
     65.3653641       0.0000000392490391
     65.4654617       0.0000000391290122
     65.5655670       0.0000000390095499
     65.6656647       0.0000000388906434
     65.7657623       0.0000000387722818
     65.8658676       0.0000000386544133
     65.9659653       0.0000000385371315
     66.0660629       0.0000000384203822
     66.1661682       0.0000000383041575
     66.2662659       0.0000000381884198
     66.3663635       0.0000000380732556
     66.4664688       0.0000000379586081
     66.5665665       0.0000000378444310
     66.6666641       0.0000000377307923
     66.7667694       0.0000000376176778
     66.8668671       0.0000000375050421
     66.9669647       0.0000000373929857
     67.0670700       0.0000000372813545
     67.1671677       0.0000000371702529
     67.2672653       0.0000000370596673
     67.3673706       0.0000000369495212
     67.4674683       0.0000000368399191
     67.5675659       0.0000000367307861
     67.6676712       0.0000000366221303
     67.7677689       0.0000000365139378
     67.8678665       0.0000000364062207
     67.9679642       0.0000000362990191
     68.0680695       0.0000000361922587
     68.1681671       0.0000000360860024
     68.2682648       0.0000000359801969
     68.3683701       0.0000000358748532
     68.4684677       0.0000000357699573
     68.5685654       0.0000000356655297
     68.6686707       0.0000000355615995
     68.7687683       0.0000000354580599
     68.8688660       0.0000000353550131
     68.9689713       0.0000000352523863
     69.0690689       0.0000000351502415
     69.1691666       0.0000000350485062
     69.2692719       0.0000000349472331
     69.3693695       0.0000000348463949
     69.4694672       0.0000000347459738
     69.5695724       0.0000000346459837
     69.6696701       0.0000000345464668
     69.7697678       0.0000000344473620
     69.8698730       0.0000000343486580
     69.9699707       0.0000000342503748
     70.0700684       0.0000000341525896
     70.1701736       0.0000000340551462
     70.2702713       0.0000000339581181
     70.3703690       0.0000000338615289
     70.4704742       0.0000000337653252
     70.5705719       0.0000000336695863
     70.6706696       0.0000000335742069
     70.7707672       0.0000000334792538
     70.8708725       0.0000000333846960
     70.9709702       0.0000000332905294
     71.0710678       0.0000000331967645
     71.1711731       0.0000000331034039
     71.2712708       0.0000000330104291
     71.3713684       0.0000000329178616
     71.4714737       0.0000000328256800
     71.5715714       0.0000000327338774
     71.6716690       0.0000000326424559
     71.7717743       0.0000000325514017
     71.8718719       0.0000000324607329
     71.9719696       0.0000000323704731
     72.0720749       0.0000000322805745
     72.1721725       0.0000000321910364
     72.2722702       0.0000000321019008
     72.3723755       0.0000000320130877
     72.4724731       0.0000000319246769
     72.5725708       0.0000000318366277
     72.6726761       0.0000000317489264
     72.7727737       0.0000000316615848
     72.8728714       0.0000000315746297
     72.9729767       0.0000000314880155
     73.0730743       0.0000000314017637
     73.1731720       0.0000000313158731
     73.2732697       0.0000000312303604
     73.3733749       0.0000000311451283
     73.4734726       0.0000000310602738
     73.5735703       0.0000000309757957
     73.6736755       0.0000000308916222
     73.7737732       0.0000000308077755
     73.8738708       0.0000000307243136
     73.9739761       0.0000000306411975
     74.0740738       0.0000000305584073
     74.1741714       0.0000000304759316
     74.2742767       0.0000000303937954
     74.3743744       0.0000000303120144
     74.4744720       0.0000000302305451
     74.5745773       0.0000000301493994
     74.6746750       0.0000000300685626
     74.7747726       0.0000000299880876
     74.8748779       0.0000000299079344
     74.9749756       0.0000000298280821
     75.0750732       0.0000000297485503
     75.1751785       0.0000000296693453
     75.2752762       0.0000000295904449
     75.3753738       0.0000000295118351
     75.4754791       0.0000000294336035
     75.5755768       0.0000000293556439
     75.6756744       0.0000000292779720
     75.7757721       0.0000000292006467
     75.8758774       0.0000000291236371
     75.9759750       0.0000000290469152
     76.0760727       0.0000000289704903
     76.1761780       0.0000000288943392
     76.2762756       0.0000000288185208
     76.3763733       0.0000000287429944
     76.4764786       0.0000000286677699
     76.5765762       0.0000000285928423
     76.6766739       0.0000000285181826
     76.7767792       0.0000000284438396
     76.8768768       0.0000000283697887
     76.9769745       0.0000000282960407
     77.0770798       0.0000000282225379
     77.1771774       0.0000000281493380
     77.2772751       0.0000000280764541
     77.3773804       0.0000000280037995
     77.4774780       0.0000000279314515
     77.5775757       0.0000000278593684
     77.6776810       0.0000000277875920
     77.7777786       0.0000000277160523
     77.8778763       0.0000000276448386
     77.9779816       0.0000000275738858
     78.0780792       0.0000000275032175
     78.1781769       0.0000000274327934
     78.2782745       0.0000000273626367
     78.3783798       0.0000000272927374
     78.4784775       0.0000000272231218
     78.5785751       0.0000000271538011
     78.6786804       0.0000000270847335
     78.7787781       0.0000000270159200
     78.8788757       0.0000000269473613
     78.9789810       0.0000000268790591
     79.0790787       0.0000000268110196
     79.1791763       0.0000000267432475
     79.2792816       0.0000000266757337
     79.3793793       0.0000000266084698
     79.4794769       0.0000000265414624
     79.5795822       0.0000000264747020
     79.6796799       0.0000000264081713
     79.7797775       0.0000000263419334
     79.8798828       0.0000000262759253
     79.9799805       0.0000000262101486
     80.0800781       0.0000000261446409
     80.1801834       0.0000000260793632
     80.2802811       0.0000000260143467
     80.3803787       0.0000000259495772
     80.4804840       0.0000000258850283
     80.5805817       0.0000000258207405
     80.6806793       0.0000000257567043
     80.7807770       0.0000000256928705
     80.8808823       0.0000000256292912
     80.9809799       0.0000000255659329
     81.0810776       0.0000000255028047
     81.1811829       0.0000000254399445
     81.2812805       0.0000000253772977
     81.3813782       0.0000000253148734
     81.4814835       0.0000000252526955
     81.5815811       0.0000000251907417
     81.6816788       0.0000000251290011
     81.7817841       0.0000000250674858
     81.8818817       0.0000000250062005
     81.9819794       0.0000000249451525
     82.0820847       0.0000000248843443
     82.1821823       0.0000000248237349
     82.2822800       0.0000000247633414
     82.3823853       0.0000000247031787
     82.4824829       0.0000000246432296
     82.5825806       0.0000000245834933
     82.6826859       0.0000000245239877
     82.7827835       0.0000000244646997
     82.8828812       0.0000000244056174
     82.9829865       0.0000000243467532
     83.0830841       0.0000000242880996
     83.1831818       0.0000000242296425
     83.2832794       0.0000000241714000
     83.3833847       0.0000000241133838
     83.4834824       0.0000000240555852
     83.5835800       0.0000000239979538
     83.6836853       0.0000000239405865
     83.7837830       0.0000000238833715
     83.8838806       0.0000000238263958
     83.9839859       0.0000000237696121
     84.0840836       0.0000000237130077
     84.1841812       0.0000000236566437
     84.2842865       0.0000000236004769
     84.3843842       0.0000000235444895
     84.4844818       0.0000000234886926
     84.5845871       0.0000000234331235
     84.6846848       0.0000000233777420
     84.7847824       0.0000000233225479
     84.8848877       0.0000000232675337
     84.9849854       0.0000000232127423
     85.0850830       0.0000000231581336
     85.1851883       0.0000000231037225
     85.2852859       0.0000000230495083
     85.3853836       0.0000000229954648
     85.4854889       0.0000000229416387
     85.5855865       0.0000000228879754
     85.6856842       0.0000000228345392
     85.7857895       0.0000000227812468
     85.8858871       0.0000000227281441
     85.9859848       0.0000000226752400
     86.0860825       0.0000000226225083
     86.1861877       0.0000000225699797
     86.2862854       0.0000000225176374
     86.3863831       0.0000000224654566
     86.4864883       0.0000000224134407
     86.5865860       0.0000000223616429
     86.6866837       0.0000000223100254
     86.7867889       0.0000000222585584
     86.8868866       0.0000000222072780
     86.9869843       0.0000000221561834
     87.0870895       0.0000000221052611
     87.1871872       0.0000000220544870
     87.2872849       0.0000000220039202
     87.3873901       0.0000000219535224
     87.4874878       0.0000000219033269
     87.5875854       0.0000000218532483
     87.6876907       0.0000000218033877
     87.7877884       0.0000000217536641
     87.8878860       0.0000000217041304
     87.9879913       0.0000000216547507
     88.0880890       0.0000000216055270
     88.1881866       0.0000000215564975
     88.2882919       0.0000000215076454
     88.3883896       0.0000000214589405
     88.4884872       0.0000000214103883
     88.5885849       0.0000000213620123
     88.6886902       0.0000000213138106
     88.7887878       0.0000000212657649
     88.8888855       0.0000000212178758
     88.9889908       0.0000000211701439
     89.0890884       0.0000000211225821
     89.1891861       0.0000000210751901
     89.2892914       0.0000000210279260
     89.3893890       0.0000000209808547
     89.4894867       0.0000000209339202
     89.5895920       0.0000000208871722
     89.6896896       0.0000000208405624
     89.7897873       0.0000000207940989
     89.8898926       0.0000000207478107
     89.9899902       0.0000000207016560
     90.0900879       0.0000000206556580
     90.1901932       0.0000000206098187
     90.2902908       0.0000000205641175
     90.3903885       0.0000000205185768
     90.4904938       0.0000000204732045
     90.5905914       0.0000000204279677
     90.6906891       0.0000000203828781
     90.7907944       0.0000000203379357
     90.8908920       0.0000000202931465
     90.9909897       0.0000000202485048
     91.0910873       0.0000000202040313
     91.1911926       0.0000000201596794
     91.2912903       0.0000000201154779
     91.3913879       0.0000000200714220
     91.4914932       0.0000000200274975
     91.5915909       0.0000000199837314
     91.6916885       0.0000000199401269
     91.7917938       0.0000000198966237
     91.8918915       0.0000000198533058
     91.9919891       0.0000000198101031
     92.0920944       0.0000000197670434
     92.1921921       0.0000000197241294
     92.2922897       0.0000000196813548
     92.3923950       0.0000000196387196
     92.4924927       0.0000000195962206
     92.5925903       0.0000000195538626
     92.6926956       0.0000000195116394
     92.7927933       0.0000000194695540
     92.8928909       0.0000000194275987
     92.9929962       0.0000000193857843
     93.0930939       0.0000000193441045
     93.1931915       0.0000000193025627
     93.2932968       0.0000000192611324
     93.3933945       0.0000000192198600
     93.4934921       0.0000000191787144
     93.5935898       0.0000000191377052
     93.6936951       0.0000000190968244
     93.7937927       0.0000000190560691
     93.8938904       0.0000000190154444
     93.9939957       0.0000000189749521
     94.0940933       0.0000000189345976
     94.1941910       0.0000000188943504
     94.2942963       0.0000000188542376
     94.3943939       0.0000000188142653
     94.4944916       0.0000000187744036
     94.5945969       0.0000000187346821
     94.6946945       0.0000000186951010
     94.7947922       0.0000000186556065
     94.8948975       0.0000000186162609
     94.9949951       0.0000000185770384
     95.0950928       0.0000000185379612
     95.1951981       0.0000000184989619
     95.2952957       0.0000000184601176
     95.3953934       0.0000000184213851
     95.4954987       0.0000000183827821
     95.5955963       0.0000000183442765
     95.6956940       0.0000000183059239
     95.7957993       0.0000000182676653
     95.8958969       0.0000000182295448
     95.9959946       0.0000000181915204
     96.0960999       0.0000000181536206
     96.1961975       0.0000000181158696
     96.2962952       0.0000000180782152
     96.3963928       0.0000000180406728
     96.4964981       0.0000000180032502
     96.5965958       0.0000000179659499
     96.6966934       0.0000000179287629
     96.7967987       0.0000000178916844
     96.8968964       0.0000000178547187
     96.9969940       0.0000000178178737
     97.0970993       0.0000000177811523
     97.1971970       0.0000000177445319
     97.2972946       0.0000000177080239
     97.3973999       0.0000000176716256
     97.4974976       0.0000000176353706
     97.5975952       0.0000000175991895
     97.6977005       0.0000000175631266
     97.7977982       0.0000000175271813
     97.8978958       0.0000000174913597
     97.9980011       0.0000000174556275
     98.0980988       0.0000000174200097
     98.1981964       0.0000000173845057
     98.2983017       0.0000000173491042
     98.3983994       0.0000000173138124
     98.4984970       0.0000000172786262
     98.5986023       0.0000000172435625
     98.6987000       0.0000000172085935
     98.7987976       0.0000000171737302
     98.8988953       0.0000000171389713
     98.9990005       0.0000000171043403
     99.0990982       0.0000000170697946
     99.1991959       0.0000000170353334
     99.2993011       0.0000000170010108
     99.3993988       0.0000000169667759
     99.4994965       0.0000000169326455
     99.5996017       0.0000000168986139
     99.6996994       0.0000000168646717
     99.7997971       0.0000000168308662
     99.8999023       0.0000000167971247
    100.0000000       0.0000000167635069
