# x		H(x,a)
      0.0000000       1.0000000000000000
      0.1001001       0.9900299906730652
      0.2002002       0.9607124924659729
      0.3003003       0.9137664437294006
      0.4004004       0.8518707156181335
      0.5005005       0.7784109115600586
      0.6006006       0.6971734166145325
      0.7007007       0.6120254397392273
      0.8008008       0.5266169309616089
      0.9009009       0.4441368877887726
      1.0010010       0.3671515205503620
      1.1011012       0.2974985752963568
      1.2012012       0.2362817555518227
      1.3013012       0.1839414287464996
      1.4014014       0.1403567264459539
      1.5015016       0.1049768343969056
      1.6016016       0.0769598356424155
      1.7017016       0.0553032818467255
      1.8018018       0.0389549061612263
      1.9019020       0.0268974458452581
      2.0020020       0.0182061169540199
      2.1021020       0.0120812135984675
      2.2022023       0.0078602606276346
      2.3023024       0.0050150121547230
      2.4024024       0.0031385933756583
      2.5025024       0.0019276267575038
      2.6026025       0.0011626886625102
      2.7027028       0.0006896178740395
      2.8028028       0.0004030872652131
      2.9029028       0.0002330428226671
      3.0030031       0.0001340971277668
      3.1031032       0.0000775844838358
      3.2032032       0.0000458452496687
      3.3033032       0.0000282624656329
      3.4034033       0.0000186041823172
      3.5035036       0.0000132967060453
      3.6036036       0.0000103370189476
      3.7037036       0.0000086268418275
      3.8038039       0.0000075765099610
      3.9039040       0.0000068754506402
      4.0040040       0.0000063627557210
      4.1041040       0.0000059560190618
      4.2042041       0.0000056131710159
      4.3043041       0.0000053124910041
      4.4044046       0.0000050424163806
      4.5045047       0.0000047963873601
      4.6046047       0.0000045703581685
      4.7047048       0.0000043615682704
      4.8048048       0.0000041679622319
      4.9049048       0.0000039878981690
      5.0050049       0.0000038200037373
      5.1051049       0.0000036631073500
      5.2052050       0.0000035161931043
      5.3053055       0.0000033783687410
      5.4054055       0.0000032488435570
      5.5055056       0.0000031269244822
      5.6056056       0.0000030119924485
      5.7057056       0.0000029034800434
      5.8058057       0.0000028009018498
      5.9059057       0.0000027038074209
      6.0060062       0.0000026117880268
      6.1061063       0.0000025244897554
      6.2062063       0.0000024415768364
      6.3063064       0.0000023627491042
      6.4064064       0.0000022877315516
      6.5065064       0.0000022162766546
      6.6066065       0.0000021481548833
      6.7067065       0.0000020831565848
      6.8068066       0.0000020210900003
      6.9069071       0.0000019617737247
      7.0070071       0.0000019050469822
      7.1071072       0.0000018507617421
      7.2072072       0.0000017987730777
      7.3073072       0.0000017489499763
      7.4074073       0.0000017011787694
      7.5075073       0.0000016553399811
      7.6076078       0.0000016113341626
      7.7077079       0.0000015690621349
      7.8078079       0.0000015284338395
      7.9079080       0.0000014893636960
      8.0080080       0.0000014517735462
      8.1081085       0.0000014155898548
      8.2082081       0.0000013807412124
      8.3083086       0.0000013471637824
      8.4084082       0.0000013147961457
      8.5085087       0.0000012835786793
      8.6086082       0.0000012534616965
      8.7087088       0.0000012243902050
      8.8088093       0.0000011963174682
      8.9089088       0.0000011691983565
      9.0090094       0.0000011429898219
      9.1091089       0.0000011176526957
      9.2092094       0.0000010931472714
      9.3093090       0.0000010694376402
      9.4094095       0.0000010464906541
      9.5095091       0.0000010242737899
      9.6096096       0.0000010027571908
      9.7097101       0.0000009819099984
      9.8098097       0.0000009617052266
      9.9099102       0.0000009421185748
     10.0100098       0.0000009231218999
     10.1101103       0.0000009046931845
     10.2102098       0.0000008868121205
     10.3103104       0.0000008694546385
     10.4104099       0.0000008526025212
     10.5105104       0.0000008362340187
     10.6106110       0.0000008203330967
     10.7107105       0.0000008048805670
     10.8108110       0.0000007898598023
     10.9109106       0.0000007752555695
     11.0110111       0.0000007610528074
     11.1111107       0.0000007472365254
     11.2112112       0.0000007337931767
     11.3113117       0.0000007207094189
     11.4114113       0.0000007079724257
     11.5115118       0.0000006955695575
     11.6116114       0.0000006834891621
     11.7117119       0.0000006717217871
     11.8118114       0.0000006602553181
     11.9119120       0.0000006490796820
     12.0120125       0.0000006381858899
     12.1121120       0.0000006275632357
     12.2122126       0.0000006172048862
     12.3123121       0.0000006071003190
     12.4124126       0.0000005972417145
     12.5125122       0.0000005876216973
     12.6126127       0.0000005782320805
     12.7127123       0.0000005690659879
     12.8128128       0.0000005601164231
     12.9129133       0.0000005513761497
     13.0130129       0.0000005428389504
     13.1131134       0.0000005344979252
     13.2132130       0.0000005263483126
     13.3133135       0.0000005183836935
     13.4134130       0.0000005105995338
     13.5135136       0.0000005029881496
     13.6136131       0.0000004955462878
     13.7137136       0.0000004882687835
     13.8138142       0.0000004811503564
     13.9139137       0.0000004741858166
     14.0140142       0.0000004673722596
     14.1141138       0.0000004607049558
     14.2142143       0.0000004541788894
     14.3143139       0.0000004477903095
     14.4144144       0.0000004415359394
     14.5145149       0.0000004354120671
     14.6146145       0.0000004294147283
     14.7147150       0.0000004235407312
     14.8148146       0.0000004177862938
     14.9149151       0.0000004121480284
     15.0150146       0.0000004066241592
     15.1151152       0.0000004012095861
     15.2152157       0.0000003959033604
     15.3153152       0.0000003907016149
     15.4154158       0.0000003856017109
     15.5155153       0.0000003806011920
     15.6156158       0.0000003756971599
     15.7157154       0.0000003708880660
     15.8158159       0.0000003661703566
     15.9159155       0.0000003615420992
     16.0160160       0.0000003570010471
     16.1161156       0.0000003525455890
     16.2162170       0.0000003481727483
     16.3163166       0.0000003438809768
     16.4164162       0.0000003396677175
     16.5165157       0.0000003355321885
     16.6166172       0.0000003314712935
     16.7167168       0.0000003274838335
     16.8168163       0.0000003235682104
     16.9169178       0.0000003197223859
     17.0170174       0.0000003159447595
     17.1171169       0.0000003122336321
     17.2172165       0.0000003085878491
     17.3173180       0.0000003050051537
     17.4174175       0.0000003014850073
     17.5175171       0.0000002980255870
     17.6176186       0.0000002946249322
     17.7177181       0.0000002912826262
     17.8178177       0.0000002879969506
     17.9179173       0.0000002847663528
     18.0180187       0.0000002815898394
     18.1181183       0.0000002784666207
     18.2182178       0.0000002753949143
     18.3183174       0.0000002723740430
     18.4184189       0.0000002694023344
     18.5185184       0.0000002664789535
     18.6186180       0.0000002636031028
     18.7187195       0.0000002607740246
     18.8188190       0.0000002579897811
     18.9189186       0.0000002552500430
     19.0190182       0.0000002525536579
     19.1191196       0.0000002499000910
     19.2192192       0.0000002472880980
     19.3193188       0.0000002447167074
     19.4194202       0.0000002421855095
     19.5195198       0.0000002396934320
     19.6196194       0.0000002372396370
     19.7197189       0.0000002348230820
     19.8198204       0.0000002324434016
     19.9199200       0.0000002301001232
     20.0200195       0.0000002277918310
     20.1201210       0.0000002255179754
     20.2202206       0.0000002232783518
     20.3203201       0.0000002210718152
     20.4204197       0.0000002188979212
     20.5205212       0.0000002167559973
     20.6206207       0.0000002146451700
     20.7207203       0.0000002125653612
     20.8208199       0.0000002105154057
     20.9209213       0.0000002084953038
     21.0210209       0.0000002065040857
     21.1211205       0.0000002045410534
     21.2212219       0.0000002026059872
     21.3213215       0.0000002006983843
     21.4214211       0.0000001988175123
     21.5215206       0.0000001969632875
     21.6216221       0.0000001951346671
     21.7217216       0.0000001933315116
     21.8218212       0.0000001915529218
     21.9219227       0.0000001897990912
     22.0220222       0.0000001880693995
     22.1221218       0.0000001863629996
     22.2222214       0.0000001846799376
     22.3223228       0.0000001830195138
     22.4224224       0.0000001813812634
     22.5225220       0.0000001797651280
     22.6226234       0.0000001781704538
     22.7227230       0.0000001765969014
     22.8228226       0.0000001750442088
     22.9229221       0.0000001735118365
     23.0230236       0.0000001719995033
     23.1231232       0.0000001705070594
     23.2232227       0.0000001690338819
     23.3233242       0.0000001675795652
     23.4234238       0.0000001661440283
     23.5235233       0.0000001647270842
     23.6236229       0.0000001633279875
     23.7237244       0.0000001619468593
     23.8238239       0.0000001605830418
     23.9239235       0.0000001592364290
     24.0240250       0.0000001579065289
     24.1241245       0.0000001565935513
     24.2242241       0.0000001552966277
     24.3243237       0.0000001540158947
     24.4244251       0.0000001527508446
     24.5245247       0.0000001515015130
     24.6246243       0.0000001502674449
     24.7247238       0.0000001490482594
     24.8248253       0.0000001478440705
     24.9249249       0.0000001466541811
     25.0250244       0.0000001454787638
     25.1251259       0.0000001443173984
     25.2252254       0.0000001431699812
     25.3253250       0.0000001420362069
     25.4254246       0.0000001409156238
     25.5255260       0.0000001398084969
     25.6256256       0.0000001387142454
     25.7257252       0.0000001376328804
     25.8258266       0.0000001365641444
     25.9259262       0.0000001355078053
     26.0260258       0.0000001344635799
     26.1261253       0.0000001334315946
     26.2262268       0.0000001324113057
     26.3263264       0.0000001314026150
     26.4264259       0.0000001304055394
     26.5265274       0.0000001294195988
     26.6266270       0.0000001284450892
     26.7267265       0.0000001274814297
     26.8268261       0.0000001265285773
     26.9269276       0.0000001255864117
     27.0270271       0.0000001246546422
     27.1271267       0.0000001237333032
     27.2272263       0.0000001228221112
     27.3273277       0.0000001219209840
     27.4274273       0.0000001210298056
     27.5275269       0.0000001201482737
     27.6276283       0.0000001192763152
     27.7277279       0.0000001184139292
     27.8278275       0.0000001175608185
     27.9279270       0.0000001167168542
     28.0280285       0.0000001158820624
     28.1281281       0.0000001150560383
     28.2282276       0.0000001142390846
     28.3283291       0.0000001134305225
     28.4284286       0.0000001126307307
     28.5285282       0.0000001118392378
     28.6286278       0.0000001110561650
     28.7287292       0.0000001102812205
     28.8288288       0.0000001095144113
     28.9289284       0.0000001087555687
     29.0290298       0.0000001080045441
     29.1291294       0.0000001072613332
     29.2292290       0.0000001065257597
     29.3293285       0.0000001057978222
     29.4294300       0.0000001050772549
     29.5295296       0.0000001043639599
     29.6296291       0.0000001036579532
     29.7297306       0.0000001029591038
     29.8298302       0.0000001022672371
     29.9299297       0.0000001015824158
     30.0300293       0.0000001009045139
     30.1301308       0.0000001002331565
     30.2302303       0.0000000995686961
     30.3303299       0.0000000989107103
     30.4304314       0.0000000982593283
     30.5305309       0.0000000976142883
     30.6306305       0.0000000969755696
     30.7307301       0.0000000963431883
     30.8308315       0.0000000957169110
     30.9309311       0.0000000950967252
     31.0310307       0.0000000944826124
     31.1311302       0.0000000938743589
     31.2312317       0.0000000932719952
     31.3313313       0.0000000926754619
     31.4314308       0.0000000920845336
     31.5315323       0.0000000914993093
     31.6316319       0.0000000909196595
     31.7317314       0.0000000903454191
     31.8318310       0.0000000897767492
     31.9319324       0.0000000892132248
     32.0320320       0.0000000886551529
     32.1321335       0.0000000881024053
     32.2322311       0.0000000875546238
     32.3323326       0.0000000870120302
     32.4324341       0.0000000864743841
     32.5325317       0.0000000859418133
     32.6326332       0.0000000854141075
     32.7327309       0.0000000848911929
     32.8328323       0.0000000843731084
     32.9329338       0.0000000838597547
     33.0330315       0.0000000833510675
     33.1331329       0.0000000828470208
     33.2332344       0.0000000823476405
     33.3333321       0.0000000818526473
     33.4334335       0.0000000813620825
     33.5335350       0.0000000808759603
     33.6336327       0.0000000803941360
     33.7337341       0.0000000799166237
     33.8338356       0.0000000794434281
     33.9339333       0.0000000789743478
     34.0340347       0.0000000785094201
     34.1341324       0.0000000780487307
     34.2342339       0.0000000775919092
     34.3343353       0.0000000771390665
     34.4344330       0.0000000766903117
     34.5345345       0.0000000762454026
     34.6346359       0.0000000758043432
     34.7347336       0.0000000753671986
     34.8348351       0.0000000749337105
     34.9349365       0.0000000745040017
     35.0350342       0.0000000740779795
     35.1351357       0.0000000736555999
     35.2352371       0.0000000732367575
     35.3353348       0.0000000728215807
     35.4354362       0.0000000724098945
     35.5355339       0.0000000720017174
     35.6356354       0.0000000715968902
     35.7357368       0.0000000711956086
     35.8358345       0.0000000707976262
     35.9359360       0.0000000704029490
     36.0360374       0.0000000700115606
     36.1361351       0.0000000696234542
     36.2362366       0.0000000692385963
     36.3363380       0.0000000688568526
     36.4364357       0.0000000684782771
     36.5365372       0.0000000681028214
     36.6366348       0.0000000677304680
     36.7367363       0.0000000673611984
     36.8368378       0.0000000669948874
     36.9369354       0.0000000666315829
     37.0370369       0.0000000662711435
     37.1371384       0.0000000659137385
     37.2372360       0.0000000655592149
     37.3373375       0.0000000652074144
     37.4374390       0.0000000648585558
     37.5375366       0.0000000645124925
     37.6376381       0.0000000641691018
     37.7377396       0.0000000638285032
     37.8378372       0.0000000634907206
     37.9379387       0.0000000631554196
     38.0380363       0.0000000628228870
     38.1381378       0.0000000624929512
     38.2382393       0.0000000621655893
     38.3383369       0.0000000618408151
     38.4384384       0.0000000615186241
     38.5385399       0.0000000611988881
     38.6386375       0.0000000608816041
     38.7387390       0.0000000605668820
     38.8388405       0.0000000602545037
     38.9389381       0.0000000599445558
     39.0390396       0.0000000596370317
     39.1391373       0.0000000593318124
     39.2392387       0.0000000590290378
     39.3393402       0.0000000587285111
     39.4394379       0.0000000584302471
     39.5395393       0.0000000581342564
     39.6396408       0.0000000578405180
     39.7397385       0.0000000575489733
     39.8398399       0.0000000572597587
     39.9399414       0.0000000569725850
     40.0400391       0.0000000566876524
     40.1401405       0.0000000564047537
     40.2402420       0.0000000561240643
     40.3403397       0.0000000558454224
     40.4404411       0.0000000555688265
     40.5405388       0.0000000552943262
     40.6406403       0.0000000550218329
     40.7407417       0.0000000547513675
     40.8408394       0.0000000544829270
     40.9409409       0.0000000542164067
     41.0410423       0.0000000539518369
     41.1411400       0.0000000536892253
     41.2412415       0.0000000534284608
     41.3413429       0.0000000531696765
     41.4414406       0.0000000529127439
     41.5415421       0.0000000526576276
     41.6416397       0.0000000524043720
     41.7417412       0.0000000521529907
     41.8418427       0.0000000519033521
     41.9419403       0.0000000516555073
     42.0420418       0.0000000514094969
     42.1421432       0.0000000511652000
     42.2422409       0.0000000509225931
     42.3423424       0.0000000506817897
     42.4424438       0.0000000504426306
     42.5425415       0.0000000502052172
     42.6426430       0.0000000499694301
     42.7427444       0.0000000497352975
     42.8428421       0.0000000495028666
     42.9429436       0.0000000492720057
     43.0430412       0.0000000490427303
     43.1431427       0.0000000488151183
     43.2432442       0.0000000485890504
     43.3433418       0.0000000483645834
     43.4434433       0.0000000481416493
     43.5435448       0.0000000479202543
     43.6436424       0.0000000477003945
     43.7437439       0.0000000474819855
     43.8438454       0.0000000472651526
     43.9439430       0.0000000470497591
     44.0440445       0.0000000468358619
     44.1441460       0.0000000466234162
     44.2442436       0.0000000464123722
     44.3443451       0.0000000462027746
     44.4444427       0.0000000459946750
     44.5445442       0.0000000457878963
     44.6446457       0.0000000455824775
     44.7447433       0.0000000453785254
     44.8448448       0.0000000451758994
     44.9449463       0.0000000449745881
     45.0450439       0.0000000447746871
     45.1451454       0.0000000445761440
     45.2452469       0.0000000443788204
     45.3453445       0.0000000441828676
     45.4454460       0.0000000439882081
     45.5455437       0.0000000437947881
     45.6456451       0.0000000436026644
     45.7457466       0.0000000434118401
     45.8458443       0.0000000432222105
     45.9459457       0.0000000430338727
     46.0460472       0.0000000428467264
     46.1461449       0.0000000426607983
     46.2462463       0.0000000424760868
     46.3463478       0.0000000422925746
     46.4464455       0.0000000421102705
     46.5465469       0.0000000419291170
     46.6466484       0.0000000417491239
     46.7467461       0.0000000415702997
     46.8468475       0.0000000413925846
     46.9469452       0.0000000412160829
     47.0470467       0.0000000410406752
     47.1471481       0.0000000408663737
     47.2472458       0.0000000406931687
     47.3473473       0.0000000405210871
     47.4474487       0.0000000403501086
     47.5475464       0.0000000401801750
     47.6476479       0.0000000400113486
     47.7477493       0.0000000398435413
     47.8478470       0.0000000396768076
     47.9479485       0.0000000395111139
     48.0480499       0.0000000393464743
     48.1481476       0.0000000391828813
     48.2482491       0.0000000390202590
     48.3483467       0.0000000388586578
     48.4484482       0.0000000386980833
     48.5485497       0.0000000385384881
     48.6486473       0.0000000383799038
     48.7487488       0.0000000382222700
     48.8488503       0.0000000380655896
     48.9489479       0.0000000379099058
     49.0490494       0.0000000377551335
     49.1491508       0.0000000376013023
     49.2492485       0.0000000374484883
     49.3493500       0.0000000372965395
     49.4494476       0.0000000371455385
     49.5495491       0.0000000369954718
     49.6496506       0.0000000368462090
     49.7497482       0.0000000366979548
     49.8498497       0.0000000365505685
     49.9499512       0.0000000364040548
     50.0500488       0.0000000362584494
     50.1501503       0.0000000361136778
     50.2502518       0.0000000359697827
     50.3503494       0.0000000358267665
     50.4504509       0.0000000356845799
     50.5505524       0.0000000355432646
     50.6506500       0.0000000354027452
     50.7507515       0.0000000352630903
     50.8508492       0.0000000351242742
     50.9509506       0.0000000349862467
     51.0510521       0.0000000348490386
     51.1511497       0.0000000347126384
     51.2512512       0.0000000345769944
     51.3513527       0.0000000344422021
     51.4514503       0.0000000343081818
     51.5515518       0.0000000341749592
     51.6516533       0.0000000340424952
     51.7517509       0.0000000339108005
     51.8518524       0.0000000337798613
     51.9519501       0.0000000336496762
     52.0520515       0.0000000335202276
     52.1521530       0.0000000333915405
     52.2522507       0.0000000332636233
     52.3523521       0.0000000331364379
     52.4524536       0.0000000330099337
     52.5525513       0.0000000328841637
     52.6526527       0.0000000327591317
     52.7527542       0.0000000326348433
     52.8528519       0.0000000325112246
     52.9529533       0.0000000323882729
     53.0530548       0.0000000322660878
     53.1531525       0.0000000321445370
     53.2532539       0.0000000320236927
     53.3533516       0.0000000319035463
     53.4534531       0.0000000317840226
     53.5535545       0.0000000316652142
     53.6536522       0.0000000315470591
     53.7537537       0.0000000314295954
     53.8538551       0.0000000313126982
     53.9539528       0.0000000311965388
     54.0540543       0.0000000310809920
     54.1541557       0.0000000309661058
     54.2542534       0.0000000308518211
     54.3543549       0.0000000307381900
     54.4544525       0.0000000306251986
     54.5545540       0.0000000305128250
     54.6546555       0.0000000304010141
     54.7547531       0.0000000302899036
     54.8548546       0.0000000301793531
     54.9549561       0.0000000300694101
     55.0550537       0.0000000299600473
     55.1551552       0.0000000298513047
     55.2552567       0.0000000297431429
     55.3553543       0.0000000296355870
     55.4554558       0.0000000295286027
     55.5555573       0.0000000294221865
     55.6556549       0.0000000293163625
     55.7557564       0.0000000292111100
     55.8558540       0.0000000291064031
     55.9559555       0.0000000290022817
     56.0560570       0.0000000288987088
     56.1561546       0.0000000287957153
     56.2562561       0.0000000286932179
     56.3563576       0.0000000285912696
     56.4564552       0.0000000284899170
     56.5565567       0.0000000283890368
     56.6566582       0.0000000282887594
     56.7567558       0.0000000281889669
     56.8568573       0.0000000280896953
     56.9569588       0.0000000279909823
     57.0570564       0.0000000278927559
     57.1571579       0.0000000277951078
     57.2572556       0.0000000276978888
     57.3573570       0.0000000276012119
     57.4574585       0.0000000275050480
     57.5575562       0.0000000274093926
     57.6576576       0.0000000273142431
     57.7577591       0.0000000272195566
     57.8578568       0.0000000271253631
     57.9579582       0.0000000270316839
     58.0580597       0.0000000269384769
     58.1581573       0.0000000268457629
     58.2582588       0.0000000267535232
     58.3583565       0.0000000266617241
     58.4584579       0.0000000265704236
     58.5585594       0.0000000264796023
     58.6586571       0.0000000263892158
     58.7587585       0.0000000262993278
     58.8588600       0.0000000262098907
     58.9589577       0.0000000261208623
     59.0590591       0.0000000260323478
     59.1591606       0.0000000259442578
     59.2592583       0.0000000258566160
     59.3593597       0.0000000257694036
     59.4594612       0.0000000256826548
     59.5595589       0.0000000255963234
     59.6596603       0.0000000255104460
     59.7597580       0.0000000254249983
     59.8598595       0.0000000253399495
     59.9599609       0.0000000252553683
     60.0600586       0.0000000251711893
     60.1601601       0.0000000250874290
     60.2602615       0.0000000250040904
     60.3603592       0.0000000249211691
     60.4604607       0.0000000248386467
     60.5605621       0.0000000247565473
     60.6606598       0.0000000246748602
     60.7607613       0.0000000245935528
     60.8608627       0.0000000245126471
     60.9609604       0.0000000244321783
     61.0610619       0.0000000243520612
     61.1611595       0.0000000242723747
     61.2612610       0.0000000241930641
     61.3613625       0.0000000241141489
     61.4614601       0.0000000240355854
     61.5615616       0.0000000239574181
     61.6616631       0.0000000238796552
     61.7617607       0.0000000238022594
     61.8618622       0.0000000237252306
     61.9619637       0.0000000236485771
     62.0620613       0.0000000235723118
     62.1621628       0.0000000234964208
     62.2622604       0.0000000234208344
     62.3623619       0.0000000233456895
     62.4624634       0.0000000232708502
     62.5625610       0.0000000231963991
     62.6626625       0.0000000231222781
     62.7627640       0.0000000230485626
     62.8628616       0.0000000229751472
     62.9629631       0.0000000229021090
     63.0630646       0.0000000228294105
     63.1631622       0.0000000227570766
     63.2632637       0.0000000226850541
     63.3633652       0.0000000226133901
     63.4634628       0.0000000225420597
     63.5635643       0.0000000224710780
     63.6636620       0.0000000224004116
     63.7637634       0.0000000223300847
     63.8638649       0.0000000222600853
     63.9639626       0.0000000221904239
     64.0640640       0.0000000221211141
     64.1641617       0.0000000220520965
     64.2642670       0.0000000219833806
     64.3643646       0.0000000219150202
     64.4644623       0.0000000218469812
     64.5645676       0.0000000217792436
     64.6646652       0.0000000217118133
     64.7647629       0.0000000216447219
     64.8648682       0.0000000215779167
     64.9649658       0.0000000215114368
     65.0650635       0.0000000214452553
     65.1651688       0.0000000213793628
     65.2652664       0.0000000213137980
     65.3653641       0.0000000212485374
     65.4654617       0.0000000211835587
     65.5655670       0.0000000211188832
     65.6656647       0.0000000210545105
     65.7657623       0.0000000209904338
     65.8658676       0.0000000209266207
     65.9659653       0.0000000208631275
     66.0660629       0.0000000207999223
     66.1661682       0.0000000207369997
     66.2662659       0.0000000206743433
     66.3663635       0.0000000206119977
     66.4664688       0.0000000205499293
     66.5665665       0.0000000204881155
     66.6666641       0.0000000204265936
     66.7667694       0.0000000203653563
     66.8668671       0.0000000203043787
     66.9669647       0.0000000202437126
     67.0670700       0.0000000201832778
     67.1671677       0.0000000201231305
     67.2672653       0.0000000200632607
     67.3673706       0.0000000200036324
     67.4674683       0.0000000199442964
     67.5675659       0.0000000198852129
     67.6676712       0.0000000198263914
     67.7677689       0.0000000197678158
     67.8678665       0.0000000197095012
     67.9679642       0.0000000196514629
     68.0680695       0.0000000195936679
     68.1681671       0.0000000195361429
     68.2682648       0.0000000194788612
     68.3683701       0.0000000194218308
     68.4684677       0.0000000193650439
     68.5685654       0.0000000193085082
     68.6686707       0.0000000192522405
     68.7687683       0.0000000191961903
     68.8688660       0.0000000191404004
     68.9689713       0.0000000190848431
     69.0690689       0.0000000190295432
     69.1691666       0.0000000189744638
     69.2692719       0.0000000189196387
     69.3693695       0.0000000188650475
     69.4694672       0.0000000188106814
     69.5695724       0.0000000187565479
     69.6696701       0.0000000187026744
     69.7697678       0.0000000186490185
     69.8698730       0.0000000185955843
     69.9699707       0.0000000185423754
     70.0700684       0.0000000184894377
     70.1701736       0.0000000184366815
     70.2702713       0.0000000183841532
     70.3703690       0.0000000183318622
     70.4704742       0.0000000182797789
     70.5705719       0.0000000182279503
     70.6706696       0.0000000181763136
     70.7707672       0.0000000181249078
     70.8708725       0.0000000180737168
     70.9709702       0.0000000180227379
     71.0710678       0.0000000179719756
     71.1711731       0.0000000179214315
     71.2712708       0.0000000178710955
     71.3713684       0.0000000178209839
     71.4714737       0.0000000177710779
     71.5715714       0.0000000177213778
     71.6716690       0.0000000176718839
     71.7717743       0.0000000176225886
     71.8718719       0.0000000175735032
     71.9719696       0.0000000175246392
     72.0720749       0.0000000174759692
     72.1721725       0.0000000174274960
     72.2722702       0.0000000173792394
     72.3723755       0.0000000173311577
     72.4724731       0.0000000172832972
     72.5725708       0.0000000172356279
     72.6726761       0.0000000171881480
     72.7727737       0.0000000171408630
     72.8728714       0.0000000170937881
     72.9729767       0.0000000170468971
     73.0730743       0.0000000170002014
     73.1731720       0.0000000169537035
     73.2732697       0.0000000169074066
     73.3733749       0.0000000168612664
     73.4734726       0.0000000168153264
     73.5735703       0.0000000167695915
     73.6736755       0.0000000167240234
     73.7737732       0.0000000166786299
     73.8738708       0.0000000166334463
     73.9739761       0.0000000165884471
     74.0740738       0.0000000165436289
     74.1741714       0.0000000164989778
     74.2742767       0.0000000164545095
     74.3743744       0.0000000164102366
     74.4744720       0.0000000163661298
     74.5745773       0.0000000163222006
     74.6746750       0.0000000162784370
     74.7747726       0.0000000162348687
     74.8748779       0.0000000161914784
     74.9749756       0.0000000161482452
     75.0750732       0.0000000161051895
     75.1751785       0.0000000160623102
     75.2752762       0.0000000160195968
     75.3753738       0.0000000159770384
     75.4754791       0.0000000159346844
     75.5755768       0.0000000158924788
     75.6756744       0.0000000158504300
     75.7757721       0.0000000158085671
     75.8758774       0.0000000157668752
     75.9759750       0.0000000157253401
     76.0760727       0.0000000156839659
     76.1761780       0.0000000156427400
     76.2762756       0.0000000156016925
     76.3763733       0.0000000155608051
     76.4764786       0.0000000155200780
     76.5765762       0.0000000154795151
     76.6766739       0.0000000154390958
     76.7767792       0.0000000153988470
     76.8768768       0.0000000153587599
     76.9769745       0.0000000153188341
     77.0770798       0.0000000152790417
     77.1771774       0.0000000152394140
     77.2772751       0.0000000151999546
     77.3773804       0.0000000151606187
     77.4774780       0.0000000151214512
     77.5775757       0.0000000150824297
     77.6776810       0.0000000150435704
     77.7777786       0.0000000150048420
     77.8778763       0.0000000149662876
     77.9779816       0.0000000149278745
     78.0780792       0.0000000148896162
     78.1781769       0.0000000148514914
     78.2782745       0.0000000148135097
     78.3783798       0.0000000147756687
     78.4784775       0.0000000147379794
     78.5785751       0.0000000147004496
     78.6786804       0.0000000146630605
     78.7787781       0.0000000146258051
     78.8788757       0.0000000145886881
     78.9789810       0.0000000145517118
     79.0790787       0.0000000145148778
     79.1791763       0.0000000144781870
     79.2792816       0.0000000144416367
     79.3793793       0.0000000144052202
     79.4794769       0.0000000143689444
     79.5795822       0.0000000143328032
     79.6796799       0.0000000142967852
     79.7797775       0.0000000142609260
     79.8798828       0.0000000142251898
     79.9799805       0.0000000141895792
     80.0800781       0.0000000141541151
     80.1801834       0.0000000141187757
     80.2802811       0.0000000140835775
     80.3803787       0.0000000140485115
     80.4804840       0.0000000140135662
     80.5805817       0.0000000139787621
     80.6806793       0.0000000139440945
     80.7807770       0.0000000139095367
     80.8808823       0.0000000138751173
     80.9809799       0.0000000138408145
     81.0810776       0.0000000138066400
     81.1811829       0.0000000137726088
     81.2812805       0.0000000137386928
     81.3813782       0.0000000137048984
     81.4814835       0.0000000136712361
     81.5815811       0.0000000136376954
     81.6816788       0.0000000136042719
     81.7817841       0.0000000135709672
     81.8818817       0.0000000135377893
     81.9819794       0.0000000135047383
     82.0820847       0.0000000134718199
     82.1821823       0.0000000134390065
     82.2822800       0.0000000134063104
     82.3823853       0.0000000133737397
     82.4824829       0.0000000133412846
     82.5825806       0.0000000133089453
     82.6826859       0.0000000132767297
     82.7827835       0.0000000132446322
     82.8828812       0.0000000132126465
     82.9829865       0.0000000131807797
     83.0830841       0.0000000131490248
     83.1831818       0.0000000131173786
     83.2832794       0.0000000130858467
     83.3833847       0.0000000130544384
     83.4834824       0.0000000130231466
     83.5835800       0.0000000129919465
     83.6836853       0.0000000129608901
     83.7837830       0.0000000129299154
     83.8838806       0.0000000128990703
     83.9839859       0.0000000128683278
     84.0840836       0.0000000128376841
     84.1841812       0.0000000128071699
     84.2842865       0.0000000127767629
     84.3843842       0.0000000127464517
     84.4844818       0.0000000127162455
     84.5845871       0.0000000126861608
     84.6846848       0.0000000126561788
     84.7847824       0.0000000126262979
     84.8848877       0.0000000125965152
     84.9849854       0.0000000125668524
     85.0850830       0.0000000125372870
     85.1851883       0.0000000125078308
     85.2852859       0.0000000124784803
     85.3853836       0.0000000124492227
     85.4854889       0.0000000124200824
     85.5855865       0.0000000123910306
     85.6856842       0.0000000123621012
     85.7857895       0.0000000123332497
     85.8858871       0.0000000123045017
     85.9859848       0.0000000122758597
     86.0860825       0.0000000122473121
     86.1861877       0.0000000122188747
     86.2862854       0.0000000121905376
     86.3863831       0.0000000121622873
     86.4864883       0.0000000121341276
     86.5865860       0.0000000121060862
     86.6866837       0.0000000120781411
     86.7867889       0.0000000120502783
     86.8868866       0.0000000120225166
     86.9869843       0.0000000119948553
     87.0870895       0.0000000119672864
     87.1871872       0.0000000119397997
     87.2872849       0.0000000119124225
     87.3873901       0.0000000118851386
     87.4874878       0.0000000118579637
     87.5875854       0.0000000118308537
     87.6876907       0.0000000118038595
     87.7877884       0.0000000117769400
     87.8878860       0.0000000117501240
     87.9879913       0.0000000117233901
     88.0880890       0.0000000116967421
     88.1881866       0.0000000116701978
     88.2882919       0.0000000116437497
     88.3883896       0.0000000116173822
     88.4884872       0.0000000115910985
     88.5885849       0.0000000115649087
     88.6886902       0.0000000115388128
     88.7887878       0.0000000115128023
     88.8888855       0.0000000114868764
     88.9889908       0.0000000114610349
     89.0890884       0.0000000114352859
     89.1891861       0.0000000114096293
     89.2892914       0.0000000113840416
     89.3893890       0.0000000113585579
     89.4894867       0.0000000113331487
     89.5895920       0.0000000113078404
     89.6896896       0.0000000112826065
     89.7897873       0.0000000112574525
     89.8898926       0.0000000112323932
     89.9899902       0.0000000112074060
     90.0900879       0.0000000111825043
     90.1901932       0.0000000111576878
     90.2902908       0.0000000111329466
     90.3903885       0.0000000111082915
     90.4904938       0.0000000110837277
     90.5905914       0.0000000110592379
     90.6906891       0.0000000110348272
     90.7907944       0.0000000110104963
     90.8908920       0.0000000109862484
     90.9909897       0.0000000109620804
     91.0910873       0.0000000109380036
     91.1911926       0.0000000109139930
     91.2912903       0.0000000108900631
     91.3913879       0.0000000108662131
     91.4914932       0.0000000108424331
     91.5915909       0.0000000108187381
     91.6916885       0.0000000107951318
     91.7917938       0.0000000107715801
     91.8918915       0.0000000107481288
     91.9919891       0.0000000107247403
     92.0920944       0.0000000107014283
     92.1921921       0.0000000106781954
     92.2922897       0.0000000106550385
     92.3923950       0.0000000106319568
     92.4924927       0.0000000106089494
     92.5925903       0.0000000105860165
     92.6926956       0.0000000105631588
     92.7927933       0.0000000105403746
     92.8928909       0.0000000105176607
     92.9929962       0.0000000104950230
     93.0930939       0.0000000104724590
     93.1931915       0.0000000104499686
     93.2932968       0.0000000104275402
     93.3933945       0.0000000104051955
     93.4934921       0.0000000103829213
     93.5935898       0.0000000103607199
     93.6936951       0.0000000103385874
     93.7937927       0.0000000103165228
     93.8938904       0.0000000102945297
     93.9939957       0.0000000102726087
     94.0940933       0.0000000102507606
     94.1941910       0.0000000102289731
     94.2942963       0.0000000102072564
     94.3943939       0.0000000101856150
     94.4944916       0.0000000101640360
     94.5945969       0.0000000101425317
     94.6946945       0.0000000101211028
     94.7947922       0.0000000100997226
     94.8948975       0.0000000100784212
     94.9949951       0.0000000100571864
     95.0950928       0.0000000100360309
     95.1951981       0.0000000100149187
     95.2952957       0.0000000099938883
     95.3953934       0.0000000099729205
     95.4954987       0.0000000099520201
     95.5955963       0.0000000099311752
     95.6956940       0.0000000099104106
     95.7957993       0.0000000098896989
     95.8958969       0.0000000098690617
     95.9959946       0.0000000098484762
     96.0960999       0.0000000098279581
     96.1961975       0.0000000098075201
     96.2962952       0.0000000097871352
     96.3963928       0.0000000097668106
     96.4964981       0.0000000097465510
     96.5965958       0.0000000097263581
     96.6966934       0.0000000097062256
     96.7967987       0.0000000096861510
     96.8968964       0.0000000096661391
     96.9969940       0.0000000096461915
     97.0970993       0.0000000096263126
     97.1971970       0.0000000096064874
     97.2972946       0.0000000095867216
     97.3973999       0.0000000095670177
     97.4974976       0.0000000095473888
     97.5975952       0.0000000095278017
     97.6977005       0.0000000095082780
     97.7977982       0.0000000094888171
     97.8978958       0.0000000094694241
     97.9980011       0.0000000094500799
     98.0980988       0.0000000094307975
     98.1981964       0.0000000094115771
     98.2983017       0.0000000093924116
     98.3983994       0.0000000093733040
     98.4984970       0.0000000093542562
     98.5986023       0.0000000093352736
     98.6987000       0.0000000093163416
     98.7987976       0.0000000092974670
     98.8988953       0.0000000092786509
     98.9990005       0.0000000092599022
     99.0990982       0.0000000092411990
     99.1991959       0.0000000092225429
     99.2993011       0.0000000092039613
     99.3993988       0.0000000091854277
     99.4994965       0.0000000091669502
     99.5996017       0.0000000091485259
     99.6996994       0.0000000091301505
     99.7997971       0.0000000091118494
     99.8999023       0.0000000090935821
    100.0000000       0.0000000090753821
