# x		H(x,a)
      0.0000000       1.0000000000000000
      0.1001001       0.9900299906730652
      0.2002002       0.9607124924659729
      0.3003003       0.9137664437294006
      0.4004004       0.8518707156181335
      0.5005005       0.7784109115600586
      0.6006006       0.6971734166145325
      0.7007007       0.6120254397392273
      0.8008008       0.5266169309616089
      0.9009009       0.4441368877887726
      1.0010010       0.3671554712112849
      1.1011012       0.2975097589572032
      1.2012012       0.2362993151592620
      1.3013012       0.1839633464508725
      1.4014014       0.1403809531773654
      1.5015016       0.1050017128134594
      1.6016016       0.0769841894722220
      1.7017016       0.0553263650195838
      1.8018018       0.0389763074337790
      1.9019020       0.0269169923286902
      2.0020020       0.0182237934073983
      2.1021020       0.0120971011228648
      2.2022023       0.0078744932007410
      2.3023024       0.0050277474917086
      2.4024024       0.0031499943589427
      2.5025024       0.0019378504194841
      2.6026025       0.0011718802012946
      2.7027028       0.0006979079492013
      2.8028028       0.0004105913192189
      2.9029028       0.0002398616084644
      3.0030031       0.0001403178150641
      3.1031032       0.0000832821032842
      3.2032032       0.0000510841530812
      3.3033032       0.0000330977738950
      3.4034033       0.0000230830943267
      3.5035036       0.0000174596652494
      3.6036036       0.0000142187449151
      3.7037036       0.0000122572005830
      3.8038039       0.0000109812742615
      3.9039040       0.0000100769252597
      4.0040040       0.0000093803121720
      4.1041040       0.0000088065497142
      4.2042041       0.0000083114604550
      4.3043041       0.0000078715258086
      4.4044046       0.0000074736581187
      4.5045047       0.0000071099872247
      4.6046047       0.0000067753402594
      4.7047048       0.0000064659862187
      4.8048048       0.0000061790339707
      4.9049048       0.0000059121136673
      5.0050049       0.0000056632184815
      5.1051049       0.0000054306203133
      5.2052050       0.0000052128189386
      5.3053055       0.0000050084922749
      5.4054055       0.0000048164692521
      5.5055056       0.0000046357219707
      5.6056056       0.0000044653330073
      5.7057056       0.0000043044612947
      5.8058057       0.0000041523873307
      5.9059057       0.0000040084432484
      6.0060062       0.0000038720225847
      6.1061063       0.0000037426019688
      6.2062063       0.0000036196816594
      6.3063064       0.0000035028181516
      6.4064064       0.0000033916032495
      6.5065064       0.0000032856702720
      6.6066065       0.0000031846783038
      6.7067065       0.0000030883174204
      6.8068066       0.0000029963021280
      6.9069071       0.0000029083650447
      7.0070071       0.0000028242663528
      7.1071072       0.0000027437873391
      7.2072072       0.0000026667134530
      7.3073072       0.0000025928497556
      7.4074073       0.0000025220282697
      7.5075073       0.0000024540713787
      7.6076078       0.0000023888319741
      7.7077079       0.0000023261628768
      7.8078079       0.0000022659308066
      7.9079080       0.0000022080085882
      8.0080080       0.0000021522803297
      8.1081085       0.0000020986374827
      8.2082081       0.0000020469737596
      8.3083086       0.0000019971947262
      8.4084082       0.0000019492088859
      8.5085087       0.0000019029284592
      8.6086082       0.0000018582793560
      8.7087088       0.0000018151806794
      8.8088093       0.0000017735622610
      8.9089088       0.0000017333576432
      9.0090094       0.0000016945029551
      9.1091089       0.0000016569403841
      9.2092094       0.0000016206106891
      9.3093090       0.0000015854605781
      9.4094095       0.0000015514411592
      9.5095091       0.0000015185044719
      9.6096096       0.0000014866056628
      9.7097101       0.0000014556992949
      9.8098097       0.0000014257454795
      9.9099102       0.0000013967077867
     10.0100098       0.0000013685449139
     10.1101103       0.0000013412239868
     10.2102098       0.0000013147149276
     10.3103104       0.0000012889822776
     10.4104099       0.0000012639985296
     10.5105104       0.0000012397319809
     10.6106110       0.0000012161585907
     10.7107105       0.0000011932500535
     10.8108110       0.0000011709814834
     10.9109106       0.0000011493304873
     11.0110111       0.0000011282746437
     11.1111107       0.0000011077916074
     11.2112112       0.0000010878615939
     11.3113117       0.0000010684647397
     11.4114113       0.0000010495818186
     11.5115118       0.0000010311943940
     11.6116114       0.0000010132850342
     11.7117119       0.0000009958396340
     11.8118114       0.0000009788404176
     11.9119120       0.0000009622723016
     12.0120125       0.0000009461220737
     12.1121120       0.0000009303738529
     12.2122126       0.0000009150173753
     12.3123121       0.0000009000371436
     12.4124126       0.0000008854216950
     12.5125122       0.0000008711597950
     12.6126127       0.0000008572395421
     12.7127123       0.0000008436505715
     12.8128128       0.0000008303827633
     12.9129133       0.0000008174251397
     13.0130129       0.0000008047684889
     13.1131134       0.0000007924029054
     13.2132130       0.0000007803209629
     13.3133135       0.0000007685131659
     13.4134130       0.0000007569730013
     13.5135136       0.0000007456889760
     13.6136131       0.0000007346563309
     13.7137136       0.0000007238672676
     13.8138142       0.0000007133140530
     13.9139137       0.0000007029889773
     14.0140142       0.0000006928878400
     14.1141138       0.0000006830033699
     14.2142143       0.0000006733283557
     14.3143139       0.0000006638572151
     14.4144144       0.0000006545850027
     14.5145149       0.0000006455062704
     14.6146145       0.0000006366150126
     14.7147150       0.0000006279068115
     14.8148146       0.0000006193756846
     14.9149151       0.0000006110169060
     15.0150146       0.0000006028276364
     15.1151152       0.0000005948004536
     15.2152157       0.0000005869338861
     15.3153152       0.0000005792221988
     15.4154158       0.0000005716615098
     15.5155153       0.0000005642481198
     15.6156158       0.0000005569778487
     15.7157154       0.0000005498482680
     15.8158159       0.0000005428541455
     15.9159155       0.0000005359926857
     16.0160160       0.0000005292605190
     16.1161156       0.0000005226551628
     16.2162170       0.0000005161723911
     16.3163166       0.0000005098097501
     16.4164162       0.0000005035634621
     16.5165157       0.0000004974324808
     16.6166172       0.0000004914121728
     16.7167168       0.0000004855006662
     16.8168163       0.0000004796957417
     16.9169178       0.0000004739941970
     17.0170174       0.0000004683937560
     17.1171169       0.0000004628920200
     17.2172165       0.0000004574870891
     17.3173180       0.0000004521756441
     17.4174175       0.0000004469569270
     17.5175171       0.0000004418283006
     17.6176186       0.0000004367867439
     17.7177181       0.0000004318317199
     17.8178177       0.0000004269606758
     17.9179173       0.0000004221712725
     18.0180187       0.0000004174619966
     18.1181183       0.0000004128317987
     18.2182178       0.0000004082779374
     18.3183174       0.0000004037994470
     18.4184189       0.0000003993937982
     18.5185184       0.0000003950598893
     18.6186180       0.0000003907963707
     18.7187195       0.0000003866021939
     18.8188190       0.0000003824744901
     18.9189186       0.0000003784127872
     19.0190182       0.0000003744153203
     19.1191196       0.0000003704813965
     19.2192192       0.0000003666090599
     19.3193188       0.0000003627969345
     19.4194202       0.0000003590443837
     19.5195198       0.0000003553498374
     19.6196194       0.0000003517120126
     19.7197189       0.0000003481294442
     19.8198204       0.0000003446015619
     19.9199200       0.0000003411275909
     20.0200195       0.0000003377054660
     20.1201210       0.0000003343344397
     20.2202206       0.0000003310141737
     20.3203201       0.0000003277429443
     20.4204197       0.0000003245201143
     20.5205212       0.0000003213446855
     20.6206207       0.0000003182153522
     20.7207203       0.0000003151319738
     20.8208199       0.0000003120928941
     20.9209213       0.0000003090980663
     21.0210209       0.0000003061460545
     21.1211205       0.0000003032358118
     21.2212219       0.0000003003670491
     21.3213215       0.0000002975389642
     21.4214211       0.0000002947505446
     21.5215206       0.0000002920016138
     21.6216221       0.0000002892906641
     21.7217216       0.0000002866174436
     21.8218212       0.0000002839806763
     21.9219227       0.0000002813805911
     22.0220222       0.0000002788162905
     22.1221218       0.0000002762865157
     22.2222214       0.0000002737913571
     22.3223228       0.0000002713297194
     22.4224224       0.0000002689009804
     22.5225220       0.0000002665050318
     22.6226234       0.0000002641409155
     22.7227230       0.0000002618080908
     22.8228226       0.0000002595062221
     22.9229221       0.0000002572344235
     23.0230236       0.0000002549923803
     23.1231232       0.0000002527797914
     23.2232227       0.0000002505957936
     23.3233242       0.0000002484397225
     23.4234238       0.0000002463115145
     23.5235233       0.0000002442108918
     23.6236229       0.0000002421366756
     23.7237244       0.0000002400891607
     23.8238239       0.0000002380672463
     23.9239235       0.0000002360708835
     24.0240250       0.0000002340992644
     24.1241245       0.0000002321527746
     24.2242241       0.0000002302300715
     24.3243237       0.0000002283313346
     24.4244251       0.0000002264558793
     24.5245247       0.0000002246037471
     24.6246243       0.0000002227741918
     24.7247238       0.0000002209667227
     24.8248253       0.0000002191814855
     24.9249249       0.0000002174174614
     25.0250244       0.0000002156749074
     25.1251259       0.0000002139531222
     25.2252254       0.0000002122521018
     25.3253250       0.0000002105712296
     25.4254246       0.0000002089099540
     25.5255260       0.0000002072686150
     25.6256256       0.0000002056463664
     25.7257252       0.0000002040432200
     25.8258266       0.0000002024588025
     25.9259262       0.0000002008927668
     26.0260258       0.0000001993446829
     26.1261253       0.0000001978147406
     26.2262268       0.0000001963021418
     26.3263264       0.0000001948067515
     26.4264259       0.0000001933285534
     26.5265274       0.0000001918669053
     26.6266270       0.0000001904221592
     26.7267265       0.0000001889935034
     26.8268261       0.0000001875809031
     26.9269276       0.0000001861841087
     27.0270271       0.0000001848027547
     27.1271267       0.0000001834368515
     27.2272263       0.0000001820860002
     27.3273277       0.0000001807500703
     27.4274273       0.0000001794288570
     27.5275269       0.0000001781219760
     27.6276283       0.0000001768292984
     27.7277279       0.0000001755508007
     27.8278275       0.0000001742860292
     27.9279270       0.0000001730348385
     28.0280285       0.0000001717972459
     28.1281281       0.0000001705726613
     28.2282276       0.0000001693615076
     28.3283291       0.0000001681627931
     28.4284286       0.0000001669770958
     28.5285282       0.0000001658036965
     28.6286278       0.0000001646427661
     28.7287292       0.0000001634939006
     28.8288288       0.0000001623570783
     28.9289284       0.0000001612320945
     29.0290298       0.0000001601186911
     29.1291294       0.0000001590168595
     29.2292290       0.0000001579263610
     29.3293285       0.0000001568471731
     29.4294300       0.0000001557789240
     29.5295296       0.0000001547214672
     29.6296291       0.0000001536747872
     29.7297306       0.0000001526387342
     29.8298302       0.0000001516130201
     29.9299297       0.0000001505977606
     30.0300293       0.0000001495927671
     30.1301308       0.0000001485974512
     30.2302303       0.0000001476123832
     30.3303299       0.0000001466369169
     30.4304314       0.0000001456712263
     30.5305309       0.0000001447149407
     30.6306305       0.0000001437680279
     30.7307301       0.0000001428305220
     30.8308315       0.0000001419020481
     30.9309311       0.0000001409826199
     31.0310307       0.0000001400721716
     31.1311302       0.0000001391704347
     31.2312317       0.0000001382774089
     31.3313313       0.0000001373930329
     31.4314308       0.0000001365169840
     31.5315323       0.0000001356493699
     31.6316319       0.0000001347900379
     31.7317314       0.0000001339387231
     31.8318310       0.0000001330956448
     31.9319324       0.0000001322602111
     32.0320320       0.0000001314328615
     32.1321335       0.0000001306134037
     32.2322311       0.0000001298013064
     32.3323326       0.0000001289969119
     32.4324341       0.0000001281998318
     32.5325317       0.0000001274102831
     32.6326332       0.0000001266279518
     32.7327309       0.0000001258527158
     32.8328323       0.0000001250846557
     32.9329338       0.0000001243235864
     33.0330315       0.0000001235694677
     33.1331329       0.0000001228221973
     33.2332344       0.0000001220818594
     33.3333321       0.0000001213480205
     33.4334335       0.0000001206207467
     33.5335350       0.0000001199000764
     33.6336327       0.0000001191857456
     33.7337341       0.0000001184778317
     33.8338356       0.0000001177763138
     33.9339333       0.0000001170808925
     34.0340347       0.0000001163916433
     34.1341324       0.0000001157086554
     34.2342339       0.0000001150314034
     34.3343353       0.0000001143600666
     34.4344330       0.0000001136947748
     34.5345345       0.0000001130351990
     34.6346359       0.0000001123813043
     34.7347336       0.0000001117332326
     34.8348351       0.0000001110905782
     34.9349365       0.0000001104535227
     35.0350342       0.0000001098219374
     35.1351357       0.0000001091957591
     35.2352371       0.0000001085748181
     35.3353348       0.0000001079593015
     35.4354362       0.0000001073489737
     35.5355339       0.0000001067438522
     35.6356354       0.0000001061436808
     35.7357368       0.0000001055487688
     35.8358345       0.0000001049587681
     35.9359360       0.0000001043736404
     36.0360374       0.0000001037934010
     36.1361351       0.0000001032180211
     36.2362366       0.0000001026474651
     36.3363380       0.0000001020815304
     36.4364357       0.0000001015202874
     36.5365372       0.0000001009636635
     36.6366348       0.0000001004116418
     36.7367363       0.0000000998641964
     36.8368378       0.0000000993211356
     36.9369354       0.0000000987825207
     37.0370369       0.0000000982481719
     37.1371384       0.0000000977183030
     37.2372360       0.0000000971927108
     37.3373375       0.0000000966711666
     37.4374390       0.0000000961539846
     37.5375366       0.0000000956409323
     37.6376381       0.0000000951318540
     37.7377396       0.0000000946269022
     37.8378372       0.0000000941261458
     37.9379387       0.0000000936290509
     38.0380363       0.0000000931360650
     38.1381378       0.0000000926469287
     38.2382393       0.0000000921616051
     38.3383369       0.0000000916801298
     38.4384384       0.0000000912024646
     38.5385399       0.0000000907284620
     38.6386375       0.0000000902580742
     38.7387390       0.0000000897915002
     38.8388405       0.0000000893283826
     38.9389381       0.0000000888688898
     39.0390396       0.0000000884129769
     39.1391373       0.0000000879604831
     39.2392387       0.0000000875116053
     39.3393402       0.0000000870660737
     39.4394379       0.0000000866239003
     39.5395393       0.0000000861850789
     39.6396408       0.0000000857496084
     39.7397385       0.0000000853173896
     39.8398399       0.0000000848886364
     39.9399414       0.0000000844628860
     40.0400391       0.0000000840404594
     40.1401405       0.0000000836210641
     40.2402420       0.0000000832049291
     40.3403397       0.0000000827918485
     40.4404411       0.0000000823817883
     40.5405388       0.0000000819748313
     40.6406403       0.0000000815708640
     40.7407417       0.0000000811698892
     40.8408394       0.0000000807719211
     40.9409409       0.0000000803768005
     41.0410423       0.0000000799845724
     41.1411400       0.0000000795952352
     41.2412415       0.0000000792086548
     41.3413429       0.0000000788250066
     41.4414406       0.0000000784440909
     41.5415421       0.0000000780658881
     41.6416397       0.0000000776904273
     41.7417412       0.0000000773177434
     41.8418427       0.0000000769476627
     41.9419403       0.0000000765802206
     42.0420418       0.0000000762155046
     42.1421432       0.0000000758533322
     42.2422409       0.0000000754936606
     42.3423424       0.0000000751366653
     42.4424438       0.0000000747821147
     42.5425415       0.0000000744301406
     42.6426430       0.0000000740805744
     42.7427444       0.0000000737334736
     42.8428421       0.0000000733888905
     42.9429436       0.0000000730466408
     43.0430412       0.0000000727067299
     43.1431427       0.0000000723692961
     43.2432442       0.0000000720341425
     43.3433418       0.0000000717013715
     43.4434433       0.0000000713708601
     43.5435448       0.0000000710426426
     43.6436424       0.0000000707166953
     43.7437439       0.0000000703929025
     43.8438454       0.0000000700714431
     43.9439430       0.0000000697521148
     44.0440445       0.0000000694350091
     44.1441460       0.0000000691200531
     44.2442436       0.0000000688071791
     44.3443451       0.0000000684964437
     44.4444427       0.0000000681879373
     44.5445442       0.0000000678813844
     44.6446457       0.0000000675768459
     44.7447433       0.0000000672744785
     44.8448448       0.0000000669740826
     44.9449463       0.0000000666756364
     45.0450439       0.0000000663792769
     45.1451454       0.0000000660849325
     45.2452469       0.0000000657924023
     45.3453445       0.0000000655018950
     45.4454460       0.0000000652133138
     45.5455437       0.0000000649265652
     45.6456451       0.0000000646417313
     45.7457466       0.0000000643588370
     45.8458443       0.0000000640777048
     45.9459457       0.0000000637984912
     46.0460472       0.0000000635210469
     46.1461449       0.0000000632454010
     46.2462463       0.0000000629715630
     46.3463478       0.0000000626995008
     46.4464455       0.0000000624292306
     46.5465469       0.0000000621606729
     46.6466484       0.0000000618938220
     46.7467461       0.0000000616287168
     46.8468475       0.0000000613652498
     46.9469452       0.0000000611035926
     47.0470467       0.0000000608435367
     47.1471481       0.0000000605851359
     47.2472458       0.0000000603283570
     47.3473473       0.0000000600732459
     47.4474487       0.0000000598197646
     47.5475464       0.0000000595678391
     47.6476479       0.0000000593175415
     47.7477493       0.0000000590687703
     47.8478470       0.0000000588215830
     47.9479485       0.0000000585759450
     48.0480499       0.0000000583318572
     48.1481476       0.0000000580893281
     48.2482491       0.0000000578482375
     48.3483467       0.0000000576086632
     48.4484482       0.0000000573706052
     48.5485497       0.0000000571340042
     48.6486473       0.0000000568989008
     48.7487488       0.0000000566652097
     48.8488503       0.0000000564329212
     48.9489479       0.0000000562021211
     49.0490494       0.0000000559726626
     49.1491508       0.0000000557446113
     49.2492485       0.0000000555180631
     49.3493500       0.0000000552927922
     49.4494476       0.0000000550689318
     49.5495491       0.0000000548464477
     49.6496506       0.0000000546251683
     49.7497482       0.0000000544053833
     49.8498497       0.0000000541868787
     49.9499512       0.0000000539696666
     50.0500488       0.0000000537538071
     50.1501503       0.0000000535391712
     50.2502518       0.0000000533258529
     50.3503494       0.0000000531138267
     50.4504509       0.0000000529030359
     50.5505524       0.0000000526935316
     50.6506500       0.0000000524852127
     50.7507515       0.0000000522781682
     50.8508492       0.0000000520723696
     50.9509506       0.0000000518677389
     51.0510521       0.0000000516643326
     51.1511497       0.0000000514621166
     51.2512512       0.0000000512610171
     51.3513527       0.0000000510611848
     51.4514503       0.0000000508625002
     51.5515518       0.0000000506649901
     51.6516533       0.0000000504686152
     51.7517509       0.0000000502733697
     51.8518524       0.0000000500792559
     51.9519501       0.0000000498862533
     52.0520515       0.0000000496943402
     52.1521530       0.0000000495035615
     52.2522507       0.0000000493139232
     52.3523521       0.0000000491253641
     52.4524536       0.0000000489378167
     52.5525513       0.0000000487513678
     52.6526527       0.0000000485660036
     52.7527542       0.0000000483817435
     52.8528519       0.0000000481984748
     52.9529533       0.0000000480161963
     53.0530548       0.0000000478350557
     53.1531525       0.0000000476548569
     53.2532539       0.0000000474756987
     53.3533516       0.0000000472975812
     53.4534531       0.0000000471203859
     53.5535545       0.0000000469442507
     53.6536522       0.0000000467690834
     53.7537537       0.0000000465949417
     53.8538551       0.0000000464216404
     53.9539528       0.0000000462494321
     54.0540543       0.0000000460781293
     54.1541557       0.0000000459078079
     54.2542534       0.0000000457383769
     54.3543549       0.0000000455699244
     54.4544525       0.0000000454024066
     54.5545540       0.0000000452358140
     54.6546555       0.0000000450700539
     54.7547531       0.0000000449053307
     54.8548546       0.0000000447414376
     54.9549561       0.0000000445784417
     55.0550537       0.0000000444163102
     55.1551552       0.0000000442550978
     55.2552567       0.0000000440947460
     55.3553543       0.0000000439352950
     55.4554558       0.0000000437766860
     55.5555573       0.0000000436189234
     55.6556549       0.0000000434620331
     55.7557564       0.0000000433059972
     55.8558540       0.0000000431507675
     55.9559555       0.0000000429964064
     56.0560570       0.0000000428428573
     56.1561546       0.0000000426901647
     56.2562561       0.0000000425382155
     56.3563576       0.0000000423870699
     56.4564552       0.0000000422368137
     56.5565567       0.0000000420872581
     56.6566582       0.0000000419385962
     56.7567558       0.0000000417906470
     56.8568573       0.0000000416434776
     56.9569588       0.0000000414971378
     57.0570564       0.0000000413515163
     57.1571579       0.0000000412067486
     57.2572556       0.0000000410626168
     57.3573570       0.0000000409192912
     57.4574585       0.0000000407767274
     57.5575562       0.0000000406349187
     57.6576576       0.0000000404938544
     57.7577591       0.0000000403534839
     57.8578568       0.0000000402138388
     57.9579582       0.0000000400749570
     58.0580597       0.0000000399367805
     58.1581573       0.0000000397993312
     58.2582588       0.0000000396625792
     58.3583565       0.0000000395264858
     58.4584579       0.0000000393911272
     58.5585594       0.0000000392564874
     58.6586571       0.0000000391224913
     58.7587585       0.0000000389892295
     58.8588600       0.0000000388566334
     58.9589577       0.0000000387246483
     59.0590591       0.0000000385934211
     59.1591606       0.0000000384628289
     59.2592583       0.0000000383328999
     59.3593597       0.0000000382036064
     59.4594612       0.0000000380749996
     59.5595589       0.0000000379470076
     59.6596603       0.0000000378196984
     59.7597580       0.0000000376930184
     59.8598595       0.0000000375669351
     59.9599609       0.0000000374415398
     60.0600586       0.0000000373167445
     60.1601601       0.0000000371925655
     60.2602615       0.0000000370690145
     60.3603592       0.0000000369460808
     60.4604607       0.0000000368237426
     60.5605621       0.0000000367020293
     60.6606598       0.0000000365809251
     60.7607613       0.0000000364603847
     60.8608627       0.0000000363404390
     60.9609604       0.0000000362211466
     61.0610619       0.0000000361023669
     61.1611595       0.0000000359842309
     61.2612610       0.0000000358666566
     61.3613625       0.0000000357496616
     61.4614601       0.0000000356331914
     61.5615616       0.0000000355173052
     61.6616631       0.0000000354020200
     61.7617607       0.0000000352872824
     61.8618622       0.0000000351730844
     61.9619637       0.0000000350594441
     62.0620613       0.0000000349463781
     62.1621628       0.0000000348338655
     62.2622604       0.0000000347218064
     62.3623619       0.0000000346104058
     62.4624634       0.0000000344994528
     62.5625610       0.0000000343890803
     62.6626625       0.0000000342791962
     62.7627640       0.0000000341699095
     62.8628616       0.0000000340610717
     62.9629631       0.0000000339527927
     63.0630646       0.0000000338450126
     63.1631622       0.0000000337377785
     63.2632637       0.0000000336310027
     63.3633652       0.0000000335247588
     63.4634628       0.0000000334190101
     63.5635643       0.0000000333137810
     63.6636620       0.0000000332090167
     63.7637634       0.0000000331047545
     63.8638649       0.0000000330009783
     63.9639626       0.0000000328977042
     64.0640640       0.0000000327949509
     64.1641617       0.0000000326926303
     64.2642670       0.0000000325907554
     64.3643646       0.0000000324894158
     64.4644623       0.0000000323885416
     64.5645676       0.0000000322881208
     64.6646652       0.0000000321881540
     64.7647629       0.0000000320886888
     64.8648682       0.0000000319896543
     64.9649658       0.0000000318910934
     65.0650635       0.0000000317929787
     65.1651688       0.0000000316952916
     65.2652664       0.0000000315980932
     65.3653641       0.0000000315013418
     65.4654617       0.0000000314050081
     65.5655670       0.0000000313091259
     65.6656647       0.0000000312136879
     65.7657623       0.0000000311186976
     65.8658676       0.0000000310240954
     65.9659653       0.0000000309299609
     66.0660629       0.0000000308362586
     66.1661682       0.0000000307429784
     66.2662659       0.0000000306500865
     66.3663635       0.0000000305576578
     66.4664688       0.0000000304656395
     66.5665665       0.0000000303739998
     66.6666641       0.0000000302827946
     66.7667694       0.0000000301920106
     66.8668671       0.0000000301016065
     66.9669647       0.0000000300116704
     67.0670700       0.0000000299220743
     67.1671677       0.0000000298329043
     67.2672653       0.0000000297441467
     67.3673706       0.0000000296557455
     67.4674683       0.0000000295677784
     67.5675659       0.0000000294801902
     67.6676712       0.0000000293929825
     67.7677689       0.0000000293061448
     67.8678665       0.0000000292196924
     67.9679642       0.0000000291336518
     68.0680695       0.0000000290479654
     68.1681671       0.0000000289626861
     68.2682648       0.0000000288777642
     68.3683701       0.0000000287932168
     68.4684677       0.0000000287090270
     68.5685654       0.0000000286252087
     68.6686707       0.0000000285417934
     68.7687683       0.0000000284586948
     68.8688660       0.0000000283759887
     68.9689713       0.0000000282936247
     69.0690689       0.0000000282116426
     69.1691666       0.0000000281299862
     69.2692719       0.0000000280487047
     69.3693695       0.0000000279677703
     69.4694672       0.0000000278871753
     69.5695724       0.0000000278069237
     69.6696701       0.0000000277270515
     69.7697678       0.0000000276475108
     69.8698730       0.0000000275682894
     69.9699707       0.0000000274894077
     70.0700684       0.0000000274109241
     70.1701736       0.0000000273327167
     70.2702713       0.0000000272548404
     70.3703690       0.0000000271773190
     70.4704742       0.0000000271001015
     70.5705719       0.0000000270232648
     70.6706696       0.0000000269467124
     70.7707672       0.0000000268705024
     70.8708725       0.0000000267946123
     70.9709702       0.0000000267190327
     71.0710678       0.0000000266437794
     71.1711731       0.0000000265688464
     71.2712708       0.0000000264942208
     71.3713684       0.0000000264199311
     71.4714737       0.0000000263459427
     71.5715714       0.0000000262722633
     71.6716690       0.0000000261988869
     71.7717743       0.0000000261258056
     71.8718719       0.0000000260530351
     71.9719696       0.0000000259805925
     72.0720749       0.0000000259084403
     72.1721725       0.0000000258365788
     72.2722702       0.0000000257650355
     72.3723755       0.0000000256937567
     72.4724731       0.0000000256227992
     72.5725708       0.0000000255521278
     72.6726761       0.0000000254817391
     72.7727737       0.0000000254116397
     72.8728714       0.0000000253418489
     72.9729767       0.0000000252723302
     73.0730743       0.0000000252031067
     73.1731720       0.0000000251341691
     73.2732697       0.0000000250655366
     73.3733749       0.0000000249971310
     73.4734726       0.0000000249290250
     73.5735703       0.0000000248612224
     73.6736755       0.0000000247936677
     73.7737732       0.0000000247263691
     73.8738708       0.0000000246593842
     73.9739761       0.0000000245926734
     74.0740738       0.0000000245262273
     74.1741714       0.0000000244600327
     74.2742767       0.0000000243941076
     74.3743744       0.0000000243284723
     74.4744720       0.0000000242630832
     74.5745773       0.0000000241979565
     74.6746750       0.0000000241330755
     74.7747726       0.0000000240684869
     74.8748779       0.0000000240041592
     74.9749756       0.0000000239400648
     75.0750732       0.0000000238762345
     75.1751785       0.0000000238126641
     75.2752762       0.0000000237493385
     75.3753738       0.0000000236862466
     75.4754791       0.0000000236234568
     75.5755768       0.0000000235608876
     75.6756744       0.0000000234985476
     75.7757721       0.0000000234364868
     75.8758774       0.0000000233746793
     75.9759750       0.0000000233131009
     76.0760727       0.0000000232517632
     76.1761780       0.0000000231906427
     76.2762756       0.0000000231297895
     76.3763733       0.0000000230691742
     76.4764786       0.0000000230087977
     76.5765762       0.0000000229486619
     76.6766739       0.0000000228887389
     76.7767792       0.0000000228290689
     76.8768768       0.0000000227696367
     76.9769745       0.0000000227104496
     77.0770798       0.0000000226514537
     77.1771774       0.0000000225927060
     77.2772751       0.0000000225342083
     77.3773804       0.0000000224758924
     77.4774780       0.0000000224178250
     77.5775757       0.0000000223599720
     77.6776810       0.0000000223023653
     77.7777786       0.0000000222449488
     77.8778763       0.0000000221877907
     77.9779816       0.0000000221308439
     78.0780792       0.0000000220741237
     78.1781769       0.0000000220176041
     78.2782745       0.0000000219612959
     78.3783798       0.0000000219051959
     78.4784775       0.0000000218493209
     78.5785751       0.0000000217936825
     78.6786804       0.0000000217382504
     78.7787781       0.0000000216830193
     78.8788757       0.0000000216279948
     78.9789810       0.0000000215731752
     79.0790787       0.0000000215185699
     79.1791763       0.0000000214641738
     79.2792816       0.0000000214099853
     79.3793793       0.0000000213559992
     79.4794769       0.0000000213022195
     79.5795822       0.0000000212486384
     79.6796799       0.0000000211952416
     79.7797775       0.0000000211420788
     79.8798828       0.0000000210890998
     79.9799805       0.0000000210363072
     80.0800781       0.0000000209837301
     80.1801834       0.0000000209313386
     80.2802811       0.0000000208791572
     80.3803787       0.0000000208271726
     80.4804840       0.0000000207753644
     80.5805817       0.0000000207237679
     80.6806793       0.0000000206723737
     80.7807770       0.0000000206211391
     80.8808823       0.0000000205701119
     80.9809799       0.0000000205192574
     81.0810776       0.0000000204685923
     81.1811829       0.0000000204181411
     81.2812805       0.0000000203678596
     81.3813782       0.0000000203177592
     81.4814835       0.0000000202678534
     81.5815811       0.0000000202181303
     81.6816788       0.0000000201685760
     81.7817841       0.0000000201192046
     81.8818817       0.0000000200700164
     81.9819794       0.0000000200210192
     82.0820847       0.0000000199722151
     82.1821823       0.0000000199235682
     82.2822800       0.0000000198750965
     82.3823853       0.0000000198268111
     82.4824829       0.0000000197786946
     82.5825806       0.0000000197307517
     82.6826859       0.0000000196829920
     82.7827835       0.0000000196354078
     82.8828812       0.0000000195879875
     82.9829865       0.0000000195407440
     83.0830841       0.0000000194936664
     83.1831818       0.0000000194467500
     83.2832794       0.0000000194000047
     83.3833847       0.0000000193534402
     83.4834824       0.0000000193070494
     83.5835800       0.0000000192607952
     83.6836853       0.0000000192147533
     83.7837830       0.0000000191688325
     83.8838806       0.0000000191231035
     83.9839859       0.0000000190775296
     84.0840836       0.0000000190320975
     84.1841812       0.0000000189868598
     84.2842865       0.0000000189417816
     84.3843842       0.0000000188968454
     84.4844818       0.0000000188520641
     84.5845871       0.0000000188074616
     84.6846848       0.0000000187630133
     84.7847824       0.0000000187187152
     84.8848877       0.0000000186745600
     84.9849854       0.0000000186305843
     85.0850830       0.0000000185867542
     85.1851883       0.0000000185430837
     85.2852859       0.0000000184995724
     85.3853836       0.0000000184561972
     85.4854889       0.0000000184129951
     85.5855865       0.0000000183699263
     85.6856842       0.0000000183270370
     85.7857895       0.0000000182842655
     85.8858871       0.0000000182416449
     85.9859848       0.0000000181991828
     86.0860825       0.0000000181568611
     86.1861877       0.0000000181147020
     86.2862854       0.0000000180726904
     86.3863831       0.0000000180308113
     86.4864883       0.0000000179890618
     86.5865860       0.0000000179474896
     86.6866837       0.0000000179060633
     86.7867889       0.0000000178647541
     86.8868866       0.0000000178235988
     86.9869843       0.0000000177825877
     87.0870895       0.0000000177417180
     87.1871872       0.0000000177009664
     87.2872849       0.0000000176603817
     87.3873901       0.0000000176199331
     87.4874878       0.0000000175796449
     87.5875854       0.0000000175394529
     87.6876907       0.0000000174994338
     87.7877884       0.0000000174595257
     87.8878860       0.0000000174197706
     87.9879913       0.0000000173801371
     88.0880890       0.0000000173406306
     88.1881866       0.0000000173012779
     88.2882919       0.0000000172620690
     88.3883896       0.0000000172229789
     88.4884872       0.0000000171840120
     88.5885849       0.0000000171451865
     88.6886902       0.0000000171064985
     88.7887878       0.0000000170679360
     88.8888855       0.0000000170295019
     88.9889908       0.0000000169911906
     89.0890884       0.0000000169530180
     89.1891861       0.0000000169149803
     89.2892914       0.0000000168770468
     89.3893890       0.0000000168392669
     89.4894867       0.0000000168015983
     89.5895920       0.0000000167640759
     89.6896896       0.0000000167266690
     89.7897873       0.0000000166893756
     89.8898926       0.0000000166522257
     89.9899902       0.0000000166151819
     90.0900879       0.0000000165782634
     90.1901932       0.0000000165414735
     90.2902908       0.0000000165047940
     90.3903885       0.0000000164682420
     90.4904938       0.0000000164318264
     90.5905914       0.0000000163955203
     90.6906891       0.0000000163593301
     90.7907944       0.0000000163232606
     90.8908920       0.0000000162873126
     90.9909897       0.0000000162514827
     91.0910873       0.0000000162157873
     91.1911926       0.0000000161801907
     91.2912903       0.0000000161447147
     91.3913879       0.0000000161093562
     91.4914932       0.0000000160741028
     91.5915909       0.0000000160389746
     91.6916885       0.0000000160039776
     91.7917938       0.0000000159690627
     91.8918915       0.0000000159342959
     91.9919891       0.0000000158996215
     92.0920944       0.0000000158650603
     92.1921921       0.0000000158306181
     92.2922897       0.0000000157962871
     92.3923950       0.0000000157620673
     92.4924927       0.0000000157279588
     92.5925903       0.0000000156939614
     92.6926956       0.0000000156600722
     92.7927933       0.0000000156262957
     92.8928909       0.0000000155926230
     92.9929962       0.0000000155590611
     93.0930939       0.0000000155256104
     93.1931915       0.0000000154922678
     93.2932968       0.0000000154590154
     93.3933945       0.0000000154258890
     93.4934921       0.0000000153928691
     93.5935898       0.0000000153599526
     93.6936951       0.0000000153271410
     93.7937927       0.0000000152944318
     93.8938904       0.0000000152618251
     93.9939957       0.0000000152293269
     94.0940933       0.0000000151969383
     94.1941910       0.0000000151646354
     94.2942963       0.0000000151324417
     94.3943939       0.0000000151003601
     94.4944916       0.0000000150683676
     94.5945969       0.0000000150364850
     94.6946945       0.0000000150047161
     94.7947922       0.0000000149730204
     94.8948975       0.0000000149414401
     94.9949951       0.0000000149099600
     95.0950928       0.0000000148785976
     95.1951981       0.0000000148472984
     95.2952957       0.0000000148161192
     95.3953934       0.0000000147850332
     95.4954987       0.0000000147540482
     95.5955963       0.0000000147231471
     95.6956940       0.0000000146923626
     95.7957993       0.0000000146616581
     95.8958969       0.0000000146310633
     95.9959946       0.0000000146005446
     96.0960999       0.0000000145701270
     96.1961975       0.0000000145398265
     96.2962952       0.0000000145096054
     96.3963928       0.0000000144794730
     96.4964981       0.0000000144494368
     96.5965958       0.0000000144195009
     96.6966934       0.0000000143896550
     96.7967987       0.0000000143598940
     96.8968964       0.0000000143302255
     96.9969940       0.0000000143006526
     97.0970993       0.0000000142711811
     97.1971970       0.0000000142417907
     97.2972946       0.0000000142124889
     97.3973999       0.0000000141832765
     97.4974976       0.0000000141541760
     97.5975952       0.0000000141251386
     97.6977005       0.0000000140961957
     97.7977982       0.0000000140673437
     97.8978958       0.0000000140385921
     97.9980011       0.0000000140099141
     98.0980988       0.0000000139813271
     98.1981964       0.0000000139528336
     98.2983017       0.0000000139244189
     98.3983994       0.0000000138960920
     98.4984970       0.0000000138678536
     98.5986023       0.0000000138397108
     98.6987000       0.0000000138116456
     98.7987976       0.0000000137836627
     98.8988953       0.0000000137557652
     98.9990005       0.0000000137279705
     99.0990982       0.0000000137002439
     99.1991959       0.0000000136725864
     99.2993011       0.0000000136450390
     99.3993988       0.0000000136175608
     99.4994965       0.0000000135901680
     99.5996017       0.0000000135628552
     99.6996994       0.0000000135356117
     99.7997971       0.0000000135084811
     99.8999023       0.0000000134813991
    100.0000000       0.0000000134544170
