# x		H(x,a)
      0.0000000       1.0000000000000000
      0.1001001       0.9900299906730652
      0.2002002       0.9607124924659729
      0.3003003       0.9137664437294006
      0.4004004       0.8518707156181335
      0.5005005       0.7784109115600586
      0.6006006       0.6971734166145325
      0.7007007       0.6120254397392273
      0.8008008       0.5266169309616089
      0.9009009       0.4441368877887726
      1.0010010       0.3671534874023802
      1.1011012       0.2975041431286344
      1.2012012       0.2362904976741486
      1.3013012       0.1839523405653643
      1.4014014       0.1403687878228880
      1.5015016       0.1049892202214950
      1.6016016       0.0769719602928234
      1.7017016       0.0553147738941790
      1.8018018       0.0389655608674419
      1.9019020       0.0269071771412447
      2.0020020       0.0182149172470787
      2.1021020       0.0120891232666420
      2.2022023       0.0078673463706258
      2.3023024       0.0050213524941052
      2.4024024       0.0031442694029859
      2.5025024       0.0019327166510728
      2.6026025       0.0011672647066562
      2.7027028       0.0006937451211476
      2.8028028       0.0004068231875924
      2.9029028       0.0002364375811984
      3.0030031       0.0001371941212066
      3.1031032       0.0000804210682685
      3.2032032       0.0000484534593621
      3.3033032       0.0000306697436717
      3.4034033       0.0000208340264195
      3.5035036       0.0000153692519750
      3.6036036       0.0000122695515950
      3.7037036       0.0000104342305024
      3.8038039       0.0000092715857806
      3.9039040       0.0000084693175719
      4.0040040       0.0000078650586072
      4.1041040       0.0000073751678487
      4.2042041       0.0000069565246434
      4.3043041       0.0000065865163825
      4.4044046       0.0000062528203257
      4.5045047       0.0000059482221110
      4.6046047       0.0000056681173917
      4.7047048       0.0000054092613736
      4.8048048       0.0000051691820799
      4.9049048       0.0000049458769770
      5.0050049       0.0000047376557377
      5.1051049       0.0000045430709460
      5.2052050       0.0000043608649262
      5.3053055       0.0000041899322157
      5.4054055       0.0000040292921287
      5.5055056       0.0000038780851903
      5.6056056       0.0000037355436088
      5.7057056       0.0000036009641993
      5.8058057       0.0000034737444159
      5.9059057       0.0000033533257320
      6.0060062       0.0000032392008324
      6.1061063       0.0000031309317919
      6.2062063       0.0000030281012247
      6.3063064       0.0000029303368575
      6.4064064       0.0000028372985620
      6.5065064       0.0000027486786419
      6.6066065       0.0000026641921413
      6.7067065       0.0000025835799260
      6.8068066       0.0000025066034741
      6.9069071       0.0000024330377808
      7.0070071       0.0000023626840778
      7.1071072       0.0000022953581850
      7.2072072       0.0000022308807543
      7.3073072       0.0000021690888389
      7.4074073       0.0000021098421028
      7.5075073       0.0000020529916007
      7.6076078       0.0000019984146426
      7.7077079       0.0000019459878902
      7.8078079       0.0000018955996685
      7.9079080       0.0000018471440741
      8.0080080       0.0000018005237785
      8.1081085       0.0000017556478311
      8.2082081       0.0000017124278052
      8.3083086       0.0000016707843109
      8.4084082       0.0000016306410822
      8.5085087       0.0000015919244535
      8.6086082       0.0000015545725714
      8.7087088       0.0000015185176181
      8.8088093       0.0000014837010216
      8.9089088       0.0000014500673654
      9.0090094       0.0000014175628292
      9.1091089       0.0000013861392637
      9.2092094       0.0000013557470874
      9.3093090       0.0000013263416735
      9.4094095       0.0000012978823122
      9.5095091       0.0000012703284888
      9.6096096       0.0000012436431217
      9.7097101       0.0000012177879194
      9.8098097       0.0000011927295110
      9.9099102       0.0000011684375973
     10.0100098       0.0000011448775297
     10.1101103       0.0000011220217601
     10.2102098       0.0000010998452088
     10.3103104       0.0000010783181883
     10.4104099       0.0000010574176064
     10.5105104       0.0000010371171609
     10.6106110       0.0000010173963677
     10.7107105       0.0000009982319507
     10.8108110       0.0000009796027949
     10.9109106       0.0000009614902085
     11.0110111       0.0000009438756615
     11.1111107       0.0000009267403033
     11.2112112       0.0000009100675488
     11.3113117       0.0000008938407882
     11.4114113       0.0000008780439673
     11.5115118       0.0000008626617196
     11.6116114       0.0000008476793205
     11.7117119       0.0000008330851839
     11.8118114       0.0000008188641386
     11.9119120       0.0000008050039366
     12.0120125       0.0000007914931138
     12.1121120       0.0000007783187328
     12.2122126       0.0000007654720594
     12.3123121       0.0000007529401268
     12.4124126       0.0000007407132669
     12.5125122       0.0000007287822391
     12.6126127       0.0000007171370641
     12.7127123       0.0000007057689825
     12.8128128       0.0000006946695916
     12.9129133       0.0000006838296916
     13.0130129       0.0000006732416336
     13.1131134       0.0000006628969443
     13.2132130       0.0000006527896177
     13.3133135       0.0000006429116265
     13.4134130       0.0000006332575583
     13.5135136       0.0000006238177564
     13.6136131       0.0000006145881880
     13.7137136       0.0000006055623695
     13.8138142       0.0000005967340006
     13.9139137       0.0000005880963766
     14.0140142       0.0000005796461038
     14.1141138       0.0000005713771346
     14.2142143       0.0000005632833547
     14.3143139       0.0000005553600727
     14.4144144       0.0000005476033151
     14.5145149       0.0000005400083382
     14.6146145       0.0000005325702258
     14.7147150       0.0000005252852183
     14.8148146       0.0000005181483631
     14.9149151       0.0000005111556723
     15.0150146       0.0000005043048362
     15.1151152       0.0000004975895715
     15.2152157       0.0000004910086652
     15.3153152       0.0000004845573282
     15.4154158       0.0000004782323226
     15.5155153       0.0000004720305463
     15.6156158       0.0000004659484477
     15.7157154       0.0000004599841192
     15.8158159       0.0000004541331447
     15.9159155       0.0000004483930416
     16.0160160       0.0000004427611306
     16.1161156       0.0000004372352928
     16.2162170       0.0000004318120451
     16.3163166       0.0000004264892678
     16.4164162       0.0000004212638760
     16.5165157       0.0000004161349187
     16.6166172       0.0000004110984842
     16.7167168       0.0000004061531666
     16.8168163       0.0000004012969142
     16.9169178       0.0000003965272014
     17.0170174       0.0000003918421016
     17.1171169       0.0000003872395298
     17.2172165       0.0000003827179224
     17.3173180       0.0000003782745750
     17.4174175       0.0000003739088144
     17.5175171       0.0000003696183628
     17.6176186       0.0000003654007654
     17.7177181       0.0000003612555800
     17.8178177       0.0000003571805756
     17.9179173       0.0000003531739378
     18.0180187       0.0000003492343527
     18.1181183       0.0000003453608526
     18.2182178       0.0000003415512714
     18.3183174       0.0000003378047034
     18.4184189       0.0000003341191197
     18.5185184       0.0000003304934918
     18.6186180       0.0000003269267935
     18.7187195       0.0000003234180853
     18.8188190       0.0000003199649767
     18.9189186       0.0000003165670901
     19.0190182       0.0000003132229670
     19.1191196       0.0000003099319567
     19.2192192       0.0000003066925317
     19.3193188       0.0000003035034459
     19.4194202       0.0000003003641395
     19.5195198       0.0000002972734358
     19.6196194       0.0000002942301659
     19.7197189       0.0000002912331122
     19.8198204       0.0000002882818064
     19.9199200       0.0000002853755883
     20.0200195       0.0000002825127781
     20.1201210       0.0000002796926907
     20.2202206       0.0000002769150543
     20.3203201       0.0000002741784470
     20.4204197       0.0000002714823274
     20.5205212       0.0000002688258965
     20.6206207       0.0000002662080044
     20.7207203       0.0000002636285533
     20.8208199       0.0000002610861690
     20.9209213       0.0000002585807795
     21.0210209       0.0000002561112304
     21.1211205       0.0000002536766496
     21.2212219       0.0000002512767093
     21.3213215       0.0000002489108299
     21.4214211       0.0000002465781632
     21.5215206       0.0000002442785118
     21.6216221       0.0000002420105768
     21.7217216       0.0000002397743078
     21.8218212       0.0000002375684414
     21.9219227       0.0000002353932973
     22.0220222       0.0000002332480865
     22.1221218       0.0000002311317746
     22.2222214       0.0000002290443989
     22.3223228       0.0000002269850986
     22.4224224       0.0000002249533059
     22.5225220       0.0000002229489370
     22.6226234       0.0000002209712167
     22.7227230       0.0000002190196134
     22.8228226       0.0000002170939378
     22.9229221       0.0000002151934591
     23.0230236       0.0000002133178548
     23.1231232       0.0000002114668748
     23.2232227       0.0000002096398070
     23.3233242       0.0000002078361222
     23.4234238       0.0000002060557113
     23.5235233       0.0000002042984091
     23.6236229       0.0000002025632108
     23.7237244       0.0000002008503119
     23.8238239       0.0000001991588701
     23.9239235       0.0000001974887648
     24.0240250       0.0000001958393952
     24.1241245       0.0000001942110034
     24.2242241       0.0000001926025334
     24.3243237       0.0000001910141367
     24.4244251       0.0000001894451928
     24.5245247       0.0000001878957461
     24.6246243       0.0000001863652146
     24.7247238       0.0000001848531564
     24.8248253       0.0000001833596825
     24.9249249       0.0000001818839662
     25.0250244       0.0000001804261790
     25.1251259       0.0000001789858336
     25.2252254       0.0000001775627842
     25.3253250       0.0000001761566436
     25.4254246       0.0000001747668857
     25.5255260       0.0000001733937880
     25.6256256       0.0000001720366741
     25.7257252       0.0000001706955369
     25.8258266       0.0000001693700610
     25.9259262       0.0000001680599752
     26.0260258       0.0000001667648984
     26.1261253       0.0000001654850008
     26.2262268       0.0000001642196055
     26.3263264       0.0000001629686144
     26.4264259       0.0000001617320029
     26.5265274       0.0000001605092531
     26.6266270       0.0000001593006211
     26.7267265       0.0000001581054662
     26.8268261       0.0000001569237124
     26.9269276       0.0000001557552117
     27.0270271       0.0000001545996176
     27.1271267       0.0000001534569525
     27.2272263       0.0000001523268688
     27.3273277       0.0000001512092789
     27.4274273       0.0000001501040159
     27.5275269       0.0000001490107183
     27.6276283       0.0000001479292913
     27.7277279       0.0000001468597531
     27.8278275       0.0000001458017040
     27.9279270       0.0000001447549820
     28.0280285       0.0000001437196580
     28.1281281       0.0000001426952101
     28.2282276       0.0000001416820008
     28.3283291       0.0000001406792076
     28.4284286       0.0000001396872838
     28.5285282       0.0000001387056651
     28.6286278       0.0000001377344665
     28.7287292       0.0000001367733713
     28.8288288       0.0000001358223410
     28.9289284       0.0000001348812197
     29.0290298       0.0000001339497735
     29.1291294       0.0000001330280387
     29.2292290       0.0000001321157650
     29.3293285       0.0000001312129526
     29.4294300       0.0000001303192764
     29.5295296       0.0000001294346516
     29.6296291       0.0000001285590349
     29.7297306       0.0000001276923138
     29.8298302       0.0000001268342353
     29.9299297       0.0000001259849009
     30.0300293       0.0000001251441594
     30.1301308       0.0000001243115049
     30.2302303       0.0000001234874475
     30.3303299       0.0000001226713978
     30.4304314       0.0000001218635226
     30.5305309       0.0000001210635430
     30.6306305       0.0000001202713890
     30.7307301       0.0000001194870981
     30.8308315       0.0000001187103632
     30.9309311       0.0000001179411878
     31.0310307       0.0000001171795668
     31.1311302       0.0000001164251791
     31.2312317       0.0000001156781260
     31.3313313       0.0000001149382947
     31.4314308       0.0000001142054050
     31.5315323       0.0000001134795848
     31.6316319       0.0000001127607025
     31.7317314       0.0000001120485245
     31.8318310       0.0000001113432285
     31.9319324       0.0000001106443340
     32.0320320       0.0000001099522049
     32.1321335       0.0000001092666745
     32.2322311       0.0000001085872925
     32.3323326       0.0000001079143682
     32.4324341       0.0000001072475628
     32.5325317       0.0000001065870516
     32.6326332       0.0000001059325911
     32.7327309       0.0000001052840524
     32.8328323       0.0000001046415138
     32.9329338       0.0000001040048330
     33.0330315       0.0000001033739517
     33.1331329       0.0000001027488241
     33.2332344       0.0000001021294838
     33.3333321       0.0000001015155806
     33.4334335       0.0000001009071743
     33.5335350       0.0000001003042726
     33.6336327       0.0000000997066960
     33.7337341       0.0000000991144808
     33.8338356       0.0000000985276097
     33.9339333       0.0000000979458448
     34.0340347       0.0000000973692331
     34.1341324       0.0000000967978743
     34.2342339       0.0000000962313146
     34.3343353       0.0000000956696896
     34.4344330       0.0000000951131311
     34.5345345       0.0000000945613474
     34.6346359       0.0000000940143263
     34.7347336       0.0000000934721740
     34.8348351       0.0000000929345558
     34.9349365       0.0000000924016174
     35.0350342       0.0000000918732513
     35.1351357       0.0000000913494134
     35.2352371       0.0000000908299534
     35.3353348       0.0000000903150385
     35.4354362       0.0000000898044512
     35.5355339       0.0000000892982246
     35.6356354       0.0000000887961451
     35.7357368       0.0000000882984650
     35.8358345       0.0000000878048811
     35.9359360       0.0000000873153925
     36.0360374       0.0000000868299833
     36.1361351       0.0000000863486419
     36.2362366       0.0000000858713367
     36.3363380       0.0000000853978900
     36.4364357       0.0000000849283735
     36.5365372       0.0000000844627202
     36.6366348       0.0000000840009131
     36.7367363       0.0000000835429423
     36.8368378       0.0000000830886339
     36.9369354       0.0000000826380518
     37.0370369       0.0000000821910323
     37.1371384       0.0000000817477669
     37.2372360       0.0000000813080775
     37.3373375       0.0000000808717645
     37.4374390       0.0000000804391128
     37.5375366       0.0000000800099082
     37.6376381       0.0000000795840333
     37.7377396       0.0000000791616053
     37.8378372       0.0000000787426892
     37.9379387       0.0000000783268387
     38.0380363       0.0000000779144268
     38.1381378       0.0000000775052289
     38.2382393       0.0000000770992275
     38.3383369       0.0000000766964317
     38.4384384       0.0000000762968450
     38.5385399       0.0000000759002986
     38.6386375       0.0000000755068013
     38.7387390       0.0000000751164824
     38.8388405       0.0000000747290544
     38.9389381       0.0000000743446510
     39.0390396       0.0000000739632557
     39.1391373       0.0000000735847132
     39.2392387       0.0000000732091947
     39.3393402       0.0000000728364795
     39.4394379       0.0000000724665719
     39.5395393       0.0000000720994770
     39.6396408       0.0000000717351681
     39.7397385       0.0000000713735913
     39.8398399       0.0000000710149061
     39.9399414       0.0000000706587492
     40.0400391       0.0000000703053560
     40.1401405       0.0000000699544987
     40.2402420       0.0000000696063854
     40.3403397       0.0000000692608108
     40.4404411       0.0000000689177726
     40.5405388       0.0000000685773213
     40.6406403       0.0000000682393746
     40.7407417       0.0000000679039288
     40.8408394       0.0000000675710052
     40.9409409       0.0000000672404623
     41.0410423       0.0000000669123379
     41.1411400       0.0000000665866380
     41.2412415       0.0000000662632340
     41.3413429       0.0000000659422830
     41.4414406       0.0000000656236273
     41.5415421       0.0000000653072300
     41.6416397       0.0000000649931373
     41.7417412       0.0000000646813608
     41.8418427       0.0000000643717636
     41.9419403       0.0000000640643732
     42.0420418       0.0000000637592662
     42.1421432       0.0000000634562847
     42.2422409       0.0000000631553972
     42.3423424       0.0000000628567495
     42.4424438       0.0000000625601386
     42.5425415       0.0000000622656934
     42.6426430       0.0000000619732546
     42.7427444       0.0000000616828866
     42.8428421       0.0000000613946190
     42.9429436       0.0000000611083016
     43.0430412       0.0000000608239465
     43.1431427       0.0000000605416568
     43.2432442       0.0000000602612825
     43.3433418       0.0000000599828906
     43.4434433       0.0000000597064075
     43.5435448       0.0000000594318284
     43.6436424       0.0000000591591505
     43.7437439       0.0000000588882738
     43.8438454       0.0000000586193565
     43.9439430       0.0000000583522229
     44.0440445       0.0000000580869363
     44.1441460       0.0000000578234534
     44.2442436       0.0000000575617187
     44.3443451       0.0000000573017641
     44.4444427       0.0000000570436776
     44.5445442       0.0000000567872268
     44.6446457       0.0000000565324617
     44.7447433       0.0000000562795123
     44.8448448       0.0000000560282117
     44.9449463       0.0000000557785388
     45.0450439       0.0000000555306206
     45.1451454       0.0000000552843795
     45.2452469       0.0000000550396569
     45.3453445       0.0000000547966328
     45.4454460       0.0000000545552136
     45.5455437       0.0000000543153274
     45.6456451       0.0000000540770484
     45.7457466       0.0000000538403825
     45.8458443       0.0000000536052046
     45.9459457       0.0000000533716193
     46.0460472       0.0000000531395175
     46.1461449       0.0000000529089225
     46.2462463       0.0000000526798383
     46.3463478       0.0000000524522463
     46.4464455       0.0000000522261465
     46.5465469       0.0000000520014768
     46.6466484       0.0000000517782438
     46.7467461       0.0000000515564635
     46.8468475       0.0000000513360585
     46.9469452       0.0000000511171587
     47.0470467       0.0000000508996097
     47.1471481       0.0000000506834399
     47.2472458       0.0000000504686278
     47.3473473       0.0000000502552065
     47.4474487       0.0000000500431549
     47.5475464       0.0000000498324036
     47.6476479       0.0000000496230151
     47.7477493       0.0000000494148965
     47.8478470       0.0000000492081112
     47.9479485       0.0000000490026159
     48.0480499       0.0000000487984227
     48.1481476       0.0000000485955338
     48.2482491       0.0000000483938433
     48.3483467       0.0000000481934246
     48.4484482       0.0000000479942758
     48.5485497       0.0000000477963390
     48.6486473       0.0000000475996596
     48.7487488       0.0000000474041600
     48.8488503       0.0000000472098416
     48.9489479       0.0000000470167562
     49.0490494       0.0000000468248023
     49.1491508       0.0000000466340209
     49.2492485       0.0000000464444964
     49.3493500       0.0000000462560433
     49.4494476       0.0000000460687678
     49.5495491       0.0000000458826537
     49.6496506       0.0000000456975348
     49.7497482       0.0000000455136657
     49.8498497       0.0000000453308802
     49.9499512       0.0000000451491632
     50.0500488       0.0000000449685860
     50.1501503       0.0000000447890313
     50.2502518       0.0000000446105705
     50.3503494       0.0000000444331999
     50.4504509       0.0000000442568587
     50.5505524       0.0000000440815949
     50.6506500       0.0000000439073217
     50.7507515       0.0000000437341164
     50.8508492       0.0000000435619519
     50.9509506       0.0000000433907657
     51.0510521       0.0000000432206014
     51.1511497       0.0000000430514300
     51.2512512       0.0000000428832012
     51.3513527       0.0000000427160287
     51.4514503       0.0000000425498161
     51.5515518       0.0000000423845880
     51.6516533       0.0000000422203037
     51.7517509       0.0000000420569672
     51.8518524       0.0000000418945821
     51.9519501       0.0000000417331203
     52.0520515       0.0000000415725747
     52.1521530       0.0000000414129739
     52.2522507       0.0000000412543298
     52.3523521       0.0000000410965912
     52.4524536       0.0000000409396928
     52.5525513       0.0000000407837155
     52.6526527       0.0000000406286433
     52.7527542       0.0000000404744997
     52.8528519       0.0000000403211850
     52.9529533       0.0000000401686974
     53.0530548       0.0000000400171620
     53.1531525       0.0000000398664100
     53.2532539       0.0000000397165331
     53.3533516       0.0000000395675256
     53.4534531       0.0000000394192905
     53.5535545       0.0000000392719431
     53.6536522       0.0000000391254063
     53.7537537       0.0000000389797265
     53.8538551       0.0000000388347470
     53.9539528       0.0000000386906814
     54.0540543       0.0000000385473763
     54.1541557       0.0000000384048907
     54.2542534       0.0000000382631511
     54.3543549       0.0000000381222275
     54.4544525       0.0000000379820927
     54.5545540       0.0000000378427247
     54.6546555       0.0000000377040544
     54.7547531       0.0000000375662542
     54.8548546       0.0000000374291428
     54.9549561       0.0000000372927885
     55.0550537       0.0000000371571566
     55.1551552       0.0000000370222911
     55.2552567       0.0000000368881464
     55.3553543       0.0000000367547534
     55.4554558       0.0000000366220688
     55.5555573       0.0000000364900852
     55.6556549       0.0000000363588401
     55.7557564       0.0000000362283033
     55.8558540       0.0000000360984456
     55.9559555       0.0000000359693132
     56.0560570       0.0000000358408596
     56.1561546       0.0000000357131193
     56.2562561       0.0000000355860082
     56.3563576       0.0000000354595640
     56.4564552       0.0000000353338622
     56.5565567       0.0000000352087503
     56.6566582       0.0000000350843880
     56.7567558       0.0000000349606184
     56.8568573       0.0000000348375007
     56.9569588       0.0000000347150755
     57.0570564       0.0000000345932512
     57.1571579       0.0000000344721461
     57.2572556       0.0000000343515720
     57.3573570       0.0000000342316703
     57.4574585       0.0000000341124062
     57.5575562       0.0000000339937754
     57.6576576       0.0000000338757650
     57.7577591       0.0000000337583362
     57.8578568       0.0000000336415151
     57.9579582       0.0000000335253296
     58.0580597       0.0000000334097376
     58.1581573       0.0000000332947478
     58.2582588       0.0000000331803470
     58.3583565       0.0000000330664958
     58.4584579       0.0000000329532613
     58.5585594       0.0000000328406242
     58.6586571       0.0000000327285280
     58.7587585       0.0000000326170481
     58.8588600       0.0000000325061250
     58.9589577       0.0000000323957102
     59.0590591       0.0000000322859289
     59.1591606       0.0000000321766798
     59.2592583       0.0000000320679848
     59.3593597       0.0000000319598199
     59.4594612       0.0000000318522356
     59.5595589       0.0000000317451604
     59.6596603       0.0000000316386559
     59.7597580       0.0000000315326778
     59.8598595       0.0000000314272030
     59.9599609       0.0000000313223012
     60.0600586       0.0000000312178998
     60.1601601       0.0000000311140182
     60.2602615       0.0000000310106647
     60.3603592       0.0000000309078197
     60.4604607       0.0000000308054737
     60.5605621       0.0000000307036530
     60.6606598       0.0000000306023416
     60.7607613       0.0000000305015034
     60.8608627       0.0000000304011604
     60.9609604       0.0000000303013624
     61.0610619       0.0000000302020014
     61.1611595       0.0000000301031696
     61.2612610       0.0000000300048090
     61.3613625       0.0000000299069343
     61.4614601       0.0000000298094993
     61.5615616       0.0000000297125552
     61.6616631       0.0000000296161099
     61.7617607       0.0000000295201220
     61.8618622       0.0000000294245889
     61.9619637       0.0000000293295231
     62.0620613       0.0000000292349355
     62.1621628       0.0000000291408116
     62.2622604       0.0000000290470700
     62.3623619       0.0000000289538745
     62.4624634       0.0000000288610564
     62.5625610       0.0000000287687194
     62.6626625       0.0000000286767957
     62.7627640       0.0000000285853678
     62.8628616       0.0000000284943185
     62.9629631       0.0000000284037355
     63.0630646       0.0000000283135735
     63.1631622       0.0000000282238644
     63.2632637       0.0000000281345401
     63.3633652       0.0000000280456588
     63.4634628       0.0000000279571909
     63.5635643       0.0000000278691589
     63.6636620       0.0000000277815192
     63.7637634       0.0000000276942980
     63.8638649       0.0000000276074813
     63.9639626       0.0000000275210861
     64.0640640       0.0000000274351255
     64.1641617       0.0000000273495306
     64.2642670       0.0000000272643023
     64.3643646       0.0000000271795233
     64.4644623       0.0000000270951385
     64.5645676       0.0000000270111287
     64.6646652       0.0000000269275004
     64.7647629       0.0000000268442939
     64.8648682       0.0000000267614420
     64.9649658       0.0000000266789926
     65.0650635       0.0000000265969109
     65.1651688       0.0000000265151874
     65.2652664       0.0000000264338760
     65.3653641       0.0000000263529372
     65.4654617       0.0000000262723489
     65.5655670       0.0000000261921364
     65.6656647       0.0000000261122982
     65.7657623       0.0000000260328295
     65.8658676       0.0000000259536882
     65.9659653       0.0000000258749399
     66.0660629       0.0000000257965533
     66.1661682       0.0000000257185159
     66.2662659       0.0000000256408066
     66.3663635       0.0000000255634835
     66.4664688       0.0000000254865048
     66.5665665       0.0000000254098437
     66.6666641       0.0000000253335442
     66.7667694       0.0000000252575953
     66.8668671       0.0000000251819685
     66.9669647       0.0000000251067298
     67.0670700       0.0000000250317768
     67.1671677       0.0000000249571791
     67.2672653       0.0000000248829302
     67.3673706       0.0000000248089756
     67.4674683       0.0000000247353865
     67.5675659       0.0000000246621115
     67.6676712       0.0000000245891579
     67.7677689       0.0000000245165114
     67.8678665       0.0000000244441880
     67.9679642       0.0000000243722079
     68.0680695       0.0000000243005266
     68.1681671       0.0000000242291846
     68.2682648       0.0000000241581414
     68.3683701       0.0000000240874118
     68.4684677       0.0000000240169829
     68.5685654       0.0000000239468644
     68.6686707       0.0000000238770815
     68.7687683       0.0000000238075665
     68.8688660       0.0000000237383755
     68.9689713       0.0000000236694711
     69.0690689       0.0000000236008872
     69.1691666       0.0000000235325771
     69.2692719       0.0000000234645800
     69.3693695       0.0000000233968758
     69.4694672       0.0000000233294492
     69.5695724       0.0000000232623129
     69.6696701       0.0000000231954955
     69.7697678       0.0000000231289527
     69.8698730       0.0000000230626812
     69.9699707       0.0000000229966906
     70.0700684       0.0000000229310361
     70.1701736       0.0000000228656075
     70.2702713       0.0000000228004599
     70.3703690       0.0000000227356076
     70.4704742       0.0000000226710127
     70.5705719       0.0000000226067316
     70.6706696       0.0000000225426926
     70.7707672       0.0000000224789362
     70.8708725       0.0000000224154481
     70.9709702       0.0000000223522243
     71.0710678       0.0000000222892673
     71.1711731       0.0000000222265804
     71.2712708       0.0000000221641527
     71.3713684       0.0000000221020044
     71.4714737       0.0000000220401088
     71.5715714       0.0000000219784698
     71.6716690       0.0000000219170886
     71.7717743       0.0000000218559480
     71.8718719       0.0000000217950716
     71.9719696       0.0000000217344691
     72.0720749       0.0000000216741089
     72.1721725       0.0000000216139915
     72.2722702       0.0000000215541416
     72.3723755       0.0000000214945106
     72.4724731       0.0000000214351501
     72.5725708       0.0000000213760305
     72.6726761       0.0000000213171455
     72.7727737       0.0000000212585018
     72.8728714       0.0000000212001174
     72.9729767       0.0000000211419618
     73.0730743       0.0000000210840499
     73.1731720       0.0000000210263814
     73.2732697       0.0000000209689644
     73.3733749       0.0000000209117384
     73.4734726       0.0000000208547647
     73.5735703       0.0000000207980420
     73.6736755       0.0000000207415276
     73.7737732       0.0000000206852292
     73.8738708       0.0000000206291903
     73.9739761       0.0000000205733845
     74.0740738       0.0000000205177970
     74.1741714       0.0000000204624210
     74.2742767       0.0000000204072705
     74.3743744       0.0000000203523625
     74.4744720       0.0000000202976592
     74.5745773       0.0000000202431773
     74.6746750       0.0000000201888996
     74.7747726       0.0000000201348665
     74.8748779       0.0000000200810505
     74.9749756       0.0000000200274345
     75.0750732       0.0000000199740337
     75.1751785       0.0000000199208550
     75.2752762       0.0000000198678793
     75.3753738       0.0000000198150987
     75.4754791       0.0000000197625706
     75.5755768       0.0000000197102278
     75.6756744       0.0000000196580757
     75.7757721       0.0000000196061569
     75.8758774       0.0000000195544501
     75.9759750       0.0000000195029372
     76.0760727       0.0000000194516243
     76.1761780       0.0000000194004933
     76.2762756       0.0000000193495852
     76.3763733       0.0000000192988761
     76.4764786       0.0000000192483681
     76.5765762       0.0000000191980602
     76.6766739       0.0000000191479313
     76.7767792       0.0000000190980142
     76.8768768       0.0000000190482944
     76.9769745       0.0000000189987802
     77.0770798       0.0000000189494252
     77.1771774       0.0000000189002789
     77.2772751       0.0000000188513434
     77.3773804       0.0000000188025574
     77.4774780       0.0000000187539806
     77.5775757       0.0000000187055841
     77.6776810       0.0000000186573910
     77.7777786       0.0000000186093576
     77.8778763       0.0000000185615413
     77.9779816       0.0000000185139020
     78.0780792       0.0000000184664534
     78.1781769       0.0000000184191696
     78.2782745       0.0000000183720630
     78.3783798       0.0000000183251316
     78.4784775       0.0000000182783894
     78.5785751       0.0000000182318444
     78.6786804       0.0000000181854729
     78.7787781       0.0000000181392665
     78.8788757       0.0000000180932356
     78.9789810       0.0000000180473752
     79.0790787       0.0000000180016947
     79.1791763       0.0000000179561888
     79.2792816       0.0000000179108577
     79.3793793       0.0000000178656932
     79.4794769       0.0000000178207023
     79.5795822       0.0000000177758803
     79.6796799       0.0000000177312097
     79.7797775       0.0000000176867339
     79.8798828       0.0000000176424139
     79.9799805       0.0000000175982490
     80.0800781       0.0000000175542668
     80.1801834       0.0000000175104389
     80.2802811       0.0000000174667835
     80.3803787       0.0000000174232950
     80.4804840       0.0000000173799551
     80.5805817       0.0000000173367908
     80.6806793       0.0000000172937959
     80.7807770       0.0000000172509357
     80.8808823       0.0000000172082468
     80.9809799       0.0000000171657042
     81.0810776       0.0000000171233196
     81.1811829       0.0000000170811144
     81.2812805       0.0000000170390509
     81.3813782       0.0000000169971372
     81.4814835       0.0000000169553883
     81.5815811       0.0000000169137909
     81.6816788       0.0000000168723372
     81.7817841       0.0000000168310336
     81.8818817       0.0000000167898834
     81.9819794       0.0000000167488962
     82.0820847       0.0000000167080678
     82.1821823       0.0000000166673728
     82.2822800       0.0000000166268218
     82.3823853       0.0000000165864274
     82.4824829       0.0000000165461737
     82.5825806       0.0000000165060671
     82.6826859       0.0000000164661139
     82.7827835       0.0000000164263051
     82.8828812       0.0000000163866366
     82.9829865       0.0000000163471120
     83.0830841       0.0000000163077314
     83.1831818       0.0000000162684822
     83.2832794       0.0000000162293761
     83.3833847       0.0000000161904226
     83.4834824       0.0000000161516130
     83.5835800       0.0000000161129179
     83.6836853       0.0000000160744012
     83.7837830       0.0000000160359848
     83.8838806       0.0000000159977306
     83.9839859       0.0000000159596033
     84.0840836       0.0000000159215976
     84.1841812       0.0000000158837534
     84.2842865       0.0000000158460421
     84.3843842       0.0000000158084493
     84.4844818       0.0000000157709877
     84.5845871       0.0000000157336754
     84.6846848       0.0000000156964908
     84.7847824       0.0000000156594326
     84.8848877       0.0000000156224938
     84.9849854       0.0000000155857051
     85.0850830       0.0000000155490383
     85.1851883       0.0000000155125047
     85.2852859       0.0000000154761067
     85.3853836       0.0000000154398197
     85.4854889       0.0000000154036778
     85.5855865       0.0000000153676469
     85.6856842       0.0000000153317696
     85.7857895       0.0000000152959876
     85.8858871       0.0000000152603330
     85.9859848       0.0000000152248103
     86.0860825       0.0000000151894047
     86.1861877       0.0000000151541350
     86.2862854       0.0000000151189911
     86.3863831       0.0000000150839558
     86.4864883       0.0000000150490299
     86.5865860       0.0000000150142516
     86.6866837       0.0000000149795961
     86.7867889       0.0000000149450383
     86.8868866       0.0000000149106080
     86.9869843       0.0000000148763016
     87.0870895       0.0000000148421101
     87.1871872       0.0000000148080203
     87.2872849       0.0000000147740668
     87.3873901       0.0000000147402275
     87.4874878       0.0000000147065253
     87.5875854       0.0000000146729014
     87.6876907       0.0000000146394229
     87.7877884       0.0000000146060377
     87.8878860       0.0000000145727808
     87.9879913       0.0000000145396249
     88.0880890       0.0000000145065751
     88.1881866       0.0000000144736547
     88.2882919       0.0000000144408533
     88.3883896       0.0000000144081515
     88.4884872       0.0000000143755524
     88.5885849       0.0000000143430714
     88.6886902       0.0000000143107077
     88.7887878       0.0000000142784490
     88.8888855       0.0000000142462937
     88.9889908       0.0000000142142467
     89.0890884       0.0000000141823106
     89.1891861       0.0000000141504908
     89.2892914       0.0000000141187573
     89.3893890       0.0000000140871497
     89.4894867       0.0000000140556391
     89.5895920       0.0000000140242488
     89.6896896       0.0000000139929546
     89.7897873       0.0000000139617580
     89.8898926       0.0000000139306788
     89.9899902       0.0000000138996880
     90.0900879       0.0000000138688053
     90.1901932       0.0000000138380264
     90.2902908       0.0000000138073431
     90.3903885       0.0000000137767658
     90.4904938       0.0000000137463004
     90.5905914       0.0000000137159283
     90.6906891       0.0000000136856533
     90.7907944       0.0000000136554770
     90.8908920       0.0000000136254049
     90.9909897       0.0000000135954306
     91.0910873       0.0000000135655696
     91.1911926       0.0000000135357911
     91.2912903       0.0000000135061113
     91.3913879       0.0000000134765317
     91.4914932       0.0000000134470397
     91.5915909       0.0000000134176544
     91.6916885       0.0000000133883774
     91.7917938       0.0000000133591688
     91.8918915       0.0000000133300813
     91.9919891       0.0000000133010741
     92.0920944       0.0000000132721634
     92.1921921       0.0000000132433497
     92.2922897       0.0000000132146301
     92.3923950       0.0000000131860028
     92.4924927       0.0000000131574688
     92.5925903       0.0000000131290272
     92.6926956       0.0000000131006780
     92.7927933       0.0000000130724204
     92.8928909       0.0000000130442506
     92.9929962       0.0000000130161755
     93.0930939       0.0000000129881905
     93.1931915       0.0000000129602979
     93.2932968       0.0000000129324798
     93.3933945       0.0000000129047682
     93.4934921       0.0000000128771435
     93.5935898       0.0000000128496080
     93.6936951       0.0000000128221595
     93.7937927       0.0000000127947950
     93.8938904       0.0000000127675182
     93.9939957       0.0000000127403313
     94.0940933       0.0000000127132352
     94.1941910       0.0000000126862124
     94.2942963       0.0000000126592787
     94.3943939       0.0000000126324404
     94.4944916       0.0000000126056770
     94.5945969       0.0000000125790071
     94.6946945       0.0000000125524301
     94.7947922       0.0000000125259129
     94.8948975       0.0000000124994952
     94.9949951       0.0000000124731593
     95.0950928       0.0000000124469219
     95.1951981       0.0000000124207378
     95.2952957       0.0000000123946553
     95.3953934       0.0000000123686507
     95.4954987       0.0000000123427296
     95.5955963       0.0000000123168770
     95.6956940       0.0000000122911247
     95.7957993       0.0000000122654379
     95.8958969       0.0000000122398434
     95.9959946       0.0000000122143121
     96.0960999       0.0000000121888650
     96.1961975       0.0000000121635177
     96.2962952       0.0000000121382362
     96.3963928       0.0000000121130289
     96.4964981       0.0000000120879018
     96.5965958       0.0000000120628578
     96.6966934       0.0000000120378898
     96.7967987       0.0000000120129928
     96.8968964       0.0000000119881741
     96.9969940       0.0000000119634346
     97.0970993       0.0000000119387794
     97.1971970       0.0000000119141912
     97.2972946       0.0000000118896782
     97.3973999       0.0000000118652404
     97.4974976       0.0000000118408965
     97.5975952       0.0000000118166035
     97.6977005       0.0000000117923906
     97.7977982       0.0000000117682545
     97.8978958       0.0000000117442026
     97.9980011       0.0000000117202123
     98.0980988       0.0000000116962972
     98.1981964       0.0000000116724598
     98.2983017       0.0000000116486897
     98.3983994       0.0000000116249925
     98.4984970       0.0000000116013682
     98.5986023       0.0000000115778262
     98.6987000       0.0000000115543468
     98.7987976       0.0000000115309381
     98.8988953       0.0000000115076005
     98.9990005       0.0000000114843477
     99.0990982       0.0000000114611527
     99.1991959       0.0000000114380159
     99.2993011       0.0000000114149691
     99.3993988       0.0000000113919835
     99.4994965       0.0000000113690676
     99.5996017       0.0000000113462167
     99.6996994       0.0000000113234272
     99.7997971       0.0000000113007306
     99.8999023       0.0000000112780744
    100.0000000       0.0000000112555018
