# x		H(x,a)
      0.0000000       1.0000000000000000
      0.1001001       0.9900299906730652
      0.2002002       0.9607124924659729
      0.3003003       0.9137664437294006
      0.4004004       0.8518707156181335
      0.5005005       0.7784109115600586
      0.6006006       0.6971734166145325
      0.7007007       0.6120254397392273
      0.8008008       0.5266169309616089
      0.9009009       0.4441368877887726
      1.0010010       0.3671561904465083
      1.1011012       0.2975117949933161
      1.2012012       0.2363025119572220
      1.3013012       0.1839673366657347
      1.4014014       0.1403853637610117
      1.5015016       0.1050062420424241
      1.6016016       0.0769886231925533
      1.7017016       0.0553305674176883
      1.8018018       0.0389802036231064
      1.9019020       0.0269205508480872
      2.0020020       0.0182270114861853
      2.1021020       0.0120999935196346
      2.2022023       0.0078770843067848
      2.3023024       0.0050300660132566
      2.4024024       0.0031520699596727
      2.5025024       0.0019397116822081
      2.6026025       0.0011735535590377
      2.7027028       0.0006994171929501
      2.8028028       0.0004119574670759
      2.9029028       0.0002411029974579
      3.0030031       0.0001414503174588
      3.1031032       0.0000843193796378
      3.2032032       0.0000520379194024
      3.3033032       0.0000339780640989
      3.4034033       0.0000238984993193
      3.5035036       0.0000182175513289
      3.6036036       0.0000149254306587
      3.7037036       0.0000129181241839
      3.8038039       0.0000116011268048
      3.9039040       0.0000106597678622
      4.0040040       0.0000099296719090
      4.1041040       0.0000093255017586
      4.2042041       0.0000088026952844
      4.3043041       0.0000083374082500
      4.4044046       0.0000079162769919
      4.5045047       0.0000075311880432
      4.6046047       0.0000071767667375
      4.7047048       0.0000068491050614
      4.8048048       0.0000065451583589
      4.9049048       0.0000062624256736
      5.0050049       0.0000059987835138
      5.1051049       0.0000057524039586
      5.2052050       0.0000055216971949
      5.3053055       0.0000053052636462
      5.4054055       0.0000051018626180
      5.5055056       0.0000049104049316
      5.6056056       0.0000047299201935
      5.7057056       0.0000045595160204
      5.8058057       0.0000043984313735
      5.9059057       0.0000042459578676
      6.0060062       0.0000041014538818
      6.1061063       0.0000039643645639
      6.2062063       0.0000038341611690
      6.3063064       0.0000037103727558
      6.4064064       0.0000035925682306
      6.5065064       0.0000034803580739
      6.6066065       0.0000033733817826
      6.7067065       0.0000032713110432
      6.8068066       0.0000031738440848
      6.9069071       0.0000030806960831
      7.0070071       0.0000029916143279
      7.1071072       0.0000029063669563
      7.2072072       0.0000028247258194
      7.3073072       0.0000027464854291
      7.4074073       0.0000026714676499
      7.5075073       0.0000025994840275
      7.6076078       0.0000025303789227
      7.7077079       0.0000024639963966
      7.8078079       0.0000024001953330
      7.9079080       0.0000023388411315
      8.0080080       0.0000022798107188
      8.1081085       0.0000022229894889
      8.2082081       0.0000021682643563
      8.3083086       0.0000021155356179
      8.4084082       0.0000020647067100
      8.5085087       0.0000020156840080
      8.6086082       0.0000019683892227
      8.7087088       0.0000019227365276
      8.8088093       0.0000018786520920
      8.9089088       0.0000018360654090
      9.0090094       0.0000017949083755
      9.1091089       0.0000017551201065
      9.2092094       0.0000017166377066
      9.3093090       0.0000016794048627
      9.4094095       0.0000016433697936
      9.5095091       0.0000016084812749
      9.6096096       0.0000015746924024
      9.7097101       0.0000015419546302
      9.8098097       0.0000015102259333
      9.9099102       0.0000014794677414
     10.0100098       0.0000014496361590
     10.1101103       0.0000014206962764
     10.2102098       0.0000013926165697
     10.3103104       0.0000013653591818
     10.4104099       0.0000013388950510
     10.5105104       0.0000013131905082
     10.6106110       0.0000012882203821
     10.7107105       0.0000012639544256
     10.8108110       0.0000012403663874
     10.9109106       0.0000012174324700
     11.0110111       0.0000011951288339
     11.1111107       0.0000011734323425
     11.2112112       0.0000011523211961
     11.3113117       0.0000011317751410
     11.4114113       0.0000011117734028
     11.5115118       0.0000010922963534
     11.6116114       0.0000010733257531
     11.7117119       0.0000010548467981
     11.8118114       0.0000010368402697
     11.9119120       0.0000010192904420
     12.0120125       0.0000010021832868
     12.1121120       0.0000009855018106
     12.2122126       0.0000009692354618
     12.3123121       0.0000009533676262
     12.4124126       0.0000009378860310
     12.5125122       0.0000009227791019
     12.6126127       0.0000009080340159
     12.7127123       0.0000008936398480
     12.8128128       0.0000008795859444
     12.9129133       0.0000008658604898
     13.0130129       0.0000008524539518
     13.1131134       0.0000008393555967
     13.2132130       0.0000008265577297
     13.3133135       0.0000008140503466
     13.4134130       0.0000008018263913
     13.5135136       0.0000007898737702
     13.6136131       0.0000007781873541
     13.7137136       0.0000007667589790
     13.8138142       0.0000007555805040
     13.9139137       0.0000007446436143
     14.0140142       0.0000007339439540
     14.1141138       0.0000007234738190
     14.2142143       0.0000007132254983
     14.3143139       0.0000007031931691
     14.4144144       0.0000006933715746
     14.5145149       0.0000006837548073
     14.6146145       0.0000006743367825
     14.7147150       0.0000006651125635
     14.8148146       0.0000006560759200
     14.9149151       0.0000006472218407
     15.0150146       0.0000006385473397
     15.1151152       0.0000006300444832
     15.2152157       0.0000006217118115
     15.3153152       0.0000006135431774
     15.4154158       0.0000006055345071
     15.5155153       0.0000005976818458
     15.6156158       0.0000005899807759
     15.7157154       0.0000005824287047
     15.8158159       0.0000005750202362
     15.9159155       0.0000005677521784
     16.0160160       0.0000005606210771
     16.1161156       0.0000005536243992
     16.2162170       0.0000005467574336
     16.3163166       0.0000005400177940
     16.4164162       0.0000005334014723
     16.5165157       0.0000005269071805
     16.6166172       0.0000005205300877
     16.7167168       0.0000005142683459
     16.8168163       0.0000005081194163
     16.9169178       0.0000005020800616
     17.0170174       0.0000004961477968
     17.1171169       0.0000004903200094
     17.2172165       0.0000004845948198
     17.3173180       0.0000004789686854
     17.4174175       0.0000004734408128
     17.5175171       0.0000004680082218
     17.6176186       0.0000004626679237
     17.7177181       0.0000004574193340
     17.8178177       0.0000004522596092
     17.9179173       0.0000004471864496
     18.0180187       0.0000004421981126
     18.1181183       0.0000004372935409
     18.2182178       0.0000004324698794
     18.3183174       0.0000004277259708
     18.4184189       0.0000004230593174
     18.5185184       0.0000004184686033
     18.6186180       0.0000004139524789
     18.7187195       0.0000004095097666
     18.8188190       0.0000004051374564
     18.9189186       0.0000004008350986
     19.0190182       0.0000003966007863
     19.1191196       0.0000003924337367
     19.2192192       0.0000003883319847
     19.3193188       0.0000003842939758
     19.4194202       0.0000003803190519
     19.5195198       0.0000003764056072
     19.6196194       0.0000003725522251
     19.7197189       0.0000003687573811
     19.8198204       0.0000003650204110
     19.9199200       0.0000003613406405
     20.0200195       0.0000003577157351
     20.1201210       0.0000003541449617
     20.2202206       0.0000003506279710
     20.3203201       0.0000003471628879
     20.4204197       0.0000003437490863
     20.5205212       0.0000003403855264
     20.6206207       0.0000003370707359
     20.7207203       0.0000003338046774
     20.8208199       0.0000003305855172
     20.9209213       0.0000003274132376
     21.0210209       0.0000003242862736
     21.1211205       0.0000003212036254
     21.2212219       0.0000003181648743
     21.3213215       0.0000003151692165
     21.4214211       0.0000003122155600
     21.5215206       0.0000003093037711
     21.6216221       0.0000003064321803
     21.7217216       0.0000003036005925
     21.8218212       0.0000003008075548
     21.9219227       0.0000002980533846
     22.0220222       0.0000002953371471
     22.1221218       0.0000002926574821
     22.2222214       0.0000002900144771
     22.3223228       0.0000002874069737
     22.4224224       0.0000002848343387
     22.5225220       0.0000002822964105
     22.6226234       0.0000002797922334
     22.7227230       0.0000002773211746
     22.8228226       0.0000002748828673
     22.9229221       0.0000002724764869
     23.0230236       0.0000002701015840
     23.1231232       0.0000002677578988
     23.2232227       0.0000002654444754
     23.3233242       0.0000002631606536
     23.4234238       0.0000002609063617
     23.5235233       0.0000002586812656
     23.6236229       0.0000002564841543
     23.7237244       0.0000002543153186
     23.8238239       0.0000002521735927
     23.9239235       0.0000002500589092
     24.0240250       0.0000002479704916
     24.1241245       0.0000002459086465
     24.2242241       0.0000002438720095
     24.3243237       0.0000002418607968
     24.4244251       0.0000002398742071
     24.5245247       0.0000002379123118
     24.6246243       0.0000002359743699
     24.7247238       0.0000002340597882
     24.8248253       0.0000002321687960
     24.9249249       0.0000002303002338
     25.0250244       0.0000002284544229
     25.1251259       0.0000002266306265
     25.2252254       0.0000002248287738
     25.3253250       0.0000002230483435
     25.4254246       0.0000002212886432
     25.5255260       0.0000002195500331
     25.6256256       0.0000002178316443
     25.7257252       0.0000002161335259
     25.8258266       0.0000002144552274
     25.9259262       0.0000002127963842
     26.0260258       0.0000002111565743
     26.1261253       0.0000002095359801
     26.2262268       0.0000002079337404
     26.3263264       0.0000002063497571
     26.4264259       0.0000002047839654
     26.5265274       0.0000002032357004
     26.6266270       0.0000002017053566
     26.7267265       0.0000002001920637
     26.8268261       0.0000001986957436
     26.9269276       0.0000001972161912
     27.0270271       0.0000001957529763
     27.1271267       0.0000001943061439
     27.2272263       0.0000001928752485
     27.3273277       0.0000001914601541
     27.4274273       0.0000001900606676
     27.5275269       0.0000001886763474
     27.6276283       0.0000001873070579
     27.7277279       0.0000001859528162
     27.8278275       0.0000001846131121
     27.9279270       0.0000001832877692
     28.0280285       0.0000001819768582
     28.1281281       0.0000001806797025
     28.2282276       0.0000001793967727
     28.3283291       0.0000001781270460
     28.4284286       0.0000001768710841
     28.5285282       0.0000001756281707
     28.6286278       0.0000001743984399
     28.7287292       0.0000001731815110
     28.8288288       0.0000001719773189
     28.9289284       0.0000001707856761
     29.0290298       0.0000001696062909
     29.1291294       0.0000001684391899
     29.2292290       0.0000001672840682
     29.3293285       0.0000001661409497
     29.4294300       0.0000001650093763
     29.5295296       0.0000001638892631
     29.6296291       0.0000001627805678
     29.7297306       0.0000001616831280
     29.8298302       0.0000001605966474
     29.9299297       0.0000001595212188
     30.0300293       0.0000001584566657
     30.1301308       0.0000001574023868
     30.2302303       0.0000001563589549
     30.3303299       0.0000001553256819
     30.4304314       0.0000001543027626
     30.5305309       0.0000001532898231
     30.6306305       0.0000001522867988
     30.7307301       0.0000001512937360
     30.8308315       0.0000001503102567
     30.9309311       0.0000001493363332
     31.0310307       0.0000001483719541
     31.1311302       0.0000001474167768
     31.2312317       0.0000001464708506
     31.3313313       0.0000001455340778
     31.4314308       0.0000001446061079
     31.5315323       0.0000001436870804
     31.6316319       0.0000001427768228
     31.7317314       0.0000001418750758
     31.8318310       0.0000001409820408
     31.9319324       0.0000001400971116
     32.0320320       0.0000001392207303
     32.1321335       0.0000001383527167
     32.2322311       0.0000001374924976
     32.3323326       0.0000001366404454
     32.4324341       0.0000001357961414
     32.5325317       0.0000001349598051
     32.6326332       0.0000001341311150
     32.7327309       0.0000001333099425
     32.8328323       0.0000001324963825
     32.9329338       0.0000001316902187
     33.0330315       0.0000001308913856
     33.1331329       0.0000001300998598
     33.2332344       0.0000001293156458
     33.3333321       0.0000001285383261
     33.4334335       0.0000001277679655
     33.5335350       0.0000001270045845
     33.6336327       0.0000001262479310
     33.7337341       0.0000001254980828
     33.8338356       0.0000001247549951
     33.9339333       0.0000001240183550
     34.0340347       0.0000001232882611
     34.1341324       0.0000001225648121
     34.2342339       0.0000001218474319
     34.3343353       0.0000001211363132
     34.4344330       0.0000001204315987
     34.5345345       0.0000001197329313
     34.6346359       0.0000001190403038
     34.7347336       0.0000001183538318
     34.8348351       0.0000001176731049
     34.9349365       0.0000001169982931
     35.0350342       0.0000001163292871
     35.1351357       0.0000001156660010
     35.2352371       0.0000001150082601
     35.3353348       0.0000001143562883
     35.4354362       0.0000001137097790
     35.5355339       0.0000001130688026
     35.6356354       0.0000001124330843
     35.7357368       0.0000001118029244
     35.8358345       0.0000001111779464
     35.9359360       0.0000001105581535
     36.0360374       0.0000001099435386
     36.1361351       0.0000001093340610
     36.2362366       0.0000001087296881
     36.3363380       0.0000001081302206
     36.4364357       0.0000001075357354
     36.5365372       0.0000001069461226
     36.6366348       0.0000001063613842
     36.7367363       0.0000001057815060
     36.8368378       0.0000001052062664
     36.9369354       0.0000001046357452
     37.0370369       0.0000001040697256
     37.1371384       0.0000001035084672
     37.2372360       0.0000001029517332
     37.3373375       0.0000001023992840
     37.4374390       0.0000001018514559
     37.5375366       0.0000001013079966
     37.6376381       0.0000001007687666
     37.7377396       0.0000001002338894
     37.8378372       0.0000000997034605
     37.9379387       0.0000000991769129
     38.0380363       0.0000000986547122
     38.1381378       0.0000000981365974
     38.2382393       0.0000000976225167
     38.3383369       0.0000000971125043
     38.4384384       0.0000000966065415
     38.5385399       0.0000000961044438
     38.6386375       0.0000000956061985
     38.7387390       0.0000000951119708
     38.8388405       0.0000000946214159
     38.9389381       0.0000000941346917
     39.0390396       0.0000000936517649
     39.1391373       0.0000000931724574
     39.2392387       0.0000000926969887
     39.3393402       0.0000000922250544
     39.4394379       0.0000000917566821
     39.5395393       0.0000000912918556
     39.6396408       0.0000000908305764
     39.7397385       0.0000000903727525
     39.8398399       0.0000000899185946
     39.9399414       0.0000000894676209
     40.0400391       0.0000000890201601
     40.1401405       0.0000000885759113
     40.2402420       0.0000000881351264
     40.3403397       0.0000000876975609
     40.4404411       0.0000000872632035
     40.5405388       0.0000000868321401
     40.6406403       0.0000000864042297
     40.7407417       0.0000000859794962
     40.8408394       0.0000000855579474
     40.9409409       0.0000000851394135
     41.0410423       0.0000000847239422
     41.1411400       0.0000000843115399
     41.2412415       0.0000000839020537
     41.3413429       0.0000000834956721
     41.4414406       0.0000000830921888
     41.5415421       0.0000000826915757
     41.6416397       0.0000000822938627
     41.7417412       0.0000000818991030
     41.8418427       0.0000000815070810
     41.9419403       0.0000000811178806
     42.0420418       0.0000000807315457
     42.1421432       0.0000000803479100
     42.2422409       0.0000000799669349
     42.3423424       0.0000000795887903
     42.4424438       0.0000000792132256
     42.5425415       0.0000000788403931
     42.6426430       0.0000000784701185
     42.7427444       0.0000000781024425
     42.8428421       0.0000000777374486
     42.9429436       0.0000000773749171
     43.0430412       0.0000000770148683
     43.1431427       0.0000000766574381
     43.2432442       0.0000000763024238
     43.3433418       0.0000000759499296
     43.4434433       0.0000000755998471
     43.5435448       0.0000000752521735
     43.6436424       0.0000000749069117
     43.7437439       0.0000000745639340
     43.8438454       0.0000000742234252
     43.9439430       0.0000000738851772
     44.0440445       0.0000000735492833
     44.1441460       0.0000000732156603
     44.2442436       0.0000000728842572
     44.3443451       0.0000000725551038
     44.4444427       0.0000000722283208
     44.5445442       0.0000000719036008
     44.6446457       0.0000000715810146
     44.7447433       0.0000000712607350
     44.8448448       0.0000000709425402
     44.9449463       0.0000000706264084
     45.0450439       0.0000000703124908
     45.1451454       0.0000000700007071
     45.2452469       0.0000000696908395
     45.3453445       0.0000000693831220
     45.4454460       0.0000000690774353
     45.5455437       0.0000000687736994
     45.6456451       0.0000000684719911
     45.7457466       0.0000000681723291
     45.8458443       0.0000000678745410
     45.9459457       0.0000000675787803
     46.0460472       0.0000000672848962
     46.1461449       0.0000000669929200
     46.2462463       0.0000000667028569
     46.3463478       0.0000000664146744
     46.4464455       0.0000000661283890
     46.5465469       0.0000000658439193
     46.6466484       0.0000000655612598
     46.7467461       0.0000000652804384
     46.8468475       0.0000000650013695
     46.9469452       0.0000000647242018
     47.0470467       0.0000000644487435
     47.1471481       0.0000000641750248
     47.2472458       0.0000000639030316
     47.3473473       0.0000000636328005
     47.4474487       0.0000000633642984
     47.5475464       0.0000000630974472
     47.6476479       0.0000000628323186
     47.7477493       0.0000000625688058
     47.8478470       0.0000000623069697
     47.9479485       0.0000000620467755
     48.0480499       0.0000000617882246
     48.1481476       0.0000000615313391
     48.2482491       0.0000000612759549
     48.3483467       0.0000000610221862
     48.4484482       0.0000000607700285
     48.5485497       0.0000000605193999
     48.6486473       0.0000000602703699
     48.7487488       0.0000000600228292
     48.8488503       0.0000000597767763
     48.9489479       0.0000000595322938
     49.0490494       0.0000000592892488
     49.1491508       0.0000000590476776
     49.2492485       0.0000000588077022
     49.3493500       0.0000000585690910
     49.4494476       0.0000000583319660
     49.5495491       0.0000000580962992
     49.6496506       0.0000000578619085
     49.7497482       0.0000000576290941
     49.8498497       0.0000000573976516
     49.9499512       0.0000000571675666
     50.0500488       0.0000000569389116
     50.1501503       0.0000000567115686
     50.2502518       0.0000000564856002
     50.3503494       0.0000000562610172
     50.4504509       0.0000000560377297
     50.5505524       0.0000000558158110
     50.6506500       0.0000000555951474
     50.7507515       0.0000000553758388
     50.8508492       0.0000000551578474
     50.9509506       0.0000000549410890
     51.0510521       0.0000000547256276
     51.1511497       0.0000000545114358
     51.2512512       0.0000000542984181
     51.3513527       0.0000000540867477
     51.4514503       0.0000000538762810
     51.5515518       0.0000000536670741
     51.6516533       0.0000000534590567
     51.7517509       0.0000000532522509
     51.8518524       0.0000000530466327
     51.9519501       0.0000000528421955
     52.0520515       0.0000000526389085
     52.1521530       0.0000000524368255
     52.2522507       0.0000000522359462
     52.3523521       0.0000000520362175
     52.4524536       0.0000000518375615
     52.5525513       0.0000000516400599
     52.6526527       0.0000000514437124
     52.7527542       0.0000000512485371
     52.8528519       0.0000000510544080
     52.9529533       0.0000000508613315
     53.0530548       0.0000000506694542
     53.1531525       0.0000000504785751
     53.2532539       0.0000000502888034
     53.3533516       0.0000000501001326
     53.4534531       0.0000000499124389
     53.5535545       0.0000000497258639
     53.6536522       0.0000000495403206
     53.7537537       0.0000000493558614
     53.8538551       0.0000000491722907
     53.9539528       0.0000000489898784
     54.0540543       0.0000000488084217
     54.1541557       0.0000000486280099
     54.2542534       0.0000000484485404
     54.3543549       0.0000000482701048
     54.4544525       0.0000000480926660
     54.5545540       0.0000000479162021
     54.6546555       0.0000000477406184
     54.7547531       0.0000000475661308
     54.8548546       0.0000000473925251
     54.9549561       0.0000000472198727
     55.0550537       0.0000000470481351
     55.1551552       0.0000000468773717
     55.2552567       0.0000000467075206
     55.3553543       0.0000000465386180
     55.4554558       0.0000000463706122
     55.5555573       0.0000000462034980
     55.6556549       0.0000000460373165
     55.7557564       0.0000000458720296
     55.8558540       0.0000000457076058
     55.9559555       0.0000000455440994
     56.0560570       0.0000000453814536
     56.1561546       0.0000000452197090
     56.2562561       0.0000000450587600
     56.3563576       0.0000000448986570
     56.4564552       0.0000000447394979
     56.5565567       0.0000000445810801
     56.6566582       0.0000000444236085
     56.7567558       0.0000000442668945
     56.8568573       0.0000000441110071
     56.9569588       0.0000000439559920
     57.0570564       0.0000000438017413
     57.1571579       0.0000000436483939
     57.2572556       0.0000000434957241
     57.3573570       0.0000000433439104
     57.4574585       0.0000000431928958
     57.5575562       0.0000000430426830
     57.6576576       0.0000000428932593
     57.7577591       0.0000000427445727
     57.8578568       0.0000000425966549
     57.9579582       0.0000000424495431
     58.0580597       0.0000000423031822
     58.1581573       0.0000000421575828
     58.2582588       0.0000000420127272
     58.3583565       0.0000000418685735
     58.4584579       0.0000000417251941
     58.5585594       0.0000000415825751
     58.6586571       0.0000000414406400
     58.7587585       0.0000000412994830
     58.8588600       0.0000000411590311
     58.9589577       0.0000000410192229
     59.0590591       0.0000000408802219
     59.1591606       0.0000000407418909
     59.2592583       0.0000000406042625
     59.3593597       0.0000000404673069
     59.4594612       0.0000000403310796
     59.5595589       0.0000000401955053
     59.6596603       0.0000000400606503
     59.7597580       0.0000000399264639
     59.8598595       0.0000000397929092
     59.9599609       0.0000000396600865
     60.0600586       0.0000000395278956
     60.1601601       0.0000000393963584
     60.2602615       0.0000000392654898
     60.3603592       0.0000000391352726
     60.4604607       0.0000000390056810
     60.5605621       0.0000000388767558
     60.6606598       0.0000000387484772
     60.7607613       0.0000000386207944
     60.8608627       0.0000000384937438
     60.9609604       0.0000000383673775
     61.0610619       0.0000000382415666
     61.1611595       0.0000000381164272
     61.2612610       0.0000000379918829
     61.3613625       0.0000000378679552
     61.4614601       0.0000000377445835
     61.5615616       0.0000000376218312
     61.6616631       0.0000000374997160
     61.7617607       0.0000000373781785
     61.8618622       0.0000000372572140
     61.9619637       0.0000000371368414
     62.0620613       0.0000000370170753
     62.1621628       0.0000000368979009
     62.2622604       0.0000000367792021
     62.3623619       0.0000000366611968
     62.4624634       0.0000000365436746
     62.5625610       0.0000000364267599
     62.6626625       0.0000000363103626
     62.7627640       0.0000000361945979
     62.8628616       0.0000000360793114
     62.9629631       0.0000000359646148
     63.0630646       0.0000000358504534
     63.1631622       0.0000000357368607
     63.2632637       0.0000000356237611
     63.3633652       0.0000000355112200
     63.4634628       0.0000000353992074
     63.5635643       0.0000000352877405
     63.6636620       0.0000000351767675
     63.7637634       0.0000000350663287
     63.8638649       0.0000000349564031
     63.9639626       0.0000000348470116
     64.0640640       0.0000000347381677
     64.1641617       0.0000000346297912
     64.2642670       0.0000000345218741
     64.3643646       0.0000000344145262
     64.4644623       0.0000000343076813
     64.5645676       0.0000000342013072
     64.6646652       0.0000000340954207
     64.7647629       0.0000000339900626
     64.8648682       0.0000000338851551
     64.9649658       0.0000000337807565
     65.0650635       0.0000000336768250
     65.1651688       0.0000000335733513
     65.2652664       0.0000000334703931
     65.3653641       0.0000000333679099
     65.4654617       0.0000000332658676
     65.5655670       0.0000000331643059
     65.6656647       0.0000000330632162
     65.7657623       0.0000000329625931
     65.8658676       0.0000000328623843
     65.9659653       0.0000000327626761
     66.0660629       0.0000000326634189
     66.1661682       0.0000000325646087
     66.2662659       0.0000000324662154
     66.3663635       0.0000000323683066
     66.4664688       0.0000000322708363
     66.5665665       0.0000000321737700
     66.6666641       0.0000000320771578
     66.7667694       0.0000000319809927
     66.8668671       0.0000000318852369
     66.9669647       0.0000000317899713
     67.0670700       0.0000000316950640
     67.1671677       0.0000000316006119
     67.2672653       0.0000000315065948
     67.3673706       0.0000000314129542
     67.4674683       0.0000000313197775
     67.5675659       0.0000000312269943
     67.6676712       0.0000000311346230
     67.7677689       0.0000000310426388
     67.8678665       0.0000000309510616
     67.9679642       0.0000000308599260
     68.0680695       0.0000000307691625
     68.1681671       0.0000000306788256
     68.2682648       0.0000000305888734
     68.3683701       0.0000000304993175
     68.4684677       0.0000000304101371
     68.5685654       0.0000000303213563
     68.6686707       0.0000000302329997
     68.7687683       0.0000000301449752
     68.8688660       0.0000000300573667
     68.9689713       0.0000000299701214
     69.0690689       0.0000000298832838
     69.1691666       0.0000000297967890
     69.2692719       0.0000000297106923
     69.3693695       0.0000000296249640
     69.4694672       0.0000000295395899
     69.5695724       0.0000000294545811
     69.6696701       0.0000000293699781
     69.7697678       0.0000000292857215
     69.8698730       0.0000000292018083
     69.9699707       0.0000000291182529
     70.0700684       0.0000000290351212
     70.1701736       0.0000000289522744
     70.2702713       0.0000000288697867
     70.3703690       0.0000000287876734
     70.4704742       0.0000000287058821
     70.5705719       0.0000000286244894
     70.6706696       0.0000000285434038
     70.7707672       0.0000000284626736
     70.8708725       0.0000000283822886
     70.9709702       0.0000000283022318
     71.0710678       0.0000000282225171
     71.1711731       0.0000000281431452
     71.2712708       0.0000000280641020
     71.3713684       0.0000000279854077
     71.4714737       0.0000000279070367
     71.5715714       0.0000000278289879
     71.6716690       0.0000000277512671
     71.7717743       0.0000000276738532
     71.8718719       0.0000000275967719
     71.9719696       0.0000000275200356
     72.0720749       0.0000000274436062
     72.1721725       0.0000000273674870
     72.2722702       0.0000000272917063
     72.3723755       0.0000000272162018
     72.4724731       0.0000000271410421
     72.5725708       0.0000000270661833
     72.6726761       0.0000000269916260
     72.7727737       0.0000000269173713
     72.8728714       0.0000000268434453
     72.9729767       0.0000000267698095
     73.0730743       0.0000000266964799
     73.1731720       0.0000000266234611
     73.2732697       0.0000000265507598
     73.3733749       0.0000000264783013
     73.4734726       0.0000000264061587
     73.5735703       0.0000000263343412
     73.6736755       0.0000000262627812
     73.7737732       0.0000000261914962
     73.8738708       0.0000000261205409
     73.9739761       0.0000000260498777
     74.0740738       0.0000000259794957
     74.1741714       0.0000000259093763
     74.2742767       0.0000000258395458
     74.3743744       0.0000000257700215
     74.4744720       0.0000000257007582
     74.5745773       0.0000000256317730
     74.6746750       0.0000000255630462
     74.7747726       0.0000000254946310
     74.8748779       0.0000000254264908
     74.9749756       0.0000000253585997
     75.0750732       0.0000000252909868
     75.1751785       0.0000000252236501
     75.2752762       0.0000000251565731
     75.3753738       0.0000000250897426
     75.4754791       0.0000000250232315
     75.5755768       0.0000000249569547
     75.6756744       0.0000000248909214
     75.7757721       0.0000000248251833
     75.8758774       0.0000000247597117
     75.9759750       0.0000000246944867
     76.0760727       0.0000000246295149
     76.1761780       0.0000000245647728
     76.2762756       0.0000000245003121
     76.3763733       0.0000000244361063
     76.4764786       0.0000000243721504
     76.5765762       0.0000000243084524
     76.6766739       0.0000000242449782
     76.7767792       0.0000000241817742
     76.8768768       0.0000000241188203
     76.9769745       0.0000000240561247
     77.0770798       0.0000000239936339
     77.1771774       0.0000000239314046
     77.2772751       0.0000000238694422
     77.3773804       0.0000000238076700
     77.4774780       0.0000000237461615
     77.5775757       0.0000000236848825
     77.6776810       0.0000000236238604
     77.7777786       0.0000000235630423
     77.8778763       0.0000000235024970
     77.9779816       0.0000000234421770
     78.0780792       0.0000000233820977
     78.1781769       0.0000000233222256
     78.2782745       0.0000000232625820
     78.3783798       0.0000000232031571
     78.4784775       0.0000000231439701
     78.5785751       0.0000000230850367
     78.6786804       0.0000000230263206
     78.7787781       0.0000000229678167
     78.8788757       0.0000000229095320
     78.9789810       0.0000000228514630
     79.0790787       0.0000000227936224
     79.1791763       0.0000000227360036
     79.2792816       0.0000000226786054
     79.3793793       0.0000000226214200
     79.4794769       0.0000000225644535
     79.5795822       0.0000000225076981
     79.6796799       0.0000000224511369
     79.7797775       0.0000000223948239
     79.8798828       0.0000000223387065
     79.9799805       0.0000000222827853
     80.0800781       0.0000000222270918
     80.1801834       0.0000000221715973
     80.2802811       0.0000000221163214
     80.3803787       0.0000000220612564
     80.4804840       0.0000000220063813
     80.5805817       0.0000000219517262
     80.6806793       0.0000000218972850
     80.7807770       0.0000000218430156
     80.8808823       0.0000000217889627
     80.9809799       0.0000000217350970
     81.0810776       0.0000000216814300
     81.1811829       0.0000000216279896
     81.2812805       0.0000000215747287
     81.3813782       0.0000000215216593
     81.4814835       0.0000000214687967
     81.5815811       0.0000000214161255
     81.6816788       0.0000000213636381
     81.7817841       0.0000000213113400
     81.8818817       0.0000000212592375
     81.9819794       0.0000000212073376
     82.0820847       0.0000000211556413
     82.1821823       0.0000000211041114
     82.2822800       0.0000000210527693
     82.3823853       0.0000000210016202
     82.4824829       0.0000000209506536
     82.5825806       0.0000000208998700
     82.6826859       0.0000000208492795
     82.7827835       0.0000000207988755
     82.8828812       0.0000000207486458
     82.9829865       0.0000000206986028
     83.0830841       0.0000000206487377
     83.1831818       0.0000000205990411
     83.2832794       0.0000000205495248
     83.3833847       0.0000000205002015
     83.4834824       0.0000000204510629
     83.5835800       0.0000000204020654
     83.6836853       0.0000000203532971
     83.7837830       0.0000000203046549
     83.8838806       0.0000000202562172
     83.9839859       0.0000000202079403
     84.0840836       0.0000000201598181
     84.1841812       0.0000000201118998
     84.2842865       0.0000000200641505
     84.3843842       0.0000000200165513
     84.4844818       0.0000000199691160
     84.5845871       0.0000000199218721
     84.6846848       0.0000000198747895
     84.7847824       0.0000000198278646
     84.8848877       0.0000000197810960
     84.9849854       0.0000000197345128
     85.0850830       0.0000000196880855
     85.1851883       0.0000000196418277
     85.2852859       0.0000000195957386
     85.3853836       0.0000000195497938
     85.4854889       0.0000000195040317
     85.5855865       0.0000000194584106
     85.6856842       0.0000000194129804
     85.7857895       0.0000000193676740
     85.8858871       0.0000000193225276
     85.9859848       0.0000000192775497
     86.0860825       0.0000000192327212
     86.1861877       0.0000000191880624
     86.2862854       0.0000000191435637
     86.3863831       0.0000000190992028
     86.4864883       0.0000000190549788
     86.5865860       0.0000000190109429
     86.6866837       0.0000000189670609
     86.7867889       0.0000000189233058
     86.8868866       0.0000000188797094
     86.9869843       0.0000000188362718
     87.0870895       0.0000000187929802
     87.1871872       0.0000000187498131
     87.2872849       0.0000000187068221
     87.3873901       0.0000000186639767
     87.4874878       0.0000000186213021
     87.5875854       0.0000000185787290
     87.6876907       0.0000000185363391
     87.7877884       0.0000000184940646
     87.8878860       0.0000000184519549
     87.9879913       0.0000000184099742
     88.0880890       0.0000000183681258
     88.1881866       0.0000000183264419
     88.2882919       0.0000000182849104
     88.3883896       0.0000000182435027
     88.4884872       0.0000000182022273
     88.5885849       0.0000000181610984
     88.6886902       0.0000000181201201
     88.7887878       0.0000000180792730
     88.8888855       0.0000000180385621
     88.9889908       0.0000000179979799
     89.0890884       0.0000000179575446
     89.1891861       0.0000000179172557
     89.2892914       0.0000000178770726
     89.3893890       0.0000000178370541
     89.4894867       0.0000000177971536
     89.5895920       0.0000000177574086
     89.6896896       0.0000000177177828
     89.7897873       0.0000000176782828
     89.8898926       0.0000000176389301
     89.9899902       0.0000000175996921
     90.0900879       0.0000000175605856
     90.1901932       0.0000000175216144
     90.2902908       0.0000000174827637
     90.3903885       0.0000000174440457
     90.4904938       0.0000000174054712
     90.5905914       0.0000000173670131
     90.6906891       0.0000000173286804
     90.7907944       0.0000000172904714
     90.8908920       0.0000000172523950
     90.9909897       0.0000000172144413
     91.0910873       0.0000000171766309
     91.1911926       0.0000000171389246
     91.2912903       0.0000000171013468
     91.3913879       0.0000000170638943
     91.4914932       0.0000000170265511
     91.5915909       0.0000000169893414
     91.6916885       0.0000000169522701
     91.7917938       0.0000000169152869
     91.8918915       0.0000000168784599
     91.9919891       0.0000000168417302
     92.0920944       0.0000000168051219
     92.1921921       0.0000000167686390
     92.2922897       0.0000000167322735
     92.3923950       0.0000000166960271
     92.4924927       0.0000000166598966
     92.5925903       0.0000000166238851
     92.6926956       0.0000000165879895
     92.7927933       0.0000000165522098
     92.8928909       0.0000000165165413
     92.9929962       0.0000000164809920
     93.0930939       0.0000000164455569
     93.1931915       0.0000000164102393
     93.2932968       0.0000000163750173
     93.3933945       0.0000000163399301
     93.4934921       0.0000000163049509
     93.5935898       0.0000000162700860
     93.6936951       0.0000000162353292
     93.7937927       0.0000000162006822
     93.8938904       0.0000000161661439
     93.9939957       0.0000000161317208
     94.0940933       0.0000000160974121
     94.1941910       0.0000000160631960
     94.2942963       0.0000000160290927
     94.3943939       0.0000000159951098
     94.4944916       0.0000000159612229
     94.5945969       0.0000000159274530
     94.6946945       0.0000000158938005
     94.7947922       0.0000000158602256
     94.8948975       0.0000000158267753
     94.9949951       0.0000000157934278
     95.0950928       0.0000000157602072
     95.1951981       0.0000000157270540
     95.2952957       0.0000000156940283
     95.3953934       0.0000000156611016
     95.4954987       0.0000000156282795
     95.5955963       0.0000000155955463
     95.6956940       0.0000000155629391
     95.7957993       0.0000000155304139
     95.8958969       0.0000000154980070
     95.9959946       0.0000000154656782
     96.0960999       0.0000000154334571
     96.1961975       0.0000000154013637
     96.2962952       0.0000000153693521
     96.3963928       0.0000000153374350
     96.4964981       0.0000000153056192
     96.5965958       0.0000000152739069
     96.6966934       0.0000000152422940
     96.7967987       0.0000000152107687
     96.8968964       0.0000000151793452
     96.9969940       0.0000000151480190
     97.0970993       0.0000000151168013
     97.1971970       0.0000000150856669
     97.2972946       0.0000000150546290
     97.3973999       0.0000000150236852
     97.4974976       0.0000000149928623
     97.5975952       0.0000000149621041
     97.6977005       0.0000000149314455
     97.7977982       0.0000000149008825
     97.8978958       0.0000000148704301
     97.9980011       0.0000000148400520
     98.0980988       0.0000000148097727
     98.1981964       0.0000000147795874
     98.2983017       0.0000000147494899
     98.3983994       0.0000000147194865
     98.4984970       0.0000000146895731
     98.5986023       0.0000000146597639
     98.6987000       0.0000000146300363
     98.7987976       0.0000000146003941
     98.8988953       0.0000000145708452
     98.9990005       0.0000000145414033
     99.0990982       0.0000000145120346
     99.1991959       0.0000000144827359
     99.2993011       0.0000000144535550
     99.3993988       0.0000000144244519
     99.4994965       0.0000000143954343
     99.5996017       0.0000000143665014
     99.6996994       0.0000000143376464
     99.7997971       0.0000000143089074
     99.8999023       0.0000000142802217
    100.0000000       0.0000000142516399
