# x		H(x,a)
      0.0000000       1.0000000000000000
      0.1001001       0.9900299906730652
      0.2002002       0.9607124924659729
      0.3003003       0.9137664437294006
      0.4004004       0.8518707156181335
      0.5005005       0.7784109115600586
      0.6006006       0.6971734166145325
      0.7007007       0.6120254397392273
      0.8008008       0.5266169309616089
      0.9009009       0.4441368877887726
      1.0010010       0.3671562646742562
      1.1011012       0.2975120051180847
      1.2012012       0.2363028418797688
      1.3013012       0.1839677484667514
      1.4014014       0.1403858189516704
      1.5015016       0.1050067094646565
      1.6016016       0.0769890807699082
      1.7017016       0.0553310011115862
      1.8018018       0.0389806057234624
      1.9019020       0.0269209181021732
      2.0020020       0.0182273436007806
      2.1021020       0.0121002920202984
      2.2022023       0.0078773517147502
      2.3023024       0.0050303052959673
      2.4024024       0.0031522841673243
      2.5025024       0.0019399037721439
      2.6026025       0.0011737262559735
      2.7027028       0.0006995729532780
      2.8028028       0.0004120984541250
      2.9029028       0.0002412311106820
      3.0030031       0.0001415671963968
      3.1031032       0.0000844264306629
      3.2032032       0.0000521363504520
      3.3033032       0.0000340689129050
      3.4034033       0.0000239826518664
      3.5035036       0.0000182957669240
      3.6036036       0.0000149983625279
      3.7037036       0.0000129863326621
      3.8038039       0.0000116650971381
      3.9039040       0.0000107199184313
      4.0040040       0.0000099863669111
      4.1041040       0.0000093790584583
      4.2042041       0.0000088533925608
      4.3043041       0.0000083854890555
      4.4044046       0.0000079619564167
      4.5045047       0.0000075746572715
      4.6046047       0.0000072181949109
      4.7047048       0.0000068886438776
      4.8048048       0.0000065829434465
      4.9049048       0.0000062985789644
      5.0050049       0.0000060334153109
      5.1051049       0.0000057856128549
      5.2052050       0.0000055535744475
      5.3053055       0.0000053358913573
      5.4054055       0.0000051313153453
      5.5055056       0.0000049387526442
      5.6056056       0.0000047572261002
      5.7057056       0.0000045858384101
      5.8058057       0.0000044238238570
      5.9059057       0.0000042704700879
      6.0060062       0.0000041251321543
      6.1061063       0.0000039872508215
      6.2062063       0.0000038562957552
      6.3063064       0.0000037317928095
      6.4064064       0.0000036133082289
      6.5065064       0.0000035004501618
      6.6066065       0.0000033928566662
      6.7067065       0.0000032901969343
      6.8068066       0.0000031921667985
      6.9069071       0.0000030984808664
      7.0070071       0.0000030088851925
      7.1071072       0.0000029231456644
      7.2072072       0.0000028410331616
      7.3073072       0.0000027623411446
      7.4074073       0.0000026868900999
      7.5075073       0.0000026144908792
      7.6076078       0.0000025449870368
      7.7077079       0.0000024782213654
      7.8078079       0.0000024140519074
      7.9079080       0.0000023523434470
      8.0080080       0.0000022929722596
      8.1081085       0.0000022358227232
      8.2082081       0.0000021807820737
      8.3083086       0.0000021277487102
      8.4084082       0.0000020766261633
      8.5085087       0.0000020273205603
      8.6086082       0.0000019797528837
      8.7087088       0.0000019338366444
      8.8088093       0.0000018894976875
      8.9089088       0.0000018466651422
      9.0090094       0.0000018052706900
      9.1091089       0.0000017652523842
      9.2092094       0.0000017265478833
      9.3093090       0.0000016891000974
      9.4094095       0.0000016528569629
      9.5095091       0.0000016177671029
      9.6096096       0.0000015837832969
      9.7097101       0.0000015508564723
      9.8098097       0.0000015189445897
      9.9099102       0.0000014880089044
     10.0100098       0.0000014580049398
     10.1101103       0.0000014288981871
     10.2102098       0.0000014006562262
     10.3103104       0.0000013732413751
     10.4104099       0.0000013466245161
     10.5105104       0.0000013207717178
     10.6106110       0.0000012956573077
     10.7107105       0.0000012712512814
     10.8108110       0.0000012475270359
     10.9109106       0.0000012244606794
     11.0110111       0.0000012020284440
     11.1111107       0.0000011802066410
     11.2112112       0.0000011589737116
     11.3113117       0.0000011383089320
     11.4114113       0.0000011181917549
     11.5115118       0.0000010986022486
     11.6116114       0.0000010795221297
     11.7117119       0.0000010609364819
     11.8118114       0.0000010428259339
     11.9119120       0.0000010251748940
     12.0120125       0.0000010079688414
     12.1121120       0.0000009911912561
     12.2122126       0.0000009748309207
     12.3123121       0.0000009588715061
     12.4124126       0.0000009433005059
     12.5125122       0.0000009281063765
     12.6126127       0.0000009132761399
     12.7127123       0.0000008987988976
     12.8128128       0.0000008846637523
     12.9129133       0.0000008708591788
     13.0130129       0.0000008573752127
     13.1131134       0.0000008442012292
     13.2132130       0.0000008313294712
     13.3133135       0.0000008187498565
     13.4134130       0.0000008064553582
     13.5135136       0.0000007944336938
     13.6136131       0.0000007826798591
     13.7137136       0.0000007711855208
     13.8138142       0.0000007599425019
     13.9139137       0.0000007489424965
     14.0140142       0.0000007381810834
     14.1141138       0.0000007276504737
     14.2142143       0.0000007173430083
     14.3143139       0.0000007072526927
     14.4144144       0.0000006973744713
     14.5145149       0.0000006877022147
     14.6146145       0.0000006782297512
     14.7147150       0.0000006689522974
     14.8148146       0.0000006598634867
     14.9149151       0.0000006509583166
     15.0150146       0.0000006422337267
     15.1151152       0.0000006336818206
     15.2152157       0.0000006253010232
     15.3153152       0.0000006170852307
     15.4154158       0.0000006090303313
     15.5155153       0.0000006011323310
     15.6156158       0.0000005933867696
     15.7157154       0.0000005857911138
     15.8158159       0.0000005783398711
     15.9159155       0.0000005710298570
     16.0160160       0.0000005638576235
     16.1161156       0.0000005568205051
     16.2162170       0.0000005499139312
     16.3163166       0.0000005431353333
     16.4164162       0.0000005364808457
     16.5165157       0.0000005299490056
     16.6166172       0.0000005235351654
     16.7167168       0.0000005172372953
     16.8168163       0.0000005110528148
     16.9169178       0.0000005049786306
     17.0170174       0.0000004990120707
     17.1171169       0.0000004931506674
     17.2172165       0.0000004873924055
     17.3173180       0.0000004817337866
     17.4174175       0.0000004761739808
     17.5175171       0.0000004707101022
     17.6176186       0.0000004653389699
     17.7177181       0.0000004600600569
     17.8178177       0.0000004548705192
     17.9179173       0.0000004497680563
     18.0180187       0.0000004447510271
     18.1181183       0.0000004398180916
     18.2182178       0.0000004349665841
     18.3183174       0.0000004301952565
     18.4184189       0.0000004255016573
     18.5185184       0.0000004208844253
     18.6186180       0.0000004163422159
     18.7187195       0.0000004118739034
     18.8188190       0.0000004074763749
     18.9189186       0.0000004031491638
     19.0190182       0.0000003988903874
     19.1191196       0.0000003946992924
     19.2192192       0.0000003905738624
     19.3193188       0.0000003865125204
     19.4194202       0.0000003825146613
     19.5195198       0.0000003785786302
     19.6196194       0.0000003747030116
     19.7197189       0.0000003708862557
     19.8198204       0.0000003671277276
     19.9199200       0.0000003634266837
     20.0200195       0.0000003597808806
     20.1201210       0.0000003561894683
     20.2202206       0.0000003526521498
     20.3203201       0.0000003491670951
     20.4204197       0.0000003457335850
     20.5205212       0.0000003423505807
     20.6206207       0.0000003390167041
     20.7207203       0.0000003357317543
     20.8208199       0.0000003324939909
     20.9209213       0.0000003293034260
     21.0210209       0.0000003261584188
     21.1211205       0.0000003230579690
     21.2212219       0.0000003200016622
     21.3213215       0.0000003169887189
     21.4214211       0.0000003140180218
     21.5215206       0.0000003110894175
     21.6216221       0.0000003082012324
     21.7217216       0.0000003053532745
     21.8218212       0.0000003025441124
     21.9219227       0.0000002997740697
     22.0220222       0.0000002970421376
     22.1221218       0.0000002943470015
     22.2222214       0.0000002916887536
     22.3223228       0.0000002890662098
     22.4224224       0.0000002864787114
     22.5225220       0.0000002839261256
     22.6226234       0.0000002814074944
     22.7227230       0.0000002789221613
     22.8228226       0.0000002764698100
     22.9229221       0.0000002740495172
     23.0230236       0.0000002716609079
     23.1231232       0.0000002693036751
     23.2232227       0.0000002669769098
     23.3233242       0.0000002646799034
     23.4234238       0.0000002624125859
     23.5235233       0.0000002601746494
     23.6236229       0.0000002579648794
     23.7237244       0.0000002557834739
     23.8238239       0.0000002536294092
     23.9239235       0.0000002515025480
     24.0240250       0.0000002494020631
     24.1241245       0.0000002473282897
     24.2242241       0.0000002452799078
     24.3243237       0.0000002432570639
     24.4244251       0.0000002412590283
     24.5245247       0.0000002392858019
     24.6246243       0.0000002373366663
     24.7247238       0.0000002354110522
     24.8248253       0.0000002335091192
     24.9249249       0.0000002316297766
     25.0250244       0.0000002297732765
     25.1251259       0.0000002279389789
     25.2252254       0.0000002261267403
     25.3253250       0.0000002243360145
     25.4254246       0.0000002225661562
     25.5255260       0.0000002208175058
     25.6256256       0.0000002190892398
     25.7257252       0.0000002173812872
     25.8258266       0.0000002156932953
     25.9259262       0.0000002140248499
     26.0260258       0.0000002123755776
     26.1261253       0.0000002107456395
     26.2262268       0.0000002091341713
     26.3263264       0.0000002075410261
     26.4264259       0.0000002059662030
     26.5265274       0.0000002044089978
     26.6266270       0.0000002028698207
     26.7267265       0.0000002013477866
     26.8268261       0.0000001998428303
     26.9269276       0.0000001983547476
     27.0270271       0.0000001968830821
     27.1271267       0.0000001954278934
     27.2272263       0.0000001939887472
     27.3273277       0.0000001925654714
     27.4274273       0.0000001911578974
     27.5275269       0.0000001897655952
     27.6276283       0.0000001883883926
     27.7277279       0.0000001870263332
     27.8278275       0.0000001856788924
     27.9279270       0.0000001843459066
     28.0280285       0.0000001830274236
     28.1281281       0.0000001817227769
     28.2282276       0.0000001804324526
     28.3283291       0.0000001791553990
     28.4284286       0.0000001778921823
     28.5285282       0.0000001766420707
     28.6286278       0.0000001754052499
     28.7287292       0.0000001741812886
     28.8288288       0.0000001729701592
     28.9289284       0.0000001717716377
     29.0290298       0.0000001705854439
     29.1291294       0.0000001694115932
     29.2292290       0.0000001682498047
     29.3293285       0.0000001671000911
     29.4294300       0.0000001659619806
     29.5295296       0.0000001648354131
     29.6296291       0.0000001637203102
     29.7297306       0.0000001626165343
     29.8298302       0.0000001615237757
     29.9299297       0.0000001604421535
     30.0300293       0.0000001593714542
     30.1301308       0.0000001583110860
     30.2302303       0.0000001572616260
     30.3303299       0.0000001562223830
     30.4304314       0.0000001551935662
     30.5305309       0.0000001541747878
     30.6306305       0.0000001531659591
     30.7307301       0.0000001521671645
     30.8308315       0.0000001511780000
     30.9309311       0.0000001501984631
     31.0310307       0.0000001492285184
     31.1311302       0.0000001482678219
     31.2312317       0.0000001473164243
     31.3313313       0.0000001463742526
     31.4314308       0.0000001454409177
     31.5315323       0.0000001445166107
     31.6316319       0.0000001436010839
     31.7317314       0.0000001426941267
     31.8318310       0.0000001417959429
     31.9319324       0.0000001409058983
     32.0320320       0.0000001400244630
     32.1321335       0.0000001391514317
     32.2322311       0.0000001382862531
     32.3323326       0.0000001374292778
     32.4324341       0.0000001365801101
     32.5325317       0.0000001357389464
     32.6326332       0.0000001349054642
     32.7327309       0.0000001340795468
     32.8328323       0.0000001332612780
     32.9329338       0.0000001324504657
     33.0330315       0.0000001316470445
     33.1331329       0.0000001308509416
     33.2332344       0.0000001300621997
     33.3333321       0.0000001292803865
     33.4334335       0.0000001285055805
     33.5335350       0.0000001277377903
     33.6336327       0.0000001269767876
     33.7337341       0.0000001262225768
     33.8338356       0.0000001254752125
     33.9339333       0.0000001247343310
     34.0340347       0.0000001240000069
     34.1341324       0.0000001232723897
     34.2342339       0.0000001225508633
     34.3343353       0.0000001218356342
     34.4344330       0.0000001211268589
     34.5345345       0.0000001204241662
     34.6346359       0.0000001197275369
     34.7347336       0.0000001190371000
     34.8348351       0.0000001183524310
     34.9349365       0.0000001176737386
     35.0350342       0.0000001170008631
     35.1351357       0.0000001163337561
     35.2352371       0.0000001156722176
     35.3353348       0.0000001150164727
     35.4354362       0.0000001143662388
     35.5355339       0.0000001137215493
     35.6356354       0.0000001130821660
     35.7357368       0.0000001124483661
     35.8358345       0.0000001118197838
     35.9359360       0.0000001111964227
     36.0360374       0.0000001105782512
     36.1361351       0.0000001099652534
     36.2362366       0.0000001093574095
     36.3363380       0.0000001087544696
     36.4364357       0.0000001081565360
     36.5365372       0.0000001075635238
     36.6366348       0.0000001069754224
     36.7367363       0.0000001063921934
     36.8368378       0.0000001058136266
     36.9369354       0.0000001052398147
     37.0370369       0.0000001046705279
     37.1371384       0.0000001041060337
     37.2372360       0.0000001035460817
     37.3373375       0.0000001029904437
     37.4374390       0.0000001024394520
     37.5375366       0.0000001018928531
     37.6376381       0.0000001013505070
     37.7377396       0.0000001008125508
     37.8378372       0.0000001002790495
     37.9379387       0.0000000997494643
     38.0380363       0.0000000992242512
     38.1381378       0.0000000987031420
     38.2382393       0.0000000981860971
     38.3383369       0.0000000976731387
     38.4384384       0.0000000971642545
     38.5385399       0.0000000966592656
     38.6386375       0.0000000961581341
     38.7387390       0.0000000956610580
     38.8388405       0.0000000951676720
     38.9389381       0.0000000946781347
     39.0390396       0.0000000941924197
     39.1391373       0.0000000937103478
     39.2392387       0.0000000932321276
     39.3393402       0.0000000927574780
     39.4394379       0.0000000922863959
     39.5395393       0.0000000918188901
     39.6396408       0.0000000913549499
     39.7397385       0.0000000908944830
     39.8398399       0.0000000904376951
     39.9399414       0.0000000899841272
     40.0400391       0.0000000895340847
     40.1401405       0.0000000890872655
     40.2402420       0.0000000886439354
     40.3403397       0.0000000882038425
     40.4404411       0.0000000877669821
     40.5405388       0.0000000873334278
     40.6406403       0.0000000869030448
     40.7407417       0.0000000864758633
     40.8408394       0.0000000860518850
     40.9409409       0.0000000856309333
     41.0410423       0.0000000852130562
     41.1411400       0.0000000847982852
     41.2412415       0.0000000843864231
     41.3413429       0.0000000839777035
     41.4414406       0.0000000835718874
     41.5415421       0.0000000831689537
     41.6416397       0.0000000827689507
     41.7417412       0.0000000823719075
     41.8418427       0.0000000819776322
     41.9419403       0.0000000815861780
     42.0420418       0.0000000811976209
     42.1421432       0.0000000808117684
     42.2422409       0.0000000804285882
     42.3423424       0.0000000800482575
     42.4424438       0.0000000796705248
     42.5425415       0.0000000792955428
     42.6426430       0.0000000789231307
     42.7427444       0.0000000785533354
     42.8428421       0.0000000781862287
     42.9429436       0.0000000778216022
     43.0430412       0.0000000774594766
     43.1431427       0.0000000770999888
     43.2432442       0.0000000767429222
     43.3433418       0.0000000763883946
     43.4434433       0.0000000760362843
     43.5435448       0.0000000756866139
     43.6436424       0.0000000753393551
     43.7437439       0.0000000749943921
     43.8438454       0.0000000746519234
     43.9439430       0.0000000743117272
     44.0440445       0.0000000739738913
     44.1441460       0.0000000736383448
     44.2442436       0.0000000733050238
     44.3443451       0.0000000729739710
     44.4444427       0.0000000726453017
     44.5445442       0.0000000723187005
     44.6446457       0.0000000719942576
     44.7447433       0.0000000716721280
     44.8448448       0.0000000713520951
     44.9449463       0.0000000710341371
     45.0450439       0.0000000707184124
     45.1451454       0.0000000704048216
     45.2452469       0.0000000700931708
     45.3453445       0.0000000697836703
     45.4454460       0.0000000694762255
     45.5455437       0.0000000691707307
     45.6456451       0.0000000688672886
     45.7457466       0.0000000685658928
     45.8458443       0.0000000682663827
     45.9459457       0.0000000679689253
     46.0460472       0.0000000676733377
     46.1461449       0.0000000673796764
     46.2462463       0.0000000670879344
     46.3463478       0.0000000667980916
     46.4464455       0.0000000665101520
     46.5465469       0.0000000662240341
     46.6466484       0.0000000659397509
     46.7467461       0.0000000656573121
     46.8468475       0.0000000653766191
     46.9469452       0.0000000650978526
     47.0470467       0.0000000648208076
     47.1471481       0.0000000645455144
     47.2472458       0.0000000642719464
     47.3473473       0.0000000640001593
     47.4474487       0.0000000637301012
     47.5475464       0.0000000634617122
     47.6476479       0.0000000631950583
     47.7477493       0.0000000629300137
     47.8478470       0.0000000626666768
     47.9479485       0.0000000624049755
     48.0480499       0.0000000621449360
     48.1481476       0.0000000618865559
     48.2482491       0.0000000616297015
     48.3483467       0.0000000613744749
     48.4484482       0.0000000611208532
     48.5485497       0.0000000608687853
     48.6486473       0.0000000606183098
     48.7487488       0.0000000603693358
     48.8488503       0.0000000601218680
     48.9489479       0.0000000598759770
     49.0490494       0.0000000596315230
     49.1491508       0.0000000593885675
     49.2492485       0.0000000591472085
     49.3493500       0.0000000589072067
     49.4494476       0.0000000586687161
     49.5495491       0.0000000584316964
     49.6496506       0.0000000581959454
     49.7497482       0.0000000579617965
     49.8498497       0.0000000577290131
     49.9499512       0.0000000574975928
     50.0500488       0.0000000572676279
     50.1501503       0.0000000570389683
     50.2502518       0.0000000568116958
     50.3503494       0.0000000565858086
     50.4504509       0.0000000563612417
     50.5505524       0.0000000561380374
     50.6506500       0.0000000559161064
     50.7507515       0.0000000556955244
     50.8508492       0.0000000554762784
     50.9509506       0.0000000552582712
     51.0510521       0.0000000550415612
     51.1511497       0.0000000548261267
     51.2512512       0.0000000546118845
     51.3513527       0.0000000543989902
     51.4514503       0.0000000541873181
     51.5515518       0.0000000539768995
     51.6516533       0.0000000537676890
     51.7517509       0.0000000535596773
     51.8518524       0.0000000533528720
     51.9519501       0.0000000531472538
     52.0520515       0.0000000529427980
     52.1521530       0.0000000527395494
     52.2522507       0.0000000525375110
     52.3523521       0.0000000523366293
     52.4524536       0.0000000521368229
     52.5525513       0.0000000519381834
     52.6526527       0.0000000517407012
     52.7527542       0.0000000515443977
     52.8528519       0.0000000513491493
     52.9529533       0.0000000511549562
     53.0530548       0.0000000509619723
     53.1531525       0.0000000507699923
     53.2532539       0.0000000505791259
     53.3533516       0.0000000503893638
     53.4534531       0.0000000502005875
     53.5535545       0.0000000500129365
     53.6536522       0.0000000498263201
     53.7537537       0.0000000496407975
     53.8538551       0.0000000494561625
     53.9539528       0.0000000492726990
     54.0540543       0.0000000490901971
     54.1541557       0.0000000489087432
     54.2542534       0.0000000487282375
     54.3543549       0.0000000485487691
     54.4544525       0.0000000483703099
     54.5545540       0.0000000481928225
     54.6546555       0.0000000480162272
     54.7547531       0.0000000478407348
     54.8548546       0.0000000476661270
     54.9549561       0.0000000474924788
     55.0550537       0.0000000473197513
     55.1551552       0.0000000471479983
     55.2552567       0.0000000469771636
     55.3553543       0.0000000468072932
     55.4554558       0.0000000466383132
     55.5555573       0.0000000464702371
     55.6556549       0.0000000463030937
     55.7557564       0.0000000461368543
     55.8558540       0.0000000459714778
     55.9559555       0.0000000458070282
     56.0560570       0.0000000456434391
     56.1561546       0.0000000454807669
     56.2562561       0.0000000453188868
     56.3563576       0.0000000451578587
     56.4564552       0.0000000449977814
     56.5565567       0.0000000448384509
     56.6566582       0.0000000446800703
     56.7567558       0.0000000445224530
     56.8568573       0.0000000443656623
     56.9569588       0.0000000442097505
     57.0570564       0.0000000440546120
     57.1571579       0.0000000439003773
     57.2572556       0.0000000437468319
     57.3573570       0.0000000435941335
     57.4574585       0.0000000434422499
     57.5575562       0.0000000432911743
     57.6576576       0.0000000431408879
     57.7577591       0.0000000429913413
     57.8578568       0.0000000428425666
     57.9579582       0.0000000426946044
     58.0580597       0.0000000425473992
     58.1581573       0.0000000424009616
     58.2582588       0.0000000422552742
     58.3583565       0.0000000421102852
     58.4584579       0.0000000419660770
     58.5585594       0.0000000418226354
     58.6586571       0.0000000416798774
     58.7587585       0.0000000415379073
     58.8588600       0.0000000413966451
     58.9589577       0.0000000412560294
     59.0590591       0.0000000411162276
     59.1591606       0.0000000409770956
     59.2592583       0.0000000408386724
     59.3593597       0.0000000407009281
     59.4594612       0.0000000405639154
     59.5595589       0.0000000404275585
     59.6596603       0.0000000402919243
     59.7597580       0.0000000401569648
     59.8598595       0.0000000400226368
     59.9599609       0.0000000398890473
     60.0600586       0.0000000397560926
     60.1601601       0.0000000396237977
     60.2602615       0.0000000394921715
     60.3603592       0.0000000393611997
     60.4604607       0.0000000392308629
     60.5605621       0.0000000391011955
     60.6606598       0.0000000389721718
     60.7607613       0.0000000388437529
     60.8608627       0.0000000387159694
     60.9609604       0.0000000385888766
     61.0610619       0.0000000384623358
     61.1611595       0.0000000383364761
     61.2612610       0.0000000382112146
     61.3613625       0.0000000380865696
     61.4614601       0.0000000379624865
     61.5615616       0.0000000378390260
     61.6616631       0.0000000377162060
     61.7617607       0.0000000375939636
     61.8618622       0.0000000374723034
     61.9619637       0.0000000373512351
     62.0620613       0.0000000372307766
     62.1621628       0.0000000371109128
     62.2622604       0.0000000369915304
     62.3623619       0.0000000368728453
     62.4624634       0.0000000367546397
     62.5625610       0.0000000366370511
     62.6626625       0.0000000365199828
     62.7627640       0.0000000364035507
     62.8628616       0.0000000362875993
     62.9629631       0.0000000361722413
     63.0630646       0.0000000360574184
     63.1631622       0.0000000359431705
     63.2632637       0.0000000358294185
     63.3633652       0.0000000357162284
     63.4634628       0.0000000356035697
     63.5635643       0.0000000354914600
     63.6636620       0.0000000353798471
     63.7637634       0.0000000352687716
     63.8638649       0.0000000351582091
     63.9639626       0.0000000350481841
     64.0640640       0.0000000349387161
     64.1641617       0.0000000348297091
     64.2642670       0.0000000347211737
     64.3643646       0.0000000346132048
     64.4644623       0.0000000345057418
     64.5645676       0.0000000343987558
     64.6646652       0.0000000342922574
     64.7647629       0.0000000341862907
     64.8648682       0.0000000340807775
     64.9649658       0.0000000339757764
     65.0650635       0.0000000338712454
     65.1651688       0.0000000337671721
     65.2652664       0.0000000336636176
     65.3653641       0.0000000335605444
     65.4654617       0.0000000334579150
     65.5655670       0.0000000333557663
     65.6656647       0.0000000332540926
     65.7657623       0.0000000331528856
     65.8658676       0.0000000330521022
     65.9659653       0.0000000329518132
     66.0660629       0.0000000328519877
     66.1661682       0.0000000327526061
     66.2662659       0.0000000326536473
     66.3663635       0.0000000325551702
     66.4664688       0.0000000324571378
     66.5665665       0.0000000323595092
     66.6666641       0.0000000322623442
     66.7667694       0.0000000321656231
     66.8668671       0.0000000320693112
     66.9669647       0.0000000319734961
     67.0670700       0.0000000318780452
     67.1671677       0.0000000317830402
     67.2672653       0.0000000316884859
     67.3673706       0.0000000315943017
     67.4674683       0.0000000315005877
     67.5675659       0.0000000314072705
     67.6676712       0.0000000313143650
     67.7677689       0.0000000312218496
     67.8678665       0.0000000311297474
     67.9679642       0.0000000310380807
     68.0680695       0.0000000309467954
     68.1681671       0.0000000308559399
     68.2682648       0.0000000307654660
     68.3683701       0.0000000306753914
     68.4684677       0.0000000305856986
     68.5685654       0.0000000304964021
     68.6686707       0.0000000304075364
     68.7687683       0.0000000303190056
     68.8688660       0.0000000302308909
     68.9689713       0.0000000301431425
     69.0690689       0.0000000300558018
     69.1691666       0.0000000299688069
     69.2692719       0.0000000298822134
     69.3693695       0.0000000297959913
     69.4694672       0.0000000297101234
     69.5695724       0.0000000296246238
     69.6696701       0.0000000295395334
     69.7697678       0.0000000294547923
     69.8698730       0.0000000293703947
     69.9699707       0.0000000292863547
     70.0700684       0.0000000292027419
     70.1701736       0.0000000291194199
     70.2702713       0.0000000290364539
     70.3703690       0.0000000289538624
     70.4704742       0.0000000288716021
     70.5705719       0.0000000287897407
     70.6706696       0.0000000287081861
     70.7707672       0.0000000286269933
     70.8708725       0.0000000285461425
     70.9709702       0.0000000284656230
     71.0710678       0.0000000283854488
     71.1711731       0.0000000283056174
     71.2712708       0.0000000282261145
     71.3713684       0.0000000281469669
     71.4714737       0.0000000280681458
     71.5715714       0.0000000279896468
     71.6716690       0.0000000279114757
     71.7717743       0.0000000278336178
     71.8718719       0.0000000277560893
     71.9719696       0.0000000276789122
     72.0720749       0.0000000276020421
     72.1721725       0.0000000275254850
     72.2722702       0.0000000274492635
     72.3723755       0.0000000273733243
     72.4724731       0.0000000272977299
     72.5725708       0.0000000272224396
     72.6726761       0.0000000271474476
     72.7727737       0.0000000270727675
     72.8728714       0.0000000269984132
     72.9729767       0.0000000269243520
     73.0730743       0.0000000268506033
     73.1731720       0.0000000267771593
     73.2732697       0.0000000267040390
     73.3733749       0.0000000266311613
     73.4734726       0.0000000265586058
     73.5735703       0.0000000264863693
     73.6736755       0.0000000264143980
     73.7737732       0.0000000263427015
     73.8738708       0.0000000262713366
     73.9739761       0.0000000262002653
     74.0740738       0.0000000261294767
     74.1741714       0.0000000260589537
     74.2742767       0.0000000259887197
     74.3743744       0.0000000259187935
     74.4744720       0.0000000258491314
     74.5745773       0.0000000257797474
     74.6746750       0.0000000257106247
     74.7747726       0.0000000256418139
     74.8748779       0.0000000255732796
     74.9749756       0.0000000255049974
     75.0750732       0.0000000254369934
     75.1751785       0.0000000253692688
     75.2752762       0.0000000253018039
     75.3753738       0.0000000252345868
     75.4754791       0.0000000251676927
     75.5755768       0.0000000251010326
     75.6756744       0.0000000250346190
     75.7757721       0.0000000249685008
     75.8758774       0.0000000249026523
     75.9759750       0.0000000248370487
     76.0760727       0.0000000247717015
     76.1761780       0.0000000247065869
     76.2762756       0.0000000246417555
     76.3763733       0.0000000245771788
     76.4764786       0.0000000245128537
     76.5765762       0.0000000244487865
     76.6766739       0.0000000243849477
     76.7767792       0.0000000243213775
     76.8768768       0.0000000242580607
     76.9769745       0.0000000241950038
     77.0770798       0.0000000241321515
     77.1771774       0.0000000240695623
     77.2772751       0.0000000240072401
     77.3773804       0.0000000239451141
     77.4774780       0.0000000238832504
     77.5775757       0.0000000238216161
     77.6776810       0.0000000237602420
     77.7777786       0.0000000236990732
     77.8778763       0.0000000236381791
     77.9779816       0.0000000235775101
     78.0780792       0.0000000235170835
     78.1781769       0.0000000234568671
     78.2782745       0.0000000233968792
     78.3783798       0.0000000233371114
     78.4784775       0.0000000232775817
     78.5785751       0.0000000232183088
     78.6786804       0.0000000231592515
     78.7787781       0.0000000231004112
     78.8788757       0.0000000230417883
     78.9789810       0.0000000229833860
     79.0790787       0.0000000229252104
     79.1791763       0.0000000228672598
     79.2792816       0.0000000228095315
     79.3793793       0.0000000227520142
     79.4794769       0.0000000226947190
     79.5795822       0.0000000226376349
     79.6796799       0.0000000225807480
     79.7797775       0.0000000225241110
     79.8798828       0.0000000224676681
     79.9799805       0.0000000224114243
     80.0800781       0.0000000223554100
     80.1801834       0.0000000222995945
     80.2802811       0.0000000222440009
     80.3803787       0.0000000221886181
     80.4804840       0.0000000221334236
     80.5805817       0.0000000220784540
     80.6806793       0.0000000220236997
     80.7807770       0.0000000219691172
     80.8808823       0.0000000219147528
     80.9809799       0.0000000218605770
     81.0810776       0.0000000218065984
     81.1811829       0.0000000217528497
     81.2812805       0.0000000216992819
     81.3813782       0.0000000216459041
     81.4814835       0.0000000215927377
     81.5815811       0.0000000215397628
     81.6816788       0.0000000214869716
     81.7817841       0.0000000214343729
     81.8818817       0.0000000213819682
     81.9819794       0.0000000213297677
     82.0820847       0.0000000212777740
     82.1821823       0.0000000212259481
     82.2822800       0.0000000211743068
     82.3823853       0.0000000211228635
     82.4824829       0.0000000210716024
     82.5825806       0.0000000210205260
     82.6826859       0.0000000209696443
     82.7827835       0.0000000209189490
     82.8828812       0.0000000208684296
     82.9829865       0.0000000208180970
     83.0830841       0.0000000207679437
     83.1831818       0.0000000207179605
     83.2832794       0.0000000206681576
     83.3833847       0.0000000206185509
     83.4834824       0.0000000205691273
     83.5835800       0.0000000205198494
     83.6836853       0.0000000204707977
     83.7837830       0.0000000204218751
     83.8838806       0.0000000203731571
     83.9839859       0.0000000203246030
     84.0840836       0.0000000202762020
     84.1841812       0.0000000202280082
     84.2842865       0.0000000201799801
     84.3843842       0.0000000201321084
     84.4844818       0.0000000200843989
     84.5845871       0.0000000200368825
     84.6846848       0.0000000199895275
     84.7847824       0.0000000199423331
     84.8848877       0.0000000198952919
     84.9849854       0.0000000198484424
     85.0850830       0.0000000198017473
     85.1851883       0.0000000197552233
     85.2852859       0.0000000197088663
     85.3853836       0.0000000196626568
     85.4854889       0.0000000196166300
     85.5855865       0.0000000195707441
     85.6856842       0.0000000195250541
     85.7857895       0.0000000194794844
     85.8858871       0.0000000194340779
     85.9859848       0.0000000193888416
     86.0860825       0.0000000193437514
     86.1861877       0.0000000192988374
     86.2862854       0.0000000192540818
     86.3863831       0.0000000192094624
     86.4864883       0.0000000191649861
     86.5865860       0.0000000191206949
     86.6866837       0.0000000190765592
     86.7867889       0.0000000190325518
     86.8868866       0.0000000189887047
     86.9869843       0.0000000189450133
     87.0870895       0.0000000189014711
     87.1871872       0.0000000188580563
     87.2872849       0.0000000188148178
     87.3873901       0.0000000187717249
     87.4874878       0.0000000187288029
     87.5875854       0.0000000186859852
     87.6876907       0.0000000186433495
     87.7877884       0.0000000186008321
     87.8878860       0.0000000185584796
     87.9879913       0.0000000185162560
     88.0880890       0.0000000184741661
     88.1881866       0.0000000184322426
     88.2882919       0.0000000183904699
     88.3883896       0.0000000183488241
     88.4884872       0.0000000183073104
     88.5885849       0.0000000182659448
     88.6886902       0.0000000182247285
     88.7887878       0.0000000181836463
     88.8888855       0.0000000181426988
     88.9889908       0.0000000181018831
     89.0890884       0.0000000180612143
     89.1891861       0.0000000180206920
     89.2892914       0.0000000179802785
     89.3893890       0.0000000179400281
     89.4894867       0.0000000178998972
     89.5895920       0.0000000178599235
     89.6896896       0.0000000178200706
     89.7897873       0.0000000177803401
     89.8898926       0.0000000177407602
     89.9899902       0.0000000177012949
     90.0900879       0.0000000176619644
     90.1901932       0.0000000176227691
     90.2902908       0.0000000175836927
     90.3903885       0.0000000175447521
     90.4904938       0.0000000175059551
     90.5905914       0.0000000174672745
     90.6906891       0.0000000174287208
     90.7907944       0.0000000173902907
     90.8908920       0.0000000173519934
     90.9909897       0.0000000173138218
     91.0910873       0.0000000172757936
     91.1911926       0.0000000172378695
     91.2912903       0.0000000172000738
     91.3913879       0.0000000171624050
     91.4914932       0.0000000171248455
     91.5915909       0.0000000170874226
     91.6916885       0.0000000170501382
     91.7917938       0.0000000170129386
     91.8918915       0.0000000169759001
     91.9919891       0.0000000169389588
     92.0920944       0.0000000169021389
     92.1921921       0.0000000168654459
     92.2922897       0.0000000168288704
     92.3923950       0.0000000167924140
     92.4924927       0.0000000167560750
     92.5925903       0.0000000167198550
     92.6926956       0.0000000166837526
     92.7927933       0.0000000166477660
     92.8928909       0.0000000166118921
     92.9929962       0.0000000165761390
     93.0930939       0.0000000165405002
     93.1931915       0.0000000165049773
     93.2932968       0.0000000164695530
     93.3933945       0.0000000164342604
     93.4934921       0.0000000163990805
     93.5935898       0.0000000163640150
     93.6936951       0.0000000163290592
     93.7937927       0.0000000162942099
     93.8938904       0.0000000162594709
     93.9939957       0.0000000162248488
     94.0940933       0.0000000161903425
     94.1941910       0.0000000161559305
     94.2942963       0.0000000161216311
     94.3943939       0.0000000160874507
     94.4944916       0.0000000160533662
     94.5945969       0.0000000160194036
     94.6946945       0.0000000159855567
     94.7947922       0.0000000159517889
     94.8948975       0.0000000159181443
     94.9949951       0.0000000158846055
     95.0950928       0.0000000158511937
     95.1951981       0.0000000158178460
     95.2952957       0.0000000157846306
     95.3953934       0.0000000157515126
     95.4954987       0.0000000157185040
     95.5955963       0.0000000156855794
     95.6956940       0.0000000156527857
     95.7957993       0.0000000156200724
     95.8958969       0.0000000155874758
     95.9959946       0.0000000155549619
     96.0960999       0.0000000155225557
     96.1961975       0.0000000154902759
     96.2962952       0.0000000154580808
     96.3963928       0.0000000154259786
     96.4964981       0.0000000153939794
     96.5965958       0.0000000153620852
     96.6966934       0.0000000153302888
     96.7967987       0.0000000152985816
     96.8968964       0.0000000152669747
     96.9969940       0.0000000152354697
     97.0970993       0.0000000152040701
     97.1971970       0.0000000151727570
     97.2972946       0.0000000151415419
     97.3973999       0.0000000151104177
     97.4974976       0.0000000150794161
     97.5975952       0.0000000150484807
     97.6977005       0.0000000150176449
     97.7977982       0.0000000149869078
     97.8978958       0.0000000149562782
     97.9980011       0.0000000149257245
     98.0980988       0.0000000148952696
     98.1981964       0.0000000148649118
     98.2983017       0.0000000148346418
     98.3983994       0.0000000148044643
     98.4984970       0.0000000147743768
     98.5986023       0.0000000147443952
     98.6987000       0.0000000147144951
     98.7987976       0.0000000146846834
     98.8988953       0.0000000146549636
     98.9990005       0.0000000146253509
     99.0990982       0.0000000145958112
     99.1991959       0.0000000145663477
     99.2993011       0.0000000145369976
     99.3993988       0.0000000145077251
     99.4994965       0.0000000144785397
     99.5996017       0.0000000144494421
     99.6996994       0.0000000144204176
     99.7997971       0.0000000143915140
     99.8999023       0.0000000143626620
    100.0000000       0.0000000143339155
