# x		H(x,a)
      0.0000000       1.0000000000000000
      0.1001001       0.9900299906730652
      0.2002002       0.9607124924659729
      0.3003003       0.9137664437294006
      0.4004004       0.8518707156181335
      0.5005005       0.7784109115600586
      0.6006006       0.6971734166145325
      0.7007007       0.6120254397392273
      0.8008008       0.5266169309616089
      0.9009009       0.4441368877887726
      1.0010010       0.3671670279285134
      1.1011012       0.2975424741004558
      1.2012012       0.2363506815976651
      1.3013012       0.1840274614718521
      1.4014014       0.1404518227112116
      1.5015016       0.1050744886842961
      1.6016016       0.0770554307945066
      1.7017016       0.0553938893391610
      1.8018018       0.0390389117443263
      1.9019020       0.0269741709170755
      2.0020020       0.0182755016878058
      2.1021020       0.0121435762957993
      2.2022023       0.0079161272129136
      2.3023024       0.0050650016890575
      2.4024024       0.0031833452203332
      2.5025024       0.0019677573050824
      2.6026025       0.0011987678582057
      2.7027028       0.0007221585827692
      2.8028028       0.0004325426444780
      2.9029028       0.0002598083385984
      3.0030031       0.0001585149580542
      3.1031032       0.0000999491334814
      3.2032032       0.0000664093188105
      3.3033032       0.0000472423203860
      3.4034033       0.0000361850853881
      3.5035036       0.0000296374124352
      3.6036036       0.0000255738111614
      3.7037036       0.0000228769536728
      3.8038039       0.0000209411031220
      3.9039040       0.0000194420769299
      4.0040040       0.0000182074550984
      4.1041040       0.0000171450982620
      4.2042041       0.0000162046604137
      4.3043041       0.0000153573705289
      4.4044046       0.0000145856790368
      4.5045047       0.0000138778717992
      4.6046047       0.0000132254887403
      4.7047048       0.0000126219593725
      4.8048048       0.0000120619445426
      4.9049048       0.0000115409482888
      5.0050049       0.0000110551028030
      5.1051049       0.0000106010593288
      5.2052050       0.0000101758937058
      5.3053055       0.0000097770306561
      5.4054055       0.0000094021835019
      5.5055056       0.0000090493486951
      5.6056056       0.0000087167354113
      5.7057056       0.0000084026990584
      5.8058057       0.0000081058371708
      5.9059057       0.0000078248447494
      6.0060062       0.0000075585392797
      6.1061063       0.0000073058976414
      6.2062063       0.0000070659471681
      6.3063064       0.0000068378187289
      6.4064064       0.0000066207170444
      6.5065064       0.0000064139260580
      6.6066065       0.0000062167809241
      6.7067065       0.0000060286752084
      6.8068066       0.0000058490538240
      6.9069071       0.0000056773919923
      7.0070071       0.0000055132243780
      7.1071072       0.0000053561223275
      7.2072072       0.0000052056664345
      7.3073072       0.0000050614778090
      7.4074073       0.0000049232277621
      7.5075073       0.0000047905697833
      7.6076078       0.0000046632165912
      7.7077079       0.0000045408807125
      7.8078079       0.0000044233021041
      7.9079080       0.0000043102333096
      8.0080080       0.0000042014466089
      8.1081085       0.0000040967305805
      8.2082081       0.0000039958787489
      8.3083086       0.0000038987050789
      8.4084082       0.0000038050325831
      8.5085087       0.0000037146890630
      8.6086082       0.0000036275303104
      8.7087088       0.0000035433972738
      8.8088093       0.0000034621542136
      8.9089088       0.0000033836711739
      9.0090094       0.0000033078235142
      9.1091089       0.0000032344978444
      9.2092094       0.0000031635789186
      9.3093090       0.0000030949627518
      9.4094095       0.0000030285541917
      9.5095091       0.0000029642585675
      9.6096096       0.0000029019890748
      9.7097101       0.0000028416570456
      9.8098097       0.0000027831843644
      9.9099102       0.0000027265002797
     10.0100098       0.0000026715237748
     10.1101103       0.0000026181908874
     10.2102098       0.0000025664428148
     10.3103104       0.0000025162103439
     10.4104099       0.0000024674397973
     10.5105104       0.0000024200693709
     10.6106110       0.0000023740520526
     10.7107105       0.0000023293322553
     10.8108110       0.0000022858619910
     10.9109106       0.0000022435972409
     11.0110111       0.0000022024943598
     11.1111107       0.0000021625097445
     11.2112112       0.0000021236043737
     11.3113117       0.0000020857399931
     11.4114113       0.0000020488789975
     11.5115118       0.0000020129849996
     11.6116114       0.0000019780242050
     11.7117119       0.0000019439693139
     11.8118114       0.0000019107852845
     11.9119120       0.0000018784428531
     12.0120125       0.0000018469161370
     12.1121120       0.0000018161740818
     12.2122126       0.0000017861969974
     12.3123121       0.0000017569541334
     12.4124126       0.0000017284233524
     12.5125122       0.0000017005828527
     12.6126127       0.0000016734091685
     12.7127123       0.0000016468824511
     12.8128128       0.0000016209824139
     12.9129133       0.0000015956878783
     13.0130129       0.0000015709811494
     13.1131134       0.0000015468422741
     13.2132130       0.0000015232571781
     13.3133135       0.0000015002073139
     13.4134130       0.0000014776799768
     13.5135136       0.0000014556524971
     13.6136131       0.0000014341158325
     13.7137136       0.0000014130544570
     13.8138142       0.0000013924536537
     13.9139137       0.0000013722982095
     14.0140142       0.0000013525798830
     14.1141138       0.0000013332845321
     14.2142143       0.0000013143980601
     14.3143139       0.0000012959094748
     14.4144144       0.0000012778093187
     14.5145149       0.0000012600868020
     14.6146145       0.0000012427303303
     14.7147150       0.0000012257309603
     14.8148146       0.0000012090775397
     14.9149151       0.0000011927603598
     15.0150146       0.0000011767741559
     15.1151152       0.0000011611044378
     15.2152157       0.0000011457481578
     15.3153152       0.0000011306941566
     15.4154158       0.0000011159350667
     15.5155153       0.0000011014634312
     15.6156158       0.0000010872712294
     15.7157154       0.0000010733536028
     15.8158159       0.0000010597005764
     15.9159155       0.0000010463064048
     16.0160160       0.0000010331644907
     16.1161156       0.0000010202702678
     16.2162170       0.0000010076152940
     16.3163166       0.0000009951948910
     16.4164162       0.0000009830015931
     16.5165157       0.0000009710333861
     16.6166172       0.0000009592810483
     16.7167168       0.0000009477413464
     16.8168163       0.0000009364095094
     16.9169178       0.0000009252796917
     17.0170174       0.0000009143471287
     17.1171169       0.0000009036071930
     17.2172165       0.0000008930562206
     17.3173180       0.0000008826878852
     17.4174175       0.0000008725004892
     17.5175171       0.0000008624889559
     17.6176186       0.0000008526473510
     17.7177181       0.0000008429747145
     17.8178177       0.0000008334659437
     17.9179173       0.0000008241165588
     18.0180187       0.0000008149236770
     18.1181183       0.0000008058850722
     18.2182178       0.0000007969955628
     18.3183174       0.0000007882531309
     18.4184189       0.0000007796529233
     18.5185184       0.0000007711926674
     18.6186180       0.0000007628699611
     18.7187195       0.0000007546824843
     18.8188190       0.0000007466248910
     18.9189186       0.0000007386960365
     19.0190182       0.0000007308926772
     19.1191196       0.0000007232132392
     19.2192192       0.0000007156541742
     19.3193188       0.0000007082125268
     19.4194202       0.0000007008871747
     19.5195198       0.0000006936751323
     19.6196194       0.0000006865737761
     19.7197189       0.0000006795802812
     19.8198204       0.0000006726934666
     19.9199200       0.0000006659120006
     20.0200195       0.0000006592316987
     20.1201210       0.0000006526511793
     20.2202206       0.0000006461696877
     20.3203201       0.0000006397839460
     20.4204197       0.0000006334926511
     20.5205212       0.0000006272939467
     20.6206207       0.0000006211852382
     20.7207203       0.0000006151661524
     20.8208199       0.0000006092335958
     20.9209213       0.0000006033874323
     21.0210209       0.0000005976248156
     21.1211205       0.0000005919437992
     21.2212219       0.0000005863436749
     21.3213215       0.0000005808230336
     21.4214211       0.0000005753797589
     21.5215206       0.0000005700136574
     21.6216221       0.0000005647216006
     21.7217216       0.0000005595033015
     21.8218212       0.0000005543559898
     21.9219227       0.0000005492804121
     22.0220222       0.0000005442746378
     22.1221218       0.0000005393363182
     22.2222214       0.0000005344655486
     22.3223228       0.0000005296602475
     22.4224224       0.0000005249191305
     22.5225220       0.0000005202420426
     22.6226234       0.0000005156270371
     22.7227230       0.0000005110731255
     22.8228226       0.0000005065796707
     22.9229221       0.0000005021449112
     23.0230236       0.0000004977682566
     23.1231232       0.0000004934490912
     23.2232227       0.0000004891856554
     23.3233242       0.0000004849768612
     23.4234238       0.0000004808224213
     23.5235233       0.0000004767218161
     23.6236229       0.0000004726727622
     23.7237244       0.0000004686758132
     23.8238239       0.0000004647288490
     23.9239235       0.0000004608317473
     24.0240250       0.0000004569830041
     24.1241245       0.0000004531832581
     24.2242241       0.0000004494299103
     24.3243237       0.0000004457235346
     24.4244251       0.0000004420624346
     24.5245247       0.0000004384468645
     24.6246243       0.0000004348754460
     24.7247238       0.0000004313470542
     24.8248253       0.0000004278621483
     24.9249249       0.0000004244186274
     25.0250244       0.0000004210169735
     25.1251259       0.0000004176559397
     25.2252254       0.0000004143353161
     25.3253250       0.0000004110541420
     25.4254246       0.0000004078112064
     25.5255260       0.0000004046071282
     25.6256256       0.0000004014403658
     25.7257252       0.0000003983108742
     25.8258266       0.0000003952179335
     25.9259262       0.0000003921608784
     26.0260258       0.0000003891389016
     26.1261253       0.0000003861523347
     26.2262268       0.0000003831995775
     26.3263264       0.0000003802804587
     26.4264259       0.0000003773948759
     26.5265274       0.0000003745415878
     26.6266270       0.0000003717212986
     26.7267265       0.0000003689325008
     26.8268261       0.0000003661749231
     26.9269276       0.0000003634482813
     27.0270271       0.0000003607517346
     27.1271267       0.0000003580853592
     27.2272263       0.0000003554483899
     27.3273277       0.0000003528405109
     27.4274273       0.0000003502614112
     27.5275269       0.0000003477102553
     27.6276283       0.0000003451868055
     27.7277279       0.0000003426910757
     27.8278275       0.0000003402221494
     27.9279270       0.0000003377796819
     28.0280285       0.0000003353638179
     28.1281281       0.0000003329732985
     28.2282276       0.0000003306090147
     28.3283291       0.0000003282690186
     28.4284286       0.0000003259544296
     28.5285282       0.0000003236638611
     28.6286278       0.0000003213976104
     28.7287292       0.0000003191549299
     28.8288288       0.0000003169357218
     28.9289284       0.0000003147396718
     29.0290298       0.0000003125661968
     29.1291294       0.0000003104153695
     29.2292290       0.0000003082865686
     29.3293285       0.0000003061799385
     29.4294300       0.0000003040945483
     29.5295296       0.0000003020303270
     29.6296291       0.0000002999871371
     29.7297306       0.0000002979646293
     29.8298302       0.0000002959623577
     29.9299297       0.0000002939804683
     30.0300293       0.0000002920186331
     30.1301308       0.0000002900756961
     30.2302303       0.0000002881527657
     30.3303299       0.0000002862485734
     30.4304314       0.0000002843634261
     30.5305309       0.0000002824966933
     30.6306305       0.0000002806482329
     30.7307301       0.0000002788181276
     30.8308315       0.0000002770056655
     30.9309311       0.0000002752108422
     31.0310307       0.0000002734335964
     31.1311302       0.0000002716733023
     31.2312317       0.0000002699300482
     31.3313313       0.0000002682036858
     31.4314308       0.0000002664935331
     31.5315323       0.0000002647998635
     31.6316319       0.0000002631223781
     31.7317314       0.0000002614605279
     31.8318310       0.0000002598147849
     31.9319324       0.0000002581839377
     32.0320320       0.0000002565688927
     32.1321335       0.0000002549692161
     32.2322311       0.0000002533838935
     32.3323326       0.0000002518136599
     32.4324341       0.0000002502577035
     32.5325317       0.0000002487164212
     32.6326332       0.0000002471892406
     32.7327309       0.0000002456759230
     32.8328323       0.0000002441765931
     32.9329338       0.0000002426909356
     33.0330315       0.0000002412187709
     33.1331329       0.0000002397600648
     33.2332344       0.0000002383148559
     33.3333321       0.0000002368823687
     33.4334335       0.0000002354626519
     33.5335350       0.0000002340558265
     33.6336327       0.0000002326613996
     33.7337341       0.0000002312794910
     33.8338356       0.0000002299100828
     33.9339333       0.0000002285525373
     34.0340347       0.0000002272070221
     34.1341324       0.0000002258737823
     34.2342339       0.0000002245517135
     34.3343353       0.0000002232412128
     34.4344330       0.0000002219425049
     34.5345345       0.0000002206549444
     34.6346359       0.0000002193784841
     34.7347336       0.0000002181133991
     34.8348351       0.0000002168588911
     34.9349365       0.0000002156152885
     35.0350342       0.0000002143823877
     35.1351357       0.0000002131600110
     35.2352371       0.0000002119478973
     35.3353348       0.0000002107463619
     35.4354362       0.0000002095549404
     35.5355339       0.0000002083736652
     35.6356354       0.0000002072020914
     35.7357368       0.0000002060407745
     35.8358345       0.0000002048890194
     35.9359360       0.0000002037468077
     36.0360374       0.0000002026141311
     36.1361351       0.0000002014909315
     36.2362366       0.0000002003771726
     36.3363380       0.0000001992723816
     36.4364357       0.0000001981767940
     36.5365372       0.0000001970902270
     36.6366348       0.0000001960126219
     36.7367363       0.0000001949439599
     36.8368378       0.0000001938838661
     36.9369354       0.0000001928324341
     37.0370369       0.0000001917893209
     37.1371384       0.0000001907550044
     37.2372360       0.0000001897289865
     37.3373375       0.0000001887108800
     37.4374390       0.0000001877012959
     37.5375366       0.0000001866997673
     37.6376381       0.0000001857059977
     37.7377396       0.0000001847202977
     37.8378372       0.0000001837427734
     37.9379387       0.0000001827724043
     38.0380363       0.0000001818100401
     38.1381378       0.0000001808552061
     38.2382393       0.0000001799078183
     38.3383369       0.0000001789679184
     38.4384384       0.0000001780354796
     38.5385399       0.0000001771101741
     38.6386375       0.0000001761919582
     38.7387390       0.0000001752811546
     38.8388405       0.0000001743771130
     38.9389381       0.0000001734801266
     39.0390396       0.0000001725901508
     39.1391373       0.0000001717068355
     39.2392387       0.0000001708305868
     39.3393402       0.0000001699608772
     39.4394379       0.0000001690977163
     39.5395393       0.0000001682411018
     39.6396408       0.0000001673910047
     39.7397385       0.0000001665472803
     39.8398399       0.0000001657103072
     39.9399414       0.0000001648792167
     40.0400391       0.0000001640545978
     40.1401405       0.0000001632359020
     40.2402420       0.0000001624235863
     40.3403397       0.0000001616171879
     40.4404411       0.0000001608167222
     40.5405388       0.0000001600223030
     40.6406403       0.0000001592337177
     40.7407417       0.0000001584509822
     40.8408394       0.0000001576741130
     40.9409409       0.0000001569027949
     41.0410423       0.0000001561371280
     41.1411400       0.0000001553771329
     41.2412415       0.0000001546224720
     41.3413429       0.0000001538735723
     41.4414406       0.0000001531299823
     41.5415421       0.0000001523916851
     41.6416397       0.0000001516587505
     41.7417412       0.0000001509312557
     41.8418427       0.0000001502088127
     41.9419403       0.0000001494915377
     42.0420418       0.0000001487795760
     42.1421432       0.0000001480725822
     42.2422409       0.0000001473704847
     42.3423424       0.0000001466735863
     42.4424438       0.0000001459814592
     42.5425415       0.0000001452943856
     42.6426430       0.0000001446120080
     42.7427444       0.0000001439344144
     42.8428421       0.0000001432617799
     42.9429436       0.0000001425936564
     43.0430412       0.0000001419301282
     43.1431427       0.0000001412714255
     43.2432442       0.0000001406171650
     43.3433418       0.0000001399675697
     43.4434433       0.0000001393223970
     43.5435448       0.0000001386816775
     43.6436424       0.0000001380454002
     43.7437439       0.0000001374133257
     43.8438454       0.0000001367858148
     43.9439430       0.0000001361624598
     44.0440445       0.0000001355434248
     44.1441460       0.0000001349286171
     44.2442436       0.0000001343178657
     44.3443451       0.0000001337112676
     44.4444427       0.0000001331090370
     44.5445442       0.0000001325106210
     44.6446457       0.0000001319161381
     44.7447433       0.0000001313258815
     44.8448448       0.0000001307394847
     44.9449463       0.0000001301568919
     45.0450439       0.0000001295783830
     45.1451454       0.0000001290037916
     45.2452469       0.0000001284327371
     45.3453445       0.0000001278656394
     45.4454460       0.0000001273022949
     45.5455437       0.0000001267425463
     45.6456451       0.0000001261865267
     45.7457466       0.0000001256342857
     45.8458443       0.0000001250854999
     45.9459457       0.0000001245404366
     46.0460472       0.0000001239988411
     46.1461449       0.0000001234607697
     46.2462463       0.0000001229261902
     46.3463478       0.0000001223951131
     46.4464455       0.0000001218675213
     46.5465469       0.0000001213432568
     46.6466484       0.0000001208223582
     46.7467461       0.0000001203048397
     46.8468475       0.0000001197905511
     46.9469452       0.0000001192797540
     47.0470467       0.0000001187721003
     47.1471481       0.0000001182676845
     47.2472458       0.0000001177664273
     47.3473473       0.0000001172684175
     47.4474487       0.0000001167736055
     47.5475464       0.0000001162818214
     47.6476479       0.0000001157932299
     47.7477493       0.0000001153075949
     47.8478470       0.0000001148250659
     47.9479485       0.0000001143455488
     48.0480499       0.0000001138690703
     48.1481476       0.0000001133956339
     48.2482491       0.0000001129250165
     48.3483467       0.0000001124573325
     48.4484482       0.0000001119926303
     48.5485497       0.0000001115307571
     48.6486473       0.0000001110718157
     48.7487488       0.0000001106156147
     48.8488503       0.0000001101621959
     48.9489479       0.0000001097116283
     49.0490494       0.0000001092637223
     49.1491508       0.0000001088185325
     49.2492485       0.0000001083762944
     49.3493500       0.0000001079365414
     49.4494476       0.0000001074995467
     49.5495491       0.0000001070652536
     49.6496506       0.0000001066332784
     49.7497482       0.0000001062042361
     49.8498497       0.0000001057777065
     49.9499512       0.0000001053536772
     50.0500488       0.0000001049323140
     50.1501503       0.0000001045133271
     50.2502518       0.0000001040969000
     50.3503494       0.0000001036830074
     50.4504509       0.0000001032715249
     50.5505524       0.0000001028625459
     50.6506500       0.0000001024558919
     50.7507515       0.0000001020517224
     50.8508492       0.0000001016499887
     50.9509506       0.0000001012505252
     51.0510521       0.0000001008534597
     51.1511497       0.0000001004587140
     51.2512512       0.0000001000661552
     51.3513527       0.0000000996760644
     51.4514503       0.0000000992882152
     51.5515518       0.0000000989026581
     51.6516533       0.0000000985193167
     51.7517509       0.0000000981381733
     51.8518524       0.0000000977592437
     51.9519501       0.0000000973824945
     52.0520515       0.0000000970078630
     52.1521530       0.0000000966354374
     52.2522507       0.0000000962652481
     52.3523521       0.0000000958971612
     52.4524536       0.0000000955310642
     52.5525513       0.0000000951670828
     52.6526527       0.0000000948052394
     52.7527542       0.0000000944455523
     52.8528519       0.0000000940877952
     52.9529533       0.0000000937319711
     53.0530548       0.0000000933783688
     53.1531525       0.0000000930265987
     53.2532539       0.0000000926768714
     53.3533516       0.0000000923291685
     53.4534531       0.0000000919832700
     53.5535545       0.0000000916394334
     53.6536522       0.0000000912974968
     53.7537537       0.0000000909575533
     53.8538551       0.0000000906192534
     53.9539528       0.0000000902830846
     54.0540543       0.0000000899486854
     54.1541557       0.0000000896162045
     54.2542534       0.0000000892854641
     54.3543549       0.0000000889566228
     54.4544525       0.0000000886296197
     54.5545540       0.0000000883044112
     54.6546555       0.0000000879808347
     54.7547531       0.0000000876592770
     54.8548546       0.0000000873393391
     54.9549561       0.0000000870211583
     55.0550537       0.0000000867046650
     55.1551552       0.0000000863899645
     55.2552567       0.0000000860769487
     55.3553543       0.0000000857656776
     55.4554558       0.0000000854560605
     55.5555573       0.0000000851480875
     55.6556549       0.0000000848418270
     55.7557564       0.0000000845372319
     55.8558540       0.0000000842342077
     55.9559555       0.0000000839328874
     56.0560570       0.0000000836331364
     56.1561546       0.0000000833350726
     56.2562561       0.0000000830384613
     56.3563576       0.0000000827434019
     56.4564552       0.0000000824500864
     56.5565567       0.0000000821581462
     56.6566582       0.0000000818679447
     56.7567558       0.0000000815791354
     56.8568573       0.0000000812918483
     56.9569588       0.0000000810061750
     57.0570564       0.0000000807219039
     57.1571579       0.0000000804393044
     57.2572556       0.0000000801579523
     57.3573570       0.0000000798781725
     57.4574585       0.0000000795998729
     57.5575562       0.0000000793230458
     57.6576576       0.0000000790476759
     57.7577591       0.0000000787736588
     57.8578568       0.0000000785010616
     57.9579582       0.0000000782299454
     58.0580597       0.0000000779602224
     58.1581573       0.0000000776918974
     58.2582588       0.0000000774249487
     58.3583565       0.0000000771592887
     58.4584579       0.0000000768950529
     58.5585594       0.0000000766322227
     58.6586571       0.0000000763706451
     58.7587585       0.0000000761105088
     58.8588600       0.0000000758516736
     58.9589577       0.0000000755940267
     59.0590591       0.0000000753378600
     59.1591606       0.0000000750829339
     59.2592583       0.0000000748292914
     59.3593597       0.0000000745769015
     59.4594612       0.0000000743258528
     59.5595589       0.0000000740760044
     59.6596603       0.0000000738274763
     59.7597580       0.0000000735801888
     59.8598595       0.0000000733340653
     59.9599609       0.0000000730892841
     60.0600586       0.0000000728456673
     60.1601601       0.0000000726032583
     60.2602615       0.0000000723620865
     60.3603592       0.0000000721221056
     60.4604607       0.0000000718832857
     60.5605621       0.0000000716456895
     60.6606598       0.0000000714092806
     60.7607613       0.0000000711739823
     60.8608627       0.0000000709398361
     60.9609604       0.0000000707069626
     61.0610619       0.0000000704750932
     61.1611595       0.0000000702444836
     61.2612610       0.0000000700149611
     61.3613625       0.0000000697865783
     61.4614601       0.0000000695592165
     61.5615616       0.0000000693329970
     61.6616631       0.0000000691079528
     61.7617607       0.0000000688839674
     61.8618622       0.0000000686610497
     61.9619637       0.0000000684392097
     62.0620613       0.0000000682184927
     62.1621628       0.0000000679988694
     62.2622604       0.0000000677801203
     62.3623619       0.0000000675626515
     62.4624634       0.0000000673460696
     62.5625610       0.0000000671306033
     62.6626625       0.0000000669160968
     62.7627640       0.0000000667027631
     62.8628616       0.0000000664902938
     62.9629631       0.0000000662789274
     63.0630646       0.0000000660685347
     63.1631622       0.0000000658592020
     63.2632637       0.0000000656507632
     63.3633652       0.0000000654433619
     63.4634628       0.0000000652369391
     63.5635643       0.0000000650315174
     63.6636620       0.0000000648270145
     63.7637634       0.0000000646234838
     63.8638649       0.0000000644209072
     63.9639626       0.0000000642193028
     64.0640640       0.0000000640187134
     64.1641617       0.0000000638189795
     64.2642670       0.0000000636201073
     64.3643646       0.0000000634222782
     64.4644623       0.0000000632253678
     64.5645676       0.0000000630293398
     64.6646652       0.0000000628341957
     64.7647629       0.0000000626400284
     64.8648682       0.0000000624467052
     64.9649658       0.0000000622543036
     65.0650635       0.0000000620627763
     65.1651688       0.0000000618720799
     65.2652664       0.0000000616823409
     65.3653641       0.0000000614934774
     65.4654617       0.0000000613054255
     65.5655670       0.0000000611182511
     65.6656647       0.0000000609319588
     65.7657623       0.0000000607465183
     65.8658676       0.0000000605618491
     65.9659653       0.0000000603780890
     66.0660629       0.0000000601951744
     66.1661682       0.0000000600130731
     66.2662659       0.0000000598317503
     66.3663635       0.0000000596513146
     66.4664688       0.0000000594716869
     66.5665665       0.0000000592928063
     66.6666641       0.0000000591147626
     66.7667694       0.0000000589375359
     66.8668671       0.0000000587610640
     66.9669647       0.0000000585855066
     67.0670700       0.0000000584106070
     67.1671677       0.0000000582365342
     67.2672653       0.0000000580632726
     67.3673706       0.0000000578907005
     67.4674683       0.0000000577189889
     67.5675659       0.0000000575479984
     67.6676712       0.0000000573777627
     67.7677689       0.0000000572082496
     67.8678665       0.0000000570394883
     67.9679642       0.0000000568715244
     68.0680695       0.0000000567042633
     68.1681671       0.0000000565377845
     68.2682648       0.0000000563720087
     68.3683701       0.0000000562069632
     68.4684677       0.0000000560426211
     68.5685654       0.0000000558790094
     68.6686707       0.0000000557161768
     68.7687683       0.0000000555539553
     68.8688660       0.0000000553924986
     68.9689713       0.0000000552317208
     69.0690689       0.0000000550716811
     69.1691666       0.0000000549122879
     69.2692719       0.0000000547536118
     69.3693695       0.0000000545956244
     69.4694672       0.0000000544382915
     69.5695724       0.0000000542816329
     69.6696701       0.0000000541257131
     69.7697678       0.0000000539704445
     69.8698730       0.0000000538158026
     69.9699707       0.0000000536618094
     70.0700684       0.0000000535086157
     70.1701736       0.0000000533559337
     70.2702713       0.0000000532039201
     70.3703690       0.0000000530525845
     70.4704742       0.0000000529018637
     70.5705719       0.0000000527518651
     70.6706696       0.0000000526024244
     70.7707672       0.0000000524536585
     70.8708725       0.0000000523055076
     70.9709702       0.0000000521579750
     71.0710678       0.0000000520110702
     71.1711731       0.0000000518647959
     71.2712708       0.0000000517191246
     71.3713684       0.0000000515740994
     71.4714737       0.0000000514296705
     71.5715714       0.0000000512858354
     71.6716690       0.0000000511426031
     71.7717743       0.0000000509999428
     71.8718719       0.0000000508578854
     71.9719696       0.0000000507164733
     72.0720749       0.0000000505756239
     72.1721725       0.0000000504353438
     72.2722702       0.0000000502956867
     72.3723755       0.0000000501565414
     72.4724731       0.0000000500180253
     72.5725708       0.0000000498800723
     72.6726761       0.0000000497426660
     72.7727737       0.0000000496058234
     72.8728714       0.0000000494695874
     72.9729767       0.0000000493338838
     73.0730743       0.0000000491987487
     73.1731720       0.0000000490641789
     73.2732697       0.0000000489301997
     73.3733749       0.0000000487966672
     73.4734726       0.0000000486637175
     73.5735703       0.0000000485313611
     73.6736755       0.0000000483994862
     73.7737732       0.0000000482681150
     73.8738708       0.0000000481373507
     73.9739761       0.0000000480071279
     74.0740738       0.0000000478774226
     74.1741714       0.0000000477481996
     74.2742767       0.0000000476195087
     74.3743744       0.0000000474913813
     74.4744720       0.0000000473637375
     74.5745773       0.0000000472366059
     74.6746750       0.0000000471099511
     74.7747726       0.0000000469838702
     74.8748779       0.0000000468582923
     74.9749756       0.0000000467331793
     75.0750732       0.0000000466085754
     75.1751785       0.0000000464844813
     75.2752762       0.0000000463608619
     75.3753738       0.0000000462377015
     75.4754791       0.0000000461151271
     75.5755768       0.0000000459929893
     75.6756744       0.0000000458712951
     75.7757721       0.0000000457501455
     75.8758774       0.0000000456294923
     75.9759750       0.0000000455092861
     76.0760727       0.0000000453895518
     76.1761780       0.0000000452702373
     76.2762756       0.0000000451514471
     76.3763733       0.0000000450331200
     76.4764786       0.0000000449152582
     76.5765762       0.0000000447978684
     76.6766739       0.0000000446808958
     76.7767792       0.0000000445644125
     76.8768768       0.0000000444483986
     76.9769745       0.0000000443328587
     77.0770798       0.0000000442176902
     77.1771774       0.0000000441030083
     77.2772751       0.0000000439888192
     77.3773804       0.0000000438749832
     77.4774780       0.0000000437616274
     77.5775757       0.0000000436486979
     77.6776810       0.0000000435362380
     77.7777786       0.0000000434241571
     77.8778763       0.0000000433125820
     77.9779816       0.0000000432014169
     78.0780792       0.0000000430906957
     78.1781769       0.0000000429803611
     78.2782745       0.0000000428704430
     78.3783798       0.0000000427609292
     78.4784775       0.0000000426518524
     78.5785751       0.0000000425432449
     78.6786804       0.0000000424350343
     78.7787781       0.0000000423272203
     78.8788757       0.0000000422198041
     78.9789810       0.0000000421127944
     79.0790787       0.0000000420061976
     79.1791763       0.0000000419000162
     79.2792816       0.0000000417942337
     79.3793793       0.0000000416888473
     79.4794769       0.0000000415838643
     79.5795822       0.0000000414792722
     79.6796799       0.0000000413750340
     79.7797775       0.0000000412712562
     79.8798828       0.0000000411678370
     79.9799805       0.0000000410647790
     80.0800781       0.0000000409621418
     80.1801834       0.0000000408598730
     80.2802811       0.0000000407580053
     80.3803787       0.0000000406565279
     80.4804840       0.0000000405553977
     80.5805817       0.0000000404546717
     80.6806793       0.0000000403543465
     80.7807770       0.0000000402543357
     80.8808823       0.0000000401547201
     80.9809799       0.0000000400554508
     81.0810776       0.0000000399565477
     81.1811829       0.0000000398580648
     81.2812805       0.0000000397599097
     81.3813782       0.0000000396621079
     81.4814835       0.0000000395646882
     81.5815811       0.0000000394676218
     81.6816788       0.0000000393708902
     81.7817841       0.0000000392745121
     81.8818817       0.0000000391784908
     81.9819794       0.0000000390828450
     82.0820847       0.0000000389875751
     82.1821823       0.0000000388926145
     82.2822800       0.0000000387979950
     82.3823853       0.0000000387037320
     82.4824829       0.0000000386098040
     82.5825806       0.0000000385162172
     82.6826859       0.0000000384229836
     82.7827835       0.0000000383300950
     82.8828812       0.0000000382375283
     82.9829865       0.0000000381453021
     83.0830841       0.0000000380534051
     83.1831818       0.0000000379618185
     83.2832794       0.0000000378705678
     83.3833847       0.0000000377796715
     83.4834824       0.0000000376891132
     83.5835800       0.0000000375988201
     83.6836853       0.0000000375089400
     83.7837830       0.0000000374193011
     83.8838806       0.0000000373300319
     83.9839859       0.0000000372410672
     84.0840836       0.0000000371523809
     84.1841812       0.0000000370640725
     84.2842865       0.0000000369760738
     84.3843842       0.0000000368883536
     84.4844818       0.0000000368009373
     84.5845871       0.0000000367138712
     84.6846848       0.0000000366271014
     84.7847824       0.0000000365406292
     84.8848877       0.0000000364544370
     84.9849854       0.0000000363685906
     85.0850830       0.0000000362830294
     85.1851883       0.0000000361977839
     85.2852859       0.0000000361128441
     85.3853836       0.0000000360281713
     85.4854889       0.0000000359438372
     85.5855865       0.0000000358597614
     85.6856842       0.0000000357760399
     85.7857895       0.0000000356925464
     85.8858871       0.0000000356093451
     85.9859848       0.0000000355264572
     86.0860825       0.0000000354438414
     86.1861877       0.0000000353615403
     86.2862854       0.0000000352795343
     86.3863831       0.0000000351977785
     86.4864883       0.0000000351162825
     86.5865860       0.0000000350351302
     86.6866837       0.0000000349542574
     86.7867889       0.0000000348736193
     86.8868866       0.0000000347932767
     86.9869843       0.0000000347132284
     87.0870895       0.0000000346334440
     87.1871872       0.0000000345538940
     87.2872849       0.0000000344746670
     87.3873901       0.0000000343957061
     87.4874878       0.0000000343170587
     87.5875854       0.0000000342385997
     87.6876907       0.0000000341604813
     87.7877884       0.0000000340825773
     87.8878860       0.0000000340049720
     87.9879913       0.0000000339276073
     88.0880890       0.0000000338504846
     88.1881866       0.0000000337736653
     88.2882919       0.0000000336971271
     88.3883896       0.0000000336208177
     88.4884872       0.0000000335447490
     88.5885849       0.0000000334689563
     88.6886902       0.0000000333934352
     88.7887878       0.0000000333181592
     88.8888855       0.0000000332431337
     88.9889908       0.0000000331683449
     89.0890884       0.0000000330938299
     89.1891861       0.0000000330195781
     89.2892914       0.0000000329455263
     89.3893890       0.0000000328717775
     89.4894867       0.0000000327982458
     89.5895920       0.0000000327249992
     89.6896896       0.0000000326519748
     89.7897873       0.0000000325791779
     89.8898926       0.0000000325066545
     89.9899902       0.0000000324343412
     90.0900879       0.0000000323622754
     90.1901932       0.0000000322904567
     90.2902908       0.0000000322188567
     90.3903885       0.0000000321475019
     90.4904938       0.0000000320764159
     90.5905914       0.0000000320055404
     90.6906891       0.0000000319348966
     90.7907944       0.0000000318644816
     90.8908920       0.0000000317943097
     90.9909897       0.0000000317243677
     91.0910873       0.0000000316546877
     91.1911926       0.0000000315851999
     91.2912903       0.0000000315159470
     91.3913879       0.0000000314469227
     91.4914932       0.0000000313781059
     91.5915909       0.0000000313095360
     91.6916885       0.0000000312412152
     91.7917938       0.0000000311730571
     91.8918915       0.0000000311051904
     91.9919891       0.0000000310375002
     92.0920944       0.0000000309700360
     92.1921921       0.0000000309028006
     92.2922897       0.0000000308357844
     92.3923950       0.0000000307689844
     92.4924927       0.0000000307024005
     92.5925903       0.0000000306360360
     92.6926956       0.0000000305698844
     92.7927933       0.0000000305039459
     92.8928909       0.0000000304382121
     92.9929962       0.0000000303726997
     93.0930939       0.0000000303073971
     93.1931915       0.0000000302423107
     93.2932968       0.0000000301774022
     93.3933945       0.0000000301127357
     93.4934921       0.0000000300482728
     93.5935898       0.0000000299840229
     93.6936951       0.0000000299199735
     93.7937927       0.0000000298561198
     93.8938904       0.0000000297924679
     93.9939957       0.0000000297290295
     94.0940933       0.0000000296658009
     94.1941910       0.0000000296027446
     94.2942963       0.0000000295398967
     94.3943939       0.0000000294772698
     94.4944916       0.0000000294148183
     94.5945969       0.0000000293525862
     94.6946945       0.0000000292905685
     94.7947922       0.0000000292286923
     94.8948975       0.0000000291670460
     94.9949951       0.0000000291055940
     95.0950928       0.0000000290443702
     95.1951981       0.0000000289832713
     95.2952957       0.0000000289224115
     95.3953934       0.0000000288617258
     95.4954987       0.0000000288012418
     95.5955963       0.0000000287409172
     95.6956940       0.0000000286808245
     95.7957993       0.0000000286208834
     95.8958969       0.0000000285611609
     95.9959946       0.0000000285015824
     96.0960999       0.0000000284422056
     96.1961975       0.0000000283830590
     96.2962952       0.0000000283240624
     96.3963928       0.0000000282652435
     96.4964981       0.0000000282066136
     96.5965958       0.0000000281481717
     96.6966934       0.0000000280899099
     96.7967987       0.0000000280318151
     96.8968964       0.0000000279739020
     96.9969940       0.0000000279161739
     97.0970993       0.0000000278586417
     97.1971970       0.0000000278012661
     97.2972946       0.0000000277440646
     97.3973999       0.0000000276870387
     97.4974976       0.0000000276302356
     97.5975952       0.0000000275735507
     97.6977005       0.0000000275170513
     97.7977982       0.0000000274607306
     97.8978958       0.0000000274046038
     97.9980011       0.0000000273486216
     98.0980988       0.0000000272928182
     98.1981964       0.0000000272371922
     98.2983017       0.0000000271817273
     98.3983994       0.0000000271264348
     98.4984970       0.0000000270713068
     98.5986023       0.0000000270163692
     98.6987000       0.0000000269615845
     98.7987976       0.0000000269069581
     98.8988953       0.0000000268525025
     98.9990005       0.0000000267982453
     99.0990982       0.0000000267441188
     99.1991959       0.0000000266901282
     99.2993011       0.0000000266363533
     99.3993988       0.0000000265827143
     99.4994965       0.0000000265292430
     99.5996017       0.0000000264759222
     99.6996994       0.0000000264227439
     99.7997971       0.0000000263697807
     99.8999023       0.0000000263169144
    100.0000000       0.0000000262642426
