# x		H(x,a)
      0.0000000       1.0000000000000000
      0.1001001       0.9900299906730652
      0.2002002       0.9607124924659729
      0.3003003       0.9137664437294006
      0.4004004       0.8518707156181335
      0.5005005       0.7784109115600586
      0.6006006       0.6971734166145325
      0.7007007       0.6120254397392273
      0.8008008       0.5266169309616089
      0.9009009       0.4441368877887726
      1.0010010       0.3671511700709863
      1.1011012       0.2974975831465655
      1.2012012       0.2362801977661666
      1.3013012       0.1839394843410309
      1.4014014       0.1403545771993540
      1.5015016       0.1049746273363862
      1.6016016       0.0769576751131223
      1.7017016       0.0553012340442446
      1.8018018       0.0389530075693995
      1.9019020       0.0268957117981391
      2.0020020       0.0182045487980467
      2.1021020       0.0120798041540182
      2.2022023       0.0078589979986406
      2.3023024       0.0050138823506680
      2.4024024       0.0031375819487190
      2.5025024       0.0019267197751087
      2.6026025       0.0011618732445674
      2.7027028       0.0006888824285432
      2.8028028       0.0004024215492745
      2.9029028       0.0002324379002468
      3.0030031       0.0001335452653805
      3.1031032       0.0000770790248359
      3.2032032       0.0000453804852439
      3.3033032       0.0000278335049897
      3.4034033       0.0000182068399509
      3.5035036       0.0000129273930615
      3.6036036       0.0000099926543442
      3.7037036       0.0000083047776665
      3.8038039       0.0000072744590722
      3.9039040       0.0000065914351730
      4.0040040       0.0000060950559419
      4.1041040       0.0000057031371015
      4.2042041       0.0000053737948571
      4.3043041       0.0000050854683827
      4.4044046       0.0000048267306321
      4.5045047       0.0000045911386273
      4.6046047       0.0000043747457003
      4.7047048       0.0000041748771704
      4.8048048       0.0000039895517419
      4.9049048       0.0000038171930920
      5.0050049       0.0000036564849940
      5.1051049       0.0000035063041112
      5.2052050       0.0000033656785203
      5.3053055       0.0000032337540490
      5.4054055       0.0000031097730426
      5.5055056       0.0000029930729823
      5.6056056       0.0000028830606262
      5.7057056       0.0000027791930774
      5.8058057       0.0000026810060801
      5.9059057       0.0000025880679225
      6.0060062       0.0000024999874592
      6.1061063       0.0000024164262396
      6.2062063       0.0000023370623834
      6.3063064       0.0000022616089282
      6.4064064       0.0000021898027477
      6.5065064       0.0000021214064570
      6.6066065       0.0000020562006985
      6.7067065       0.0000019939848085
      6.8068066       0.0000019345749413
      6.9069071       0.0000018777975710
      7.0070071       0.0000018234992743
      7.1071072       0.0000017715375757
      7.2072072       0.0000017217744825
      7.3073072       0.0000016740840857
      7.4074073       0.0000016283579267
      7.5075073       0.0000015844812895
      7.6076078       0.0000015423591723
      7.7077079       0.0000015018966356
      7.8078079       0.0000014630075493
      7.9079080       0.0000014256097342
      8.0080080       0.0000013896286168
      8.1081085       0.0000013549939994
      8.2082081       0.0000013216370578
      8.3083086       0.0000012894968867
      8.4084082       0.0000012585147337
      8.5085087       0.0000012286336260
      8.6086082       0.0000011998057823
      8.7087088       0.0000011719787940
      8.8088093       0.0000011451077150
      8.9089088       0.0000011191495599
      9.0090094       0.0000010940628545
      9.1091089       0.0000010698104111
      9.2092094       0.0000010463538799
      9.3093090       0.0000010236591391
      9.4094095       0.0000010016943456
      9.5095091       0.0000009804285464
      9.6096096       0.0000009598330181
      9.7097101       0.0000009398782218
      9.8098097       0.0000009205383857
      9.9099102       0.0000009017900443
     10.0100098       0.0000008836066202
     10.1101103       0.0000008659667888
     10.2102098       0.0000008488510670
     10.3103104       0.0000008322366824
     10.4104099       0.0000008161058201
     10.5105104       0.0000008004380698
     10.6106110       0.0000007852178462
     10.7107105       0.0000007704267661
     10.8108110       0.0000007560489385
     10.9109106       0.0000007420698865
     11.0110111       0.0000007284751348
     11.1111107       0.0000007152501845
     11.2112112       0.0000007023822834
     11.3113117       0.0000006898586013
     11.4114113       0.0000006776668271
     11.5115118       0.0000006657949227
     11.6116114       0.0000006542316456
     11.7117119       0.0000006429679452
     11.8118114       0.0000006319923426
     11.9119120       0.0000006212950914
     12.0120125       0.0000006108676163
     12.1121120       0.0000006006996805
     12.2122126       0.0000005907847812
     12.3123121       0.0000005811126860
     12.4124126       0.0000005716761202
     12.5125122       0.0000005624678820
     12.6126127       0.0000005534802033
     12.7127123       0.0000005447064005
     12.8128128       0.0000005361400205
     12.9129133       0.0000005277738838
     13.0130129       0.0000005196020727
     13.1131134       0.0000005116181494
     13.2132130       0.0000005038173987
     13.3133135       0.0000004961936574
     13.4134130       0.0000004887427583
     13.5135136       0.0000004814571337
     13.6136131       0.0000004743338801
     13.7137136       0.0000004673678103
     13.8138142       0.0000004605541484
     13.9139137       0.0000004538877085
     14.0140142       0.0000004473658752
     14.1141138       0.0000004409839278
     14.2142143       0.0000004347372401
     14.3143139       0.0000004286221368
     14.4144144       0.0000004226355454
     14.5145149       0.0000004167737522
     14.6146145       0.0000004110330890
     14.7147150       0.0000004054105788
     14.8148146       0.0000003999024706
     14.9149151       0.0000003945055672
     15.0150146       0.0000003892181452
     15.1151152       0.0000003840353353
     15.2152157       0.0000003789562801
     15.3153152       0.0000003739772008
     15.4154158       0.0000003690955791
     15.5155153       0.0000003643091107
     15.6156158       0.0000003596150167
     15.7157154       0.0000003550117850
     15.8158159       0.0000003504960142
     15.9159155       0.0000003460658769
     16.0160160       0.0000003417192164
     16.1161156       0.0000003374544478
     16.2162170       0.0000003332688132
     16.3163166       0.0000003291607553
     16.4164162       0.0000003251278560
     16.5165157       0.0000003211693376
     16.6166172       0.0000003172822730
     16.7167168       0.0000003134654994
     16.8168163       0.0000003097175082
     16.9169178       0.0000003060363025
     17.0170174       0.0000003024203627
     17.1171169       0.0000002988681445
     17.2172165       0.0000002953783891
     17.3173180       0.0000002919490697
     17.4174175       0.0000002885796193
     17.5175171       0.0000002852682671
     17.6176186       0.0000002820131554
     17.7177181       0.0000002788139403
     17.8178177       0.0000002756689053
     17.9179173       0.0000002725765975
     18.0180187       0.0000002695360672
     18.1181183       0.0000002665465530
     18.2182178       0.0000002636063291
     18.3183174       0.0000002607147668
     18.4184189       0.0000002578702497
     18.5185184       0.0000002550720262
     18.6186180       0.0000002523192754
     18.7187195       0.0000002496112686
     18.8188190       0.0000002469462217
     18.9189186       0.0000002443237472
     19.0190182       0.0000002417427877
     19.1191196       0.0000002392028301
     19.2192192       0.0000002367026462
     19.3193188       0.0000002342413539
     19.4194202       0.0000002318184707
     19.5195198       0.0000002294330985
     19.6196194       0.0000002270843219
     19.7197189       0.0000002247712241
     19.8198204       0.0000002224934153
     19.9199200       0.0000002202504332
     20.0200195       0.0000002180409354
     20.1201210       0.0000002158644020
     20.2202206       0.0000002137206586
     20.3203201       0.0000002116085751
     20.4204197       0.0000002095277381
     20.5205212       0.0000002074775203
     20.6206207       0.0000002054570587
     20.7207203       0.0000002034662482
     20.8208199       0.0000002015040486
     20.9209213       0.0000001995704462
     21.0210209       0.0000001976644504
     21.1211205       0.0000001957854490
     21.2212219       0.0000001939332147
     21.3213215       0.0000001921072575
     21.4214211       0.0000001903068970
     21.5215206       0.0000001885320528
     21.6216221       0.0000001867816896
     21.7217216       0.0000001850557373
     21.8218212       0.0000001833532873
     21.9219227       0.0000001816745263
     22.0220222       0.0000001800188766
     22.1221218       0.0000001783855173
     22.2222214       0.0000001767744965
     22.3223228       0.0000001751851580
     22.4224224       0.0000001736170302
     22.5225220       0.0000001720700697
     22.6226234       0.0000001705436700
     22.7227230       0.0000001690374770
     22.8228226       0.0000001675512442
     22.9229221       0.0000001660844626
     23.0230236       0.0000001646368816
     23.1231232       0.0000001632083069
     23.2232227       0.0000001617981981
     23.3233242       0.0000001604061231
     23.4234238       0.0000001590320419
     23.5235233       0.0000001576757470
     23.6236229       0.0000001563365576
     23.7237244       0.0000001550145484
     23.8238239       0.0000001537090936
     23.9239235       0.0000001524201336
     24.0240250       0.0000001511471603
     24.1241245       0.0000001498903747
     24.2242241       0.0000001486489799
     24.3243237       0.0000001474230700
     24.4244251       0.0000001462121711
     24.5245247       0.0000001450163162
     24.6246243       0.0000001438350845
     24.7247238       0.0000001426680726
     24.8248253       0.0000001415154389
     24.9249249       0.0000001403764827
     25.0250244       0.0000001392513817
     25.1251259       0.0000001381397211
     25.2252254       0.0000001370414303
     25.3253250       0.0000001359561936
     25.4254246       0.0000001348835680
     25.5255260       0.0000001338238457
     25.6256256       0.0000001327764137
     25.7257252       0.0000001317413450
     25.8258266       0.0000001307183588
     25.9259262       0.0000001297072380
     26.0260258       0.0000001287077138
     26.1261253       0.0000001277199106
     26.2262268       0.0000001267432851
     26.3263264       0.0000001257777882
     26.4264259       0.0000001248233755
     26.5265274       0.0000001238796638
     26.6266270       0.0000001229468485
     26.7267265       0.0000001220244452
     26.8268261       0.0000001211123836
     26.9269276       0.0000001202105395
     27.0270271       0.0000001193186546
     27.1271267       0.0000001184367645
     27.2272263       0.0000001175645782
     27.3273277       0.0000001167020226
     27.4274273       0.0000001158489818
     27.5275269       0.0000001150051944
     27.6276283       0.0000001141705602
     27.7277279       0.0000001133450947
     27.8278275       0.0000001125284983
     27.9279270       0.0000001117206637
     28.0280285       0.0000001109215967
     28.1281281       0.0000001101309413
     28.2282276       0.0000001093489588
     28.3283291       0.0000001085750036
     28.4284286       0.0000001078094448
     28.5285282       0.0000001070518396
     28.6286278       0.0000001063022850
     28.7287292       0.0000001055605084
     28.8288288       0.0000001048265136
     28.9289284       0.0000001041001666
     29.0290298       0.0000001033812862
     29.1291294       0.0000001026698937
     29.2292290       0.0000001019658090
     29.3293285       0.0000001012690323
     29.4294300       0.0000001005792974
     29.5295296       0.0000000998965437
     29.6296291       0.0000000992207573
     29.7297306       0.0000000985518198
     29.8298302       0.0000000978895792
     29.9299297       0.0000000972340665
     30.0300293       0.0000000965851867
     30.1301308       0.0000000959425588
     30.2302303       0.0000000953065405
     30.3303299       0.0000000946767239
     30.4304314       0.0000000940532219
     30.5305309       0.0000000934358052
     30.6306305       0.0000000928244196
     30.7307301       0.0000000922191124
     30.8308315       0.0000000916196393
     30.9309311       0.0000000910260023
     31.0310307       0.0000000904381806
     31.1311302       0.0000000898559542
     31.2312317       0.0000000892793783
     31.3313313       0.0000000887083869
     31.4314308       0.0000000881427498
     31.5315323       0.0000000875825752
     31.6316319       0.0000000870277433
     31.7317314       0.0000000864780800
     31.8318310       0.0000000859337493
     31.9319324       0.0000000853943517
     32.0320320       0.0000000848601683
     32.1321335       0.0000000843310774
     32.2322311       0.0000000838067475
     32.3323326       0.0000000832873797
     32.4324341       0.0000000827727544
     32.5325317       0.0000000822629739
     32.6326332       0.0000000817578561
     32.7327309       0.0000000812573242
     32.8328323       0.0000000807614226
     32.9329338       0.0000000802700427
     33.0330315       0.0000000797831329
     33.1331329       0.0000000793006586
     33.2332344       0.0000000788226549
     33.3333321       0.0000000783488465
     33.4334335       0.0000000778792816
     33.5335350       0.0000000774139713
     33.6336327       0.0000000769527770
     33.7337341       0.0000000764957065
     33.8338356       0.0000000760427642
     33.9339333       0.0000000755937615
     34.0340347       0.0000000751487366
     34.1341324       0.0000000747077705
     34.2342339       0.0000000742704994
     34.3343353       0.0000000738370399
     34.4344330       0.0000000734074949
     34.5345345       0.0000000729816361
     34.6346359       0.0000000725594537
     34.7347336       0.0000000721410198
     34.8348351       0.0000000717260905
     34.9349365       0.0000000713147762
     35.0350342       0.0000000709069867
     35.1351357       0.0000000705026896
     35.2352371       0.0000000701017754
     35.3353348       0.0000000697043731
     35.4354362       0.0000000693103121
     35.5355339       0.0000000689196028
     35.6356354       0.0000000685321079
     35.7357368       0.0000000681479967
     35.8358345       0.0000000677670555
     35.9359360       0.0000000673892693
     36.0360374       0.0000000670146333
     36.1361351       0.0000000666431342
     36.2362366       0.0000000662747555
     36.3363380       0.0000000659093611
     36.4364357       0.0000000655469895
     36.5365372       0.0000000651875985
     36.6366348       0.0000000648311831
     36.7367363       0.0000000644777281
     36.8368378       0.0000000641270952
     36.9369354       0.0000000637793417
     37.0370369       0.0000000634343293
     37.1371384       0.0000000630922261
     37.2372360       0.0000000627528710
     37.3373375       0.0000000624161360
     37.4374390       0.0000000620822166
     37.5375366       0.0000000617509604
     37.6376381       0.0000000614222770
     37.7377396       0.0000000610962445
     37.8378372       0.0000000607729326
     37.9379387       0.0000000604519829
     38.0380363       0.0000000601336827
     38.1381378       0.0000000598178703
     38.2382393       0.0000000595045179
     38.3383369       0.0000000591936494
     38.4384384       0.0000000588852474
     38.5385399       0.0000000585792053
     38.6386375       0.0000000582754962
     38.7387390       0.0000000579742472
     38.8388405       0.0000000576752429
     38.9389381       0.0000000573785660
     39.0390396       0.0000000570842073
     39.1391373       0.0000000567920469
     39.2392387       0.0000000565022292
     39.3393402       0.0000000562145713
     39.4394379       0.0000000559290804
     39.5395393       0.0000000556457535
     39.6396408       0.0000000553645868
     39.7397385       0.0000000550855243
     39.8398399       0.0000000548086949
     39.9399414       0.0000000545338093
     40.0400391       0.0000000542610703
     40.1401405       0.0000000539902839
     40.2402420       0.0000000537216114
     40.3403397       0.0000000534548913
     40.4404411       0.0000000531901389
     40.5405388       0.0000000529273897
     40.6406403       0.0000000526665627
     40.7407417       0.0000000524076714
     40.8408394       0.0000000521507222
     40.9409409       0.0000000518956125
     41.0410423       0.0000000516423651
     41.1411400       0.0000000513909962
     41.2412415       0.0000000511413915
     41.3413429       0.0000000508936902
     41.4414406       0.0000000506477512
     41.5415421       0.0000000504035593
     41.6416397       0.0000000501611428
     41.7417412       0.0000000499205185
     41.8418427       0.0000000496815697
     41.9419403       0.0000000494443355
     42.0420418       0.0000000492088504
     42.1421432       0.0000000489750135
     42.2422409       0.0000000487427929
     42.3423424       0.0000000485122986
     42.4424438       0.0000000482833778
     42.5425415       0.0000000480561249
     42.6426430       0.0000000478304264
     42.7427444       0.0000000476063187
     42.8428421       0.0000000473838400
     42.9429436       0.0000000471628573
     43.0430412       0.0000000469433976
     43.1431427       0.0000000467255335
     43.2432442       0.0000000465091393
     43.3433418       0.0000000462942836
     43.4434433       0.0000000460808940
     43.5435448       0.0000000458689736
     43.6436424       0.0000000456585237
     43.7437439       0.0000000454494629
     43.8438454       0.0000000452419135
     43.9439430       0.0000000450357417
     44.0440445       0.0000000448310006
     44.1441460       0.0000000446276471
     44.2442436       0.0000000444256388
     44.3443451       0.0000000442250088
     44.4444427       0.0000000440258218
     44.5445442       0.0000000438278947
     44.6446457       0.0000000436312676
     44.7447433       0.0000000434360427
     44.8448448       0.0000000432420933
     44.9449463       0.0000000430493989
     45.0450439       0.0000000428580541
     45.1451454       0.0000000426680110
     45.2452469       0.0000000424791332
     45.3453445       0.0000000422915688
     45.4454460       0.0000000421052422
     45.5455437       0.0000000419201023
     45.6456451       0.0000000417362022
     45.7457466       0.0000000415535449
     45.8458443       0.0000000413720358
     45.9459457       0.0000000411917580
     46.0460472       0.0000000410126240
     46.1461449       0.0000000408346535
     46.2462463       0.0000000406578470
     46.3463478       0.0000000404821905
     46.4464455       0.0000000403076896
     46.5465469       0.0000000401342907
     46.6466484       0.0000000399620067
     46.7467461       0.0000000397908361
     46.8468475       0.0000000396207299
     46.9469452       0.0000000394517851
     47.0470467       0.0000000392838802
     47.1471481       0.0000000391170424
     47.2472458       0.0000000389512524
     47.3473473       0.0000000387865386
     47.4474487       0.0000000386228752
     47.5475464       0.0000000384602184
     47.6476479       0.0000000382986152
     47.7477493       0.0000000381379928
     47.8478470       0.0000000379783974
     47.9479485       0.0000000378197988
     48.0480499       0.0000000376622016
     48.1481476       0.0000000375056164
     48.2482491       0.0000000373499515
     48.3483467       0.0000000371952708
     48.4484482       0.0000000370415693
     48.5485497       0.0000000368888017
     48.6486473       0.0000000367370072
     48.7487488       0.0000000365861243
     48.8488503       0.0000000364361493
     48.9489479       0.0000000362871267
     49.0490494       0.0000000361389801
     49.1491508       0.0000000359917350
     49.2492485       0.0000000358454640
     49.3493500       0.0000000357000147
     49.4494476       0.0000000355554815
     49.5495491       0.0000000354118385
     49.6496506       0.0000000352689668
     49.7497482       0.0000000351270597
     49.8498497       0.0000000349859809
     49.9499512       0.0000000348457360
     50.0500488       0.0000000347063670
     50.1501503       0.0000000345677906
     50.2502518       0.0000000344300559
     50.3503494       0.0000000342931598
     50.4504509       0.0000000341570631
     50.5505524       0.0000000340217967
     50.6506500       0.0000000338872912
     50.7507515       0.0000000337536115
     50.8508492       0.0000000336207396
     50.9509506       0.0000000334886175
     51.0510521       0.0000000333572894
     51.1511497       0.0000000332267265
     51.2512512       0.0000000330968877
     51.3513527       0.0000000329678639
     51.4514503       0.0000000328395824
     51.5515518       0.0000000327120606
     51.6516533       0.0000000325852702
     51.7517509       0.0000000324592097
     51.8518524       0.0000000323338766
     51.9519501       0.0000000322092643
     52.0520515       0.0000000320853549
     52.1521530       0.0000000319621786
     52.2522507       0.0000000318397342
     52.3523521       0.0000000317179906
     52.4524536       0.0000000315969055
     52.5525513       0.0000000314765204
     52.6526527       0.0000000313568386
     52.7527542       0.0000000312378711
     52.8528519       0.0000000311195443
     52.9529533       0.0000000310018579
     53.0530548       0.0000000308848981
     53.1531525       0.0000000307685537
     53.2532539       0.0000000306528808
     53.3533516       0.0000000305378774
     53.4534531       0.0000000304234738
     53.5535545       0.0000000303097468
     53.6536522       0.0000000301966523
     53.7537537       0.0000000300842168
     53.8538551       0.0000000299723236
     53.9539528       0.0000000298611340
     54.0540543       0.0000000297505334
     54.1541557       0.0000000296405650
     54.2542534       0.0000000295311718
     54.3543549       0.0000000294224063
     54.4544525       0.0000000293142525
     54.5545540       0.0000000292066886
     54.6546555       0.0000000290996650
     54.7547531       0.0000000289933107
     54.8548546       0.0000000288874936
     54.9549561       0.0000000287822528
     55.0550537       0.0000000286775748
     55.1551552       0.0000000285734879
     55.2552567       0.0000000284699544
     55.3553543       0.0000000283670044
     55.4554558       0.0000000282645986
     55.5555573       0.0000000281627369
     55.6556549       0.0000000280614417
     55.7557564       0.0000000279606965
     55.8558540       0.0000000278604699
     55.9559555       0.0000000277608059
     56.0560570       0.0000000276616662
     56.1561546       0.0000000275630804
     56.2562561       0.0000000274649739
     56.3563576       0.0000000273673860
     56.4564552       0.0000000272703727
     56.5565567       0.0000000271738100
     56.6566582       0.0000000270778284
     56.7567558       0.0000000269823062
     56.8568573       0.0000000268872831
     56.9569588       0.0000000267927987
     57.0570564       0.0000000266987748
     57.1571579       0.0000000266053076
     57.2572556       0.0000000265122454
     57.3573570       0.0000000264197081
     57.4574585       0.0000000263276622
     57.5575562       0.0000000262361029
     57.6576576       0.0000000261450241
     57.7577591       0.0000000260543929
     57.8578568       0.0000000259642313
     57.9579582       0.0000000258745596
     58.0580597       0.0000000257853467
     58.1581573       0.0000000256965988
     58.2582588       0.0000000256083065
     58.3583565       0.0000000255204394
     58.4584579       0.0000000254330432
     58.5585594       0.0000000253461119
     58.6586571       0.0000000252595967
     58.7587585       0.0000000251735566
     58.8588600       0.0000000250879461
     58.9589577       0.0000000250027279
     59.0590591       0.0000000249180022
     59.1591606       0.0000000248336834
     59.2592583       0.0000000247497931
     59.3593597       0.0000000246663152
     59.4594612       0.0000000245832800
     59.5595589       0.0000000245006415
     59.6596603       0.0000000244184419
     59.7597580       0.0000000243366508
     59.8598595       0.0000000242552457
     59.9599609       0.0000000241742847
     60.0600586       0.0000000240937100
     60.1601601       0.0000000240135321
     60.2602615       0.0000000239337619
     60.3603592       0.0000000238543904
     60.4604607       0.0000000237754012
     60.5605621       0.0000000236968172
     60.6606598       0.0000000236186254
     60.7607613       0.0000000235407971
     60.8608627       0.0000000234633550
     60.9609604       0.0000000233863312
     61.0610619       0.0000000233096424
     61.1611595       0.0000000232333671
     61.2612610       0.0000000231574542
     61.3613625       0.0000000230819150
     61.4614601       0.0000000230067148
     61.5615616       0.0000000229318932
     61.6616631       0.0000000228574611
     61.7617607       0.0000000227833764
     61.8618622       0.0000000227096450
     61.9619637       0.0000000226362734
     62.0620613       0.0000000225632709
     62.1621628       0.0000000224906297
     62.2622604       0.0000000224182773
     62.3623619       0.0000000223463506
     62.4624634       0.0000000222747163
     62.5625610       0.0000000222034505
     62.6626625       0.0000000221325034
     62.7627640       0.0000000220619426
     62.8628616       0.0000000219916689
     62.9629631       0.0000000219217599
     63.0630646       0.0000000218521725
     63.1631622       0.0000000217829336
     63.2632637       0.0000000217139935
     63.3633652       0.0000000216453985
     63.4634628       0.0000000215771205
     63.5635643       0.0000000215091781
     63.6636620       0.0000000214415364
     63.7637634       0.0000000213742198
     63.8638649       0.0000000213072171
     63.9639626       0.0000000212405379
     64.0640640       0.0000000211741938
     64.1641617       0.0000000211081324
     64.2642670       0.0000000210423564
     64.3643646       0.0000000209769237
     64.4644623       0.0000000209117936
     64.5645676       0.0000000208469577
     64.6646652       0.0000000207824154
     64.7647629       0.0000000207181940
     64.8648682       0.0000000206542519
     64.9649658       0.0000000205906160
     65.0650635       0.0000000205272664
     65.1651688       0.0000000204641953
     65.2652664       0.0000000204014386
     65.3653641       0.0000000203389706
     65.4654617       0.0000000202767728
     65.5655670       0.0000000202148653
     65.6656647       0.0000000201532466
     65.7657623       0.0000000200919129
     65.8658676       0.0000000200308328
     65.9659653       0.0000000199700577
     66.0660629       0.0000000199095567
     66.1661682       0.0000000198493288
     66.2662659       0.0000000197893544
     66.3663635       0.0000000197296770
     66.4664688       0.0000000196702658
     66.5665665       0.0000000196110982
     66.6666641       0.0000000195522110
     66.7667694       0.0000000194935941
     66.8668671       0.0000000194352267
     66.9669647       0.0000000193771582
     67.0670700       0.0000000193193103
     67.1671677       0.0000000192617353
     67.2672653       0.0000000192044312
     67.3673706       0.0000000191473524
     67.4674683       0.0000000190905587
     67.5675659       0.0000000190340039
     67.6676712       0.0000000189776986
     67.7677689       0.0000000189216322
     67.8678665       0.0000000188658144
     67.9679642       0.0000000188102611
     68.0680695       0.0000000187549375
     68.1681671       0.0000000186998757
     68.2682648       0.0000000186450452
     68.3683701       0.0000000185904581
     68.4684677       0.0000000185361008
     68.5685654       0.0000000184819854
     68.6686707       0.0000000184281275
     68.7687683       0.0000000183744746
     68.8688660       0.0000000183210749
     68.9689713       0.0000000182678943
     69.0690689       0.0000000182149612
     69.1691666       0.0000000181622416
     69.2692719       0.0000000181097615
     69.3693695       0.0000000180575064
     69.4694672       0.0000000180054689
     69.5695724       0.0000000179536531
     69.6696701       0.0000000179020840
     69.7697678       0.0000000178507268
     69.8698730       0.0000000177995790
     69.9699707       0.0000000177486476
     70.0700684       0.0000000176979761
     70.1701736       0.0000000176474786
     70.2702713       0.0000000175971982
     70.3703690       0.0000000175471453
     70.4704742       0.0000000174972927
     70.5705719       0.0000000174476812
     70.6706696       0.0000000173982564
     70.7707672       0.0000000173490496
     70.8708725       0.0000000173000499
     70.9709702       0.0000000172512549
     71.0710678       0.0000000172026638
     71.1711731       0.0000000171542845
     71.2712708       0.0000000171061026
     71.3713684       0.0000000170581370
     71.4714737       0.0000000170103676
     71.5715714       0.0000000169627952
     71.6716690       0.0000000169154210
     71.7717743       0.0000000168682350
     71.8718719       0.0000000168212495
     71.9719696       0.0000000167744768
     72.0720749       0.0000000167278908
     72.1721725       0.0000000166814924
     72.2722702       0.0000000166353022
     72.3723755       0.0000000165892801
     72.4724731       0.0000000165434661
     72.5725708       0.0000000164978372
     72.6726761       0.0000000164523901
     72.7727737       0.0000000164071288
     72.8728714       0.0000000163620691
     72.9729767       0.0000000163171858
     73.0730743       0.0000000162724900
     73.1731720       0.0000000162279795
     73.2732697       0.0000000161836678
     73.3733749       0.0000000161395001
     73.4734726       0.0000000160955276
     73.5735703       0.0000000160517501
     73.6736755       0.0000000160081338
     73.7737732       0.0000000159646819
     73.8738708       0.0000000159214326
     73.9739761       0.0000000158783611
     74.0740738       0.0000000158354602
     74.1741714       0.0000000157927206
     74.2742767       0.0000000157501557
     74.3743744       0.0000000157077765
     74.4744720       0.0000000156655591
     74.5745773       0.0000000156235099
     74.6746750       0.0000000155816207
     74.7747726       0.0000000155399179
     74.8748779       0.0000000154983823
     74.9749756       0.0000000154570013
     75.0750732       0.0000000154157884
     75.1751785       0.0000000153747454
     75.2752762       0.0000000153338591
     75.3753738       0.0000000152931223
     75.4754791       0.0000000152525821
     75.5755768       0.0000000152121834
     75.6756744       0.0000000151719343
     75.7757721       0.0000000151318639
     75.8758774       0.0000000150919579
     75.9759750       0.0000000150521999
     76.0760727       0.0000000150125967
     76.1761780       0.0000000149731345
     76.2762756       0.0000000149338439
     76.3763733       0.0000000148947071
     76.4764786       0.0000000148557244
     76.5765762       0.0000000148168964
     76.6766739       0.0000000147782081
     76.7767792       0.0000000147396834
     76.8768768       0.0000000147013093
     76.9769745       0.0000000146630948
     77.0770798       0.0000000146250052
     77.1771774       0.0000000145870737
     77.2772751       0.0000000145493037
     77.3773804       0.0000000145116521
     77.4774780       0.0000000144741605
     77.5775757       0.0000000144368074
     77.6776810       0.0000000143996144
     77.7777786       0.0000000143625437
     77.8778763       0.0000000143256383
     77.9779816       0.0000000142888711
     78.0780792       0.0000000142522493
     78.1781769       0.0000000142157570
     78.2782745       0.0000000141794015
     78.3783798       0.0000000141431792
     78.4784775       0.0000000141071036
     78.5785751       0.0000000140711806
     78.6786804       0.0000000140353904
     78.7787781       0.0000000139997300
     78.8788757       0.0000000139642032
     78.9789810       0.0000000139288093
     79.0790787       0.0000000138935530
     79.1791763       0.0000000138584321
     79.2792816       0.0000000138234451
     79.3793793       0.0000000137885892
     79.4794769       0.0000000137538662
     79.5795822       0.0000000137192714
     79.6796799       0.0000000136847941
     79.7797775       0.0000000136504701
     79.8798828       0.0000000136162647
     79.9799805       0.0000000135821793
     80.0800781       0.0000000135482320
     80.1801834       0.0000000135144048
     80.2802811       0.0000000134807124
     80.3803787       0.0000000134471491
     80.4804840       0.0000000134136989
     80.5805817       0.0000000133803865
     80.6806793       0.0000000133472025
     80.7807770       0.0000000133141229
     80.8808823       0.0000000132811765
     80.9809799       0.0000000132483425
     81.0810776       0.0000000132156306
     81.1811829       0.0000000131830564
     81.2812805       0.0000000131505925
     81.3813782       0.0000000131182443
     81.4814835       0.0000000130860236
     81.5815811       0.0000000130539178
     81.6816788       0.0000000130219248
     81.7817841       0.0000000129900475
     81.8818817       0.0000000129582883
     81.9819794       0.0000000129266535
     82.0820847       0.0000000128951428
     82.1821823       0.0000000128637349
     82.2822800       0.0000000128324388
     82.3823853       0.0000000128012623
     82.4824829       0.0000000127701955
     82.5825806       0.0000000127392405
     82.6826859       0.0000000127084051
     82.7827835       0.0000000126776815
     82.8828812       0.0000000126470645
     82.9829865       0.0000000126165615
     83.0830841       0.0000000125861659
     83.1831818       0.0000000125558738
     83.2832794       0.0000000125256928
     83.3833847       0.0000000124956287
     83.4834824       0.0000000124656756
     83.5835800       0.0000000124358111
     83.6836853       0.0000000124060843
     83.7837830       0.0000000123764357
     83.8838806       0.0000000123469105
     83.9839859       0.0000000123174843
     84.0840836       0.0000000122881527
     84.1841812       0.0000000122589444
     84.2842865       0.0000000122298385
     84.3843842       0.0000000122008251
     84.4844818       0.0000000121719122
     84.5845871       0.0000000121431154
     84.6846848       0.0000000121144168
     84.7847824       0.0000000120858150
     84.8848877       0.0000000120573067
     84.9849854       0.0000000120289134
     85.0850830       0.0000000120006144
     85.1851883       0.0000000119724190
     85.2852859       0.0000000119443244
     85.3853836       0.0000000119163195
     85.4854889       0.0000000118884263
     85.5855865       0.0000000118606178
     85.6856842       0.0000000118329275
     85.7857895       0.0000000118053114
     85.8858871       0.0000000117777934
     85.9859848       0.0000000117503771
     86.0860825       0.0000000117230516
     86.1861877       0.0000000116958319
     86.2862854       0.0000000116687070
     86.3863831       0.0000000116416679
     86.4864883       0.0000000116147126
     86.5865860       0.0000000115878709
     86.6866837       0.0000000115611224
     86.7867889       0.0000000115344519
     86.8868866       0.0000000115078787
     86.9869843       0.0000000114814016
     87.0870895       0.0000000114550131
     87.1871872       0.0000000114287020
     87.2872849       0.0000000114024982
     87.3873901       0.0000000113763813
     87.4874878       0.0000000113503699
     87.5875854       0.0000000113244199
     87.6876907       0.0000000112985814
     87.7877884       0.0000000112728145
     87.8878860       0.0000000112471469
     87.9879913       0.0000000112215576
     88.0880890       0.0000000111960499
     88.1881866       0.0000000111706414
     88.2882919       0.0000000111453265
     88.3883896       0.0000000111200872
     88.4884872       0.0000000110949279
     88.5885849       0.0000000110698593
     88.6886902       0.0000000110448812
     88.7887878       0.0000000110199832
     88.8888855       0.0000000109951682
     88.9889908       0.0000000109704324
     89.0890884       0.0000000109457858
     89.1891861       0.0000000109212274
     89.2892914       0.0000000108967347
     89.3893890       0.0000000108723421
     89.4894867       0.0000000108480207
     89.5895920       0.0000000108237946
     89.6896896       0.0000000107996420
     89.7897873       0.0000000107755647
     89.8898926       0.0000000107515785
     89.9899902       0.0000000107276603
     90.0900879       0.0000000107038244
     90.1901932       0.0000000106800702
     90.2902908       0.0000000106563880
     90.3903885       0.0000000106327894
     90.4904938       0.0000000106092768
     90.5905914       0.0000000105858347
     90.6906891       0.0000000105624694
     90.7907944       0.0000000105391801
     90.8908920       0.0000000105159705
     90.9909897       0.0000000104928370
     91.0910873       0.0000000104697894
     91.1911926       0.0000000104468063
     91.2912903       0.0000000104239014
     91.3913879       0.0000000104010718
     91.4914932       0.0000000103783100
     91.5915909       0.0000000103556300
     91.6916885       0.0000000103330342
     91.7917938       0.0000000103104907
     91.8918915       0.0000000102880437
     91.9919891       0.0000000102656553
     92.0920944       0.0000000102433410
     92.1921921       0.0000000102211034
     92.2922897       0.0000000101989379
     92.3923950       0.0000000101768436
     92.4924927       0.0000000101548214
     92.5925903       0.0000000101328705
     92.6926956       0.0000000101109908
     92.7927933       0.0000000100891817
     92.8928909       0.0000000100674405
     92.9929962       0.0000000100457723
     93.0930939       0.0000000100241738
     93.1931915       0.0000000100026458
     93.2932968       0.0000000099811764
     93.3933945       0.0000000099597894
     93.4934921       0.0000000099384689
     93.5935898       0.0000000099172166
     93.6936951       0.0000000098960317
     93.7937927       0.0000000098749125
     93.8938904       0.0000000098538601
     93.9939957       0.0000000098328780
     94.0940933       0.0000000098119648
     94.1941910       0.0000000097911097
     94.2942963       0.0000000097703227
     94.3943939       0.0000000097496084
     94.4944916       0.0000000097289531
     94.5945969       0.0000000097083697
     94.6946945       0.0000000096878575
     94.7947922       0.0000000096673918
     94.8948975       0.0000000096470027
     94.9949951       0.0000000096266765
     95.0950928       0.0000000096064274
     95.1951981       0.0000000095862187
     95.2952957       0.0000000095660888
     95.3953934       0.0000000095460179
     95.4954987       0.0000000095260125
     95.5955963       0.0000000095060601
     95.6956940       0.0000000094861849
     95.7957993       0.0000000094663601
     95.8958969       0.0000000094466054
     95.9959946       0.0000000094269014
     96.0960999       0.0000000094072615
     96.1961975       0.0000000093876988
     96.2962952       0.0000000093681864
     96.3963928       0.0000000093487314
     96.4964981       0.0000000093293389
     96.5965958       0.0000000093100099
     96.6966934       0.0000000092907390
     96.7967987       0.0000000092715246
     96.8968964       0.0000000092523698
     96.9969940       0.0000000092332753
     97.0970993       0.0000000092142476
     97.1971970       0.0000000091952701
     97.2972946       0.0000000091763511
     97.3973999       0.0000000091574901
     97.4974976       0.0000000091387020
     97.5975952       0.0000000091199535
     97.6977005       0.0000000091012657
     97.7977982       0.0000000090826382
     97.8978958       0.0000000090640745
     97.9980011       0.0000000090455584
     98.0980988       0.0000000090271018
     98.1981964       0.0000000090087038
     98.2983017       0.0000000089903584
     98.3983994       0.0000000089720695
     98.4984970       0.0000000089538365
     98.5986023       0.0000000089356667
     98.6987000       0.0000000089175454
     98.7987976       0.0000000088994786
     98.8988953       0.0000000088814671
     98.9990005       0.0000000088635216
     99.0990982       0.0000000088456190
     99.1991959       0.0000000088277616
     99.2993011       0.0000000088099756
     99.3993988       0.0000000087922347
     99.4994965       0.0000000087745477
     99.5996017       0.0000000087569123
     99.6996994       0.0000000087393238
     99.7997971       0.0000000087218065
     99.8999023       0.0000000087043215
    100.0000000       0.0000000086869001
