# x		H(x,a)
      0.0000000       1.0000000000000000
      0.1001001       0.9900299906730652
      0.2002002       0.9607124924659729
      0.3003003       0.9137664437294006
      0.4004004       0.8518707156181335
      0.5005005       0.7784109115600586
      0.6006006       0.6971734166145325
      0.7007007       0.6120254397392273
      0.8008008       0.5266169309616089
      0.9009009       0.4441368877887726
      1.0010010       0.3671571576730137
      1.1011012       0.2975145330521479
      1.2012012       0.2363068110147286
      1.3013012       0.1839727027038501
      1.4014014       0.1403912951071052
      1.5015016       0.1050123329378517
      1.6016016       0.0769945856591160
      1.7017016       0.0553362187891083
      1.8018018       0.0389854432263976
      1.9019020       0.0269253363557386
      2.0020020       0.0182313391581303
      2.1021020       0.0121038832046274
      2.2022023       0.0078805688166173
      2.3023024       0.0050331839654634
      2.4024024       0.0031548612221722
      2.5025024       0.0019422147055386
      2.6026025       0.0011758038946647
      2.7027028       0.0007014468229075
      2.8028028       0.0004137946568597
      2.9029028       0.0002427724171335
      3.0030031       0.0001429733094976
      3.1031032       0.0000857143090227
      3.2032032       0.0000533205409708
      3.3033032       0.0000351618767494
      3.4034033       0.0000249950564230
      3.5035036       0.0000192367553891
      3.6036036       0.0000158757800761
      3.7037036       0.0000138069326447
      3.8038039       0.0000124347041502
      3.9039040       0.0000114435732980
      4.0040040       0.0000106684499109
      4.1041040       0.0000100233872659
      4.2042041       0.0000094633078993
      4.3043041       0.0000089639279167
      4.4044046       0.0000085115103966
      4.5045047       0.0000080976192469
      4.6046047       0.0000077166046188
      4.7047048       0.0000073643226715
      4.8048048       0.0000070375218786
      4.9049048       0.0000067335249071
      5.0050049       0.0000064500516412
      5.1051049       0.0000061851381005
      5.2052050       0.0000059370761279
      5.3053055       0.0000057043609410
      5.4054055       0.0000054856586729
      5.5055056       0.0000052797989105
      5.6056056       0.0000050857365781
      5.7057056       0.0000049025139317
      5.8058057       0.0000047293108341
      5.9059057       0.0000045653672181
      6.0060062       0.0000044099929253
      6.1061063       0.0000042625906670
      6.2062063       0.0000041225926000
      6.3063064       0.0000039894918606
      6.4064064       0.0000038628253238
      6.5065064       0.0000037421738207
      6.6066065       0.0000036271502012
      6.7067065       0.0000035174011660
      6.8068066       0.0000034126020638
      6.9069071       0.0000033124468226
      7.0070071       0.0000032166636495
      7.1071072       0.0000031250032827
      7.2072072       0.0000030372208681
      7.3073072       0.0000029530945715
      7.4074073       0.0000028724332197
      7.5075073       0.0000027950345092
      7.6076078       0.0000027207310709
      7.7077079       0.0000026493548022
      7.8078079       0.0000025807543211
      7.9079080       0.0000025147845701
      8.0080080       0.0000024513135431
      8.1081085       0.0000023902175664
      8.2082081       0.0000023313758141
      8.3083086       0.0000022746805015
      8.4084082       0.0000022200278697
      8.5085087       0.0000021673173477
      8.6086082       0.0000021164647177
      8.7087088       0.0000020673778350
      8.8088093       0.0000020199770424
      8.9089088       0.0000019741866249
      9.0090094       0.0000019299335271
      9.1091089       0.0000018871520269
      9.2092094       0.0000018457744898
      9.3093090       0.0000018057409895
      9.4094095       0.0000017669950810
      9.5095091       0.0000017294820479
      9.6096096       0.0000016931513751
      9.7097101       0.0000016579508942
      9.8098097       0.0000016238353538
      9.9099102       0.0000015907632327
     10.0100098       0.0000015586875311
     10.1101103       0.0000015275707577
     10.2102098       0.0000014973785005
     10.3103104       0.0000014680707187
     10.4104099       0.0000014396157162
     10.5105104       0.0000014119776162
     10.6106110       0.0000013851289988
     10.7107105       0.0000013590375574
     10.8108110       0.0000013336749964
     10.9109106       0.0000013090158597
     11.0110111       0.0000012850346026
     11.1111107       0.0000012617057479
     11.2112112       0.0000012390066678
     11.3113117       0.0000012169148878
     11.4114113       0.0000011954084285
     11.5115118       0.0000011744663766
     11.6116114       0.0000011540685907
     11.7117119       0.0000011341994300
     11.8118114       0.0000011148383205
     11.9119120       0.0000010959684174
     12.0120125       0.0000010775742206
     12.1121120       0.0000010596379748
     12.2122126       0.0000010421479414
     12.3123121       0.0000010250864385
     12.4124126       0.0000010084401476
     12.5125122       0.0000009921968041
     12.6126127       0.0000009763424795
     12.7127123       0.0000009608655052
     12.8128128       0.0000009457542451
     12.9129133       0.0000009309963766
     13.0130129       0.0000009165812134
     13.1131134       0.0000009024975277
     13.2132130       0.0000008887369965
     13.3133135       0.0000008752886941
     13.4134130       0.0000008621451187
     13.5135136       0.0000008492933748
     13.6136131       0.0000008367278446
     13.7137136       0.0000008244397246
     13.8138142       0.0000008124203153
     13.9139137       0.0000008006606812
     14.0140142       0.0000007891561234
     14.1141138       0.0000007778983928
     14.2142143       0.0000007668791585
     14.3143139       0.0000007560920782
     14.4144144       0.0000007455316358
     14.5145149       0.0000007351914987
     14.6146145       0.0000007250649193
     14.7147150       0.0000007151467664
     14.8148146       0.0000007054303873
     14.9149151       0.0000006959101886
     15.0150146       0.0000006865831936
     15.1151152       0.0000006774406921
     15.2152157       0.0000006684811800
     15.3153152       0.0000006596980385
     15.4154158       0.0000006510868921
     15.5155153       0.0000006426435553
     15.6156158       0.0000006343631069
     15.7157154       0.0000006262429247
     15.8158159       0.0000006182771113
     15.9159155       0.0000006104623393
     16.0160160       0.0000006027948076
     16.1161156       0.0000005952717270
     16.2162170       0.0000005878882280
     16.3163166       0.0000005806415897
     16.4164162       0.0000005735274807
     16.5165157       0.0000005665447029
     16.6166172       0.0000005596878771
     16.7167168       0.0000005529550618
     16.8168163       0.0000005463435611
     16.9169178       0.0000005398499178
     17.0170174       0.0000005334713526
     17.1171169       0.0000005272051901
     17.2172165       0.0000005210493089
     17.3173180       0.0000005149999316
     17.4174175       0.0000005090561711
     17.5175171       0.0000005032149869
     17.6176186       0.0000004974729410
     17.7177181       0.0000004918295293
     17.8178177       0.0000004862816639
     17.9179173       0.0000004808267952
     18.0180187       0.0000004754633056
     18.1181183       0.0000004701897134
     18.2182178       0.0000004650031871
     18.3183174       0.0000004599024422
     18.4184189       0.0000004548846715
     18.5185184       0.0000004499485934
     18.6186180       0.0000004450927788
     18.7187195       0.0000004403158147
     18.8188190       0.0000004356146461
     18.9189186       0.0000004309886056
     19.0190182       0.0000004264357651
     19.1191196       0.0000004219552467
     19.2192192       0.0000004175449204
     19.3193188       0.0000004132031785
     19.4194202       0.0000004089292141
     19.5195198       0.0000004047213577
     19.6196194       0.0000004005781353
     19.7197189       0.0000003964978146
     19.8198204       0.0000003924797269
     19.9199200       0.0000003885231157
     20.0200195       0.0000003846255277
     20.1201210       0.0000003807861370
     20.2202206       0.0000003770045478
     20.3203201       0.0000003732788196
     20.4204197       0.0000003696082047
     20.5205212       0.0000003659915999
     20.6206207       0.0000003624274796
     20.7207203       0.0000003589157109
     20.8208199       0.0000003554543926
     20.9209213       0.0000003520434815
     21.0210209       0.0000003486812971
     21.1211205       0.0000003453667161
     21.2212219       0.0000003420993738
     21.3213215       0.0000003388783677
     21.4214211       0.0000003357025236
     21.5215206       0.0000003325716925
     21.6216221       0.0000003294840534
     21.7217216       0.0000003264394794
     21.8218212       0.0000003234363059
     21.9219227       0.0000003204749605
     22.0220222       0.0000003175543939
     22.1221218       0.0000003146731589
     22.2222214       0.0000003118313074
     22.3223228       0.0000003090276857
     22.4224224       0.0000003062615001
     22.5225220       0.0000003035326724
     22.6226234       0.0000003008400711
     22.7227230       0.0000002981831439
     22.8228226       0.0000002955614258
     22.9229221       0.0000002929740030
     23.0230236       0.0000002904204661
     23.1231232       0.0000002879004561
     23.2232227       0.0000002854130154
     23.3233242       0.0000002829573916
     23.4234238       0.0000002805335107
     23.5235233       0.0000002781410126
     23.6236229       0.0000002757786427
     23.7237244       0.0000002734466058
     23.8238239       0.0000002711438037
     23.9239235       0.0000002688700388
     24.0240250       0.0000002666245111
     24.1241245       0.0000002644075363
     24.2242241       0.0000002622177123
     24.3243237       0.0000002600551823
     24.4244251       0.0000002579191689
     24.5245247       0.0000002558096612
     24.6246243       0.0000002537259410
     24.7247238       0.0000002516673356
     24.8248253       0.0000002496340723
     24.9249249       0.0000002476249580
     25.0250244       0.0000002456402944
     25.1251259       0.0000002436793052
     25.2252254       0.0000002417419293
     25.3253250       0.0000002398275428
     25.4254246       0.0000002379354536
     25.5255260       0.0000002360660820
     25.6256256       0.0000002342184390
     25.7257252       0.0000002323925328
     25.8258266       0.0000002305879826
     25.9259262       0.0000002288043675
     26.0260258       0.0000002270411858
     26.1261253       0.0000002252986842
     26.2262268       0.0000002235759170
     26.3263264       0.0000002218727617
     26.4264259       0.0000002201891874
     26.5265274       0.0000002185244616
     26.6266270       0.0000002168789952
     26.7267265       0.0000002152518515
     26.8268261       0.0000002136429726
     26.9269276       0.0000002120521149
     27.0270271       0.0000002104788514
     27.1271267       0.0000002089231713
     27.2272263       0.0000002073846158
     27.3273277       0.0000002058630828
     27.4274273       0.0000002043583171
     27.5275269       0.0000002028698661
     27.6276283       0.0000002013975522
     27.7277279       0.0000001999414389
     27.8278275       0.0000001985009527
     27.9279270       0.0000001970759129
     28.0280285       0.0000001956663876
     28.1281281       0.0000001942716546
     28.2282276       0.0000001928922196
     28.3283291       0.0000001915269768
     28.4284286       0.0000001901765238
     28.5285282       0.0000001888401115
     28.6286278       0.0000001875178700
     28.7287292       0.0000001862093880
     28.8288288       0.0000001849146083
     28.9289284       0.0000001836333251
     29.0290298       0.0000001823652228
     29.1291294       0.0000001811103296
     29.2292290       0.0000001798683096
     29.3293285       0.0000001786391752
     29.4294300       0.0000001774225006
     29.5295296       0.0000001762181147
     29.6296291       0.0000001750260258
     29.7297306       0.0000001738460220
     29.8298302       0.0000001726778080
     29.9299297       0.0000001715214836
     30.0300293       0.0000001703768595
     30.1301308       0.0000001692432510
     30.2302303       0.0000001681213335
     30.3303299       0.0000001670103299
     30.4304314       0.0000001659104503
     30.5305309       0.0000001648213125
     30.6306305       0.0000001637428457
     30.7307301       0.0000001626750758
     30.8308315       0.0000001616176037
     30.9309311       0.0000001605704250
     31.0310307       0.0000001595334978
     31.1311302       0.0000001585064631
     31.2312317       0.0000001574893620
     31.3313313       0.0000001564821351
     31.4314308       0.0000001554843492
     31.5315323       0.0000001544961950
     31.6316319       0.0000001535174773
     31.7317314       0.0000001525478657
     31.8318310       0.0000001515876746
     31.9319324       0.0000001506361623
     32.0320320       0.0000001496938577
     32.1321335       0.0000001487605426
     32.2322311       0.0000001478356171
     32.3323326       0.0000001469194564
     32.4324341       0.0000001460116425
     32.5325317       0.0000001451123904
     32.6326332       0.0000001442213562
     32.7327309       0.0000001433384271
     32.8328323       0.0000001424636430
     32.9329338       0.0000001415968407
     33.0330315       0.0000001407379297
     33.1331329       0.0000001398868551
     33.2332344       0.0000001390436559
     33.3333321       0.0000001382078610
     33.4334335       0.0000001373795382
     33.5335350       0.0000001365587293
     33.6336327       0.0000001357451526
     33.7337341       0.0000001349388907
     33.8338356       0.0000001341399123
     33.9339333       0.0000001333478621
     34.0340347       0.0000001325628275
     34.1341324       0.0000001317849576
     34.2342339       0.0000001310136165
     34.3343353       0.0000001302489903
     34.4344330       0.0000001294912762
     34.5345345       0.0000001287400463
     34.6346359       0.0000001279953223
     34.7347336       0.0000001272571967
     34.8348351       0.0000001265252617
     34.9349365       0.0000001257996922
     35.0350342       0.0000001250803592
     35.1351357       0.0000001243671797
     35.2352371       0.0000001236599600
     35.3353348       0.0000001229589399
     35.4354362       0.0000001222638010
     35.5355339       0.0000001215745931
     35.6356354       0.0000001208910578
     35.7357368       0.0000001202134922
     35.8358345       0.0000001195414980
     35.9359360       0.0000001188750843
     36.0360374       0.0000001182142347
     36.1361351       0.0000001175588968
     36.2362366       0.0000001169090794
     36.3363380       0.0000001162645088
     36.4364357       0.0000001156252954
     36.5365372       0.0000001149913294
     36.6366348       0.0000001143626130
     36.7367363       0.0000001137391020
     36.8368378       0.0000001131205849
     36.9369354       0.0000001125071495
     37.0370369       0.0000001118985460
     37.1371384       0.0000001112950729
     37.2372360       0.0000001106964560
     37.3373375       0.0000001101024417
     37.4374390       0.0000001095134144
     37.5375366       0.0000001089290664
     37.6376381       0.0000001083492734
     37.7377396       0.0000001077741576
     37.8378372       0.0000001072038131
     37.9379387       0.0000001066376672
     38.0380363       0.0000001060761816
     38.1381378       0.0000001055190906
     38.2382393       0.0000001049663452
     38.3383369       0.0000001044179553
     38.4384384       0.0000001038739344
     38.5385399       0.0000001033340651
     38.6386375       0.0000001027983377
     38.7387390       0.0000001022669330
     38.8388405       0.0000001017394749
     38.9389381       0.0000001012161323
     39.0390396       0.0000001006968792
     39.1391373       0.0000001001815166
     39.2392387       0.0000000996702792
     39.3393402       0.0000000991628418
     39.4394379       0.0000000986592358
     39.5395393       0.0000000981594485
     39.6396408       0.0000000976634662
     39.7397385       0.0000000971712023
     39.8398399       0.0000000966828694
     39.9399414       0.0000000961979773
     40.0400391       0.0000000957168561
     40.1401405       0.0000000952391922
     40.2402420       0.0000000947652468
     40.3403397       0.0000000942947635
     40.4404411       0.0000000938277306
     40.5405388       0.0000000933642373
     40.6406403       0.0000000929041398
     40.7407417       0.0000000924474526
     40.8408394       0.0000000919941957
     40.9409409       0.0000000915441747
     41.0410423       0.0000000910974535
     41.1411400       0.0000000906540284
     41.2412415       0.0000000902137252
     41.3413429       0.0000000897767816
     41.4414406       0.0000000893429427
     41.5415421       0.0000000889121860
     41.6416397       0.0000000884845606
     41.7417412       0.0000000880601032
     41.8418427       0.0000000876385958
     41.9419403       0.0000000872201103
     42.0420418       0.0000000868047180
     42.1421432       0.0000000863922216
     42.2422409       0.0000000859825865
     42.3423424       0.0000000855759935
     42.4424438       0.0000000851721693
     42.5425415       0.0000000847713012
     42.6426430       0.0000000843731704
     42.7427444       0.0000000839778385
     42.8428421       0.0000000835853849
     42.9429436       0.0000000831955762
     43.0430412       0.0000000828084418
     43.1431427       0.0000000824241255
     43.2432442       0.0000000820424014
     43.3433418       0.0000000816633977
     43.4434433       0.0000000812869748
     43.5435448       0.0000000809131497
     43.6436424       0.0000000805419210
     43.7437439       0.0000000801731345
     43.8438454       0.0000000798070102
     43.9439430       0.0000000794433298
     44.0440445       0.0000000790821539
     44.1441460       0.0000000787234377
     44.2442436       0.0000000783671021
     44.3443451       0.0000000780131893
     44.4444427       0.0000000776618211
     44.5445442       0.0000000773126781
     44.6446457       0.0000000769658242
     44.7447433       0.0000000766214449
     44.8448448       0.0000000762793183
     44.9449463       0.0000000759394033
     45.0450439       0.0000000756018748
     45.1451454       0.0000000752666304
     45.2452469       0.0000000749334566
     45.3453445       0.0000000746025856
     45.4454460       0.0000000742739061
     45.5455437       0.0000000739473179
     45.6456451       0.0000000736229143
     45.7457466       0.0000000733007139
     45.8458443       0.0000000729805217
     45.9459457       0.0000000726625166
     46.0460472       0.0000000723465249
     46.1461449       0.0000000720325745
     46.2462463       0.0000000717206921
     46.3463478       0.0000000714108321
     46.4464455       0.0000000711030113
     46.5465469       0.0000000707971398
     46.6466484       0.0000000704932182
     46.7467461       0.0000000701912767
     46.8468475       0.0000000698912068
     46.9469452       0.0000000695931933
     47.0470467       0.0000000692970083
     47.1471481       0.0000000690027027
     47.2472458       0.0000000687102499
     47.3473473       0.0000000684196853
     47.4474487       0.0000000681309923
     47.5475464       0.0000000678440624
     47.6476479       0.0000000675589939
     47.7477493       0.0000000672756541
     47.8478470       0.0000000669941272
     47.9479485       0.0000000667143530
     48.0480499       0.0000000664363587
     48.1481476       0.0000000661601368
     48.2482491       0.0000000658855458
     48.3483467       0.0000000656126816
     48.4484482       0.0000000653415546
     48.5485497       0.0000000650720717
     48.6486473       0.0000000648043073
     48.7487488       0.0000000645381456
     48.8488503       0.0000000642735871
     48.9489479       0.0000000640107189
     49.0490494       0.0000000637493824
     49.1491508       0.0000000634896480
     49.2492485       0.0000000632316231
     49.3493500       0.0000000629750529
     49.4494476       0.0000000627200886
     49.5495491       0.0000000624667024
     49.6496506       0.0000000622146661
     49.7497482       0.0000000619643407
     49.8498497       0.0000000617154842
     49.9499512       0.0000000614680924
     50.0500488       0.0000000612222464
     50.1501503       0.0000000609777930
     50.2502518       0.0000000607348337
     50.3503494       0.0000000604933466
     50.4504509       0.0000000602532644
     50.5505524       0.0000000600146587
     50.6506500       0.0000000597773885
     50.7507515       0.0000000595415763
     50.8508492       0.0000000593071934
     50.9509506       0.0000000590741259
     51.0510521       0.0000000588424567
     51.1511497       0.0000000586121417
     51.2512512       0.0000000583831067
     51.3513527       0.0000000581555133
     51.4514503       0.0000000579292255
     51.5515518       0.0000000577042737
     51.6516533       0.0000000574806149
     51.7517509       0.0000000572582461
     51.8518524       0.0000000570371582
     51.9519501       0.0000000568173360
     52.0520515       0.0000000565987616
     52.1521530       0.0000000563814766
     52.2522507       0.0000000561654841
     52.3523521       0.0000000559507320
     52.4524536       0.0000000557371340
     52.5525513       0.0000000555247743
     52.6526527       0.0000000553136507
     52.7527542       0.0000000551037933
     52.8528519       0.0000000548950665
     52.9529533       0.0000000546874599
     53.0530548       0.0000000544811499
     53.1531525       0.0000000542759113
     53.2532539       0.0000000540718690
     53.3533516       0.0000000538690009
     53.4534531       0.0000000536671878
     53.5535545       0.0000000534665782
     53.6536522       0.0000000532670819
     53.7537537       0.0000000530687479
     53.8538551       0.0000000528713632
     53.9539528       0.0000000526752264
     54.0540543       0.0000000524801223
     54.1541557       0.0000000522861394
     54.2542534       0.0000000520931681
     54.3543549       0.0000000519013088
     54.4544525       0.0000000517105207
     54.5545540       0.0000000515207789
     54.6546555       0.0000000513319912
     54.7547531       0.0000000511443764
     54.8548546       0.0000000509577128
     54.9549561       0.0000000507720710
     55.0550537       0.0000000505874121
     55.1551552       0.0000000504038051
     55.2552567       0.0000000502211742
     55.3553543       0.0000000500395678
     55.4554558       0.0000000498589219
     55.5555573       0.0000000496792373
     55.6556549       0.0000000495005553
     55.7557564       0.0000000493228333
     55.8558540       0.0000000491460396
     55.9559555       0.0000000489702347
     56.0560570       0.0000000487953478
     56.1561546       0.0000000486214414
     56.2562561       0.0000000484483818
     56.3563576       0.0000000482762347
     56.4564552       0.0000000481051035
     56.5565567       0.0000000479347707
     56.6566582       0.0000000477654512
     56.7567558       0.0000000475969511
     56.8568573       0.0000000474293338
     56.9569588       0.0000000472626572
     57.0570564       0.0000000470968054
     57.1571579       0.0000000469319210
     57.2572556       0.0000000467677652
     57.3573570       0.0000000466045291
     57.4574585       0.0000000464421545
     57.5575562       0.0000000462806471
     57.6576576       0.0000000461199830
     57.7577591       0.0000000459601106
     57.8578568       0.0000000458010628
     57.9579582       0.0000000456428800
     58.0580597       0.0000000454855120
     58.1581573       0.0000000453289585
     58.2582588       0.0000000451732109
     58.3583565       0.0000000450182072
     58.4584579       0.0000000448640432
     58.5585594       0.0000000447106970
     58.6586571       0.0000000445580830
     58.7587585       0.0000000444063078
     58.8588600       0.0000000442552889
     58.9589577       0.0000000441049668
     59.0590591       0.0000000439555092
     59.1591606       0.0000000438067717
     59.2592583       0.0000000436587881
     59.3593597       0.0000000435115300
     59.4594612       0.0000000433650580
     59.5595589       0.0000000432192824
     59.6596603       0.0000000430742822
     59.7597580       0.0000000429300021
     59.8598595       0.0000000427864004
     59.9599609       0.0000000426435849
     60.0600586       0.0000000425014512
     60.1601601       0.0000000423600179
     60.2602615       0.0000000422193031
     60.3603592       0.0000000420792893
     60.4604607       0.0000000419399528
     60.5605621       0.0000000418013275
     60.6606598       0.0000000416633989
     60.7607613       0.0000000415261129
     60.8608627       0.0000000413895027
     60.9609604       0.0000000412536339
     61.0610619       0.0000000411183523
     61.1611595       0.0000000409838025
     61.2612610       0.0000000408498899
     61.3613625       0.0000000407166375
     61.4614601       0.0000000405839869
     61.5615616       0.0000000404519975
     61.6616631       0.0000000403206977
     61.7617607       0.0000000401900147
     61.8618622       0.0000000400599533
     61.9619637       0.0000000399305243
     62.0620613       0.0000000398017499
     62.1621628       0.0000000396736087
     62.2622604       0.0000000395459790
     62.3623619       0.0000000394190989
     62.4624634       0.0000000392927324
     62.5625610       0.0000000391670229
     62.6626625       0.0000000390418718
     62.7627640       0.0000000389173990
     62.8628616       0.0000000387934383
     62.9629631       0.0000000386701152
     63.0630646       0.0000000385473664
     63.1631622       0.0000000384252281
     63.2632637       0.0000000383036195
     63.3633652       0.0000000381826157
     63.4634628       0.0000000380621733
     63.5635643       0.0000000379423216
     63.6636620       0.0000000378230017
     63.7637634       0.0000000377042577
     63.8638649       0.0000000375860600
     63.9639626       0.0000000374684382
     64.0640640       0.0000000373514069
     64.1641617       0.0000000372348736
     64.2642670       0.0000000371188440
     64.3643646       0.0000000370034218
     64.4644623       0.0000000368885366
     64.5645676       0.0000000367741583
     64.6646652       0.0000000366603071
     64.7647629       0.0000000365470210
     64.8648682       0.0000000364342236
     64.9649658       0.0000000363219706
     65.0650635       0.0000000362102272
     65.1651688       0.0000000360989652
     65.2652664       0.0000000359882617
     65.3653641       0.0000000358780674
     65.4654617       0.0000000357683523
     65.5655670       0.0000000356591438
     65.6656647       0.0000000355504540
     65.7657623       0.0000000354422591
     65.8658676       0.0000000353345135
     65.9659653       0.0000000352273019
     66.0660629       0.0000000351205819
     66.1661682       0.0000000350143401
     66.2662659       0.0000000349085429
     66.3663635       0.0000000348032710
     66.4664688       0.0000000346984658
     66.5665665       0.0000000345940985
     66.6666641       0.0000000344902209
     66.7667694       0.0000000343868226
     66.8668671       0.0000000342838593
     66.9669647       0.0000000341814284
     67.0670700       0.0000000340793823
     67.1671677       0.0000000339778237
     67.2672653       0.0000000338767357
     67.3673706       0.0000000337760499
     67.4674683       0.0000000336758582
     67.5675659       0.0000000335760997
     67.6676712       0.0000000334767779
     67.7677689       0.0000000333778754
     67.8678665       0.0000000332794110
     67.9679642       0.0000000331814154
     68.0680695       0.0000000330838282
     68.1681671       0.0000000329866937
     68.2682648       0.0000000328899771
     68.3683701       0.0000000327936787
     68.4684677       0.0000000326977984
     68.5685654       0.0000000326023332
     68.6686707       0.0000000325073299
     68.7687683       0.0000000324126856
     68.8688660       0.0000000323184843
     68.9689713       0.0000000322246764
     69.0690689       0.0000000321313053
     69.1691666       0.0000000320383061
     69.2692719       0.0000000319457289
     69.3693695       0.0000000318535535
     69.4694672       0.0000000317617562
     69.5695724       0.0000000316703522
     69.6696701       0.0000000315793875
     69.7697678       0.0000000314887897
     69.8698730       0.0000000313985657
     69.9699707       0.0000000313087234
     70.0700684       0.0000000312193379
     70.1701736       0.0000000311302604
     70.2702713       0.0000000310415702
     70.3703690       0.0000000309532739
     70.4704742       0.0000000308653331
     70.5705719       0.0000000307778188
     70.6706696       0.0000000306906305
     70.7707672       0.0000000306038298
     70.8708725       0.0000000305173962
     70.9709702       0.0000000304313179
     71.0710678       0.0000000303456067
     71.1711731       0.0000000302602610
     71.2712708       0.0000000301752712
     71.3713684       0.0000000300906563
     71.4714737       0.0000000300063928
     71.5715714       0.0000000299224723
     71.6716690       0.0000000298389016
     71.7717743       0.0000000297556651
     71.8718719       0.0000000296727892
     71.9719696       0.0000000295902790
     72.0720749       0.0000000295080999
     72.1721725       0.0000000294262548
     72.2722702       0.0000000293447751
     72.3723755       0.0000000292635875
     72.4724731       0.0000000291827746
     72.5725708       0.0000000291022838
     72.6726761       0.0000000290221161
     72.7727737       0.0000000289422751
     72.8728714       0.0000000288627898
     72.9729767       0.0000000287836123
     73.0730743       0.0000000287047692
     73.1731720       0.0000000286262590
     73.2732697       0.0000000285480867
     73.3733749       0.0000000284701753
     73.4734726       0.0000000283926088
     73.5735703       0.0000000283153850
     73.6736755       0.0000000282384433
     73.7737732       0.0000000281617935
     73.8738708       0.0000000280855060
     73.9739761       0.0000000280095224
     74.0740738       0.0000000279338471
     74.1741714       0.0000000278584545
     74.2742767       0.0000000277833721
     74.3743744       0.0000000277086154
     74.4744720       0.0000000276341438
     74.5745773       0.0000000275599675
     74.6746750       0.0000000274860712
     74.7747726       0.0000000274125113
     74.8748779       0.0000000273392450
     74.9749756       0.0000000272662446
     75.0750732       0.0000000271935460
     75.1751785       0.0000000271211447
     75.2752762       0.0000000270490212
     75.3753738       0.0000000269771625
     75.4754791       0.0000000269056480
     75.5755768       0.0000000268343839
     75.6756744       0.0000000267633850
     75.7757721       0.0000000266927011
     75.8758774       0.0000000266223034
     75.9759750       0.0000000265521740
     76.0760727       0.0000000264823133
     76.1761780       0.0000000264127009
     76.2762756       0.0000000263433905
     76.3763733       0.0000000262743551
     76.4764786       0.0000000262055901
     76.5765762       0.0000000261370971
     76.6766739       0.0000000260688495
     76.7767792       0.0000000260008911
     76.8768768       0.0000000259332014
     76.9769745       0.0000000258657899
     77.0770798       0.0000000257985959
     77.1771774       0.0000000257316864
     77.2772751       0.0000000256650610
     77.3773804       0.0000000255986428
     77.4774780       0.0000000255325087
     77.5775757       0.0000000254666189
     77.6776810       0.0000000254010081
     77.7777786       0.0000000253356127
     77.8778763       0.0000000252705131
     77.9779816       0.0000000252056559
     78.0780792       0.0000000251410550
     78.1781769       0.0000000250766816
     78.2782745       0.0000000250125507
     78.3783798       0.0000000249486549
     78.4784775       0.0000000248850166
     78.5785751       0.0000000248216508
     78.6786804       0.0000000247585146
     78.7787781       0.0000000246956095
     78.8788757       0.0000000246329407
     78.9789810       0.0000000245705048
     79.0790787       0.0000000245083113
     79.1791763       0.0000000244463602
     79.2792816       0.0000000243846428
     79.3793793       0.0000000243231546
     79.4794769       0.0000000242619025
     79.5795822       0.0000000242008772
     79.6796799       0.0000000241400616
     79.7797775       0.0000000240795139
     79.8798828       0.0000000240191735
     79.9799805       0.0000000239590448
     80.0800781       0.0000000238991643
     80.1801834       0.0000000238394944
     80.2802811       0.0000000237800596
     80.3803787       0.0000000237208545
     80.4804840       0.0000000236618478
     80.5805817       0.0000000236030824
     80.6806793       0.0000000235445471
     80.7807770       0.0000000234861939
     80.8808823       0.0000000234280775
     80.9809799       0.0000000233701576
     81.0810776       0.0000000233124537
     81.1811829       0.0000000232549928
     81.2812805       0.0000000231977255
     81.3813782       0.0000000231406630
     81.4814835       0.0000000230838259
     81.5815811       0.0000000230271906
     81.6816788       0.0000000229707538
     81.7817841       0.0000000229145221
     81.8818817       0.0000000228585000
     81.9819794       0.0000000228026970
     82.0820847       0.0000000227471098
     82.1821823       0.0000000226917057
     82.2822800       0.0000000226365003
     82.3823853       0.0000000225815044
     82.4824829       0.0000000225267042
     82.5825806       0.0000000224720981
     82.6826859       0.0000000224177029
     82.7827835       0.0000000223635067
     82.8828812       0.0000000223094998
     82.9829865       0.0000000222556929
     83.0830841       0.0000000222020740
     83.1831818       0.0000000221486385
     83.2832794       0.0000000220953990
     83.3833847       0.0000000220423650
     83.4834824       0.0000000219895296
     83.5835800       0.0000000219368474
     83.6836853       0.0000000218844103
     83.7837830       0.0000000218321084
     83.8838806       0.0000000217800256
     83.9839859       0.0000000217281186
     84.0840836       0.0000000216763758
     84.1841812       0.0000000216248531
     84.2842865       0.0000000215735104
     84.3843842       0.0000000215223319
     84.4844818       0.0000000214713276
     84.5845871       0.0000000214205294
     84.6846848       0.0000000213699042
     84.7847824       0.0000000213194517
     84.8848877       0.0000000212691628
     84.9849854       0.0000000212190776
     85.0850830       0.0000000211691572
     85.1851883       0.0000000211194195
     85.2852859       0.0000000210698629
     85.3853836       0.0000000210204603
     85.4854889       0.0000000209712565
     85.5855865       0.0000000209222026
     85.6856842       0.0000000208733565
     85.7857895       0.0000000208246407
     85.8858871       0.0000000207761006
     85.9859848       0.0000000207277376
     86.0860825       0.0000000206795356
     86.1861877       0.0000000206315190
     86.2862854       0.0000000205836702
     86.3863831       0.0000000205359736
     86.4864883       0.0000000204884225
     86.5865860       0.0000000204410742
     86.6866837       0.0000000203938906
     86.7867889       0.0000000203468437
     86.8868866       0.0000000202999677
     86.9869843       0.0000000202532624
     87.0870895       0.0000000202067140
     87.1871872       0.0000000201603006
     87.2872849       0.0000000201140747
     87.3873901       0.0000000200680069
     87.4874878       0.0000000200221222
     87.5875854       0.0000000199763450
     87.6876907       0.0000000199307671
     87.7877884       0.0000000198853142
     87.8878860       0.0000000198400353
     87.9879913       0.0000000197948957
     88.0880890       0.0000000197498997
     88.1881866       0.0000000197050811
     88.2882919       0.0000000196604234
     88.3883896       0.0000000196159022
     88.4884872       0.0000000195715204
     88.5885849       0.0000000195272999
     88.6886902       0.0000000194832371
     88.7887878       0.0000000194393188
     88.8888855       0.0000000193955429
     88.9889908       0.0000000193519093
     89.0890884       0.0000000193084326
     89.1891861       0.0000000192651107
     89.2892914       0.0000000192219068
     89.3893890       0.0000000191788772
     89.4894867       0.0000000191359754
     89.5895920       0.0000000190932419
     89.6896896       0.0000000190506342
     89.7897873       0.0000000190081610
     89.8898926       0.0000000189658489
     89.9899902       0.0000000189236580
     90.0900879       0.0000000188816128
     90.1901932       0.0000000188397082
     90.2902908       0.0000000187979354
     90.3903885       0.0000000187563037
     90.4904938       0.0000000187148293
     90.5905914       0.0000000186734779
     90.6906891       0.0000000186322597
     90.7907944       0.0000000185911762
     90.8908920       0.0000000185502347
     90.9909897       0.0000000185094284
     91.0910873       0.0000000184687729
     91.1911926       0.0000000184282313
     91.2912903       0.0000000183878259
     91.3913879       0.0000000183475537
     91.4914932       0.0000000183074043
     91.5915909       0.0000000182673936
     91.6916885       0.0000000182275351
     91.7917938       0.0000000181877686
     91.8918915       0.0000000181481717
     91.9919891       0.0000000181086797
     92.0920944       0.0000000180693175
     92.1921921       0.0000000180300900
     92.2922897       0.0000000179909879
     92.3923950       0.0000000179520141
     92.4924927       0.0000000179131657
     92.5925903       0.0000000178744457
     92.6926956       0.0000000178358495
     92.7927933       0.0000000177973786
     92.8928909       0.0000000177590260
     92.9929962       0.0000000177208026
     93.0930939       0.0000000176827029
     93.1931915       0.0000000176447285
     93.2932968       0.0000000176068579
     93.3933945       0.0000000175691295
     93.4934921       0.0000000175315186
     93.5935898       0.0000000174940329
     93.6936951       0.0000000174566616
     93.7937927       0.0000000174194073
     93.8938904       0.0000000173822695
     93.9939957       0.0000000173452570
     94.0940933       0.0000000173083666
     94.1941910       0.0000000172715788
     94.2942963       0.0000000172349089
     94.3943939       0.0000000171983694
     94.4944916       0.0000000171619327
     94.5945969       0.0000000171256235
     94.6946945       0.0000000170894384
     94.7947922       0.0000000170533382
     94.8948975       0.0000000170173721
     94.9949951       0.0000000169815160
     95.0950928       0.0000000169457964
     95.1951981       0.0000000169101491
     95.2952957       0.0000000168746389
     95.3953934       0.0000000168392334
     95.4954987       0.0000000168039441
     95.5955963       0.0000000167687466
     95.6956940       0.0000000167336883
     95.7957993       0.0000000166987167
     95.8958969       0.0000000166638707
     95.9959946       0.0000000166291106
     96.0960999       0.0000000165944665
     96.1961975       0.0000000165599581
     96.2962952       0.0000000165255382
     96.3963928       0.0000000164912201
     96.4964981       0.0000000164570117
     96.5965958       0.0000000164229146
     96.6966934       0.0000000163889215
     96.7967987       0.0000000163550266
     96.8968964       0.0000000163212366
     96.9969940       0.0000000162875549
     97.0970993       0.0000000162539889
     97.1971970       0.0000000162205130
     97.2972946       0.0000000161871400
     97.3973999       0.0000000161538673
     97.4974976       0.0000000161207249
     97.5975952       0.0000000160876529
     97.6977005       0.0000000160546873
     97.7977982       0.0000000160218284
     97.8978958       0.0000000159890841
     97.9980011       0.0000000159564210
     98.0980988       0.0000000159238630
     98.1981964       0.0000000158914088
     98.2983017       0.0000000158590466
     98.3983994       0.0000000158267848
     98.4984970       0.0000000157946224
     98.5986023       0.0000000157625700
     98.6987000       0.0000000157306060
     98.7987976       0.0000000156987335
     98.8988953       0.0000000156669623
     98.9990005       0.0000000156353059
     99.0990982       0.0000000156037259
     99.1991959       0.0000000155722257
     99.2993011       0.0000000155408501
     99.3993988       0.0000000155095560
     99.4994965       0.0000000154783553
     99.5996017       0.0000000154472471
     99.6996994       0.0000000154162219
     99.7997971       0.0000000153853196
     99.8999023       0.0000000153544748
    100.0000000       0.0000000153237444
