# x		H(x,a)
      0.0000000       1.0000000000000000
      0.1001001       0.9900299906730652
      0.2002002       0.9607124924659729
      0.3003003       0.9137664437294006
      0.4004004       0.8518707156181335
      0.5005005       0.7784109115600586
      0.6006006       0.6971734166145325
      0.7007007       0.6120254397392273
      0.8008008       0.5266169309616089
      0.9009009       0.4441368877887726
      1.0010010       0.3671524563469703
      1.1011012       0.2975012243801288
      1.2012012       0.2362859149097610
      1.3013012       0.1839466204126220
      1.4014014       0.1403624650572447
      1.5015016       0.1049827273753111
      1.6016016       0.0769656043534887
      1.7017016       0.0553087495779716
      1.8018018       0.0389599755004168
      1.9019020       0.0269020758367888
      2.0020020       0.0182103039886702
      2.1021020       0.0120849768924985
      2.2022023       0.0078636319077908
      2.3023024       0.0050180287865797
      2.4024024       0.0031412939370025
      2.5025024       0.0019300484478771
      2.6026025       0.0011648658716783
      2.7027028       0.0006915815521680
      2.8028028       0.0004048647569380
      2.9029028       0.0002346579941516
      3.0030031       0.0001355706266513
      3.1031032       0.0000789340850945
      3.2032032       0.0000470861933920
      3.3033032       0.0000294078087330
      3.4034033       0.0000196651055006
      3.5035036       0.0000142827906074
      3.6036036       0.0000112564860237
      3.7037036       0.0000094867683457
      3.8038039       0.0000083829989946
      3.9039040       0.0000076337872025
      4.0040040       0.0000070775264582
      4.1041040       0.0000066312268299
      4.2042041       0.0000062523169148
      4.3043041       0.0000059186514480
      4.4044046       0.0000056183070163
      4.5045047       0.0000053444120401
      4.6046047       0.0000050926544683
      4.7047048       0.0000048600439130
      4.8048048       0.0000046443268959
      4.9049048       0.0000044436890218
      5.0050049       0.0000042566080243
      5.1051049       0.0000040817798543
      5.2052050       0.0000039180742348
      5.3053055       0.0000037644975636
      5.4054055       0.0000036201684431
      5.5055056       0.0000034843147672
      5.6056056       0.0000033562465566
      5.7057056       0.0000032353317678
      5.8058057       0.0000031210293345
      5.9059057       0.0000030128376844
      6.0060062       0.0000029103007899
      6.1061063       0.0000028130250064
      6.2062063       0.0000027206356578
      6.3063064       0.0000026327983204
      6.4064064       0.0000025492064886
      6.5065064       0.0000024695847429
      6.6066065       0.0000023936770712
      6.7067065       0.0000023212500768
      6.8068066       0.0000022520892826
      6.9069071       0.0000021859935948
      7.0070071       0.0000021227833028
      7.1071072       0.0000020622934614
      7.2072072       0.0000020043630055
      7.3073072       0.0000019488451820
      7.4074073       0.0000018956142089
      7.5075073       0.0000018445362587
      7.6076078       0.0000017955008485
      7.7077079       0.0000017483972491
      7.8078079       0.0000017031254560
      7.9079080       0.0000016595897891
      8.0080080       0.0000016177032151
      8.1081085       0.0000015773839987
      8.2082081       0.0000015385524719
      8.3083086       0.0000015011372214
      8.4084082       0.0000014650700964
      8.5085087       0.0000014302846841
      8.6086082       0.0000013967253605
      8.7087088       0.0000013643312507
      8.8088093       0.0000013330498975
      8.9089088       0.0000013028312499
      9.0090094       0.0000012736272732
      9.1091089       0.0000012453942630
      9.2092094       0.0000012180880130
      9.3093090       0.0000011916684893
      9.4094095       0.0000011660987049
      9.5095091       0.0000011413426529
      9.6096096       0.0000011173668704
      9.7097101       0.0000010941368968
      9.8098097       0.0000010716227925
      9.9099102       0.0000010497974922
     10.0100098       0.0000010286296199
     10.1101103       0.0000010080946864
     10.2102098       0.0000009881698685
     10.3103104       0.0000009688285307
     10.4104099       0.0000009500502030
     10.5105104       0.0000009318108926
     10.6106110       0.0000009140926192
     10.7107105       0.0000008968740194
     10.8108110       0.0000008801364732
     10.9109106       0.0000008638630539
     11.0110111       0.0000008480369641
     11.1111107       0.0000008326415501
     11.2112112       0.0000008176616159
     11.3113117       0.0000008030825448
     11.4114113       0.0000007888897983
     11.5115118       0.0000007750692512
     11.6116114       0.0000007616082196
     11.7117119       0.0000007484958975
     11.8118114       0.0000007357188033
     11.9119120       0.0000007232659048
     12.0120125       0.0000007111269912
     12.1121120       0.0000006992902703
     12.2122126       0.0000006877480135
     12.3123121       0.0000006764885343
     12.4124126       0.0000006655031325
     12.5125122       0.0000006547835937
     12.6126127       0.0000006443207952
     12.7127123       0.0000006341070155
     12.8128128       0.0000006241346729
     12.9129133       0.0000006143953791
     13.0130129       0.0000006048823908
     13.1131134       0.0000005955881241
     13.2132130       0.0000005865070397
     13.3133135       0.0000005776320196
     13.4134130       0.0000005689582096
     13.5135136       0.0000005604768971
     13.6136131       0.0000005521845095
     13.7137136       0.0000005440751446
     13.8138142       0.0000005361431433
     13.9139137       0.0000005283825990
     14.0140142       0.0000005207903917
     14.1141138       0.0000005133609657
     14.2142143       0.0000005060890067
     14.3143139       0.0000004989702852
     14.4144144       0.0000004920010732
     14.5145149       0.0000004851772756
     14.6146145       0.0000004784944015
     14.7147150       0.0000004719491063
     14.8148146       0.0000004655369040
     14.9149151       0.0000004592542876
     15.0150146       0.0000004530990625
     15.1151152       0.0000004470656363
     15.2152157       0.0000004411529118
     15.3153152       0.0000004353566220
     15.4154158       0.0000004296738226
     15.5155153       0.0000004241018235
     15.6156158       0.0000004186372912
     15.7157154       0.0000004132785248
     15.8158159       0.0000004080216116
     15.9159155       0.0000004028643391
     16.0160160       0.0000003978043230
     16.1161156       0.0000003928395980
     16.2162170       0.0000003879669585
     16.3163166       0.0000003831846607
     16.4164162       0.0000003784898477
     16.5165157       0.0000003738816558
     16.6166172       0.0000003693566323
     16.7167168       0.0000003649134104
     16.8168163       0.0000003605502800
     16.9169178       0.0000003562648635
     17.0170174       0.0000003520554783
     17.1171169       0.0000003479202429
     17.2172165       0.0000003438577342
     17.3173180       0.0000003398655570
     17.4174175       0.0000003359430745
     17.5175171       0.0000003320882608
     17.6176186       0.0000003282989211
     17.7177181       0.0000003245746198
     17.8178177       0.0000003209134180
     17.9179173       0.0000003173135613
     18.0180187       0.0000003137740118
     18.1181183       0.0000003102938162
     18.2182178       0.0000003068710495
     18.3183174       0.0000003035048809
     18.4184189       0.0000003001935210
     18.5185184       0.0000002969360482
     18.6186180       0.0000002937315116
     18.7187195       0.0000002905790599
     18.8188190       0.0000002874765696
     18.9189186       0.0000002844236827
     19.0190182       0.0000002814191294
     19.1191196       0.0000002784622774
     19.2192192       0.0000002755517672
     19.3193188       0.0000002726864769
     19.4194202       0.0000002698659665
     19.5195198       0.0000002670890763
     19.6196194       0.0000002643548140
     19.7197189       0.0000002616620746
     19.8198204       0.0000002590104138
     19.9199200       0.0000002563993234
     20.0200195       0.0000002538271748
     20.1201210       0.0000002512934204
     20.2202206       0.0000002487978317
     20.3203201       0.0000002463390788
     20.4204197       0.0000002439167392
     20.5205212       0.0000002415300282
     20.6206207       0.0000002391779235
     20.7207203       0.0000002368603939
     20.8208199       0.0000002345761598
     20.9209213       0.0000002323251697
     21.0210209       0.0000002301063637
     21.1211205       0.0000002279189689
     21.2212219       0.0000002257627453
     21.3213215       0.0000002236370911
     21.4214211       0.0000002215412650
     21.5215206       0.0000002194751054
     21.6216221       0.0000002174374685
     21.7217216       0.0000002154282328
     21.8218212       0.0000002134463737
     21.9219227       0.0000002114920708
     22.0220222       0.0000002095646991
     22.1221218       0.0000002076632652
     22.2222214       0.0000002057878381
     22.3223228       0.0000002039376264
     22.4224224       0.0000002021121266
     22.5225220       0.0000002003112891
     22.6226234       0.0000001985343582
     22.7227230       0.0000001967809530
     22.8228226       0.0000001950507976
     22.9229221       0.0000001933432763
     23.0230236       0.0000001916580985
     23.1231232       0.0000001899950753
     23.2232227       0.0000001883535344
     23.3233242       0.0000001867329777
     23.4234238       0.0000001851333700
     23.5235233       0.0000001835544853
     23.6236229       0.0000001819954751
     23.7237244       0.0000001804564947
     23.8238239       0.0000001789367844
     23.9239235       0.0000001774362779
     24.0240250       0.0000001759543749
     24.1241245       0.0000001744913291
     24.2242241       0.0000001730461750
     24.3243237       0.0000001716190606
     24.4244251       0.0000001702094292
     24.5245247       0.0000001688172941
     24.6246243       0.0000001674421749
     24.7247238       0.0000001660836482
     24.8248253       0.0000001647418244
     24.9249249       0.0000001634159504
     25.0250244       0.0000001621061772
     25.1251259       0.0000001608120703
     25.2252254       0.0000001595335227
     25.3253250       0.0000001582701517
     25.4254246       0.0000001570215064
     25.5255260       0.0000001557878244
     25.6256256       0.0000001545685284
     25.7257252       0.0000001533635514
     25.8258266       0.0000001521726684
     25.9259262       0.0000001509955914
     26.0260258       0.0000001498320191
     26.1261253       0.0000001486820919
     26.2262268       0.0000001475451826
     26.3263264       0.0000001464212177
     26.4264259       0.0000001453101610
     26.5265274       0.0000001442115519
     26.6266270       0.0000001431256521
     26.7267265       0.0000001420518522
     26.8268261       0.0000001409900923
     26.9269276       0.0000001399402379
     27.0270271       0.0000001389019775
     27.1271267       0.0000001378753379
     27.2272263       0.0000001368599982
     27.3273277       0.0000001358558852
     27.4274273       0.0000001348628454
     27.5275269       0.0000001338805657
     27.6276283       0.0000001329089434
     27.7277279       0.0000001319479984
     27.8278275       0.0000001309973712
     27.9279270       0.0000001300569406
     28.0280285       0.0000001291267418
     28.1281281       0.0000001282063129
     28.2282276       0.0000001272959782
     28.3283291       0.0000001263950144
     28.4284286       0.0000001255038099
     28.5285282       0.0000001246218492
     28.6286278       0.0000001237492732
     28.7287292       0.0000001228857604
     28.8288288       0.0000001220312881
     28.9289284       0.0000001211857310
     29.0290298       0.0000001203488551
     29.1291294       0.0000001195207189
     29.2292290       0.0000001187010662
     29.3293285       0.0000001178899329
     29.4294300       0.0000001170869872
     29.5295296       0.0000001162921935
     29.6296291       0.0000001155054940
     29.7297306       0.0000001147267640
     29.8298302       0.0000001139558243
     29.9299297       0.0000001131927189
     30.0300293       0.0000001124373464
     30.1301308       0.0000001116892493
     30.2302303       0.0000001109488441
     30.3303299       0.0000001102156578
     30.4304314       0.0000001094898152
     30.5305309       0.0000001087710595
     30.6306305       0.0000001080593389
     30.7307301       0.0000001073546854
     30.8308315       0.0000001066568267
     30.9309311       0.0000001059657548
     31.0310307       0.0000001052814576
     31.1311302       0.0000001046036807
     31.2312317       0.0000001039324708
     31.3313313       0.0000001032677508
     31.4314308       0.0000001026092877
     31.5315323       0.0000001019571689
     31.6316319       0.0000001013112736
     31.7317314       0.0000001006714090
     31.8318310       0.0000001000377308
     31.9319324       0.0000000994097975
     32.0320320       0.0000000987879519
     32.1321335       0.0000000981720157
     32.2322311       0.0000000975616235
     32.3323326       0.0000000969570300
     32.4324341       0.0000000963579340
     32.5325317       0.0000000957644894
     32.6326332       0.0000000951764636
     32.7327309       0.0000000945937802
     32.8328323       0.0000000940164910
     32.9329338       0.0000000934444568
     33.0330315       0.0000000928776319
     33.1331329       0.0000000923159771
     33.2332344       0.0000000917595215
     33.3333321       0.0000000912079518
     33.4334335       0.0000000906613241
     33.5335350       0.0000000901196427
     33.6336327       0.0000000895827401
     33.7337341       0.0000000890506530
     33.8338356       0.0000000885233751
     33.9339333       0.0000000880006815
     34.0340347       0.0000000874826166
     34.1341324       0.0000000869692726
     34.2342339       0.0000000864602329
     34.3343353       0.0000000859556384
     34.4344330       0.0000000854555901
     34.5345345       0.0000000849598314
     34.6346359       0.0000000844683519
     34.7347336       0.0000000839812551
     34.8348351       0.0000000834982237
     34.9349365       0.0000000830194038
     35.0350342       0.0000000825446893
     35.1351357       0.0000000820740267
     35.2352371       0.0000000816073164
     35.3353348       0.0000000811446899
     35.4354362       0.0000000806859423
     35.5355339       0.0000000802311147
     35.6356354       0.0000000797800148
     35.7357368       0.0000000793328718
     35.8358345       0.0000000788894119
     35.9359360       0.0000000784496158
     36.0360374       0.0000000780134950
     36.1361351       0.0000000775810248
     36.2362366       0.0000000771521880
     36.3363380       0.0000000767268136
     36.4364357       0.0000000763049703
     36.5365372       0.0000000758865972
     36.6366348       0.0000000754716833
     36.7367363       0.0000000750602110
     36.8368378       0.0000000746520345
     36.9369354       0.0000000742472032
     37.0370369       0.0000000738455679
     37.1371384       0.0000000734473174
     37.2372360       0.0000000730522681
     37.3373375       0.0000000726602605
     37.4374390       0.0000000722715355
     37.5375366       0.0000000718859106
     37.6376381       0.0000000715032784
     37.7377396       0.0000000711237440
     37.8378372       0.0000000707473610
     37.9379387       0.0000000703737344
     38.0380363       0.0000000700032019
     38.1381378       0.0000000696355503
     38.2382393       0.0000000692707720
     38.3383369       0.0000000689088813
     38.4384384       0.0000000685498559
     38.5385399       0.0000000681935850
     38.6386375       0.0000000678400373
     38.7387390       0.0000000674893501
     38.8388405       0.0000000671412564
     38.9389381       0.0000000667958905
     39.0390396       0.0000000664532157
     39.1391373       0.0000000661131048
     39.2392387       0.0000000657757249
     39.3393402       0.0000000654408526
     39.4394379       0.0000000651085067
     39.5395393       0.0000000647786824
     39.6396408       0.0000000644513680
     39.7397385       0.0000000641265046
     39.8398399       0.0000000638042361
     39.9399414       0.0000000634842408
     40.0400391       0.0000000631667323
     40.1401405       0.0000000628515031
     40.2402420       0.0000000625387380
     40.3403397       0.0000000622282447
     40.4404411       0.0000000619200337
     40.5405388       0.0000000616141640
     40.6406403       0.0000000613105256
     40.7407417       0.0000000610091486
     40.8408394       0.0000000607100236
     40.9409409       0.0000000604130401
     41.0410423       0.0000000601182321
     41.1411400       0.0000000598256031
     41.2412415       0.0000000595350337
     41.3413429       0.0000000592466807
     41.4414406       0.0000000589603737
     41.5415421       0.0000000586761013
     41.6416397       0.0000000583938962
     41.7417412       0.0000000581137862
     41.8418427       0.0000000578356190
     41.9419403       0.0000000575594463
     42.0420418       0.0000000572853166
     42.1421432       0.0000000570130976
     42.2422409       0.0000000567427665
     42.3423424       0.0000000564744380
     42.4424438       0.0000000562079459
     42.5425415       0.0000000559433955
     42.6426430       0.0000000556806604
     42.7427444       0.0000000554197647
     42.8428421       0.0000000551607730
     42.9429436       0.0000000549035186
     43.0430412       0.0000000546480353
     43.1431427       0.0000000543944178
     43.2432442       0.0000000541425086
     43.3433418       0.0000000538923880
     43.4434433       0.0000000536439697
     43.5435448       0.0000000533972734
     43.6436424       0.0000000531522874
     43.7437439       0.0000000529089139
     43.8438454       0.0000000526673001
     43.9439430       0.0000000524272874
     44.0440445       0.0000000521889433
     44.1441460       0.0000000519522114
     44.2442436       0.0000000517170517
     44.3443451       0.0000000514834959
     44.4444427       0.0000000512516120
     44.5445442       0.0000000510211992
     44.6446457       0.0000000507923018
     44.7447433       0.0000000505650390
     44.8448448       0.0000000503392578
     44.9449463       0.0000000501149341
     45.0450439       0.0000000498921864
     45.1451454       0.0000000496709469
     45.2452469       0.0000000494510725
     45.3453445       0.0000000492327246
     45.4454460       0.0000000490158182
     45.5455437       0.0000000488002891
     45.6456451       0.0000000485862071
     45.7457466       0.0000000483735719
     45.8458443       0.0000000481622722
     45.9459457       0.0000000479524053
     46.0460472       0.0000000477438730
     46.1461449       0.0000000475366925
     46.2462463       0.0000000473308679
     46.3463478       0.0000000471263783
     46.4464455       0.0000000469232389
     46.5465469       0.0000000467213837
     46.6466484       0.0000000465208164
     46.7467461       0.0000000463215569
     46.8468475       0.0000000461235289
     46.9469452       0.0000000459268569
     47.0470467       0.0000000457313981
     47.1471481       0.0000000455371760
     47.2472458       0.0000000453441749
     47.3473473       0.0000000451524262
     47.4474487       0.0000000449619014
     47.5475464       0.0000000447725495
     47.6476479       0.0000000445844218
     47.7477493       0.0000000443974387
     47.8478470       0.0000000442116498
     47.9479485       0.0000000440270181
     48.0480499       0.0000000438435585
     48.1481476       0.0000000436612710
     48.2482491       0.0000000434800590
     48.3483467       0.0000000432999922
     48.4484482       0.0000000431210594
     48.5485497       0.0000000429432240
     48.6486473       0.0000000427665165
     48.7487488       0.0000000425908665
     48.8488503       0.0000000424162763
     48.9489479       0.0000000422427961
     49.0490494       0.0000000420703345
     49.1491508       0.0000000418989236
     49.2492485       0.0000000417286432
     49.3493500       0.0000000415593254
     49.4494476       0.0000000413910685
     49.5495491       0.0000000412238470
     49.6496506       0.0000000410575257
     49.7497482       0.0000000408923284
     49.8498497       0.0000000407280961
     49.9499512       0.0000000405648346
     50.0500488       0.0000000404025908
     50.1501503       0.0000000402412708
     50.2502518       0.0000000400809312
     50.3503494       0.0000000399215668
     50.4504509       0.0000000397631321
     50.5505524       0.0000000396056639
     50.6506500       0.0000000394490845
     50.7507515       0.0000000392934666
     50.8508492       0.0000000391387837
     50.9509506       0.0000000389849783
     51.0510521       0.0000000388320936
     51.1511497       0.0000000386801046
     51.2512512       0.0000000385289529
     51.3513527       0.0000000383787564
     51.4514503       0.0000000382294183
     51.5515518       0.0000000380809665
     51.6516533       0.0000000379333676
     51.7517509       0.0000000377866133
     51.8518524       0.0000000376407141
     51.9519501       0.0000000374956506
     52.0520515       0.0000000373514057
     52.1521530       0.0000000372080078
     52.2522507       0.0000000370654714
     52.3523521       0.0000000369237474
     52.4524536       0.0000000367827830
     52.5525513       0.0000000366426400
     52.6526527       0.0000000365033201
     52.7527542       0.0000000363648282
     52.8528519       0.0000000362270782
     52.9529533       0.0000000360900723
     53.0530548       0.0000000359539208
     53.1531525       0.0000000358184801
     53.2532539       0.0000000356838191
     53.3533516       0.0000000355499449
     53.4534531       0.0000000354167623
     53.5535545       0.0000000352843700
     53.6536522       0.0000000351527131
     53.7537537       0.0000000350218254
     53.8538551       0.0000000348915686
     53.9539528       0.0000000347621325
     54.0540543       0.0000000346333770
     54.1541557       0.0000000345053583
     54.2542534       0.0000000343780104
     54.3543549       0.0000000342513973
     54.4544525       0.0000000341254891
     54.5545540       0.0000000340002732
     54.6546555       0.0000000338756847
     54.7547531       0.0000000337518732
     54.8548546       0.0000000336286849
     54.9549561       0.0000000335061758
     55.0550537       0.0000000333843149
     55.1551552       0.0000000332631458
     55.2552567       0.0000000331426213
     55.3553543       0.0000000330227724
     55.4554558       0.0000000329035588
     55.5555573       0.0000000327849801
     55.6556549       0.0000000326670602
     55.7557564       0.0000000325497772
     55.8558540       0.0000000324331052
     55.9559555       0.0000000323170837
     56.0560570       0.0000000322016713
     56.1561546       0.0000000320869020
     56.2562561       0.0000000319726988
     56.3563576       0.0000000318590896
     56.4564552       0.0000000317461570
     56.5565567       0.0000000316337451
     56.6566582       0.0000000315220089
     56.7567558       0.0000000314108072
     56.8568573       0.0000000313001918
     56.9569588       0.0000000311901972
     57.0570564       0.0000000310807436
     57.1571579       0.0000000309719320
     57.2572556       0.0000000308636041
     57.3573570       0.0000000307558755
     57.4574585       0.0000000306487222
     57.5575562       0.0000000305421335
     57.6576576       0.0000000304361080
     57.7577591       0.0000000303306034
     57.8578568       0.0000000302256414
     57.9579582       0.0000000301212526
     58.0580597       0.0000000300173998
     58.1581573       0.0000000299140838
     58.2582588       0.0000000298113010
     58.3583565       0.0000000297090104
     58.4584579       0.0000000296072742
     58.5585594       0.0000000295060746
     58.6586571       0.0000000294053585
     58.7587585       0.0000000293051980
     58.8588600       0.0000000292055367
     58.9589577       0.0000000291063312
     59.0590591       0.0000000290076981
     59.1591606       0.0000000289095413
     59.2592583       0.0000000288118841
     59.3593597       0.0000000287147044
     59.4594612       0.0000000286180412
     59.5595589       0.0000000285218406
     59.6596603       0.0000000284261483
     59.7597580       0.0000000283309342
     59.8598595       0.0000000282361674
     59.9599609       0.0000000281419160
     60.0600586       0.0000000280481185
     60.1601601       0.0000000279547816
     60.2602615       0.0000000278619227
     60.3603592       0.0000000277695197
     60.4604607       0.0000000276775673
     60.5605621       0.0000000275860858
     60.6606598       0.0000000274950605
     60.7607613       0.0000000274044587
     60.8608627       0.0000000273143084
     60.9609604       0.0000000272246427
     61.0610619       0.0000000271353669
     61.1611595       0.0000000270465723
     61.2612610       0.0000000269581975
     61.3613625       0.0000000268702617
     61.4614601       0.0000000267827203
     61.5615616       0.0000000266956185
     61.6616631       0.0000000266089659
     61.7617607       0.0000000265227287
     61.8618622       0.0000000264368946
     61.9619637       0.0000000263514811
     62.0620613       0.0000000262664960
     62.1621628       0.0000000261819314
     62.2622604       0.0000000260977060
     62.3623619       0.0000000260139731
     62.4624634       0.0000000259305798
     62.5625610       0.0000000258476194
     62.6626625       0.0000000257650269
     62.7627640       0.0000000256828856
     62.8628616       0.0000000256010786
     62.9629631       0.0000000255196931
     63.0630646       0.0000000254386880
     63.1631622       0.0000000253580845
     63.2632637       0.0000000252778294
     63.3633652       0.0000000251979757
     63.4634628       0.0000000251184917
     63.5635643       0.0000000250393998
     63.6636620       0.0000000249606549
     63.7637634       0.0000000248822913
     63.8638649       0.0000000248042898
     63.9639626       0.0000000247266680
     64.0640640       0.0000000246494345
     64.1641617       0.0000000245725302
     64.2642670       0.0000000244959578
     64.3643646       0.0000000244197868
     64.4644623       0.0000000243439682
     64.5645676       0.0000000242684886
     64.6646652       0.0000000241933543
     64.7647629       0.0000000241185939
     64.8648682       0.0000000240441549
     64.9649658       0.0000000239700750
     65.0650635       0.0000000238963297
     65.1651688       0.0000000238229051
     65.2652664       0.0000000237498479
     65.3653641       0.0000000236771290
     65.4654617       0.0000000236047226
     65.5655670       0.0000000235326549
     65.6656647       0.0000000234609241
     65.7657623       0.0000000233895237
     65.8658676       0.0000000233184175
     65.9659653       0.0000000232476675
     66.0660629       0.0000000231772369
     66.1661682       0.0000000231071246
     66.2662659       0.0000000230373065
     66.3663635       0.0000000229678336
     66.4664688       0.0000000228986723
     66.5665665       0.0000000228297949
     66.6666641       0.0000000227612418
     66.7667694       0.0000000226930055
     66.8668671       0.0000000226250579
     66.9669647       0.0000000225574591
     67.0670700       0.0000000224901167
     67.1671677       0.0000000224230925
     67.2672653       0.0000000223563813
     67.3673706       0.0000000222899375
     67.4674683       0.0000000222238193
     67.5675659       0.0000000221579836
     67.6676712       0.0000000220924381
     67.7677689       0.0000000220271677
     67.8678665       0.0000000219621893
     67.9679642       0.0000000218975175
     68.0680695       0.0000000218331160
     68.1681671       0.0000000217690152
     68.2682648       0.0000000217051878
     68.3683701       0.0000000216416398
     68.4684677       0.0000000215783608
     68.5685654       0.0000000215153626
     68.6686707       0.0000000214526653
     68.7687683       0.0000000213902061
     68.8688660       0.0000000213280422
     68.9689713       0.0000000212661349
     69.0690689       0.0000000212045155
     69.1691666       0.0000000211431412
     69.2692719       0.0000000210820480
     69.3693695       0.0000000210212175
     69.4694672       0.0000000209606376
     69.5695724       0.0000000209003184
     69.6696701       0.0000000208402846
     69.7697678       0.0000000207805002
     69.8698730       0.0000000207209568
     69.9699707       0.0000000206616673
     70.0700684       0.0000000206026789
     70.1701736       0.0000000205438936
     70.2702713       0.0000000204853613
     70.3703690       0.0000000204270936
     70.4704742       0.0000000203690578
     70.5705719       0.0000000203113045
     70.6706696       0.0000000202537652
     70.7707672       0.0000000201964841
     70.8708725       0.0000000201394432
     70.9709702       0.0000000200826381
     71.0710678       0.0000000200260730
     71.1711731       0.0000000199697522
     71.2712708       0.0000000199136634
     71.3713684       0.0000000198578234
     71.4714737       0.0000000198022157
     71.5715714       0.0000000197468346
     71.6716690       0.0000000196916830
     71.7717743       0.0000000196367528
     71.8718719       0.0000000195820573
     71.9719696       0.0000000195276085
     72.0720749       0.0000000194733764
     72.1721725       0.0000000194193633
     72.2722702       0.0000000193655906
     72.3723755       0.0000000193120150
     72.4724731       0.0000000192586812
     72.5725708       0.0000000192055643
     72.6726761       0.0000000191526586
     72.7727737       0.0000000190999687
     72.8728714       0.0000000190475142
     72.9729767       0.0000000189952630
     73.0730743       0.0000000189432305
     73.1731720       0.0000000188914162
     73.2732697       0.0000000188398313
     73.3733749       0.0000000187884149
     73.4734726       0.0000000187372262
     73.5735703       0.0000000186862633
     73.6736755       0.0000000186354870
     73.7737732       0.0000000185849040
     73.8738708       0.0000000185345570
     73.9739761       0.0000000184844156
     74.0740738       0.0000000184344731
     74.1741714       0.0000000183847192
     74.2742767       0.0000000183351694
     74.3743744       0.0000000182858362
     74.4744720       0.0000000182366885
     74.5745773       0.0000000181877387
     74.6746750       0.0000000181389715
     74.7747726       0.0000000180904257
     74.8748779       0.0000000180420751
     74.9749756       0.0000000179939015
     75.0750732       0.0000000179459228
     75.1751785       0.0000000178981433
     75.2752762       0.0000000178505458
     75.3753738       0.0000000178031252
     75.4754791       0.0000000177559304
     75.5755768       0.0000000177089019
     75.6756744       0.0000000176620471
     75.7757721       0.0000000176153994
     75.8758774       0.0000000175689425
     75.9759750       0.0000000175226594
     76.0760727       0.0000000174765576
     76.1761780       0.0000000174306178
     76.2762756       0.0000000173848786
     76.3763733       0.0000000173393197
     76.4764786       0.0000000172939384
     76.5765762       0.0000000172487400
     76.6766739       0.0000000172037006
     76.7767792       0.0000000171588508
     76.8768768       0.0000000171141812
     76.9769745       0.0000000170696943
     77.0770798       0.0000000170253522
     77.1771774       0.0000000169811944
     77.2772751       0.0000000169372270
     77.3773804       0.0000000168933953
     77.4774780       0.0000000168497509
     77.5775757       0.0000000168062672
     77.6776810       0.0000000167629679
     77.7777786       0.0000000167198124
     77.8778763       0.0000000166768508
     77.9779816       0.0000000166340491
     78.0780792       0.0000000165914178
     78.1781769       0.0000000165489342
     78.2782745       0.0000000165066139
     78.3783798       0.0000000164644461
     78.4784775       0.0000000164224479
     78.5785751       0.0000000163806311
     78.6786804       0.0000000163389659
     78.7787781       0.0000000162974533
     78.8788757       0.0000000162560946
     78.9789810       0.0000000162148923
     79.0790787       0.0000000161738494
     79.1791763       0.0000000161329639
     79.2792816       0.0000000160922353
     79.3793793       0.0000000160516584
     79.4794769       0.0000000160112349
     79.5795822       0.0000000159709630
     79.6796799       0.0000000159308285
     79.7797775       0.0000000158908707
     79.8798828       0.0000000158510508
     79.9799805       0.0000000158113689
     80.0800781       0.0000000157718509
     80.1801834       0.0000000157324738
     80.2802811       0.0000000156932513
     80.3803787       0.0000000156541799
     80.4804840       0.0000000156152392
     80.5805817       0.0000000155764577
     80.6806793       0.0000000155378276
     80.7807770       0.0000000154993206
     80.8808823       0.0000000154609660
     80.9809799       0.0000000154227438
     81.0810776       0.0000000153846623
     81.1811829       0.0000000153467421
     81.2812805       0.0000000153089496
     81.3813782       0.0000000152712921
     81.4814835       0.0000000152337821
     81.5815811       0.0000000151964088
     81.6816788       0.0000000151591628
     81.7817841       0.0000000151220544
     81.8818817       0.0000000150850822
     81.9819794       0.0000000150482564
     82.0820847       0.0000000150115739
     82.1821823       0.0000000149750116
     82.2822800       0.0000000149385791
     82.3823853       0.0000000149022852
     82.4824829       0.0000000148661187
     82.5825806       0.0000000148300853
     82.6826859       0.0000000147941872
     82.7827835       0.0000000147584212
     82.8828812       0.0000000147227804
     82.9829865       0.0000000146872703
     83.0830841       0.0000000146518861
     83.1831818       0.0000000146166217
     83.2832794       0.0000000145814879
     83.3833847       0.0000000145464894
     83.4834824       0.0000000145116207
     83.5835800       0.0000000144768533
     83.6836853       0.0000000144422495
     83.7837830       0.0000000144077340
     83.8838806       0.0000000143733629
     83.9839859       0.0000000143391069
     84.0840836       0.0000000143049616
     84.1841812       0.0000000142709597
     84.2842865       0.0000000142370752
     84.3843842       0.0000000142033013
     84.4844818       0.0000000141696421
     84.5845871       0.0000000141361190
     84.6846848       0.0000000141027087
     84.7847824       0.0000000140694147
     84.8848877       0.0000000140362266
     84.9849854       0.0000000140031732
     85.0850830       0.0000000139702298
     85.1851883       0.0000000139374064
     85.2852859       0.0000000139047012
     85.3853836       0.0000000138721009
     85.4854889       0.0000000138396293
     85.5855865       0.0000000138072568
     85.6856842       0.0000000137750209
     85.7857895       0.0000000137428722
     85.8858871       0.0000000137108386
     85.9859848       0.0000000136789219
     86.0860825       0.0000000136471121
     86.1861877       0.0000000136154258
     86.2862854       0.0000000135838482
     86.3863831       0.0000000135523711
     86.4864883       0.0000000135209900
     86.5865860       0.0000000134897435
     86.6866837       0.0000000134586057
     86.7867889       0.0000000134275576
     86.8868866       0.0000000133966229
     86.9869843       0.0000000133658004
     87.0870895       0.0000000133350819
     87.1871872       0.0000000133044532
     87.2872849       0.0000000132739477
     87.3873901       0.0000000132435439
     87.4874878       0.0000000132132631
     87.5875854       0.0000000131830548
     87.6876907       0.0000000131529751
     87.7877884       0.0000000131229791
     87.8878860       0.0000000130930981
     87.9879913       0.0000000130633095
     88.0880890       0.0000000130336150
     88.1881866       0.0000000130040370
     88.2882919       0.0000000129745661
     88.3883896       0.0000000129451854
     88.4884872       0.0000000129158964
     88.5885849       0.0000000128867130
     88.6886902       0.0000000128576352
     88.7887878       0.0000000128286514
     88.8888855       0.0000000127997631
     88.9889908       0.0000000127709682
     89.0890884       0.0000000127422757
     89.1891861       0.0000000127136871
     89.2892914       0.0000000126851750
     89.3893890       0.0000000126567782
     89.4894867       0.0000000126284656
     89.5895920       0.0000000126002635
     89.6896896       0.0000000125721464
     89.7897873       0.0000000125441173
     89.8898926       0.0000000125161933
     89.9899902       0.0000000124883513
     90.0900879       0.0000000124606025
     90.1901932       0.0000000124329497
     90.2902908       0.0000000124053813
     90.3903885       0.0000000123779082
     90.4904938       0.0000000123505369
     90.5905914       0.0000000123232470
     90.6906891       0.0000000122960480
     90.7907944       0.0000000122689358
     90.8908920       0.0000000122419168
     90.9909897       0.0000000122149864
     91.0910873       0.0000000121881569
     91.1911926       0.0000000121614011
     91.2912903       0.0000000121347369
     91.3913879       0.0000000121081604
     91.4914932       0.0000000120816628
     91.5915909       0.0000000120552602
     91.6916885       0.0000000120289560
     91.7917938       0.0000000120027126
     91.8918915       0.0000000119765807
     91.9919891       0.0000000119505185
     92.0920944       0.0000000119245427
     92.1921921       0.0000000118986546
     92.2922897       0.0000000118728511
     92.3923950       0.0000000118471307
     92.4924927       0.0000000118214940
     92.5925903       0.0000000117959403
     92.6926956       0.0000000117704689
     92.7927933       0.0000000117450805
     92.8928909       0.0000000117197719
     92.9929962       0.0000000116945464
     93.0930939       0.0000000116694031
     93.1931915       0.0000000116443429
     93.2932968       0.0000000116193499
     93.3933945       0.0000000115944518
     93.4934921       0.0000000115696320
     93.5935898       0.0000000115448929
     93.6936951       0.0000000115202306
     93.7937927       0.0000000114956442
     93.8938904       0.0000000114711370
     93.9939957       0.0000000114467112
     94.0940933       0.0000000114223668
     94.1941910       0.0000000113980876
     94.2942963       0.0000000113738890
     94.3943939       0.0000000113497757
     94.4944916       0.0000000113257291
     94.5945969       0.0000000113017670
     94.6946945       0.0000000112778886
     94.7947922       0.0000000112540639
     94.8948975       0.0000000112303282
     94.9949951       0.0000000112066671
     95.0950928       0.0000000111830940
     95.1951981       0.0000000111595686
     95.2952957       0.0000000111361344
     95.3953934       0.0000000111127694
     95.4954987       0.0000000110894809
     95.5955963       0.0000000110662533
     95.6956940       0.0000000110431167
     95.7957993       0.0000000110200378
     95.8958969       0.0000000109970415
     95.9959946       0.0000000109741031
     96.0960999       0.0000000109512397
     96.1961975       0.0000000109284657
     96.2962952       0.0000000109057509
     96.3963928       0.0000000108831038
     96.4964981       0.0000000108605276
     96.5965958       0.0000000108380267
     96.6966934       0.0000000108155933
     96.7967987       0.0000000107932251
     96.8968964       0.0000000107709259
     96.9969940       0.0000000107486980
     97.0970993       0.0000000107265469
     97.1971970       0.0000000107044547
     97.2972946       0.0000000106824314
     97.3973999       0.0000000106604746
     97.4974976       0.0000000106386030
     97.5975952       0.0000000106167767
     97.6977005       0.0000000105950221
     97.7977982       0.0000000105733365
     97.8978958       0.0000000105517277
     97.9980011       0.0000000105301722
     98.0980988       0.0000000105086856
     98.1981964       0.0000000104872684
     98.2983017       0.0000000104659112
     98.3983994       0.0000000104446213
     98.4984970       0.0000000104233950
     98.5986023       0.0000000104022436
     98.6987000       0.0000000103811481
     98.7987976       0.0000000103601162
     98.8988953       0.0000000103391484
     98.9990005       0.0000000103182573
     99.0990982       0.0000000102974165
     99.1991959       0.0000000102766295
     99.2993011       0.0000000102559230
     99.3993988       0.0000000102352712
     99.4994965       0.0000000102146820
     99.5996017       0.0000000101941515
     99.6996994       0.0000000101736765
     99.7997971       0.0000000101532835
     99.8999023       0.0000000101329276
    100.0000000       0.0000000101126479
