# x		H(x,a)
      0.0000000       1.0000000000000000
      0.1001001       0.9900299906730652
      0.2002002       0.9607124924659729
      0.3003003       0.9137664437294006
      0.4004004       0.8518707156181335
      0.5005005       0.7784109115600586
      0.6006006       0.6971734166145325
      0.7007007       0.6120254397392273
      0.8008008       0.5266169309616089
      0.9009009       0.4441368877887726
      1.0010010       0.3671564445723780
      1.1011012       0.2975125143824547
      1.2012012       0.2363036414764094
      1.3013012       0.1839687465186133
      1.4014014       0.1403869221473641
      1.5015016       0.1050078423371041
      1.6016016       0.0769901897524728
      1.7017016       0.0553320522390445
      1.8018018       0.0389815802635291
      1.9019020       0.0269218081772357
      2.0020020       0.0182281485257601
      2.1021020       0.0121010154809038
      2.2022023       0.0078779998132565
      2.3023024       0.0050308852150756
      2.4024024       0.0031528033254451
      2.5025024       0.0019403693176216
      2.6026025       0.0011741448058119
      2.7027028       0.0006999504506158
      2.8028028       0.0004124401635770
      2.9029028       0.0002415416137809
      3.0030031       0.0001418504639676
      3.1031032       0.0000846858804637
      3.2032032       0.0000523749117798
      3.3033032       0.0000342890945674
      3.4034033       0.0000241866048941
      3.5035036       0.0000184853333712
      3.6036036       0.0000151751215893
      3.7037036       0.0000131516463264
      3.8038039       0.0000118201379798
      3.9039040       0.0000108657017237
      4.0040040       0.0000101237760565
      4.1041040       0.0000095088612642
      4.2042041       0.0000089762627313
      4.3043041       0.0000085020185113
      4.4044046       0.0000080726672404
      4.5045047       0.0000076800102711
      4.6046047       0.0000073186018930
      4.7047048       0.0000069844717542
      4.8048048       0.0000066745199471
      4.9049048       0.0000063862005607
      5.0050049       0.0000061173485144
      5.1051049       0.0000058660993547
      5.2052050       0.0000056308321919
      5.3053055       0.0000054101212615
      5.4054055       0.0000052026998317
      5.5055056       0.0000050074581840
      5.6056056       0.0000048234061687
      5.7057056       0.0000046496343732
      5.8058057       0.0000044853653217
      5.9059057       0.0000043298784556
      6.0060062       0.0000041825182407
      6.1061063       0.0000040427194051
      6.2062063       0.0000039099425279
      6.3063064       0.0000037837075644
      6.4064064       0.0000036635747610
      6.5065064       0.0000035491465572
      6.6066065       0.0000034400561147
      6.7067065       0.0000033359681018
      6.8068066       0.0000032365742842
      6.9069071       0.0000031415855742
      7.0070071       0.0000030507431879
      7.1071072       0.0000029638105284
      7.2072072       0.0000028805561288
      7.3073072       0.0000028007693930
      7.4074073       0.0000027242687930
      7.5075073       0.0000026508623196
      7.6076078       0.0000025803913546
      7.7077079       0.0000025126967712
      7.8078079       0.0000024476347734
      7.9079080       0.0000023850679402
      8.0080080       0.0000023248707109
      8.1081085       0.0000022669263053
      8.2082081       0.0000022111197844
      8.3083086       0.0000021573488289
      8.4084082       0.0000021055151031
      8.5085087       0.0000020555234318
      8.6086082       0.0000020072941540
      8.7087088       0.0000019607392667
      8.8088093       0.0000019157832891
      8.9089088       0.0000018723547460
      9.0090094       0.0000018303845101
      9.1091089       0.0000017898096209
      9.2092094       0.0000017505666151
      9.3093090       0.0000017125979391
      9.4094095       0.0000016758507242
      9.5095091       0.0000016402726938
      9.6096096       0.0000016058159029
      9.7097101       0.0000015724311360
      9.8098097       0.0000015400753761
      9.9099102       0.0000015087090865
     10.0100098       0.0000014782878684
     10.1101103       0.0000014487761059
     10.2102098       0.0000014201413606
     10.3103104       0.0000013923452226
     10.4104099       0.0000013653579907
     10.5105104       0.0000013391455015
     10.6106110       0.0000013136818222
     10.7107105       0.0000012889362456
     10.8108110       0.0000012648819359
     10.9109106       0.0000012414947600
     11.0110111       0.0000012187504207
     11.1111107       0.0000011966250304
     11.2112112       0.0000011750966593
     11.3113117       0.0000011541444640
     11.4114113       0.0000011337473996
     11.5115118       0.0000011138854810
     11.6116114       0.0000010945398224
     11.7117119       0.0000010756956667
     11.8118114       0.0000010573331707
     11.9119120       0.0000010394365820
     12.0120125       0.0000010219912209
     12.1121120       0.0000010049800868
     12.2122126       0.0000009883921829
     12.3123121       0.0000009722108563
     12.4124126       0.0000009564232403
     12.5125122       0.0000009410176832
     12.6126127       0.0000009259811806
     12.7127123       0.0000009113024445
     12.8128128       0.0000008969707394
     12.9129133       0.0000008829740350
     13.0130129       0.0000008693025146
     13.1131134       0.0000008559453238
     13.2132130       0.0000008428945014
     13.3133135       0.0000008301399065
     13.4134130       0.0000008176743994
     13.5135136       0.0000008054855015
     13.6136131       0.0000007935681047
     13.7137136       0.0000007819138187
     13.8138142       0.0000007705143989
     13.9139137       0.0000007593613310
     14.0140142       0.0000007484502585
     14.1141138       0.0000007377731344
     14.2142143       0.0000007273223134
     14.3143139       0.0000007170916482
     14.4144144       0.0000007070759356
     14.5145149       0.0000006972691173
     14.6146145       0.0000006876649438
     14.7147150       0.0000006782583389
     14.8148146       0.0000006690431303
     14.9149151       0.0000006600140112
     15.0150146       0.0000006511681528
     15.1151152       0.0000006424972623
     15.2152157       0.0000006339998728
     15.3153152       0.0000006256697772
     15.4154158       0.0000006175027457
     15.5155153       0.0000006094949429
     15.6156158       0.0000006016416384
     15.7157154       0.0000005939403283
     15.8158159       0.0000005863853729
     15.9159155       0.0000005789737008
     16.0160160       0.0000005717016897
     16.1161156       0.0000005645666496
     16.2162170       0.0000005575640066
     16.3163166       0.0000005506911147
     16.4164162       0.0000005439440624
     16.5165157       0.0000005373214211
     16.6166172       0.0000005308182926
     16.7167168       0.0000005244327595
     16.8168163       0.0000005181623040
     16.9169178       0.0000005120035511
     17.0170174       0.0000005059540731
     17.1171169       0.0000005000111237
     17.2172165       0.0000004941727518
     17.3173180       0.0000004884354032
     17.4174175       0.0000004827982749
     17.5175171       0.0000004772583357
     17.6176186       0.0000004718124962
     17.7177181       0.0000004664601102
     17.8178177       0.0000004611984759
     17.9179173       0.0000004560249563
     18.0180187       0.0000004509381636
     18.1181183       0.0000004459365766
     18.2182178       0.0000004410175729
     18.3183174       0.0000004361799163
     18.4184189       0.0000004314210077
     18.5185184       0.0000004267395400
     18.6186180       0.0000004221341807
     18.7187195       0.0000004176036698
     18.8188190       0.0000004131449732
     18.9189186       0.0000004087575457
     19.0190182       0.0000004044395533
     19.1191196       0.0000004001901121
     19.2192192       0.0000003960072935
     19.3193188       0.0000003918894758
     19.4194202       0.0000003878359946
     19.5195198       0.0000003838451920
     19.6196194       0.0000003799156550
     19.7197189       0.0000003760458073
     19.8198204       0.0000003722350023
     19.9199200       0.0000003684824795
     20.0200195       0.0000003647859340
     20.1201210       0.0000003611445739
     20.2202206       0.0000003575580631
     20.3203201       0.0000003540244916
     20.4204197       0.0000003505432215
     20.5205212       0.0000003471131672
     20.6206207       0.0000003437328969
     20.7207203       0.0000003404022719
     20.8208199       0.0000003371194954
     20.9209213       0.0000003338844958
     21.0210209       0.0000003306957695
     21.1211205       0.0000003275521464
     21.2212219       0.0000003244533433
     21.3213215       0.0000003213984833
     21.4214211       0.0000003183864474
     21.5215206       0.0000003154171172
     21.6216221       0.0000003124887603
     21.7217216       0.0000003096011689
     21.8218212       0.0000003067529520
     21.9219227       0.0000003039443766
     22.0220222       0.0000003011744305
     22.1221218       0.0000002984418164
     22.2222214       0.0000002957465650
     22.3223228       0.0000002930875371
     22.4224224       0.0000002904640227
     22.5225220       0.0000002878759487
     22.6226234       0.0000002853222785
     22.7227230       0.0000002828023570
     22.8228226       0.0000002803158723
     22.9229221       0.0000002778619468
     23.0230236       0.0000002754400864
     23.1231232       0.0000002730500861
     23.2232227       0.0000002706909589
     23.3233242       0.0000002683619970
     23.4234238       0.0000002660631102
     23.5235233       0.0000002637940436
     23.6236229       0.0000002615535259
     23.7237244       0.0000002593418150
     23.8238239       0.0000002571577796
     23.9239235       0.0000002550012898
     24.0240250       0.0000002528715873
     24.1241245       0.0000002507689939
     24.2242241       0.0000002486921045
     24.3243237       0.0000002466411237
     24.4244251       0.0000002446152926
     24.5245247       0.0000002426145953
     24.6246243       0.0000002406383573
     24.7247238       0.0000002386859592
     24.8248253       0.0000002367575450
     24.9249249       0.0000002348520866
     25.0250244       0.0000002329697482
     25.1251259       0.0000002311099358
     25.2252254       0.0000002292724834
     25.3253250       0.0000002274568439
     25.4254246       0.0000002256623675
     25.5255260       0.0000002238894056
     25.6256256       0.0000002221370529
     25.7257252       0.0000002204053667
     25.8258266       0.0000002186938711
     25.9259262       0.0000002170022733
     26.0260258       0.0000002153300513
     26.1261253       0.0000002136774229
     26.2262268       0.0000002120435171
     26.3263264       0.0000002104282116
     26.4264259       0.0000002088314996
     26.5265274       0.0000002072526220
     26.6266270       0.0000002056920334
     26.7267265       0.0000002041488311
     26.8268261       0.0000002026229266
     26.9269276       0.0000002011141425
     27.0270271       0.0000001996220058
     27.1271267       0.0000001981465697
     27.2272263       0.0000001966873973
     27.3273277       0.0000001952443306
     27.4274273       0.0000001938171762
     27.5275269       0.0000001924055144
     27.6276283       0.0000001910091498
     27.7277279       0.0000001896281423
     27.8278275       0.0000001882619500
     27.9279270       0.0000001869104233
     28.0280285       0.0000001855735894
     28.1281281       0.0000001842508124
     28.2282276       0.0000001829425381
     28.3283291       0.0000001816477040
     28.4284286       0.0000001803669244
     28.5285282       0.0000001790994221
     28.6286278       0.0000001778453891
     28.7287292       0.0000001766044152
     28.8288288       0.0000001753764127
     28.9289284       0.0000001741612327
     29.0290298       0.0000001729585313
     29.1291294       0.0000001717683634
     29.2292290       0.0000001705904100
     29.3293285       0.0000001694246862
     29.4294300       0.0000001682707541
     29.5295296       0.0000001671285041
     29.6296291       0.0000001659979099
     29.7297306       0.0000001648787596
     29.8298302       0.0000001637708157
     29.9299297       0.0000001626741390
     30.0300293       0.0000001615885530
     30.1301308       0.0000001605134103
     30.2302303       0.0000001594493594
     30.3303299       0.0000001583956649
     30.4304314       0.0000001573525287
     30.5305309       0.0000001563195839
     30.6306305       0.0000001552967180
     30.7307301       0.0000001542840314
     30.8308315       0.0000001532811156
     30.9309311       0.0000001522879457
     31.0310307       0.0000001513045122
     31.1311302       0.0000001503304311
     31.2312317       0.0000001493658177
     31.3313313       0.0000001484105377
     31.4314308       0.0000001474642226
     31.5315323       0.0000001465270314
     31.6316319       0.0000001455987888
     31.7317314       0.0000001446792082
     31.8318310       0.0000001437685353
     31.9319324       0.0000001428661046
     32.0320320       0.0000001419724176
     32.1321335       0.0000001410872320
     32.2322311       0.0000001402100138
     32.3323326       0.0000001393411211
     32.4324341       0.0000001384801289
     32.5325317       0.0000001376272622
     32.6326332       0.0000001367821966
     32.7327309       0.0000001359447889
     32.8328323       0.0000001351151391
     32.9329338       0.0000001342930408
     33.0330315       0.0000001334784411
     33.1331329       0.0000001326712559
     33.2332344       0.0000001318715544
     33.3333321       0.0000001310788617
     33.4334335       0.0000001302932841
     33.5335350       0.0000001295148071
     33.6336327       0.0000001287432113
     33.7337341       0.0000001279785294
     33.8338356       0.0000001272207542
     33.9339333       0.0000001264695557
     34.0340347       0.0000001257250235
     34.1341324       0.0000001249872850
     34.2342339       0.0000001242557296
     34.3343353       0.0000001235305427
     34.4344330       0.0000001228119087
     34.5345345       0.0000001220994401
     34.6346359       0.0000001213931184
     34.7347336       0.0000001206930752
     34.8348351       0.0000001199988820
     34.9349365       0.0000001193107505
     35.0350342       0.0000001186285075
     35.1351357       0.0000001179521174
     35.2352371       0.0000001172813790
     35.3353348       0.0000001166165204
     35.4354362       0.0000001159572443
     35.5355339       0.0000001153035849
     35.6356354       0.0000001146553025
     35.7357368       0.0000001140126783
     35.8358345       0.0000001133753672
     35.9359360       0.0000001127433119
     36.0360374       0.0000001121165560
     36.1361351       0.0000001114950213
     36.2362366       0.0000001108787264
     36.3363380       0.0000001102673940
     36.4364357       0.0000001096611654
     36.5365372       0.0000001090598936
     36.6366348       0.0000001084635929
     36.7367363       0.0000001078722635
     36.8368378       0.0000001072856552
     36.9369354       0.0000001067038497
     37.0370369       0.0000001061266406
     37.1371384       0.0000001055542991
     37.2372360       0.0000001049865476
     37.3373375       0.0000001044231803
     37.4374390       0.0000001038645288
     37.5375366       0.0000001033103297
     37.6376381       0.0000001027604426
     37.7377396       0.0000001022149942
     37.8378372       0.0000001016740764
     37.9379387       0.0000001011371250
     38.0380363       0.0000001006046020
     38.1381378       0.0000001000762435
     38.2382393       0.0000000995520093
     38.3383369       0.0000000990319105
     38.4384384       0.0000000985159597
     38.5385399       0.0000000980039331
     38.6386375       0.0000000974958357
     38.7387390       0.0000000969918385
     38.8388405       0.0000000964915900
     38.9389381       0.0000000959952387
     39.0390396       0.0000000955027781
     39.1391373       0.0000000950139950
     39.2392387       0.0000000945291271
     39.3393402       0.0000000940478707
     39.4394379       0.0000000935702357
     39.5395393       0.0000000930962256
     39.6396408       0.0000000926258302
     39.7397385       0.0000000921589557
     39.8398399       0.0000000916958121
     39.9399414       0.0000000912359275
     40.0400391       0.0000000907796311
     40.1401405       0.0000000903265986
     40.2402420       0.0000000898770999
     40.3403397       0.0000000894308920
     40.4404411       0.0000000889879527
     40.5405388       0.0000000885483624
     40.6406403       0.0000000881119921
     40.7407417       0.0000000876788601
     40.8408394       0.0000000872489866
     40.9409409       0.0000000868221816
     41.0410423       0.0000000863984999
     41.1411400       0.0000000859779487
     41.2412415       0.0000000855603601
     41.3413429       0.0000000851459526
     41.4414406       0.0000000847344900
     41.5415421       0.0000000843259521
     41.6416397       0.0000000839203876
     41.7417412       0.0000000835178209
     41.8418427       0.0000000831180571
     41.9419403       0.0000000827211572
     42.0420418       0.0000000823271923
     42.1421432       0.0000000819359739
     42.2422409       0.0000000815474632
     42.3423424       0.0000000811618468
     42.4424438       0.0000000807788575
     42.5425415       0.0000000803986562
     42.6426430       0.0000000800210670
     42.7427444       0.0000000796461249
     42.8428421       0.0000000792739155
     42.9429436       0.0000000789042092
     43.0430412       0.0000000785370522
     43.1431427       0.0000000781725591
     43.2432442       0.0000000778105289
     43.3433418       0.0000000774510690
     43.4434433       0.0000000770940629
     43.5435448       0.0000000767395144
     43.6436424       0.0000000763874332
     43.7437439       0.0000000760376709
     43.8438454       0.0000000756904352
     43.9439430       0.0000000753455075
     44.0440445       0.0000000750029715
     44.1441460       0.0000000746627614
     44.2442436       0.0000000743248003
     44.3443451       0.0000000739891446
     44.4444427       0.0000000736558984
     44.5445442       0.0000000733247616
     44.6446457       0.0000000729958069
     44.7447433       0.0000000726691914
     44.8448448       0.0000000723447088
     44.9449463       0.0000000720223248
     45.0450439       0.0000000717022121
     45.1451454       0.0000000713842584
     45.2452469       0.0000000710682671
     45.3453445       0.0000000707544640
     45.4454460       0.0000000704427350
     45.5455437       0.0000000701329980
     45.6456451       0.0000000698253265
     45.7457466       0.0000000695197388
     45.8458443       0.0000000692160726
     45.9459457       0.0000000689144659
     46.0460472       0.0000000686147715
     46.1461449       0.0000000683170213
     46.2462463       0.0000000680212278
     46.3463478       0.0000000677273455
     46.4464455       0.0000000674354037
     46.5465469       0.0000000671453078
     46.6466484       0.0000000668570710
     46.7467461       0.0000000665706969
     46.8468475       0.0000000662861112
     46.9469452       0.0000000660034656
     47.0470467       0.0000000657225528
     47.1471481       0.0000000654434349
     47.2472458       0.0000000651660601
     47.3473473       0.0000000648904915
     47.4474487       0.0000000646166829
     47.5475464       0.0000000643445609
     47.6476479       0.0000000640741931
     47.7477493       0.0000000638054646
     47.8478470       0.0000000635384624
     47.9479485       0.0000000632731205
     48.0480499       0.0000000630094590
     48.1481476       0.0000000627474883
     48.2482491       0.0000000624870604
     48.3483467       0.0000000622282728
     48.4484482       0.0000000619711340
     48.5485497       0.0000000617155483
     48.6486473       0.0000000614615989
     48.7487488       0.0000000612091626
     48.8488503       0.0000000609582568
     48.9489479       0.0000000607089405
     49.0490494       0.0000000604610914
     49.1491508       0.0000000602147466
     49.2492485       0.0000000599700308
     49.3493500       0.0000000597266955
     49.4494476       0.0000000594848841
     49.5495491       0.0000000592445625
     49.6496506       0.0000000590055384
     49.7497482       0.0000000587681243
     49.8498497       0.0000000585321001
     49.9499512       0.0000000582974695
     50.0500488       0.0000000580643073
     50.1501503       0.0000000578324616
     50.2502518       0.0000000576020281
     50.3503494       0.0000000573730048
     50.4504509       0.0000000571453075
     50.5505524       0.0000000569189981
     50.6506500       0.0000000566939794
     50.7507515       0.0000000564703290
     50.8508492       0.0000000562480332
     50.9509506       0.0000000560269878
     51.0510521       0.0000000558072711
     51.1511497       0.0000000555888357
     51.2512512       0.0000000553716163
     51.3513527       0.0000000551557585
     51.4514503       0.0000000549411409
     51.5515518       0.0000000547277958
     51.6516533       0.0000000545156707
     51.7517509       0.0000000543047690
     51.8518524       0.0000000540950923
     51.9519501       0.0000000538866084
     52.0520515       0.0000000536793115
     52.1521530       0.0000000534732345
     52.2522507       0.0000000532683804
     52.3523521       0.0000000530647047
     52.4524536       0.0000000528621251
     52.5525513       0.0000000526607154
     52.6526527       0.0000000524604882
     52.7527542       0.0000000522614527
     52.8528519       0.0000000520634899
     52.9529533       0.0000000518665943
     53.0530548       0.0000000516709278
     53.1531525       0.0000000514762761
     53.2532539       0.0000000512827509
     53.3533516       0.0000000510903520
     53.4534531       0.0000000508989504
     53.5535545       0.0000000507086871
     53.6536522       0.0000000505194767
     53.7537537       0.0000000503313732
     53.8538551       0.0000000501441708
     53.9539528       0.0000000499581540
     54.0540543       0.0000000497731136
     54.1541557       0.0000000495891340
     54.2542534       0.0000000494061171
     54.3543549       0.0000000492241569
     54.4544525       0.0000000490432089
     54.5545540       0.0000000488632544
     54.6546555       0.0000000486842032
     54.7547531       0.0000000485062689
     54.8548546       0.0000000483292307
     54.9549561       0.0000000481531676
     55.0550537       0.0000000479780370
     55.1551552       0.0000000478038970
     55.2552567       0.0000000476306875
     55.3553543       0.0000000474584487
     55.4554558       0.0000000472871155
     55.5555573       0.0000000471167047
     55.6556549       0.0000000469472361
     55.7557564       0.0000000467786841
     55.8558540       0.0000000466110067
     55.9559555       0.0000000464442692
     56.0560570       0.0000000462784075
     56.1561546       0.0000000461134691
     56.2562561       0.0000000459493376
     56.3563576       0.0000000457860701
     56.4564552       0.0000000456237670
     56.5565567       0.0000000454622155
     56.6566582       0.0000000453016341
     56.7567558       0.0000000451418241
     56.8568573       0.0000000449828500
     56.9569588       0.0000000448247740
     57.0570564       0.0000000446674766
     57.1571579       0.0000000445110971
     57.2572556       0.0000000443554108
     57.3573570       0.0000000442005943
     57.4574585       0.0000000440465957
     57.5575562       0.0000000438934144
     57.6576576       0.0000000437410413
     57.7577591       0.0000000435894133
     57.8578568       0.0000000434385697
     57.9579582       0.0000000432885484
     58.0580597       0.0000000431392963
     58.1581573       0.0000000429908181
     58.2582588       0.0000000428431056
     58.3583565       0.0000000426960968
     58.4584579       0.0000000425498849
     58.5585594       0.0000000424044494
     58.6586571       0.0000000422597058
     58.7587585       0.0000000421157572
     58.8588600       0.0000000419725319
     58.9589577       0.0000000418299643
     59.0590591       0.0000000416882151
     59.1591606       0.0000000415471477
     59.2592583       0.0000000414067981
     59.3593597       0.0000000412671367
     59.4594612       0.0000000411282165
     59.5595589       0.0000000409899640
     59.6596603       0.0000000408524410
     59.7597580       0.0000000407156050
     59.8598595       0.0000000405794091
     59.9599609       0.0000000404439588
     60.0600586       0.0000000403091552
     60.1601601       0.0000000401750209
     60.2602615       0.0000000400415644
     60.3603592       0.0000000399087718
     60.4604607       0.0000000397766232
     60.5605621       0.0000000396451505
     60.6606598       0.0000000395143308
     60.7607613       0.0000000393841280
     60.8608627       0.0000000392545666
     60.9609604       0.0000000391257030
     61.0610619       0.0000000389974028
     61.1611595       0.0000000388697908
     61.2612610       0.0000000387427859
     61.3613625       0.0000000386164101
     61.4614601       0.0000000384906017
     61.5615616       0.0000000383654223
     61.6616631       0.0000000382408901
     61.7617607       0.0000000381169508
     61.8618622       0.0000000379935967
     61.9619637       0.0000000378708437
     62.0620613       0.0000000377487102
     62.1621628       0.0000000376271810
     62.2622604       0.0000000375061348
     62.3623619       0.0000000373857969
     62.4624634       0.0000000372659529
     62.5625610       0.0000000371467264
     62.6626625       0.0000000370280291
     62.7627640       0.0000000369099782
     62.8628616       0.0000000367924131
     62.9629631       0.0000000366754515
     63.0630646       0.0000000365590309
     63.1631622       0.0000000364431949
     63.2632637       0.0000000363278541
     63.3633652       0.0000000362130944
     63.4634628       0.0000000360988659
     63.5635643       0.0000000359851959
     63.6636620       0.0000000358720316
     63.7637634       0.0000000357594080
     63.8638649       0.0000000356473129
     63.9639626       0.0000000355357585
     64.0640640       0.0000000354247617
     64.1641617       0.0000000353142406
     64.2642670       0.0000000352041971
     64.3643646       0.0000000350947237
     64.4644623       0.0000000349857657
     64.5645676       0.0000000348772907
     64.6646652       0.0000000347693092
     64.7647629       0.0000000346618661
     64.8648682       0.0000000345548886
     64.9649658       0.0000000344484265
     65.0650635       0.0000000343424436
     65.1651688       0.0000000342369245
     65.2652664       0.0000000341319277
     65.3653641       0.0000000340274184
     65.4654617       0.0000000339233619
     65.5655670       0.0000000338197893
     65.6656647       0.0000000337167044
     65.7657623       0.0000000336140923
     65.8658676       0.0000000335119033
     65.9659653       0.0000000334102216
     66.0660629       0.0000000333090066
     66.1661682       0.0000000332082448
     66.2662659       0.0000000331079022
     66.3663635       0.0000000330080636
     66.4664688       0.0000000329086667
     66.5665665       0.0000000328096791
     66.6666641       0.0000000327111584
     66.7667694       0.0000000326130913
     66.8668671       0.0000000325154422
     66.9669647       0.0000000324182940
     67.0670700       0.0000000323215122
     67.1671677       0.0000000322251920
     67.2672653       0.0000000321293166
     67.3673706       0.0000000320338265
     67.4674683       0.0000000319388070
     67.5675659       0.0000000318441902
     67.6676712       0.0000000317499915
     67.7677689       0.0000000316561918
     67.8678665       0.0000000315628053
     67.9679642       0.0000000314698641
     68.0680695       0.0000000313773071
     68.1681671       0.0000000312851865
     68.2682648       0.0000000311934596
     68.3683701       0.0000000311021291
     68.4684677       0.0000000310111893
     68.5685654       0.0000000309206523
     68.6686707       0.0000000308305496
     68.7687683       0.0000000307407843
     68.8688660       0.0000000306514479
     68.9689713       0.0000000305624744
     69.0690689       0.0000000304739214
     69.1691666       0.0000000303857169
     69.2692719       0.0000000302979173
     69.3693695       0.0000000302104952
     69.4694672       0.0000000301234332
     69.5695724       0.0000000300367459
     69.6696701       0.0000000299504682
     69.7697678       0.0000000298645488
     69.8698730       0.0000000297789791
     69.9699707       0.0000000296937699
     70.0700684       0.0000000296089951
     70.1701736       0.0000000295245132
     70.2702713       0.0000000294403936
     70.3703690       0.0000000293566549
     70.4704742       0.0000000292732504
     70.5705719       0.0000000291902483
     70.6706696       0.0000000291075589
     70.7707672       0.0000000290252345
     70.8708725       0.0000000289432616
     70.9709702       0.0000000288616196
     71.0710678       0.0000000287803292
     71.1711731       0.0000000286993881
     71.2712708       0.0000000286187816
     71.3713684       0.0000000285385337
     71.4714737       0.0000000284586153
     71.5715714       0.0000000283790252
     71.6716690       0.0000000282997660
     71.7717743       0.0000000282208230
     71.8718719       0.0000000281422157
     71.9719696       0.0000000280639632
     72.0720749       0.0000000279860237
     72.1721725       0.0000000279084035
     72.2722702       0.0000000278311222
     72.3723755       0.0000000277541258
     72.4724731       0.0000000276774809
     72.5725708       0.0000000276011429
     72.6726761       0.0000000275251095
     72.7727737       0.0000000274493878
     72.8728714       0.0000000273740017
     72.9729767       0.0000000272989117
     73.0730743       0.0000000272241309
     73.1731720       0.0000000271496674
     73.2732697       0.0000000270755311
     73.3733749       0.0000000270016398
     73.4734726       0.0000000269280739
     73.5735703       0.0000000268548337
     73.6736755       0.0000000267818583
     73.7737732       0.0000000267091668
     73.8738708       0.0000000266368105
     73.9739761       0.0000000265647480
     74.0740738       0.0000000264929758
     74.1741714       0.0000000264214720
     74.2742767       0.0000000263502589
     74.3743744       0.0000000262793616
     74.4744720       0.0000000262087282
     74.5745773       0.0000000261383807
     74.6746750       0.0000000260682958
     74.7747726       0.0000000259985280
     74.8748779       0.0000000259290414
     74.9749756       0.0000000258598081
     75.0750732       0.0000000257908576
     75.1751785       0.0000000257221914
     75.2752762       0.0000000256537879
     75.3753738       0.0000000255856365
     75.4754791       0.0000000255178121
     75.5755768       0.0000000254502228
     75.6756744       0.0000000253828874
     75.7757721       0.0000000253158495
     75.8758774       0.0000000252490846
     75.9759750       0.0000000251825674
     76.0760727       0.0000000251163128
     76.1761780       0.0000000250502921
     76.2762756       0.0000000249845564
     76.3763733       0.0000000249190817
     76.4764786       0.0000000248538633
     76.5765762       0.0000000247889044
     76.6766739       0.0000000247241766
     76.7767792       0.0000000246597225
     76.8768768       0.0000000245955233
     76.9769745       0.0000000245315905
     77.0770798       0.0000000244678632
     77.1771774       0.0000000244044056
     77.2772751       0.0000000243412168
     77.3773804       0.0000000242782252
     77.4774780       0.0000000242155009
     77.5775757       0.0000000241530088
     77.6776810       0.0000000240907821
     77.7777786       0.0000000240287618
     77.8778763       0.0000000239670197
     77.9779816       0.0000000239055074
     78.0780792       0.0000000238442406
     78.1781769       0.0000000237831853
     78.2782745       0.0000000237223616
     78.3783798       0.0000000236617641
     78.4784775       0.0000000236014064
     78.5785751       0.0000000235413090
     78.6786804       0.0000000234814303
     78.7787781       0.0000000234217698
     78.8788757       0.0000000233623331
     78.9789810       0.0000000233031184
     79.0790787       0.0000000232441336
     79.1791763       0.0000000231853770
     79.2792816       0.0000000231268442
     79.3793793       0.0000000230685271
     79.4794769       0.0000000230104353
     79.5795822       0.0000000229525592
     79.6796799       0.0000000228948783
     79.7797775       0.0000000228374527
     79.8798828       0.0000000227802256
     79.9799805       0.0000000227232004
     80.0800781       0.0000000226664066
     80.1801834       0.0000000226098146
     80.2802811       0.0000000225534461
     80.3803787       0.0000000224972933
     80.4804840       0.0000000224413316
     80.5805817       0.0000000223855981
     80.6806793       0.0000000223300817
     80.7807770       0.0000000222747398
     80.8808823       0.0000000222196177
     80.9809799       0.0000000221646872
     81.0810776       0.0000000221099585
     81.1811829       0.0000000220554633
     81.2812805       0.0000000220011487
     81.3813782       0.0000000219470318
     81.4814835       0.0000000218931250
     81.5815811       0.0000000218394111
     81.6816788       0.0000000217858855
     81.7817841       0.0000000217325555
     81.8818817       0.0000000216794226
     81.9819794       0.0000000216264972
     82.0820847       0.0000000215737788
     82.1821823       0.0000000215212310
     82.2822800       0.0000000214688742
     82.3823853       0.0000000214167137
     82.4824829       0.0000000213647401
     82.5825806       0.0000000213129528
     82.6826859       0.0000000212613618
     82.7827835       0.0000000212099619
     82.8828812       0.0000000211587394
     82.9829865       0.0000000211077069
     83.0830841       0.0000000210568552
     83.1831818       0.0000000210061765
     83.2832794       0.0000000209556828
     83.3833847       0.0000000209053841
     83.4834824       0.0000000208552747
     83.5835800       0.0000000208053090
     83.6836853       0.0000000207555765
     83.7837830       0.0000000207059724
     83.8838806       0.0000000206565780
     83.9839859       0.0000000206073458
     84.0840836       0.0000000205582727
     84.1841812       0.0000000205094087
     84.2842865       0.0000000204607152
     84.3843842       0.0000000204121746
     84.4844818       0.0000000203638008
     84.5845871       0.0000000203156253
     84.6846848       0.0000000202676109
     84.7847824       0.0000000202197586
     84.8848877       0.0000000201720641
     84.9849854       0.0000000201245631
     85.0850830       0.0000000200772179
     85.1851883       0.0000000200300455
     85.2852859       0.0000000199830449
     85.3853836       0.0000000199361914
     85.4854889       0.0000000198895258
     85.5855865       0.0000000198430022
     85.6856842       0.0000000197966750
     85.7857895       0.0000000197504723
     85.8858871       0.0000000197044344
     85.9859848       0.0000000196585684
     86.0860825       0.0000000196128530
     86.1861877       0.0000000195673109
     86.2862854       0.0000000195219320
     86.3863831       0.0000000194766937
     86.4864883       0.0000000194315968
     86.5865860       0.0000000193866917
     86.6866837       0.0000000193419420
     86.7867889       0.0000000192973221
     86.8868866       0.0000000192528654
     86.9869843       0.0000000192085678
     87.0870895       0.0000000191644193
     87.1871872       0.0000000191204011
     87.2872849       0.0000000190765594
     87.3873901       0.0000000190328665
     87.4874878       0.0000000189893479
     87.5875854       0.0000000189459346
     87.6876907       0.0000000189027054
     87.7877884       0.0000000188595971
     87.8878860       0.0000000188166556
     87.9879913       0.0000000187738428
     88.0880890       0.0000000187311683
     88.1881866       0.0000000186886620
     88.2882919       0.0000000186463082
     88.3883896       0.0000000186040826
     88.4884872       0.0000000185619906
     88.5885849       0.0000000185200500
     88.6886902       0.0000000184782603
     88.7887878       0.0000000184366077
     88.8888855       0.0000000183950899
     88.9889908       0.0000000183537068
     89.0890884       0.0000000183124724
     89.1891861       0.0000000182713861
     89.2892914       0.0000000182304098
     89.3893890       0.0000000181896001
     89.4894867       0.0000000181489113
     89.5895920       0.0000000181083816
     89.6896896       0.0000000180679723
     89.7897873       0.0000000180276902
     89.8898926       0.0000000179875588
     89.9899902       0.0000000179475466
     90.0900879       0.0000000179076674
     90.1901932       0.0000000178679268
     90.2902908       0.0000000178283064
     90.3903885       0.0000000177888235
     90.4904938       0.0000000177494876
     90.5905914       0.0000000177102679
     90.6906891       0.0000000176711796
     90.7907944       0.0000000176322152
     90.8908920       0.0000000175933849
     90.9909897       0.0000000175546820
     91.0910873       0.0000000175161243
     91.1911926       0.0000000174776719
     91.2912903       0.0000000174393528
     91.3913879       0.0000000174011573
     91.4914932       0.0000000173630773
     91.5915909       0.0000000173251325
     91.6916885       0.0000000172873295
     91.7917938       0.0000000172496141
     91.8918915       0.0000000172120585
     91.9919891       0.0000000171746030
     92.0920944       0.0000000171372737
     92.1921921       0.0000000171000682
     92.2922897       0.0000000170629848
     92.3923950       0.0000000170260205
     92.4924927       0.0000000169891768
     92.5925903       0.0000000169524537
     92.6926956       0.0000000169158466
     92.7927933       0.0000000168793616
     92.8928909       0.0000000168429876
     92.9929962       0.0000000168067344
     93.0930939       0.0000000167706018
     93.1931915       0.0000000167345852
     93.2932968       0.0000000166986669
     93.3933945       0.0000000166628853
     93.4934921       0.0000000166272148
     93.5935898       0.0000000165916619
     93.6936951       0.0000000165562186
     93.7937927       0.0000000165208848
     93.8938904       0.0000000164856645
     93.9939957       0.0000000164505611
     94.0940933       0.0000000164155737
     94.1941910       0.0000000163806818
     94.2942963       0.0000000163459058
     94.3943939       0.0000000163112505
     94.4944916       0.0000000162766924
     94.5945969       0.0000000162422563
     94.6946945       0.0000000162079393
     94.7947922       0.0000000161736994
     94.8948975       0.0000000161395876
     94.9949951       0.0000000161055832
     95.0950928       0.0000000160717061
     95.1951981       0.0000000160378956
     95.2952957       0.0000000160042178
     95.3953934       0.0000000159706389
     95.4954987       0.0000000159371710
     95.5955963       0.0000000159037884
     95.6956940       0.0000000158705371
     95.7957993       0.0000000158373705
     95.8958969       0.0000000158043209
     95.9959946       0.0000000157713537
     96.0960999       0.0000000157384974
     96.1961975       0.0000000157057678
     96.2962952       0.0000000156731243
     96.3963928       0.0000000156405767
     96.4964981       0.0000000156081323
     96.5965958       0.0000000155757944
     96.6966934       0.0000000155435542
     96.7967987       0.0000000155114079
     96.8968964       0.0000000154793619
     96.9969940       0.0000000154474162
     97.0970993       0.0000000154155808
     97.1971970       0.0000000153838317
     97.2972946       0.0000000153521806
     97.3973999       0.0000000153206267
     97.4974976       0.0000000152891941
     97.5975952       0.0000000152578273
     97.6977005       0.0000000152265618
     97.7977982       0.0000000151953966
     97.8978958       0.0000000151643406
     97.9980011       0.0000000151333619
     98.0980988       0.0000000151024835
     98.1981964       0.0000000150717039
     98.2983017       0.0000000150410120
     98.3983994       0.0000000150104142
     98.4984970       0.0000000149799095
     98.5986023       0.0000000149495110
     98.6987000       0.0000000149191952
     98.7987976       0.0000000148889680
     98.8988953       0.0000000148588357
     98.9990005       0.0000000148288108
     99.0990982       0.0000000147988603
     99.1991959       0.0000000147689856
     99.2993011       0.0000000147392279
     99.3993988       0.0000000147095492
     99.4994965       0.0000000146799592
     99.5996017       0.0000000146504538
     99.6996994       0.0000000146210276
     99.7997971       0.0000000145917212
     99.8999023       0.0000000145624674
    100.0000000       0.0000000145333210
