# x		H(x,a)
      0.0000000       1.0000000000000000
      0.1001001       0.9900299906730652
      0.2002002       0.9607124924659729
      0.3003003       0.9137664437294006
      0.4004004       0.8518707156181335
      0.5005005       0.7784109115600586
      0.6006006       0.6971734166145325
      0.7007007       0.6120254397392273
      0.8008008       0.5266169309616089
      0.9009009       0.4441368877887726
      1.0010010       0.3671567964018891
      1.1011012       0.2975135103520309
      1.2012012       0.2363052052656190
      1.3013012       0.1839706984222230
      1.4014014       0.1403890796804827
      1.5015016       0.1050100579092390
      1.6016016       0.0769923586037833
      1.7017016       0.0553341079332293
      1.8018018       0.0389834861693338
      1.9019020       0.0269235489103645
      2.0020020       0.0182297227191929
      2.1021020       0.0121024303597700
      2.2022023       0.0078792673112808
      2.3023024       0.0050320193743579
      2.4024024       0.0031538186490296
      2.5025024       0.0019412797946843
      2.6026025       0.0011749633669646
      2.7027028       0.0007006887307104
      2.8028028       0.0004131084435219
      2.9029028       0.0002421488685387
      3.0030031       0.0001424044531798
      3.1031032       0.0000851932843804
      3.2032032       0.0000528414667154
      3.3033032       0.0000347197067434
      3.4034033       0.0000245854791171
      3.5035036       0.0000188560691389
      3.6036036       0.0000155208126016
      3.7037036       0.0000134749507829
      3.8038039       0.0000121233522820
      3.9039040       0.0000111508122498
      4.0040040       0.0000103925070410
      4.1041040       0.0000097627182706
      4.2042041       0.0000092165604120
      4.3043041       0.0000087299154075
      4.4044046       0.0000082891831733
      4.5045047       0.0000078860498153
      4.6046047       0.0000075149681028
      4.7047048       0.0000071718820092
      4.8048048       0.0000068536181432
      4.9049048       0.0000065575633494
      5.0050049       0.0000062814972807
      5.1051049       0.0000060235064226
      5.2052050       0.0000057819270183
      5.3053055       0.0000055552931259
      5.4054055       0.0000053423057995
      5.5055056       0.0000051418253864
      5.6056056       0.0000049528347315
      5.7057056       0.0000047743997129
      5.8058057       0.0000046057230872
      5.9059057       0.0000044460640512
      6.0060062       0.0000042947498066
      6.1061063       0.0000041511994040
      6.2062063       0.0000040148598564
      6.3063064       0.0000038852374096
      6.4064064       0.0000037618808896
      6.5065064       0.0000036443822157
      6.6066065       0.0000035323645555
      6.7067065       0.0000034254833343
      6.8068066       0.0000033234228714
      6.9069071       0.0000032258850581
      7.0070071       0.0000031326051031
      7.1071072       0.0000030433398465
      7.2072072       0.0000029578515032
      7.3073072       0.0000028759236410
      7.4074073       0.0000027973702964
      7.5075073       0.0000027219939551
      7.6076078       0.0000026496321802
      7.7077079       0.0000025801211579
      7.8078079       0.0000025133133311
      7.9079080       0.0000024490674186
      8.0080080       0.0000023872550704
      8.1081085       0.0000023277557090
      8.2082081       0.0000022704517387
      8.3083086       0.0000022152377560
      8.4084082       0.0000021620134085
      8.5085087       0.0000021106802356
      8.6086082       0.0000020611567573
      8.7087088       0.0000020133525545
      8.8088093       0.0000019671904456
      8.9089088       0.0000019225965710
      9.0090094       0.0000018794999856
      9.1091089       0.0000018378363313
      9.2092094       0.0000017975403783
      9.3093090       0.0000017585529563
      9.4094095       0.0000017208193923
      9.5095091       0.0000016842867660
      9.6096096       0.0000016489055000
      9.7097101       0.0000016146248925
      9.8098097       0.0000015814007985
      9.9099102       0.0000015491929341
     10.0100098       0.0000015179555089
     10.1101103       0.0000014876517023
     10.2102098       0.0000014582485097
     10.3103104       0.0000014297066580
     10.4104099       0.0000014019952686
     10.5105104       0.0000013750794455
     10.6106110       0.0000013489324623
     10.7107105       0.0000013235228072
     10.8108110       0.0000012988229964
     10.9109106       0.0000012748083181
     11.0110111       0.0000012514535832
     11.1111107       0.0000012287345012
     11.2112112       0.0000012066284808
     11.3113117       0.0000011851139915
     11.4114113       0.0000011641696955
     11.5115118       0.0000011437747853
     11.6116114       0.0000011239100554
     11.7117119       0.0000011045602586
     11.8118114       0.0000010857051400
     11.9119120       0.0000010673282637
     12.0120125       0.0000010494147157
     12.1121120       0.0000010319470717
     12.2122126       0.0000010149142310
     12.3123121       0.0000009982985294
     12.4124126       0.0000009820872779
     12.5125122       0.0000009662684264
     12.6126127       0.0000009508284615
     12.7127123       0.0000009357558577
     12.8128128       0.0000009210394724
     12.9129133       0.0000009066672649
     13.0130129       0.0000008926289826
     13.1131134       0.0000008789132178
     13.2132130       0.0000008655122375
     13.3133135       0.0000008524154165
     13.4134130       0.0000008396153863
     13.5135136       0.0000008270993682
     13.6136131       0.0000008148622269
     13.7137136       0.0000008028952729
     13.8138142       0.0000007911899412
     13.9139137       0.0000007797376215
     14.0140142       0.0000007685337153
     14.1141138       0.0000007575700738
     14.2142143       0.0000007468388475
     14.3143139       0.0000007363336750
     14.4144144       0.0000007260491957
     14.5145149       0.0000007159792599
     14.6146145       0.0000007061173221
     14.7147150       0.0000006964583708
     14.8148146       0.0000006869958303
     14.9149151       0.0000006777244363
     15.0150146       0.0000006686412150
     15.1151152       0.0000006597376422
     15.2152157       0.0000006510122306
     15.3153152       0.0000006424586145
     15.4154158       0.0000006340725139
     15.5155153       0.0000006258497539
     15.6156158       0.0000006177857665
     15.7157154       0.0000006098777765
     15.8158159       0.0000006021200860
     15.9159155       0.0000005945095656
     16.0160160       0.0000005870423857
     16.1161156       0.0000005797159474
     16.2162170       0.0000005725253403
     16.3163166       0.0000005654680458
     16.4164162       0.0000005585399189
     16.5165157       0.0000005517395507
     16.6166172       0.0000005450619685
     16.7167168       0.0000005385051004
     16.8168163       0.0000005320663627
     16.9169178       0.0000005257423867
     17.0170174       0.0000005195305212
     17.1171169       0.0000005134281741
     17.2172165       0.0000005074330947
     17.3173180       0.0000005015418077
     17.4174175       0.0000004957533721
     17.5175171       0.0000004900647997
     17.6176186       0.0000004844728509
     17.7177181       0.0000004789768306
     17.8178177       0.0000004735739871
     17.9179173       0.0000004682616795
     18.0180187       0.0000004630383568
     18.1181183       0.0000004579026131
     18.2182178       0.0000004528515779
     18.3183174       0.0000004478841343
     18.4184189       0.0000004429974833
     18.5185184       0.0000004381904263
     18.6186180       0.0000004334614623
     18.7187195       0.0000004288093504
     18.8188190       0.0000004242310226
     18.9189186       0.0000004197258722
     19.0190182       0.0000004152920180
     19.1191196       0.0000004109286030
     19.2192192       0.0000004066335137
     19.3193188       0.0000004024052317
     19.4194202       0.0000003982429488
     19.5195198       0.0000003941450735
     19.6196194       0.0000003901101021
     19.7197189       0.0000003861364285
     19.8198204       0.0000003822233346
     19.9199200       0.0000003783701218
     20.0200195       0.0000003745743873
     20.1201210       0.0000003708353342
     20.2202206       0.0000003671525718
     20.3203201       0.0000003635241995
     20.4204197       0.0000003599495000
     20.5205212       0.0000003564273909
     20.6206207       0.0000003529564058
     20.7207203       0.0000003495364086
     20.8208199       0.0000003461655381
     20.9209213       0.0000003428437491
     21.0210209       0.0000003395694494
     21.1211205       0.0000003363414925
     21.2212219       0.0000003331595179
     21.3213215       0.0000003300226963
     21.4214211       0.0000003269298571
     21.5215206       0.0000003238808297
     21.6216221       0.0000003208738865
     21.7217216       0.0000003179088596
     21.8218212       0.0000003149841731
     21.9219227       0.0000003121002223
     22.0220222       0.0000003092559645
     22.1221218       0.0000003064500155
     22.2222214       0.0000003036824526
     22.3223228       0.0000003009520810
     22.4224224       0.0000002982581852
     22.5225220       0.0000002956006408
     22.6226234       0.0000002929784247
     22.7227230       0.0000002903909087
     22.8228226       0.0000002878377165
     22.9229221       0.0000002853179160
     23.0230236       0.0000002828310918
     23.1231232       0.0000002803769496
     23.2232227       0.0000002779545174
     23.3233242       0.0000002755630649
     23.4234238       0.0000002732025100
     23.5235233       0.0000002708725328
     23.6236229       0.0000002685718949
     23.7237244       0.0000002663008277
     23.8238239       0.0000002640581797
     23.9239235       0.0000002618438604
     24.0240250       0.0000002596570052
     24.1241245       0.0000002574979815
     24.2242241       0.0000002553653615
     24.3243237       0.0000002532593435
     24.4244251       0.0000002511791591
     24.5245247       0.0000002491247829
     24.6246243       0.0000002470955061
     24.7247238       0.0000002450907073
     24.8248253       0.0000002431105474
     24.9249249       0.0000002411539529
     25.0250244       0.0000002392211564
     25.1251259       0.0000002373114362
     25.2252254       0.0000002354246539
     25.3253250       0.0000002335603101
     25.4254246       0.0000002317176481
     25.5255260       0.0000002298971148
     25.6256256       0.0000002280977630
     25.7257252       0.0000002263195889
     25.8258266       0.0000002245621885
     25.9259262       0.0000002228251681
     26.0260258       0.0000002211080773
     26.1261253       0.0000002194111237
     26.2262268       0.0000002177333745
     26.3263264       0.0000002160747072
     26.4264259       0.0000002144351521
     26.5265274       0.0000002128139389
     26.6266270       0.0000002112114387
     26.7267265       0.0000002096268240
     26.8268261       0.0000002080600095
     26.9269276       0.0000002065107231
     27.0270271       0.0000002049785455
     27.1271267       0.0000002034635164
     27.2272263       0.0000002019651941
     27.3273277       0.0000002004834115
     27.4274273       0.0000001990179629
     27.5275269       0.0000001975684121
     27.6276283       0.0000001961345787
     27.7277279       0.0000001947165060
     27.8278275       0.0000001933136671
     27.9279270       0.0000001919258782
     28.0280285       0.0000001905531624
     28.1281281       0.0000001891948840
     28.2282276       0.0000001878515059
     28.3283291       0.0000001865219321
     28.4284286       0.0000001852067868
     28.5285282       0.0000001839052762
     28.6286278       0.0000001826175919
     28.7287292       0.0000001813433171
     28.8288288       0.0000001800823672
     28.9289284       0.0000001788345708
     29.0290298       0.0000001775995920
     29.1291294       0.0000001763774909
     29.2292290       0.0000001751679338
     29.3293285       0.0000001739709283
     29.4294300       0.0000001727860426
     29.5295296       0.0000001716131303
     29.6296291       0.0000001704521944
     29.7297306       0.0000001693030233
     29.8298302       0.0000001681653505
     29.9299297       0.0000001670392316
     30.0300293       0.0000001659245143
     30.1301308       0.0000001648205392
     30.2302303       0.0000001637279247
     30.3303299       0.0000001626459580
     30.4304314       0.0000001615748386
     30.5305309       0.0000001605141675
     30.6306305       0.0000001594638716
     30.7307301       0.0000001584240076
     30.8308315       0.0000001573941596
     30.9309311       0.0000001563743438
     31.0310307       0.0000001553645282
     31.1311302       0.0000001543643228
     31.2312317       0.0000001533738121
     31.3313313       0.0000001523928867
     31.4314308       0.0000001514211954
     31.5315323       0.0000001504588572
     31.6316319       0.0000001495057055
     31.7317314       0.0000001485614504
     31.8318310       0.0000001476263347
     31.9319324       0.0000001466996921
     32.0320320       0.0000001457820129
     32.1321335       0.0000001448730791
     32.2322311       0.0000001439723303
     32.3323326       0.0000001430801143
     32.4324341       0.0000001421960221
     32.5325317       0.0000001413202736
     32.6326332       0.0000001404525286
     32.7327309       0.0000001395926528
     32.8328323       0.0000001387407409
     32.9329338       0.0000001378965834
     33.0330315       0.0000001370601271
     33.1331329       0.0000001362312778
     33.2332344       0.0000001354101080
     33.3333321       0.0000001345961698
     33.4334335       0.0000001337895004
     33.5335350       0.0000001329901259
     33.6336327       0.0000001321978332
     33.7337341       0.0000001314126238
     33.8338356       0.0000001306345282
     33.9339333       0.0000001298631727
     34.0340347       0.0000001290986645
     34.1341324       0.0000001283411231
     34.2342339       0.0000001275899253
     34.3343353       0.0000001268452880
     34.4344330       0.0000001261073647
     34.5345345       0.0000001253757847
     34.6346359       0.0000001246505065
     34.7347336       0.0000001239316792
     34.8348351       0.0000001232188785
     34.9349365       0.0000001225122604
     35.0350342       0.0000001218117235
     35.1351357       0.0000001211171836
     35.2352371       0.0000001204284496
     35.3353348       0.0000001197457429
     35.4354362       0.0000001190687744
     35.5355339       0.0000001183975797
     35.6356354       0.0000001177318913
     35.7357368       0.0000001170720355
     35.8358345       0.0000001164176097
     35.9359360       0.0000001157685958
     36.0360374       0.0000001151250261
     36.1361351       0.0000001144868230
     36.2362366       0.0000001138539690
     36.3363380       0.0000001132262570
     36.4364357       0.0000001126037320
     36.5365372       0.0000001119863466
     36.6366348       0.0000001113740528
     36.7367363       0.0000001107668412
     36.8368378       0.0000001101644934
     36.9369354       0.0000001095670817
     37.0370369       0.0000001089743842
     37.1371384       0.0000001083866794
     37.2372360       0.0000001078036979
     37.3373375       0.0000001072252161
     37.4374390       0.0000001066515700
     37.5375366       0.0000001060824962
     37.6376381       0.0000001055178466
     37.7377396       0.0000001049577767
     37.8378372       0.0000001044023391
     37.9379387       0.0000001038509810
     38.0380363       0.0000001033041641
     38.1381378       0.0000001027616331
     38.2382393       0.0000001022233278
     38.3383369       0.0000001016892804
     38.4384384       0.0000001011594728
     38.5385399       0.0000001006337094
     38.6386375       0.0000001001119816
     38.7387390       0.0000000995944622
     38.8388405       0.0000000990807905
     38.9389381       0.0000000985711251
     39.0390396       0.0000000980654374
     39.1391373       0.0000000975635463
     39.2392387       0.0000000970656660
     39.3393402       0.0000000965714914
     39.4394379       0.0000000960810403
     39.5395393       0.0000000955943172
     39.6396408       0.0000000951112946
     39.7397385       0.0000000946318949
     39.8398399       0.0000000941563229
     39.9399414       0.0000000936841009
     40.0400391       0.0000000932155616
     40.1401405       0.0000000927503736
     40.2402420       0.0000000922888149
     40.3403397       0.0000000918306234
     40.4404411       0.0000000913757976
     40.5405388       0.0000000909244130
     40.6406403       0.0000000904763394
     40.7407417       0.0000000900315839
     40.8408394       0.0000000895901729
     40.9409409       0.0000000891519204
     41.0410423       0.0000000887168638
     41.1411400       0.0000000882850361
     41.2412415       0.0000000878562414
     41.3413429       0.0000000874307108
     41.4414406       0.0000000870082019
     41.5415421       0.0000000865887090
     41.6416397       0.0000000861722560
     41.7417412       0.0000000857588889
     41.8418427       0.0000000853484016
     41.9419403       0.0000000849408508
     42.0420418       0.0000000845363174
     42.1421432       0.0000000841345958
     42.2422409       0.0000000837356649
     42.3423424       0.0000000833396930
     42.4424438       0.0000000829464314
     42.5425415       0.0000000825560326
     42.6426430       0.0000000821683054
     42.7427444       0.0000000817833043
     42.8428421       0.0000000814011056
     42.9429436       0.0000000810214810
     43.0430412       0.0000000806444651
     43.1431427       0.0000000802701964
     43.2432442       0.0000000798984491
     43.3433418       0.0000000795293408
     43.4434433       0.0000000791627592
     43.5435448       0.0000000787987023
     43.6436424       0.0000000784371741
     43.7437439       0.0000000780780234
     43.8438454       0.0000000777214701
     43.9439430       0.0000000773672898
     44.0440445       0.0000000770155575
     44.1441460       0.0000000766662181
     44.2442436       0.0000000763191872
     44.3443451       0.0000000759745237
     44.4444427       0.0000000756323401
     44.5445442       0.0000000752923116
     44.6446457       0.0000000749545311
     44.7447433       0.0000000746191544
     44.8448448       0.0000000742859642
     44.9449463       0.0000000739549324
     45.0450439       0.0000000736262231
     45.1451454       0.0000000732997417
     45.2452469       0.0000000729752737
     45.3453445       0.0000000726530449
     45.4454460       0.0000000723329584
     45.5455437       0.0000000720149041
     45.6456451       0.0000000716989780
     45.7457466       0.0000000713851986
     45.8458443       0.0000000710733684
     45.9459457       0.0000000707636740
     46.0460472       0.0000000704559394
     46.1461449       0.0000000701501975
     46.2462463       0.0000000698464680
     46.3463478       0.0000000695447053
     46.4464455       0.0000000692449262
     46.5465469       0.0000000689470416
     46.6466484       0.0000000686510708
     46.7467461       0.0000000683570184
     46.8468475       0.0000000680647960
     46.9469452       0.0000000677745593
     47.0470467       0.0000000674861221
     47.1471481       0.0000000671995032
     47.2472458       0.0000000669146887
     47.3473473       0.0000000666317244
     47.4474487       0.0000000663505696
     47.5475464       0.0000000660711367
     47.6476479       0.0000000657935208
     47.7477493       0.0000000655175797
     47.8478470       0.0000000652434144
     47.9479485       0.0000000649709525
     48.0480499       0.0000000647002207
     48.1481476       0.0000000644312237
     48.2482491       0.0000000641638042
     48.3483467       0.0000000638980744
     48.4484482       0.0000000636340315
     48.5485497       0.0000000633715902
     48.6486473       0.0000000631108233
     48.7487488       0.0000000628516111
     48.8488503       0.0000000625939721
     48.9489479       0.0000000623379667
     49.0490494       0.0000000620834639
     49.1491508       0.0000000618305143
     49.2492485       0.0000000615792277
     49.3493500       0.0000000613293681
     49.4494476       0.0000000610810640
     49.5495491       0.0000000608343001
     49.6496506       0.0000000605888600
     49.7497482       0.0000000603450709
     49.8498497       0.0000000601027144
     49.9499512       0.0000000598617933
     50.0500488       0.0000000596223667
     50.1501503       0.0000000593843041
     50.2502518       0.0000000591476916
     50.3503494       0.0000000589125203
     50.4504509       0.0000000586787112
     50.5505524       0.0000000584463344
     50.6506500       0.0000000582152707
     50.7507515       0.0000000579856202
     50.8508492       0.0000000577573553
     50.9509506       0.0000000575303828
     51.0510521       0.0000000573047706
     51.1511497       0.0000000570804762
     51.2512512       0.0000000568574204
     51.3513527       0.0000000566357787
     51.4514503       0.0000000564154006
     51.5515518       0.0000000561963267
     51.6516533       0.0000000559785093
     51.7517509       0.0000000557619517
     51.8518524       0.0000000555466440
     51.9519501       0.0000000553325718
     52.0520515       0.0000000551197108
     52.1521530       0.0000000549081012
     52.2522507       0.0000000546977525
     52.3523521       0.0000000544886132
     52.4524536       0.0000000542805928
     52.5525513       0.0000000540737858
     52.6526527       0.0000000538681835
     52.7527542       0.0000000536638086
     52.8528519       0.0000000534605353
     52.9529533       0.0000000532583526
     53.0530548       0.0000000530574327
     53.1531525       0.0000000528575622
     53.2532539       0.0000000526588437
     53.3533516       0.0000000524612802
     53.4534531       0.0000000522647460
     53.5535545       0.0000000520693764
     53.6536522       0.0000000518750868
     53.7537537       0.0000000516819333
     53.8538551       0.0000000514897113
     53.9539528       0.0000000512987030
     54.0540543       0.0000000511086945
     54.1541557       0.0000000509197817
     54.2542534       0.0000000507318514
     54.3543549       0.0000000505450069
     54.4544525       0.0000000503592057
     54.5545540       0.0000000501744229
     54.6546555       0.0000000499905657
     54.7547531       0.0000000498078565
     54.8548546       0.0000000496260725
     54.9549561       0.0000000494452823
     55.0550537       0.0000000492654482
     55.1551552       0.0000000490866401
     55.2552567       0.0000000489087806
     55.3553543       0.0000000487319202
     55.4554558       0.0000000485559930
     55.5555573       0.0000000483810028
     55.6556549       0.0000000482069898
     55.7557564       0.0000000480339150
     55.8558540       0.0000000478617387
     55.9559555       0.0000000476905313
     56.0560570       0.0000000475202146
     56.1561546       0.0000000473508498
     56.2562561       0.0000000471823149
     56.3563576       0.0000000470146684
     56.4564552       0.0000000468480073
     56.5565567       0.0000000466821228
     56.6566582       0.0000000465172330
     56.7567558       0.0000000463531340
     56.8568573       0.0000000461898928
     56.9569588       0.0000000460275757
     57.0570564       0.0000000458660572
     57.1571579       0.0000000457054843
     57.2572556       0.0000000455456163
     57.3573570       0.0000000453866445
     57.4574585       0.0000000452285155
     57.5575562       0.0000000450712257
     57.6576576       0.0000000449147631
     57.7577591       0.0000000447590627
     57.8578568       0.0000000446041747
     57.9579582       0.0000000444501288
     58.0580597       0.0000000442968701
     58.1581573       0.0000000441444103
     58.2582588       0.0000000439927285
     58.3583565       0.0000000438417800
     58.4584579       0.0000000436916450
     58.5585594       0.0000000435423024
     58.6586571       0.0000000433936782
     58.7587585       0.0000000432458693
     58.8588600       0.0000000430987986
     58.9589577       0.0000000429524052
     59.0590591       0.0000000428068485
     59.1591606       0.0000000426620006
     59.2592583       0.0000000425178823
     59.3593597       0.0000000423744740
     59.4594612       0.0000000422318262
     59.5595589       0.0000000420898636
     59.6596603       0.0000000419486503
     59.7597580       0.0000000418081421
     59.8598595       0.0000000416682917
     59.9599609       0.0000000415292102
     60.0600586       0.0000000413907899
     60.1601601       0.0000000412530544
     60.2602615       0.0000000411160155
     60.3603592       0.0000000409796622
     60.4604607       0.0000000408439649
     60.5605621       0.0000000407089658
     60.6606598       0.0000000405746384
     60.7607613       0.0000000404409392
     60.8608627       0.0000000403078971
     60.9609604       0.0000000401755792
     61.0610619       0.0000000400438351
     61.1611595       0.0000000399127994
     61.2612610       0.0000000397823859
     61.3613625       0.0000000396526201
     61.4614601       0.0000000395234327
     61.5615616       0.0000000393948967
     61.6616631       0.0000000392670244
     61.7617607       0.0000000391397600
     61.8618622       0.0000000390130959
     61.9619637       0.0000000388870486
     62.0620613       0.0000000387616367
     62.1621628       0.0000000386368452
     62.2622604       0.0000000385125525
     62.3623619       0.0000000383889872
     62.4624634       0.0000000382659256
     62.5625610       0.0000000381434982
     62.6626625       0.0000000380216176
     62.7627640       0.0000000379003979
     62.8628616       0.0000000377796772
     62.9629631       0.0000000376595769
     63.0630646       0.0000000375400359
     63.1631622       0.0000000374210893
     63.2632637       0.0000000373026584
     63.3633652       0.0000000371848125
     63.4634628       0.0000000370675222
     63.5635643       0.0000000369508035
     63.6636620       0.0000000368346020
     63.7637634       0.0000000367189573
     63.8638649       0.0000000366038530
     63.9639626       0.0000000364893023
     64.0640640       0.0000000363753288
     64.1641617       0.0000000362618423
     64.2642670       0.0000000361488416
     64.3643646       0.0000000360364375
     64.4644623       0.0000000359245518
     64.5645676       0.0000000358131641
     64.6646652       0.0000000357022884
     64.7647629       0.0000000355919644
     64.8648682       0.0000000354821144
     64.9649658       0.0000000353727959
     65.0650635       0.0000000352639686
     65.1651688       0.0000000351556171
     65.2652664       0.0000000350478044
     65.3653641       0.0000000349404917
     65.4654617       0.0000000348336433
     65.5655670       0.0000000347272887
     65.6656647       0.0000000346214372
     65.7657623       0.0000000345160712
     65.8658676       0.0000000344111429
     65.9659653       0.0000000343067322
     66.0660629       0.0000000342028006
     66.1661682       0.0000000340993316
     66.2662659       0.0000000339963023
     66.3663635       0.0000000338937814
     66.4664688       0.0000000337917178
     66.5665665       0.0000000336900747
     66.6666641       0.0000000335889115
     66.7667694       0.0000000334882147
     66.8668671       0.0000000333879444
     66.9669647       0.0000000332881861
     67.0670700       0.0000000331888081
     67.1671677       0.0000000330899046
     67.2672653       0.0000000329914557
     67.3673706       0.0000000328934037
     67.4674683       0.0000000327958356
     67.5675659       0.0000000326986792
     67.6676712       0.0000000326019533
     67.7677689       0.0000000325056350
     67.8678665       0.0000000324097455
     67.9679642       0.0000000323143083
     68.0680695       0.0000000322192706
     68.1681671       0.0000000321246790
     68.2682648       0.0000000320304838
     68.3683701       0.0000000319367068
     68.4684677       0.0000000318433296
     68.5685654       0.0000000317503582
     68.6686707       0.0000000316578411
     68.7687683       0.0000000315656659
     68.8688660       0.0000000314739299
     68.9689713       0.0000000313825721
     69.0690689       0.0000000312916413
     69.1691666       0.0000000312010706
     69.2692719       0.0000000311109151
     69.3693695       0.0000000310211460
     69.4694672       0.0000000309317492
     69.5695724       0.0000000308427332
     69.6696701       0.0000000307541432
     69.7697678       0.0000000306659175
     69.8698730       0.0000000305780503
     69.9699707       0.0000000304905558
     70.0700684       0.0000000304035069
     70.1701736       0.0000000303167554
     70.2702713       0.0000000302303786
     70.3703690       0.0000000301443923
     70.4704742       0.0000000300587494
     70.5705719       0.0000000299735225
     70.6706696       0.0000000298886133
     70.7707672       0.0000000298040820
     70.8708725       0.0000000297199085
     70.9709702       0.0000000296360749
     71.0710678       0.0000000295526053
     71.1711731       0.0000000294694916
     71.2712708       0.0000000293867216
     71.3713684       0.0000000293043199
     71.4714737       0.0000000292222540
     71.5715714       0.0000000291405315
     71.6716690       0.0000000290591432
     71.7717743       0.0000000289780831
     71.8718719       0.0000000288973681
     71.9719696       0.0000000288170180
     72.0720749       0.0000000287369868
     72.1721725       0.0000000286572807
     72.2722702       0.0000000285779268
     72.3723755       0.0000000284988661
     72.4724731       0.0000000284201606
     72.5725708       0.0000000283417776
     72.6726761       0.0000000282637020
     72.7727737       0.0000000281859472
     72.8728714       0.0000000281085381
     72.9729767       0.0000000280314341
     73.0730743       0.0000000279546487
     73.1731720       0.0000000278781868
     73.2732697       0.0000000278020623
     73.3733749       0.0000000277261844
     73.4734726       0.0000000276506448
     73.5735703       0.0000000275754409
     73.6736755       0.0000000275005106
     73.7737732       0.0000000274258633
     73.8738708       0.0000000273515649
     73.9739761       0.0000000272775731
     74.0740738       0.0000000272038712
     74.1741714       0.0000000271304496
     74.2742767       0.0000000270573253
     74.3743744       0.0000000269845265
     74.4744720       0.0000000269120006
     74.5745773       0.0000000268397606
     74.6746750       0.0000000267677982
     74.7747726       0.0000000266961585
     74.8748779       0.0000000266248063
     74.9749756       0.0000000265537145
     75.0750732       0.0000000264829150
     75.1751785       0.0000000264124063
     75.2752762       0.0000000263421693
     75.3753738       0.0000000262721870
     75.4754791       0.0000000262025410
     75.5755768       0.0000000261331401
     75.6756744       0.0000000260639957
     75.7757721       0.0000000259951590
     75.8758774       0.0000000259266035
     75.9759750       0.0000000258583013
     76.0760727       0.0000000257902695
     76.1761780       0.0000000257224756
     76.2762756       0.0000000256549784
     76.3763733       0.0000000255877468
     76.4764786       0.0000000255207763
     76.5765762       0.0000000254540761
     76.6766739       0.0000000253876111
     76.7767792       0.0000000253214283
     76.8768768       0.0000000252555050
     76.9769745       0.0000000251898578
     77.0770798       0.0000000251244199
     77.1771774       0.0000000250592583
     77.2772751       0.0000000249943754
     77.3773804       0.0000000249296916
     77.4774780       0.0000000248652867
     77.5775757       0.0000000248011184
     77.6776810       0.0000000247372208
     77.7777786       0.0000000246735364
     77.8778763       0.0000000246101359
     77.9779816       0.0000000245469731
     78.0780792       0.0000000244840619
     78.1781769       0.0000000244213695
     78.2782745       0.0000000243589149
     78.3783798       0.0000000242966894
     78.4784775       0.0000000242347149
     78.5785751       0.0000000241730028
     78.6786804       0.0000000241115188
     78.7787781       0.0000000240502572
     78.8788757       0.0000000239892255
     78.9789810       0.0000000239284206
     79.0790787       0.0000000238678534
     79.1791763       0.0000000238075206
     79.2792816       0.0000000237474151
     79.3793793       0.0000000236875343
     79.4794769       0.0000000236278835
     79.5795822       0.0000000235684547
     79.6796799       0.0000000235092253
     79.7797775       0.0000000234502597
     79.8798828       0.0000000233914971
     79.9799805       0.0000000233329405
     80.0800781       0.0000000232746237
     80.1801834       0.0000000232165131
     80.2802811       0.0000000231586342
     80.3803787       0.0000000231009724
     80.4804840       0.0000000230435094
     80.5805817       0.0000000229862795
     80.6806793       0.0000000229292748
     80.7807770       0.0000000228724468
     80.8808823       0.0000000228158471
     80.9809799       0.0000000227594415
     81.0810776       0.0000000227032455
     81.1811829       0.0000000226472855
     81.2812805       0.0000000225915165
     81.3813782       0.0000000225359447
     81.4814835       0.0000000224805916
     81.5815811       0.0000000224254389
     81.6816788       0.0000000223704757
     81.7817841       0.0000000223157144
     81.8818817       0.0000000222611549
     81.9819794       0.0000000222068079
     82.0820847       0.0000000221526747
     82.1821823       0.0000000220987192
     82.2822800       0.0000000220449560
     82.3823853       0.0000000219913974
     82.4824829       0.0000000219380286
     82.5825806       0.0000000218848506
     82.6826859       0.0000000218318771
     82.7827835       0.0000000217790978
     82.8828812       0.0000000217265019
     82.9829865       0.0000000216740994
     83.0830841       0.0000000216218837
     83.1831818       0.0000000215698439
     83.2832794       0.0000000215179953
     83.3833847       0.0000000214663485
     83.4834824       0.0000000214148910
     83.5835800       0.0000000213635874
     83.6836853       0.0000000213125183
     83.7837830       0.0000000212615856
     83.8838806       0.0000000212108635
     83.9839859       0.0000000211603126
     84.0840836       0.0000000211099219
     84.1841812       0.0000000210597458
     84.2842865       0.0000000210097449
     84.3843842       0.0000000209599026
     84.4844818       0.0000000209102316
     84.5845871       0.0000000208607627
     84.6846848       0.0000000208114609
     84.7847824       0.0000000207623258
     84.8848877       0.0000000207133497
     84.9849854       0.0000000206645738
     85.0850830       0.0000000206159583
     85.1851883       0.0000000205675204
     85.2852859       0.0000000205192575
     85.3853836       0.0000000204711490
     85.4854889       0.0000000204232292
     85.5855865       0.0000000203754569
     85.6856842       0.0000000203278883
     85.7857895       0.0000000202804463
     85.8858871       0.0000000202331721
     85.9859848       0.0000000201860749
     86.0860825       0.0000000201391326
     86.1861877       0.0000000200923706
     86.2862854       0.0000000200457731
     86.3863831       0.0000000199993190
     86.4864883       0.0000000199530138
     86.5865860       0.0000000199069028
     86.6866837       0.0000000198609518
     86.7867889       0.0000000198151332
     86.8868866       0.0000000197694841
     86.9869843       0.0000000197239976
     87.0870895       0.0000000196786648
     87.1871872       0.0000000196334662
     87.2872849       0.0000000195884481
     87.3873901       0.0000000195435834
     87.4874878       0.0000000194988982
     87.5875854       0.0000000194543186
     87.6876907       0.0000000194099307
     87.7877884       0.0000000193656658
     87.8878860       0.0000000193215697
     87.9879913       0.0000000192776100
     88.0880890       0.0000000192337896
     88.1881866       0.0000000191901412
     88.2882919       0.0000000191466519
     88.3883896       0.0000000191032934
     88.4884872       0.0000000190600730
     88.5885849       0.0000000190170073
     88.6886902       0.0000000189740959
     88.7887878       0.0000000189313246
     88.8888855       0.0000000188886942
     88.9889908       0.0000000188462000
     89.0890884       0.0000000188038593
     89.1891861       0.0000000187616700
     89.2892914       0.0000000187195933
     89.3893890       0.0000000186776901
     89.4894867       0.0000000186359089
     89.5895920       0.0000000185942906
     89.6896896       0.0000000185527986
     89.7897873       0.0000000185114350
     89.8898926       0.0000000184702274
     89.9899902       0.0000000184291399
     90.0900879       0.0000000183881918
     90.1901932       0.0000000183473841
     90.2902908       0.0000000183067009
     90.3903885       0.0000000182661585
     90.4904938       0.0000000182257666
     90.5905914       0.0000000181854967
     90.6906891       0.0000000181453568
     90.7907944       0.0000000181053469
     90.8908920       0.0000000180654759
     90.9909897       0.0000000180257339
     91.0910873       0.0000000179861422
     91.1911926       0.0000000179466601
     91.2912903       0.0000000179073095
     91.3913879       0.0000000178680906
     91.4914932       0.0000000178289884
     91.5915909       0.0000000177900248
     91.6916885       0.0000000177512082
     91.7917938       0.0000000177124813
     91.8918915       0.0000000176739168
     91.9919891       0.0000000176354580
     92.0920944       0.0000000175971240
     92.1921921       0.0000000175589216
     92.2922897       0.0000000175208429
     92.3923950       0.0000000174828864
     92.4924927       0.0000000174450553
     92.5925903       0.0000000174073447
     92.6926956       0.0000000173697579
     92.7927933       0.0000000173322917
     92.8928909       0.0000000172949425
     92.9929962       0.0000000172577175
     93.0930939       0.0000000172206147
     93.1931915       0.0000000171836326
     93.2932968       0.0000000171467499
     93.3933945       0.0000000171100074
     93.4934921       0.0000000170733808
     93.5935898       0.0000000170368733
     93.6936951       0.0000000170004785
     93.7937927       0.0000000169641978
     93.8938904       0.0000000169280321
     93.9939957       0.0000000168919851
     94.0940933       0.0000000168560603
     94.1941910       0.0000000168202306
     94.2942963       0.0000000167845218
     94.3943939       0.0000000167489354
     94.4944916       0.0000000167134520
     94.5945969       0.0000000166780896
     94.6946945       0.0000000166428527
     94.7947922       0.0000000166076952
     94.8948975       0.0000000165726696
     94.9949951       0.0000000165377495
     95.0950928       0.0000000165029652
     95.1951981       0.0000000164682481
     95.2952957       0.0000000164336659
     95.3953934       0.0000000163991854
     95.4954987       0.0000000163648193
     95.5955963       0.0000000163305426
     95.6956940       0.0000000162963980
     95.7957993       0.0000000162623407
     95.8958969       0.0000000162284055
     95.9959946       0.0000000161945551
     96.0960999       0.0000000161608159
     96.1961975       0.0000000161272086
     96.2962952       0.0000000160936871
     96.3963928       0.0000000160602661
     96.4964981       0.0000000160269514
     96.5965958       0.0000000159937449
     96.6966934       0.0000000159606424
     96.7967987       0.0000000159276319
     96.8968964       0.0000000158947249
     96.9969940       0.0000000158619245
     97.0970993       0.0000000158292348
     97.1971970       0.0000000157966341
     97.2972946       0.0000000157641330
     97.3973999       0.0000000157317307
     97.4974976       0.0000000156994550
     97.5975952       0.0000000156672457
     97.6977005       0.0000000156351427
     97.7977982       0.0000000156031417
     97.8978958       0.0000000155712517
     97.9980011       0.0000000155394418
     98.0980988       0.0000000155077353
     98.1981964       0.0000000154761294
     98.2983017       0.0000000154446142
     98.3983994       0.0000000154131945
     98.4984970       0.0000000153818712
     98.5986023       0.0000000153506575
     98.6987000       0.0000000153195278
     98.7987976       0.0000000152884897
     98.8988953       0.0000000152575497
     98.9990005       0.0000000152267192
     99.0990982       0.0000000151959657
     99.1991959       0.0000000151652893
     99.2993011       0.0000000151347320
     99.3993988       0.0000000151042566
     99.4994965       0.0000000150738714
     99.5996017       0.0000000150435756
     99.6996994       0.0000000150133601
     99.7997971       0.0000000149832652
     99.8999023       0.0000000149532285
    100.0000000       0.0000000149233010
