# x		H(x,a)
      0.0000000       1.0000000000000000
      0.1001001       0.9900299906730652
      0.2002002       0.9607124924659729
      0.3003003       0.9137664437294006
      0.4004004       0.8518707156181335
      0.5005005       0.7784109115600586
      0.6006006       0.6971734166145325
      0.7007007       0.6120254397392273
      0.8008008       0.5266169309616089
      0.9009009       0.4441368877887726
      1.0010010       0.3671540767148596
      1.1011012       0.2975058113708336
      1.2012012       0.2362931170004455
      1.3013012       0.1839556099831544
      1.4014014       0.1403724016709682
      1.5015016       0.1049929312812417
      1.6016016       0.0769755931010947
      1.7017016       0.0553182171674966
      1.8018018       0.0389687532521393
      1.9019020       0.0269100928468771
      2.0020020       0.0182175540083352
      2.1021020       0.0120914931748594
      2.2022023       0.0078694694149816
      2.3023024       0.0050232521970921
      2.4024024       0.0031459700606772
      2.5025024       0.0019342416898560
      2.6026025       0.0011686357902365
      2.7027028       0.0006949817359240
      2.8028028       0.0004079425528373
      2.9029028       0.0002374547256334
      3.0030031       0.0001381220485884
      3.1031032       0.0000812709681819
      3.2032032       0.0000492349346381
      3.3033032       0.0000313910154779
      3.4034033       0.0000215021356908
      3.5035036       0.0000159902326225
      3.6036036       0.0000128485806044
      3.7037036       0.0000109757640098
      3.8038039       0.0000097794675024
      3.9039040       0.0000089468751477
      4.0040040       0.0000083151809995
      4.1041040       0.0000078003746260
      4.2042041       0.0000073590229196
      4.3043041       0.0000069682421102
      4.4044046       0.0000066154833299
      4.5045047       0.0000062933370777
      4.6046047       0.0000059970294011
      4.7047048       0.0000057231730335
      4.8048048       0.0000054691694925
      4.9049048       0.0000052329074564
      5.0050049       0.0000050126044285
      5.1051049       0.0000048067270778
      5.2052050       0.0000046139474878
      5.3053055       0.0000044330945754
      5.4054055       0.0000042631315541
      5.5055056       0.0000041031495095
      5.6056056       0.0000039523355807
      5.7057056       0.0000038099456699
      5.8058057       0.0000036753424364
      5.9059057       0.0000035479354281
      6.0060062       0.0000034271875436
      6.1061063       0.0000033126348567
      6.2062063       0.0000032038367517
      6.3063064       0.0000031003986694
      6.4064064       0.0000030019607057
      6.5065064       0.0000029081978069
      6.6066065       0.0000028188079603
      6.7067065       0.0000027335176578
      6.8068066       0.0000026520738127
      6.9069071       0.0000025742389671
      7.0070071       0.0000024998019546
      7.1071072       0.0000024285690826
      7.2072072       0.0000023603496255
      7.3073072       0.0000022949717040
      7.4074073       0.0000022322864724
      7.5075073       0.0000021721366526
      7.6076078       0.0000021143924072
      7.7077079       0.0000020589228167
      7.8078079       0.0000020056105371
      7.9079080       0.0000019543426894
      8.0080080       0.0000019050168453
      8.1081085       0.0000018575367485
      8.2082081       0.0000018118084013
      8.3083086       0.0000017677480350
      8.4084082       0.0000017252751830
      8.5085087       0.0000016843115770
      8.6086082       0.0000016447920816
      8.7087088       0.0000016066445399
      8.8088093       0.0000015698074461
      8.9089088       0.0000015342218034
      9.0090094       0.0000014998308863
      9.1091089       0.0000014665836752
      9.2092094       0.0000014344275398
      9.3093090       0.0000014033157787
      9.4094095       0.0000013732047428
      9.5095091       0.0000013440519289
      9.6096096       0.0000013158177059
      9.7097101       0.0000012884620157
      9.8098097       0.0000012619494189
      9.9099102       0.0000012362477814
     10.0100098       0.0000012113203645
     10.1101103       0.0000011871381906
     10.2102098       0.0000011636745844
     10.3103104       0.0000011408982488
     10.4104099       0.0000011187846803
     10.5105104       0.0000010973059845
     10.6106110       0.0000010764408803
     10.7107105       0.0000010561642032
     10.8108110       0.0000010364538479
     10.9109106       0.0000010172901898
     11.0110111       0.0000009986533332
     11.1111107       0.0000009805236116
     11.2112112       0.0000009628831929
     11.3113117       0.0000009457147069
     11.4114113       0.0000009290011708
     11.5115118       0.0000009127262043
     11.6116114       0.0000008968742847
     11.7117119       0.0000008814331899
     11.8118114       0.0000008663867956
     11.9119120       0.0000008517222231
     12.0120125       0.0000008374273823
     12.1121120       0.0000008234882706
     12.2122126       0.0000008098961314
     12.3123121       0.0000007966369003
     12.4124126       0.0000007837003943
     12.5125122       0.0000007710770709
     12.6126127       0.0000007587559828
     12.7127123       0.0000007467281722
     12.8128128       0.0000007349846512
     12.9129133       0.0000007235156260
     13.0130129       0.0000007123131319
     13.1131134       0.0000007013680638
     13.2132130       0.0000006906741883
     13.3133135       0.0000006802228994
     13.4134130       0.0000006700086034
     13.5135136       0.0000006600209142
     13.6136131       0.0000006502557391
     13.7137136       0.0000006407061116
     13.8138142       0.0000006313653515
     13.9139137       0.0000006222264565
     14.0140142       0.0000006132857841
     14.1141138       0.0000006045368864
     14.2142143       0.0000005959733708
     14.3143139       0.0000005875903285
     14.4144144       0.0000005793834004
     14.5145149       0.0000005713476445
     14.6146145       0.0000005634778686
     14.7147150       0.0000005557700492
     14.8148146       0.0000005482189804
     14.9149151       0.0000005408205129
     15.0150146       0.0000005335721114
     15.1151152       0.0000005264671376
     15.2152157       0.0000005195042989
     15.3153152       0.0000005126785883
     15.4154158       0.0000005059864662
     15.5155153       0.0000004994247960
     15.6156158       0.0000004929897341
     15.7157154       0.0000004866792344
     15.8158159       0.0000004804886737
     15.9159155       0.0000004744154892
     16.0160160       0.0000004684567184
     16.1161156       0.0000004626102226
     16.2162170       0.0000004568722247
     16.3163166       0.0000004512405187
     16.4164162       0.0000004457118825
     16.5165157       0.0000004402851935
     16.6166172       0.0000004349565418
     16.7167168       0.0000004297242011
     16.8168163       0.0000004245861211
     16.9169178       0.0000004195396442
     17.0170174       0.0000004145826296
     17.1171169       0.0000004097129169
     17.2172165       0.0000004049289029
     17.3173180       0.0000004002276657
     17.4174175       0.0000003956085724
     17.5175171       0.0000003910690995
     17.6176186       0.0000003866067319
     17.7177181       0.0000003822209864
     17.8178177       0.0000003779095091
     17.9179173       0.0000003736703355
     18.0180187       0.0000003695021274
     18.1181183       0.0000003654038298
     18.2182178       0.0000003613731665
     18.3183174       0.0000003574091512
     18.4184189       0.0000003535096457
     18.5185184       0.0000003496736184
     18.6186180       0.0000003458999386
     18.7187195       0.0000003421876027
     18.8188190       0.0000003385341155
     18.9189186       0.0000003349390130
     19.0190182       0.0000003314008382
     19.1191196       0.0000003279188411
     19.2192192       0.0000003244913947
     19.3193188       0.0000003211172161
     19.4194202       0.0000003177957389
     19.5195198       0.0000003145256807
     19.6196194       0.0000003113057851
     19.7197189       0.0000003081348015
     19.8198204       0.0000003050121821
     19.9199200       0.0000003019373384
     20.0200195       0.0000002989083548
     20.1201210       0.0000002959246018
     20.2202206       0.0000002929857900
     20.3203201       0.0000002900903756
     20.4204197       0.0000002872377979
     20.5205212       0.0000002844271668
     20.6206207       0.0000002816573631
     20.7207203       0.0000002789282128
     20.8208199       0.0000002762382671
     20.9209213       0.0000002735874973
     21.0210209       0.0000002709746020
     21.1211205       0.0000002683987317
     21.2212219       0.0000002658595433
     21.3213215       0.0000002633563589
     21.4214211       0.0000002608883003
     21.5215206       0.0000002584551812
     21.6216221       0.0000002560556692
     21.7217216       0.0000002536895465
     21.8218212       0.0000002513556942
     21.9219227       0.0000002490543146
     22.0220222       0.0000002467846080
     22.1221218       0.0000002445454679
     22.2222214       0.0000002423369692
     22.3223228       0.0000002401581420
     22.4224224       0.0000002380084338
     22.5225220       0.0000002358877482
     22.6226234       0.0000002337952189
     22.7227230       0.0000002317304162
     22.8228226       0.0000002296929702
     22.9229221       0.0000002276821892
     23.0230236       0.0000002256977114
     23.1231232       0.0000002237393249
     23.2232227       0.0000002218062284
     23.3233242       0.0000002198978475
     23.4234238       0.0000002180141596
     23.5235233       0.0000002161548302
     23.6236229       0.0000002143189625
     23.7237244       0.0000002125066422
     23.8238239       0.0000002107170182
     23.9239235       0.0000002089499825
     24.0240250       0.0000002072049078
     24.1241245       0.0000002054819984
     24.2242241       0.0000002037801968
     24.3243237       0.0000002020996236
     24.4244251       0.0000002004396185
     24.5245247       0.0000001988002503
     24.6246243       0.0000001971808966
     24.7247238       0.0000001955810751
     24.8248253       0.0000001940009377
     24.9249249       0.0000001924395733
     25.0250244       0.0000001908971983
     25.1251259       0.0000001893732554
     25.2252254       0.0000001878676165
     25.3253250       0.0000001863798797
     25.4254246       0.0000001849094550
     25.5255260       0.0000001834566689
     25.6256256       0.0000001820208042
     25.7257252       0.0000001806018249
     25.8258266       0.0000001791994374
     25.9259262       0.0000001778133049
     26.0260258       0.0000001764430674
     26.1261253       0.0000001750889067
     26.2262268       0.0000001737500754
     26.3263264       0.0000001724264754
     26.4264259       0.0000001711181152
     26.5265274       0.0000001698243721
     26.6266270       0.0000001685456131
     26.7267265       0.0000001672811059
     26.8268261       0.0000001660307669
     26.9269276       0.0000001647944547
     27.0270271       0.0000001635717851
     27.1271267       0.0000001623627988
     27.2272263       0.0000001611671529
     27.3273277       0.0000001599846911
     27.4274273       0.0000001588152711
     27.5275269       0.0000001576585368
     27.6276283       0.0000001565143487
     27.7277279       0.0000001553827506
     27.8278275       0.0000001542632773
     27.9279270       0.0000001531558335
     28.0280285       0.0000001520604172
     28.1281281       0.0000001509765109
     28.2282276       0.0000001499044935
     28.3283291       0.0000001488435071
     28.4284286       0.0000001477940172
     28.5285282       0.0000001467554321
     28.6286278       0.0000001457278745
     28.7287292       0.0000001447109917
     28.8288288       0.0000001437047627
     28.9289284       0.0000001427090354
     29.0290298       0.0000001417235440
     29.1291294       0.0000001407483087
     29.2292290       0.0000001397830755
     29.3293285       0.0000001388278769
     29.4294300       0.0000001378823409
     29.5295296       0.0000001369463702
     29.6296291       0.0000001360199545
     29.7297306       0.0000001351029070
     29.8298302       0.0000001341950422
     29.9299297       0.0000001332964114
     30.0300293       0.0000001324068756
     30.1301308       0.0000001315259079
     30.2302303       0.0000001306540266
     30.3303299       0.0000001297906178
     30.4304314       0.0000001289358529
     30.5305309       0.0000001280894403
     30.6306305       0.0000001272513141
     30.7307301       0.0000001264215091
     30.8308315       0.0000001255997058
     30.9309311       0.0000001247859018
     31.0310307       0.0000001239800713
     31.1311302       0.0000001231818956
     31.2312317       0.0000001223914860
     31.3313313       0.0000001216087181
     31.4314308       0.0000001208332991
     31.5315323       0.0000001200653605
     31.6316319       0.0000001193047521
     31.7317314       0.0000001185512471
     31.8318310       0.0000001178050266
     31.9319324       0.0000001170655761
     32.0320320       0.0000001163332691
     32.1321335       0.0000001156079515
     32.2322311       0.0000001148891485
     32.3323326       0.0000001141771694
     32.4324341       0.0000001134716730
     32.5325317       0.0000001127728223
     32.6326332       0.0000001120803674
     32.7327309       0.0000001113941866
     32.8328323       0.0000001107143698
     32.9329338       0.0000001100407447
     33.0330315       0.0000001093732466
     33.1331329       0.0000001087118393
     33.2332344       0.0000001080565561
     33.3333321       0.0000001074070170
     33.4334335       0.0000001067633035
     33.5335350       0.0000001061254162
     33.6336327       0.0000001054931654
     33.7337341       0.0000001048665666
     33.8338356       0.0000001042456468
     33.9339333       0.0000001036301199
     34.0340347       0.0000001030200414
     34.1341324       0.0000001024155252
     34.2342339       0.0000001018160776
     34.3343353       0.0000001012218701
     34.4344330       0.0000001006330139
     34.5345345       0.0000001000492045
     34.6346359       0.0000000994704383
     34.7347336       0.0000000988968180
     34.8348351       0.0000000983279948
     34.9349365       0.0000000977641379
     35.0350342       0.0000000972051042
     35.1351357       0.0000000966508636
     35.2352371       0.0000000961012557
     35.3353348       0.0000000955564636
     35.4354362       0.0000000950162439
     35.5355339       0.0000000944806324
     35.6356354       0.0000000939494227
     35.7357368       0.0000000934228555
     35.8358345       0.0000000929006266
     35.9359360       0.0000000923827326
     36.0360374       0.0000000918691534
     36.1361351       0.0000000913598714
     36.2362366       0.0000000908548639
     36.3363380       0.0000000903539457
     36.4364357       0.0000000898571812
     36.5365372       0.0000000893645037
     36.6366348       0.0000000888758961
     36.7367363       0.0000000883913530
     36.8368378       0.0000000879106791
     36.9369354       0.0000000874339432
     37.0370369       0.0000000869609767
     37.1371384       0.0000000864919893
     37.2372360       0.0000000860267834
     37.3373375       0.0000000855651505
     37.4374390       0.0000000851073873
     37.5375366       0.0000000846532685
     37.6376381       0.0000000842026809
     37.7377396       0.0000000837557423
     37.8378372       0.0000000833125118
     37.9379387       0.0000000828725272
     38.0380363       0.0000000824361817
     38.1381378       0.0000000820032377
     38.2382393       0.0000000815736697
     38.3383369       0.0000000811475031
     38.4384384       0.0000000807247235
     38.5385399       0.0000000803051635
     38.6386375       0.0000000798888299
     38.7387390       0.0000000794758528
     38.8388405       0.0000000790659420
     38.9389381       0.0000000786592315
     39.0390396       0.0000000782557031
     39.1391373       0.0000000778551863
     39.2392387       0.0000000774578842
     39.3393402       0.0000000770635321
     39.4394379       0.0000000766721616
     39.5395393       0.0000000762837550
     39.6396408       0.0000000758983065
     39.7397385       0.0000000755157516
     39.8398399       0.0000000751362436
     39.9399414       0.0000000747594114
     40.0400391       0.0000000743855189
     40.1401405       0.0000000740143018
     40.2402420       0.0000000736459816
     40.3403397       0.0000000732803481
     40.4404411       0.0000000729173962
     40.5405388       0.0000000725571974
     40.6406403       0.0000000721996363
     40.7407417       0.0000000718447298
     40.8408394       0.0000000714924865
     40.9409409       0.0000000711427553
     41.0410423       0.0000000707955823
     41.1411400       0.0000000704509875
     41.2412415       0.0000000701088119
     41.3413429       0.0000000697692362
     41.4414406       0.0000000694320858
     41.5415421       0.0000000690973270
     41.6416397       0.0000000687650004
     41.7417412       0.0000000684351350
     41.8418427       0.0000000681075662
     41.9419403       0.0000000677823443
     42.0420418       0.0000000674595262
     42.1421432       0.0000000671389591
     42.2422409       0.0000000668206162
     42.3423424       0.0000000665046290
     42.4424438       0.0000000661908029
     42.5425415       0.0000000658792733
     42.6426430       0.0000000655698700
     42.7427444       0.0000000652626402
     42.8428421       0.0000000649576498
     42.9429436       0.0000000646547089
     43.0430412       0.0000000643538503
     43.1431427       0.0000000640551917
     43.2432442       0.0000000637585418
     43.3433418       0.0000000634639932
     43.4434433       0.0000000631714561
     43.5435448       0.0000000628809450
     43.6436424       0.0000000625924521
     43.7437439       0.0000000623058539
     43.8438454       0.0000000620213185
     43.9439430       0.0000000617386855
     44.0440445       0.0000000614580060
     44.1441460       0.0000000611792333
     44.2442436       0.0000000609023040
     44.3443451       0.0000000606272661
     44.4444427       0.0000000603541996
     44.5445442       0.0000000600828674
     44.6446457       0.0000000598133163
     44.7447433       0.0000000595456844
     44.8448448       0.0000000592798032
     44.9449463       0.0000000590156388
     45.0450439       0.0000000587533374
     45.1451454       0.0000000584928008
     45.2452469       0.0000000582338802
     45.3453445       0.0000000579767473
     45.4454460       0.0000000577213119
     45.5455437       0.0000000574675101
     45.6456451       0.0000000572154034
     45.7457466       0.0000000569650039
     45.8458443       0.0000000567161741
     45.9459457       0.0000000564690328
     46.0460472       0.0000000562234646
     46.1461449       0.0000000559794882
     46.2462463       0.0000000557371092
     46.3463478       0.0000000554963024
     46.4464455       0.0000000552570838
     46.5465469       0.0000000550193710
     46.6466484       0.0000000547831893
     46.7467461       0.0000000545485311
     46.8468475       0.0000000543153383
     46.9469452       0.0000000540837352
     47.0470467       0.0000000538535606
     47.1471481       0.0000000536248471
     47.2472458       0.0000000533975670
     47.3473473       0.0000000531717597
     47.4474487       0.0000000529474025
     47.5475464       0.0000000527244167
     47.6476479       0.0000000525028821
     47.7477493       0.0000000522826824
     47.8478470       0.0000000520638965
     47.9479485       0.0000000518464746
     48.0480499       0.0000000516304325
     48.1481476       0.0000000514157669
     48.2482491       0.0000000512023730
     48.3483467       0.0000000509903221
     48.4484482       0.0000000507796137
     48.5485497       0.0000000505701931
     48.6486473       0.0000000503620994
     48.7487488       0.0000000501552571
     48.8488503       0.0000000499496565
     48.9489479       0.0000000497453647
     49.0490494       0.0000000495422758
     49.1491508       0.0000000493404202
     49.2492485       0.0000000491398979
     49.3493500       0.0000000489405068
     49.4494476       0.0000000487423657
     49.5495491       0.0000000485454461
     49.6496506       0.0000000483495853
     49.7497482       0.0000000481550488
     49.8498497       0.0000000479616472
     49.9499512       0.0000000477693890
     50.0500488       0.0000000475783321
     50.1501503       0.0000000473883558
     50.2502518       0.0000000471995396
     50.3503494       0.0000000470118727
     50.4504509       0.0000000468252988
     50.5505524       0.0000000466398593
     50.6506500       0.0000000464554781
     50.7507515       0.0000000462722167
     50.8508492       0.0000000460900644
     50.9509506       0.0000000459089406
     51.0510521       0.0000000457289018
     51.1511497       0.0000000455499167
     51.2512512       0.0000000453719203
     51.3513527       0.0000000451950468
     51.4514503       0.0000000450191898
     51.5515518       0.0000000448443712
     51.6516533       0.0000000446705542
     51.7517509       0.0000000444977395
     51.8518524       0.0000000443259259
     51.9519501       0.0000000441550964
     52.0520515       0.0000000439852347
     52.1521530       0.0000000438163716
     52.2522507       0.0000000436485159
     52.3523521       0.0000000434816216
     52.4524536       0.0000000433156231
     52.5525513       0.0000000431505922
     52.6526527       0.0000000429865232
     52.7527542       0.0000000428234317
     52.8528519       0.0000000426612216
     52.9529533       0.0000000424998828
     53.0530548       0.0000000423395504
     53.1531525       0.0000000421800527
     53.2532539       0.0000000420214779
     53.3533516       0.0000000418638232
     53.4534531       0.0000000417069871
     53.5535545       0.0000000415510845
     53.6536522       0.0000000413960410
     53.7537537       0.0000000412419094
     53.8538551       0.0000000410885153
     53.9539528       0.0000000409360930
     54.0540543       0.0000000407844694
     54.1541557       0.0000000406337131
     54.2542534       0.0000000404837491
     54.3543549       0.0000000403346468
     54.4544525       0.0000000401863767
     54.5545540       0.0000000400389232
     54.6546555       0.0000000398922066
     54.7547531       0.0000000397464025
     54.8548546       0.0000000396013401
     54.9549561       0.0000000394570689
     55.0550537       0.0000000393135646
     55.1551552       0.0000000391708754
     55.2552567       0.0000000390289463
     55.3553543       0.0000000388878103
     55.4554558       0.0000000387474221
     55.5555573       0.0000000386077836
     55.6556549       0.0000000384689187
     55.7557564       0.0000000383308087
     55.8558540       0.0000000381934132
     55.9559555       0.0000000380567885
     56.0560570       0.0000000379208788
     56.1561546       0.0000000377857269
     56.2562561       0.0000000376512353
     56.3563576       0.0000000375174533
     56.4564552       0.0000000373844612
     56.5565567       0.0000000372520850
     56.6566582       0.0000000371205038
     56.7567558       0.0000000369895516
     56.8568573       0.0000000368592919
     56.9569588       0.0000000367297608
     57.0570564       0.0000000366008681
     57.1571579       0.0000000364727305
     57.2572556       0.0000000363451608
     57.3573570       0.0000000362183004
     57.4574585       0.0000000360921150
     57.5575562       0.0000000359665971
     57.6576576       0.0000000358417410
     57.7577591       0.0000000357174948
     57.8578568       0.0000000355938935
     57.9579582       0.0000000354709669
     58.0580597       0.0000000353486672
     58.1581573       0.0000000352270010
     58.2582588       0.0000000351059640
     58.3583565       0.0000000349855081
     58.4584579       0.0000000348656986
     58.5585594       0.0000000347465249
     58.6586571       0.0000000346279235
     58.7587585       0.0000000345099755
     58.8588600       0.0000000343926112
     58.9589577       0.0000000342757859
     59.0590591       0.0000000341596390
     59.1591606       0.0000000340440474
     59.2592583       0.0000000339290433
     59.3593597       0.0000000338146066
     59.4594612       0.0000000337007732
     59.5595589       0.0000000335874875
     59.6596603       0.0000000334748024
     59.7597580       0.0000000333626770
     59.8598595       0.0000000332510779
     59.9599609       0.0000000331400889
     60.0600586       0.0000000330296295
     60.1601601       0.0000000329197179
     60.2602615       0.0000000328103625
     60.3603592       0.0000000327015498
     60.4604607       0.0000000325932663
     60.5605621       0.0000000324855340
     60.6606598       0.0000000323783452
     60.7607613       0.0000000322716528
     60.8608627       0.0000000321654899
     60.9609604       0.0000000320598993
     61.0610619       0.0000000319547673
     61.1611595       0.0000000318502013
     61.2612610       0.0000000317461337
     61.3613625       0.0000000316425768
     61.4614601       0.0000000315394915
     61.5615616       0.0000000314369165
     61.6616631       0.0000000313348794
     61.7617607       0.0000000312333206
     61.8618622       0.0000000311322439
     61.9619637       0.0000000310316594
     62.0620613       0.0000000309315788
     62.1621628       0.0000000308319938
     62.2622604       0.0000000307328144
     62.3623619       0.0000000306342085
     62.4624634       0.0000000305360039
     62.5625610       0.0000000304383103
     62.6626625       0.0000000303410468
     62.7627640       0.0000000302443168
     62.8628616       0.0000000301479799
     62.9629631       0.0000000300521399
     63.0630646       0.0000000299567480
     63.1631622       0.0000000298618285
     63.2632637       0.0000000297673228
     63.3633652       0.0000000296732832
     63.4634628       0.0000000295796845
     63.5635643       0.0000000294865442
     63.6636620       0.0000000293938133
     63.7637634       0.0000000293015329
     63.8638649       0.0000000292096780
     63.9639626       0.0000000291182671
     64.0640640       0.0000000290273205
     64.1641617       0.0000000289367560
     64.2642670       0.0000000288465846
     64.3643646       0.0000000287568836
     64.4644623       0.0000000286676017
     64.5645676       0.0000000285787157
     64.6646652       0.0000000284902355
     64.7647629       0.0000000284022004
     64.8648682       0.0000000283145371
     64.9649658       0.0000000282273020
     65.0650635       0.0000000281404588
     65.1651688       0.0000000280539949
     65.2652664       0.0000000279679633
     65.3653641       0.0000000278823260
     65.4654617       0.0000000277970597
     65.5655670       0.0000000277121933
     65.6656647       0.0000000276277245
     65.7657623       0.0000000275436408
     65.8658676       0.0000000274599081
     65.9659653       0.0000000273765900
     66.0660629       0.0000000272936540
     66.1661682       0.0000000272110873
     66.2662659       0.0000000271288701
     66.3663635       0.0000000270470582
     66.4664688       0.0000000269656097
     66.5665665       0.0000000268845014
     66.6666641       0.0000000268037726
     66.7667694       0.0000000267234169
     66.8668671       0.0000000266434006
     66.9669647       0.0000000265637957
     67.0670700       0.0000000264844907
     67.1671677       0.0000000264055666
     67.2672653       0.0000000263270061
     67.3673706       0.0000000262487604
     67.4674683       0.0000000261709002
     67.5675659       0.0000000260933721
     67.6676712       0.0000000260161857
     67.7677689       0.0000000259393239
     67.8678665       0.0000000258628023
     67.9679642       0.0000000257866456
     68.0680695       0.0000000257108057
     68.1681671       0.0000000256353198
     68.2682648       0.0000000255601555
     68.3683701       0.0000000254853220
     68.4684677       0.0000000254108056
     68.5685654       0.0000000253366169
     68.6686707       0.0000000252627875
     68.7687683       0.0000000251892343
     68.8688660       0.0000000251160282
     68.9689713       0.0000000250431254
     69.0690689       0.0000000249705623
     69.1691666       0.0000000248982874
     69.2692719       0.0000000248263454
     69.3693695       0.0000000247547099
     69.4694672       0.0000000246833699
     69.5695724       0.0000000246123375
     69.6696701       0.0000000245416424
     69.7697678       0.0000000244712383
     69.8698730       0.0000000244011206
     69.9699707       0.0000000243313004
     70.0700684       0.0000000242618365
     70.1701736       0.0000000241926094
     70.2702713       0.0000000241236821
     70.3703690       0.0000000240550647
     70.4704742       0.0000000239867214
     70.5705719       0.0000000239187108
     70.6706696       0.0000000238509545
     70.7707672       0.0000000237834985
     70.8708725       0.0000000237163266
     70.9709702       0.0000000236494323
     71.0710678       0.0000000235828221
     71.1711731       0.0000000235164965
     71.2712708       0.0000000234504484
     71.3713684       0.0000000233846895
     71.4714737       0.0000000233192037
     71.5715714       0.0000000232539880
     71.6716690       0.0000000231890424
     71.7717743       0.0000000231243573
     71.8718719       0.0000000230599457
     71.9719696       0.0000000229958247
     72.0720749       0.0000000229319627
     72.1721725       0.0000000228683570
     72.2722702       0.0000000228050339
     72.3723755       0.0000000227419420
     72.4724731       0.0000000226791359
     72.5725708       0.0000000226165858
     72.6726761       0.0000000225542842
     72.7727737       0.0000000224922359
     72.8728714       0.0000000224304652
     72.9729767       0.0000000223689321
     73.0730743       0.0000000223076614
     73.1731720       0.0000000222466436
     73.2732697       0.0000000221858956
     73.3733749       0.0000000221253487
     73.4734726       0.0000000220650672
     73.5735703       0.0000000220050536
     73.6736755       0.0000000219452594
     73.7737732       0.0000000218856928
     73.8738708       0.0000000218264029
     73.9739761       0.0000000217673561
     74.0740738       0.0000000217085457
     74.1741714       0.0000000216499551
     74.2742767       0.0000000215916030
     74.3743744       0.0000000215335081
     74.4744720       0.0000000214756313
     74.5745773       0.0000000214179870
     74.6746750       0.0000000213605597
     74.7747726       0.0000000213033912
     74.8748779       0.0000000212464524
     74.9749756       0.0000000211897247
     75.0750732       0.0000000211332250
     75.1751785       0.0000000210769588
     75.2752762       0.0000000210209091
     75.3753738       0.0000000209650644
     75.4754791       0.0000000209094889
     75.5755768       0.0000000208541065
     75.6756744       0.0000000207989293
     75.7757721       0.0000000207439979
     75.8758774       0.0000000206892917
     75.9759750       0.0000000206347877
     76.0760727       0.0000000205804961
     76.1761780       0.0000000205263994
     76.2762756       0.0000000204725361
     76.3763733       0.0000000204188858
     76.4764786       0.0000000203654445
     76.5765762       0.0000000203122173
     76.6766739       0.0000000202591790
     76.7767792       0.0000000202063644
     76.8768768       0.0000000201537597
     76.9769745       0.0000000201013706
     77.0770798       0.0000000200491530
     77.1771774       0.0000000199971541
     77.2772751       0.0000000199453780
     77.3773804       0.0000000198937618
     77.4774780       0.0000000198423653
     77.5775757       0.0000000197911593
     77.6776810       0.0000000197401689
     77.7777786       0.0000000196893507
     77.8778763       0.0000000196387573
     77.9779816       0.0000000195883534
     78.0780792       0.0000000195381512
     78.1781769       0.0000000194881222
     78.2782745       0.0000000194382844
     78.3783798       0.0000000193886292
     78.4784775       0.0000000193391729
     78.5785751       0.0000000192899275
     78.6786804       0.0000000192408633
     78.7787781       0.0000000191919757
     78.8788757       0.0000000191432731
     78.9789810       0.0000000190947519
     79.0790787       0.0000000190464199
     79.1791763       0.0000000189982735
     79.2792816       0.0000000189503103
     79.3793793       0.0000000189025256
     79.4794769       0.0000000188549254
     79.5795822       0.0000000188075004
     79.6796799       0.0000000187602368
     79.7797775       0.0000000187131820
     79.8798828       0.0000000186662903
     79.9799805       0.0000000186195622
     80.0800781       0.0000000185730270
     80.1801834       0.0000000185266535
     80.2802811       0.0000000184804655
     80.3803787       0.0000000184344523
     80.4804840       0.0000000183885980
     80.5805817       0.0000000183429277
     80.6806793       0.0000000182974382
     80.7807770       0.0000000182520914
     80.8808823       0.0000000182069246
     80.9809799       0.0000000181619126
     81.0810776       0.0000000181170695
     81.1811829       0.0000000180724151
     81.2812805       0.0000000180279091
     81.3813782       0.0000000179835635
     81.4814835       0.0000000179393916
     81.5815811       0.0000000178953815
     81.6816788       0.0000000178515209
     81.7817841       0.0000000178078199
     81.8818817       0.0000000177642816
     81.9819794       0.0000000177209146
     82.0820847       0.0000000176777182
     82.1821823       0.0000000176346618
     82.2822800       0.0000000175917587
     82.3823853       0.0000000175490189
     82.4824829       0.0000000175064303
     82.5825806       0.0000000174639950
     82.6826859       0.0000000174217214
     82.7827835       0.0000000173796033
     82.8828812       0.0000000173376311
     82.9829865       0.0000000172958159
     83.0830841       0.0000000172541473
     83.1831818       0.0000000172126207
     83.2832794       0.0000000171712465
     83.3833847       0.0000000171300305
     83.4834824       0.0000000170889710
     83.5835800       0.0000000170480293
     83.6836853       0.0000000170072776
     83.7837830       0.0000000169666318
     83.8838806       0.0000000169261558
     83.9839859       0.0000000168858173
     84.0840836       0.0000000168456056
     84.1841812       0.0000000168055646
     84.2842865       0.0000000167656660
     84.3843842       0.0000000167258911
     84.4844818       0.0000000166862549
     84.5845871       0.0000000166467771
     84.6846848       0.0000000166074344
     84.7847824       0.0000000165682256
     84.8848877       0.0000000165291435
     84.9849854       0.0000000164902202
     85.0850830       0.0000000164514261
     85.1851883       0.0000000164127720
     85.2852859       0.0000000163742581
     85.3853836       0.0000000163358669
     85.4854889       0.0000000162976268
     85.5855865       0.0000000162595074
     85.6856842       0.0000000162215464
     85.7857895       0.0000000161836884
     85.8858871       0.0000000161459641
     85.9859848       0.0000000161083799
     86.0860825       0.0000000160709186
     86.1861877       0.0000000160336035
     86.2862854       0.0000000159964205
     86.3863831       0.0000000159593499
     86.4864883       0.0000000159223992
     86.5865860       0.0000000158856021
     86.6866837       0.0000000158489325
     86.7867889       0.0000000158123723
     86.8868866       0.0000000157759426
     86.9869843       0.0000000157396467
     87.0870895       0.0000000157034704
     87.1871872       0.0000000156674009
     87.2872849       0.0000000156314782
     87.3873901       0.0000000155956745
     87.4874878       0.0000000155600165
     87.5875854       0.0000000155244425
     87.6876907       0.0000000154890209
     87.7877884       0.0000000154536970
     87.8878860       0.0000000154185085
     87.9879913       0.0000000153834300
     88.0880890       0.0000000153484615
     88.1881866       0.0000000153136315
     88.2882919       0.0000000152789255
     88.3883896       0.0000000152443262
     88.4884872       0.0000000152098354
     88.5885849       0.0000000151754694
     88.6886902       0.0000000151412273
     88.7887878       0.0000000151070962
     88.8888855       0.0000000150730761
     88.9889908       0.0000000150391673
     89.0890884       0.0000000150053790
     89.1891861       0.0000000149717122
     89.2892914       0.0000000149381351
     89.3893890       0.0000000149046963
     89.4894867       0.0000000148713550
     89.5895920       0.0000000148381446
     89.6896896       0.0000000148050343
     89.7897873       0.0000000147720259
     89.8898926       0.0000000147391419
     89.9899902       0.0000000147063566
     90.0900879       0.0000000146736793
     90.1901932       0.0000000146411156
     90.2902908       0.0000000146086499
     90.3903885       0.0000000145762984
     90.4904938       0.0000000145440642
     90.5905914       0.0000000145119288
     90.6906891       0.0000000144798984
     90.7907944       0.0000000144479714
     90.8908920       0.0000000144161533
     90.9909897       0.0000000143844392
     91.0910873       0.0000000143528439
     91.1911926       0.0000000143213381
     91.2912903       0.0000000142899389
     91.3913879       0.0000000142586415
     91.4914932       0.0000000142274391
     91.5915909       0.0000000141963469
     91.6916885       0.0000000141653684
     91.7917938       0.0000000141344647
     91.8918915       0.0000000141036914
     91.9919891       0.0000000140730006
     92.0920944       0.0000000140424111
     92.1921921       0.0000000140119251
     92.2922897       0.0000000139815393
     92.3923950       0.0000000139512506
     92.4924927       0.0000000139210606
     92.5925903       0.0000000138909677
     92.6926956       0.0000000138609734
     92.7927933       0.0000000138310763
     92.8928909       0.0000000138012729
     92.9929962       0.0000000137715669
     93.0930939       0.0000000137419580
     93.1931915       0.0000000137124462
     93.2932968       0.0000000136830154
     93.3933945       0.0000000136536947
     93.4934921       0.0000000136244665
     93.5935898       0.0000000135953323
     93.6936951       0.0000000135662904
     93.7937927       0.0000000135373393
     93.8938904       0.0000000135084782
     93.9939957       0.0000000134797136
     94.0940933       0.0000000134510462
     94.1941910       0.0000000134224552
     94.2942963       0.0000000133939584
     94.3943939       0.0000000133655620
     94.4944916       0.0000000133372453
     94.5945969       0.0000000133090290
     94.6946945       0.0000000132809084
     94.7947922       0.0000000132528533
     94.8948975       0.0000000132249018
     94.9949951       0.0000000131970372
     95.0950928       0.0000000131692777
     95.1951981       0.0000000131415728
     95.2952957       0.0000000131139777
     95.3953934       0.0000000130864633
     95.4954987       0.0000000130590381
     95.5955963       0.0000000130316852
     95.6956940       0.0000000130044386
     95.7957993       0.0000000129772611
     95.8958969       0.0000000129501806
     95.9959946       0.0000000129231678
     96.0960999       0.0000000128962450
     96.1961975       0.0000000128694261
     96.2962952       0.0000000128426763
     96.3963928       0.0000000128160066
     96.4964981       0.0000000127894221
     96.5965958       0.0000000127629238
     96.6966934       0.0000000127365063
     96.7967987       0.0000000127101657
     96.8968964       0.0000000126839058
     96.9969940       0.0000000126577305
     97.0970993       0.0000000126316449
     97.1971970       0.0000000126056296
     97.2972946       0.0000000125796941
     97.3973999       0.0000000125538370
     97.4974976       0.0000000125280810
     97.5975952       0.0000000125023786
     97.6977005       0.0000000124767605
     97.7977982       0.0000000124512239
     97.8978958       0.0000000124257760
     97.9980011       0.0000000124003923
     98.0980988       0.0000000123750900
     98.1981964       0.0000000123498689
     98.2983017       0.0000000123247195
     98.3983994       0.0000000122996476
     98.4984970       0.0000000122746526
     98.5986023       0.0000000122497429
     98.6987000       0.0000000122249022
     98.7987976       0.0000000122001337
     98.8988953       0.0000000121754427
     98.9990005       0.0000000121508404
     99.0990982       0.0000000121262998
     99.1991959       0.0000000121018191
     99.2993011       0.0000000120774351
     99.3993988       0.0000000120531156
     99.4994965       0.0000000120288697
     99.5996017       0.0000000120046928
     99.6996994       0.0000000119805813
     99.7997971       0.0000000119565663
     99.8999023       0.0000000119325959
    100.0000000       0.0000000119087137
