# x		H(x,a)
      0.0000000       1.0000000000000000
      0.1001001       0.9900299906730652
      0.2002002       0.9607124924659729
      0.3003003       0.9137664437294006
      0.4004004       0.8518707156181335
      0.5005005       0.7784109115600586
      0.6006006       0.6971734166145325
      0.7007007       0.6120254397392273
      0.8008008       0.5266169309616089
      0.9009009       0.4441368877887726
      1.0010010       0.3671514735535985
      1.1011012       0.2974984422545640
      1.2012012       0.2362815466619516
      1.3013012       0.1839411680135650
      1.4014014       0.1403564382479969
      1.5015016       0.1049765384506690
      1.6016016       0.0769595459248816
      1.7017016       0.0553030072481656
      1.8018018       0.0389546515731605
      1.9019020       0.0268972133189572
      2.0020020       0.0182059066707637
      2.1021020       0.0120810246015245
      2.2022023       0.0078600913155625
      2.3023024       0.0050148606552017
      2.4024024       0.0031384577503506
      2.5025024       0.0019275051372952
      2.6026025       0.0011625793211407
      2.7027028       0.0006895192556560
      2.8028028       0.0004029979951705
      2.9029028       0.0002329617058399
      3.0030031       0.0001340231258041
      3.1031032       0.0000775167061130
      3.2032032       0.0000457829274908
      3.3033032       0.0000282049440055
      3.4034033       0.0000185509007006
      3.5035036       0.0000132471840097
      3.6036036       0.0000102908412872
      3.7037036       0.0000085836552996
      3.8038039       0.0000075360064101
      3.9039040       0.0000068373662532
      4.0040040       0.0000063268588790
      4.1041040       0.0000059221091247
      4.2042041       0.0000055810720380
      4.3043041       0.0000052820487368
      4.4044046       0.0000050134940557
      4.5045047       0.0000047688648980
      4.6046047       0.0000045441279609
      4.7047048       0.0000043365344079
      4.8048048       0.0000041440386484
      4.9049048       0.0000039650076241
      5.0050049       0.0000037980769643
      5.1051049       0.0000036420810783
      5.2052050       0.0000034960101580
      5.3053055       0.0000033589768834
      5.4054055       0.0000032301952699
      5.5055056       0.0000031089755709
      5.6056056       0.0000029947034905
      5.7057056       0.0000028868140180
      5.8058057       0.0000027848245538
      5.9059057       0.0000026882873260
      6.0060062       0.0000025967962986
      6.1061063       0.0000025099993261
      6.2062063       0.0000024275621469
      6.3063064       0.0000023491868213
      6.4064064       0.0000022745999205
      6.5065064       0.0000022035552194
      6.6066065       0.0000021358242122
      6.7067065       0.0000020711992609
      6.8068066       0.0000020094888596
      6.9069071       0.0000019505131416
      7.0070071       0.0000018941119145
      7.1071072       0.0000018401380976
      7.2072072       0.0000017884479954
      7.3073072       0.0000017389108329
      7.4074073       0.0000016914140971
      7.5075073       0.0000016458382426
      7.6076078       0.0000016020851029
      7.7077079       0.0000015600556520
      7.8078079       0.0000015196606209
      7.9079080       0.0000014808146516
      8.0080080       0.0000014434403021
      8.1081085       0.0000014074643125
      8.2082081       0.0000013728157644
      8.3083086       0.0000013394310670
      8.4084082       0.0000013072491759
      8.5085087       0.0000012762107815
      8.6086082       0.0000012462666712
      8.7087088       0.0000012173621432
      8.8088093       0.0000011894504969
      8.9089088       0.0000011624871554
      9.0090094       0.0000011364290602
      9.1091089       0.0000011112372882
      9.2092094       0.0000010868726569
      9.3093090       0.0000010632990339
      9.4094095       0.0000010404838007
      9.5095091       0.0000010183944867
      9.6096096       0.0000009970013682
      9.7097101       0.0000009762737450
      9.8098097       0.0000009561850413
      9.9099102       0.0000009367107671
     10.0100098       0.0000009178231411
     10.1101103       0.0000008995002263
     10.2102098       0.0000008817218013
     10.3103104       0.0000008644639983
     10.4104099       0.0000008477085259
     10.5105104       0.0000008314339279
     10.6106110       0.0000008156243631
     10.7107105       0.0000008002606001
     10.8108110       0.0000007853260449
     10.9109106       0.0000007708055880
     11.0110111       0.0000007566843865
     11.1111107       0.0000007429474099
     11.2112112       0.0000007295811136
     11.3113117       0.0000007165725152
     11.4114113       0.0000007039086239
     11.5115118       0.0000006915769452
     11.6116114       0.0000006795658871
     11.7117119       0.0000006678660894
     11.8118114       0.0000006564654210
     11.9119120       0.0000006453539596
     12.0120125       0.0000006345226877
     12.1121120       0.0000006239610184
     12.2122126       0.0000006136620845
     12.3123121       0.0000006036155341
     12.4124126       0.0000005938135242
     12.5125122       0.0000005842487507
     12.6126127       0.0000005749130096
     12.7127123       0.0000005657994536
     12.8128128       0.0000005569013401
     12.9129133       0.0000005482112404
     13.0130129       0.0000005397230133
     13.1131134       0.0000005314298843
     13.2132130       0.0000005233270736
     13.3133135       0.0000005154081076
     13.4134130       0.0000005076686629
     13.5135136       0.0000005001009673
     13.6136131       0.0000004927018387
     13.7137136       0.0000004854660569
     13.8138142       0.0000004783885193
     13.9139137       0.0000004714639382
     14.0140142       0.0000004646895770
     14.1141138       0.0000004580604699
     14.2142143       0.0000004515718749
     14.3143139       0.0000004452199401
     14.4144144       0.0000004390015181
     14.5145149       0.0000004329128442
     14.6146145       0.0000004269498567
     14.7147150       0.0000004211095882
     14.8148146       0.0000004153881612
     14.9149151       0.0000004097822756
     15.0150146       0.0000004042900973
     15.1151152       0.0000003989066255
     15.2152157       0.0000003936308488
     15.3153152       0.0000003884589725
     15.4154158       0.0000003833883522
     15.5155153       0.0000003784165032
     15.6156158       0.0000003735406653
     15.7157154       0.0000003687591645
     15.8158159       0.0000003640685192
     15.9159155       0.0000003594668393
     16.0160160       0.0000003549518508
     16.1161156       0.0000003505219597
     16.2162170       0.0000003461742378
     16.3163166       0.0000003419070852
     16.4164162       0.0000003377180154
     16.5165157       0.0000003336062138
     16.6166172       0.0000003295686352
     16.7167168       0.0000003256040521
     16.8168163       0.0000003217109338
     16.9169178       0.0000003178871462
     17.0170174       0.0000003141312056
     17.1171169       0.0000003104414114
     17.2172165       0.0000003068165333
     17.3173180       0.0000003032544117
     17.4174175       0.0000002997544773
     17.5175171       0.0000002963149077
     17.6176186       0.0000002929337672
     17.7177181       0.0000002896106568
     17.8178177       0.0000002863438342
     17.9179173       0.0000002831317955
     18.0180187       0.0000002799735195
     18.1181183       0.0000002768682137
     18.2182178       0.0000002738141450
     18.3183174       0.0000002708106090
     18.4184189       0.0000002678559344
     18.5185184       0.0000002649493563
     18.6186180       0.0000002620900264
     18.7187195       0.0000002592771602
     18.8188190       0.0000002565088965
     18.9189186       0.0000002537848775
     19.0190182       0.0000002511039745
     19.1191196       0.0000002484656493
     19.2192192       0.0000002458686598
     19.3193188       0.0000002433120335
     19.4194202       0.0000002407953573
     19.5195198       0.0000002383175839
     19.6196194       0.0000002358778505
     19.7197189       0.0000002334751876
     19.8198204       0.0000002311091785
     19.9199200       0.0000002287793244
     20.0200195       0.0000002264842853
     20.1201210       0.0000002242234850
     20.2202206       0.0000002219967166
     20.3203201       0.0000002198028368
     20.4204197       0.0000002176414233
     20.5205212       0.0000002155118273
     20.6206207       0.0000002134131042
     20.7207203       0.0000002113452205
     20.8208199       0.0000002093070374
     20.9209213       0.0000002072985518
     21.0210209       0.0000002053187475
     21.1211205       0.0000002033669752
     21.2212219       0.0000002014430365
     21.3213215       0.0000001995463684
     21.4214211       0.0000001976762751
     21.5215206       0.0000001958327066
     21.6216221       0.0000001940145742
     21.7217216       0.0000001922217970
     21.8218212       0.0000001904533928
     21.9219227       0.0000001887096359
     22.0220222       0.0000001869898704
     22.1221218       0.0000001852932632
     22.2222214       0.0000001836198697
     22.3223228       0.0000001819689668
     22.4224224       0.0000001803401267
     22.5225220       0.0000001787332519
     22.6226234       0.0000001771477507
     22.7227230       0.0000001755832226
     22.8228226       0.0000001740394529
     22.9229221       0.0000001725158668
     23.0230236       0.0000001710122306
     23.1231232       0.0000001695283450
     23.2232227       0.0000001680636248
     23.3233242       0.0000001666176397
     23.4234238       0.0000001651903564
     23.5235233       0.0000001637815504
     23.6236229       0.0000001623904782
     23.7237244       0.0000001610172825
     23.8238239       0.0000001596612837
     23.9239235       0.0000001583224104
     24.0240250       0.0000001570001351
     24.1241245       0.0000001556947015
     24.2242241       0.0000001544052196
     24.3243237       0.0000001531318360
     24.4244251       0.0000001518740562
     24.5245247       0.0000001506318896
     24.6246243       0.0000001494049069
     24.7247238       0.0000001481927151
     24.8248253       0.0000001469954261
     24.9249249       0.0000001458123823
     25.0250244       0.0000001446437169
     25.1251259       0.0000001434889983
     25.2252254       0.0000001423481833
     25.3253250       0.0000001412209059
     25.4254246       0.0000001401067644
     25.5255260       0.0000001390059842
     25.6256256       0.0000001379180234
     25.7257252       0.0000001368428549
     25.8258266       0.0000001357802703
     25.9259262       0.0000001347299766
     26.0260258       0.0000001336917645
     26.1261253       0.0000001326656973
     26.2262268       0.0000001316512571
     26.3263264       0.0000001306483583
     26.4264259       0.0000001296570040
     26.5265274       0.0000001286767276
     26.6266270       0.0000001277078108
     26.7267265       0.0000001267496866
     26.8268261       0.0000001258022993
     26.9269276       0.0000001248655404
     27.0270271       0.0000001239391078
     27.1271267       0.0000001230230714
     27.2272263       0.0000001221171114
     27.3273277       0.0000001212211577
     27.4274273       0.0000001203350817
     27.5275269       0.0000001194586186
     27.6276283       0.0000001185916583
     27.7277279       0.0000001177342477
     27.8278275       0.0000001168860049
     27.9279270       0.0000001160468869
     28.0280285       0.0000001152168940
     28.1281281       0.0000001143956106
     28.2282276       0.0000001135833496
     28.3283291       0.0000001127794348
     28.4284286       0.0000001119842299
     28.5285282       0.0000001111972902
     28.6286278       0.0000001104186982
     28.7287292       0.0000001096482003
     28.8288288       0.0000001088857905
     28.9289284       0.0000001081313122
     29.0290298       0.0000001073845928
     29.1291294       0.0000001066456517
     29.2292290       0.0000001059143010
     29.3293285       0.0000001051905384
     29.4294300       0.0000001044740989
     29.5295296       0.0000001037649094
     29.6296291       0.0000001030629542
     29.7297306       0.0000001023681148
     29.8298302       0.0000001016802234
     29.9299297       0.0000001009993230
     30.0300293       0.0000001003253187
     30.1301308       0.0000000996578064
     30.2302303       0.0000000989971667
     30.3303299       0.0000000983429607
     30.4304314       0.0000000976953100
     30.5305309       0.0000000970539787
     30.6306305       0.0000000964189272
     30.7307301       0.0000000957901768
     30.8308315       0.0000000951674891
     30.9309311       0.0000000945508696
     31.0310307       0.0000000939402808
     31.1311302       0.0000000933355163
     31.2312317       0.0000000927366116
     31.3313313       0.0000000921435013
     31.4314308       0.0000000915559671
     31.5315323       0.0000000909740944
     31.6316319       0.0000000903977789
     31.7317314       0.0000000898268374
     31.8318310       0.0000000892614236
     31.9319324       0.0000000887011327
     32.0320320       0.0000000881462700
     32.1321335       0.0000000875966949
     32.2322311       0.0000000870520511
     32.3323326       0.0000000865125771
     32.4324341       0.0000000859780150
     32.5325317       0.0000000854485041
     32.6326332       0.0000000849238284
     32.7327309       0.0000000844039144
     32.8328323       0.0000000838888064
     32.9329338       0.0000000833783929
     33.0330315       0.0000000828726286
     33.1331329       0.0000000823714745
     33.2332344       0.0000000818749623
     33.3333321       0.0000000813828080
     33.4334335       0.0000000808950582
     33.5335350       0.0000000804117268
     33.6336327       0.0000000799326699
     33.7337341       0.0000000794579007
     33.8338356       0.0000000789874239
     33.9339333       0.0000000785210328
     34.0340347       0.0000000780587764
     34.1341324       0.0000000776007335
     34.2342339       0.0000000771465292
     34.3343353       0.0000000766962861
     34.4344330       0.0000000762501122
     34.5345345       0.0000000758077541
     34.6346359       0.0000000753692218
     34.7347336       0.0000000749345920
     34.8348351       0.0000000745035890
     34.9349365       0.0000000740763470
     35.0350342       0.0000000736527677
     35.1351357       0.0000000732328130
     35.2352371       0.0000000728163778
     35.3353348       0.0000000724035835
     35.4354362       0.0000000719942559
     35.5355339       0.0000000715884255
     35.6356354       0.0000000711859211
     35.7357368       0.0000000707869436
     35.8358345       0.0000000703912539
     35.9359360       0.0000000699988389
     36.0360374       0.0000000696096948
     36.1361351       0.0000000692238084
     36.2362366       0.0000000688411645
     36.3363380       0.0000000684616109
     36.4364357       0.0000000680852136
     36.5365372       0.0000000677119055
     36.6366348       0.0000000673416878
     36.7367363       0.0000000669745416
     36.8368378       0.0000000666103362
     36.9369354       0.0000000662491129
     37.0370369       0.0000000658907493
     37.1371384       0.0000000655353952
     37.2372360       0.0000000651828980
     37.3373375       0.0000000648331190
     37.4374390       0.0000000644862691
     37.5375366       0.0000000641421841
     37.6376381       0.0000000638007725
     37.7377396       0.0000000634621221
     37.8378372       0.0000000631262813
     37.9379387       0.0000000627929048
     38.0380363       0.0000000624622843
     38.1381378       0.0000000621342361
     38.2382393       0.0000000618087560
     38.3383369       0.0000000614858453
     38.4384384       0.0000000611655056
     38.5385399       0.0000000608476029
     38.6386375       0.0000000605321404
     38.7387390       0.0000000602192332
     38.8388405       0.0000000599086397
     38.9389381       0.0000000596004706
     39.0390396       0.0000000592947130
     39.1391373       0.0000000589912485
     39.2392387       0.0000000586902034
     39.3393402       0.0000000583914070
     39.4394379       0.0000000580948613
     39.5395393       0.0000000578005644
     39.6396408       0.0000000575085013
     39.7397385       0.0000000572186387
     39.8398399       0.0000000569310869
     39.9399414       0.0000000566455649
     40.0400391       0.0000000563622588
     40.1401405       0.0000000560809874
     40.2402420       0.0000000558019126
     40.3403397       0.0000000555248672
     40.4404411       0.0000000552498558
     40.5405388       0.0000000549769339
     40.6406403       0.0000000547060068
     40.7407417       0.0000000544370953
     40.8408394       0.0000000541701902
     40.9409409       0.0000000539051995
     41.0410423       0.0000000536421535
     41.1411400       0.0000000533810408
     41.2412415       0.0000000531217758
     41.3413429       0.0000000528644845
     41.4414406       0.0000000526090205
     41.5415421       0.0000000523553732
     41.6416397       0.0000000521035681
     41.7417412       0.0000000518536279
     41.8418427       0.0000000516054247
     41.9419403       0.0000000513590031
     42.0420418       0.0000000511144032
     42.1421432       0.0000000508715080
     42.2422409       0.0000000506302940
     42.3423424       0.0000000503908738
     42.4424438       0.0000000501530891
     42.5425415       0.0000000499170376
     42.6426430       0.0000000496826004
     42.7427444       0.0000000494498116
     42.8428421       0.0000000492187182
     42.9429436       0.0000000489891829
     43.0430412       0.0000000487612210
     43.1431427       0.0000000485349190
     43.2432442       0.0000000483101460
     43.3433418       0.0000000480869677
     43.4434433       0.0000000478653132
     43.5435448       0.0000000476451888
     43.6436424       0.0000000474265933
     43.7437439       0.0000000472094367
     43.8438454       0.0000000469938496
     43.9439430       0.0000000467796931
     44.0440445       0.0000000465670205
     44.1441460       0.0000000463557932
     44.2442436       0.0000000461459649
     44.3443451       0.0000000459375675
     44.4444427       0.0000000457306647
     44.5445442       0.0000000455250710
     44.6446457       0.0000000453208312
     44.7447433       0.0000000451180485
     44.8448448       0.0000000449165891
     44.9449463       0.0000000447164323
     45.0450439       0.0000000445176793
     45.1451454       0.0000000443202718
     45.2452469       0.0000000441240813
     45.3453445       0.0000000439292522
     45.4454460       0.0000000437357132
     45.5455437       0.0000000435434048
     45.6456451       0.0000000433523835
     45.7457466       0.0000000431626520
     45.8458443       0.0000000429741125
     45.9459457       0.0000000427868554
     46.0460472       0.0000000426007869
     46.1461449       0.0000000424159243
     46.2462463       0.0000000422322691
     46.3463478       0.0000000420498101
     46.4464455       0.0000000418685530
     46.5465469       0.0000000416884405
     46.6466484       0.0000000415094823
     46.7467461       0.0000000413316837
     46.8468475       0.0000000411549915
     46.9469452       0.0000000409795030
     47.0470467       0.0000000408050994
     47.1471481       0.0000000406317990
     47.2472458       0.0000000404595891
     47.3473473       0.0000000402884963
     47.4474487       0.0000000401184972
     47.5475464       0.0000000399495434
     47.6476479       0.0000000397816811
     47.7477493       0.0000000396148382
     47.8478470       0.0000000394490627
     47.9479485       0.0000000392843210
     48.0480499       0.0000000391206210
     48.1481476       0.0000000389579738
     48.2482491       0.0000000387962820
     48.3483467       0.0000000386356114
     48.4484482       0.0000000384759549
     48.5485497       0.0000000383172748
     48.6486473       0.0000000381596025
     48.7487488       0.0000000380028714
     48.8488503       0.0000000378470909
     48.9489479       0.0000000376923006
     49.0490494       0.0000000375384159
     49.1491508       0.0000000373854692
     49.2492485       0.0000000372335333
     49.3493500       0.0000000370824536
     49.4494476       0.0000000369323216
     49.5495491       0.0000000367831144
     49.6496506       0.0000000366347118
     49.7497482       0.0000000364873081
     49.8498497       0.0000000363407692
     49.9499512       0.0000000361950938
     50.0500488       0.0000000360503266
     50.1501503       0.0000000359063810
     50.2502518       0.0000000357633149
     50.3503494       0.0000000356211185
     50.4504509       0.0000000354797517
     50.5505524       0.0000000353392438
     50.6506500       0.0000000351995351
     50.7507515       0.0000000350606783
     50.8508492       0.0000000349226573
     50.9509506       0.0000000347854219
     51.0510521       0.0000000346490060
     51.1511497       0.0000000345133886
     51.2512512       0.0000000343785184
     51.3513527       0.0000000342445027
     51.4514503       0.0000000341112499
     51.5515518       0.0000000339787915
     51.6516533       0.0000000338470919
     51.7517509       0.0000000337161492
     51.8518524       0.0000000335859621
     51.9519501       0.0000000334565260
     52.0520515       0.0000000333278203
     52.1521530       0.0000000331998730
     52.2522507       0.0000000330726892
     52.3523521       0.0000000329462310
     52.4524536       0.0000000328204543
     52.5525513       0.0000000326954088
     52.6526527       0.0000000325710918
     52.7527542       0.0000000324475182
     52.8528519       0.0000000323246053
     52.9529533       0.0000000322023627
     53.0530548       0.0000000320808801
     53.1531525       0.0000000319600260
     53.2532539       0.0000000318398751
     53.3533516       0.0000000317204160
     53.4534531       0.0000000316015828
     53.5535545       0.0000000314834554
     53.6536522       0.0000000313659784
     53.7537537       0.0000000312491895
     53.8538551       0.0000000311329614
     53.9539528       0.0000000310174706
     54.0540543       0.0000000309025833
     54.1541557       0.0000000307883566
     54.2542534       0.0000000306747283
     54.3543549       0.0000000305617537
     54.4544525       0.0000000304494094
     54.5545540       0.0000000303376829
     54.6546555       0.0000000302265132
     54.7547531       0.0000000301160404
     54.8548546       0.0000000300061216
     54.9549561       0.0000000298968073
     55.0550537       0.0000000297880763
     55.1551552       0.0000000296799593
     55.2552567       0.0000000295724169
     55.3553543       0.0000000294654772
     55.4554558       0.0000000293591060
     55.5555573       0.0000000292533000
     55.6556549       0.0000000291480860
     55.7557564       0.0000000290434343
     55.8558540       0.0000000289393283
     55.9559555       0.0000000288358077
     56.0560570       0.0000000287328294
     56.1561546       0.0000000286304242
     56.2562561       0.0000000285285186
     56.3563576       0.0000000284271526
     56.4564552       0.0000000283263821
     56.5565567       0.0000000282260845
     56.6566582       0.0000000281263798
     56.7567558       0.0000000280271605
     56.8568573       0.0000000279284588
     56.9569588       0.0000000278303125
     57.0570564       0.0000000277326500
     57.1571579       0.0000000276355623
     57.2572556       0.0000000275388980
     57.3573570       0.0000000274427786
     57.4574585       0.0000000273471660
     57.5575562       0.0000000272520620
     57.6576576       0.0000000271574544
     57.7577591       0.0000000270633163
     57.8578568       0.0000000269696619
     57.9579582       0.0000000268765184
     58.0580597       0.0000000267838535
     58.1581573       0.0000000266916692
     58.2582588       0.0000000265999560
     58.3583565       0.0000000265086868
     58.4584579       0.0000000264179066
     58.5585594       0.0000000263276088
     58.6586571       0.0000000262377413
     58.7587585       0.0000000261483705
     58.8588600       0.0000000260594444
     58.9589577       0.0000000259709274
     59.0590591       0.0000000258829207
     59.1591606       0.0000000257953372
     59.2592583       0.0000000257081973
     59.3593597       0.0000000256214868
     59.4594612       0.0000000255352351
     59.5595589       0.0000000254493994
     59.6596603       0.0000000253640144
     59.7597580       0.0000000252790577
     59.8598595       0.0000000251944985
     59.9599609       0.0000000251104019
     60.0600586       0.0000000250267062
     60.1601601       0.0000000249434245
     60.2602615       0.0000000248605677
     60.3603592       0.0000000247781202
     60.4604607       0.0000000246960719
     60.5605621       0.0000000246144448
     60.6606598       0.0000000245332254
     60.7607613       0.0000000244523843
     60.8608627       0.0000000243719433
     60.9609604       0.0000000242919375
     61.0610619       0.0000000242122790
     61.1611595       0.0000000241330492
     61.2612610       0.0000000240541955
     61.3613625       0.0000000239757326
     61.4614601       0.0000000238976214
     61.5615616       0.0000000238199017
     61.6616631       0.0000000237425849
     61.7617607       0.0000000236656352
     61.8618622       0.0000000235890477
     61.9619637       0.0000000235128341
     62.0620613       0.0000000234370040
     62.1621628       0.0000000233615511
     62.2622604       0.0000000232863971
     62.3623619       0.0000000232116841
     62.4624634       0.0000000231372755
     62.5625610       0.0000000230632518
     62.6626625       0.0000000229895567
     62.7627640       0.0000000229162623
     62.8628616       0.0000000228432683
     62.9629631       0.0000000227706497
     63.0630646       0.0000000226983693
     63.1631622       0.0000000226264504
     63.2632637       0.0000000225548399
     63.3633652       0.0000000224835879
     63.4634628       0.0000000224126679
     63.5635643       0.0000000223420949
     63.6636620       0.0000000222718327
     63.7637634       0.0000000222019100
     63.8638649       0.0000000221323118
     63.9639626       0.0000000220630514
     64.0640640       0.0000000219941363
     64.1641617       0.0000000219255168
     64.2642670       0.0000000218571927
     64.3643646       0.0000000217892272
     64.4644623       0.0000000217215767
     64.5645676       0.0000000216542293
     64.6646652       0.0000000215871878
     64.7647629       0.0000000215204802
     64.8648682       0.0000000214540607
     64.9649658       0.0000000213879601
     65.0650635       0.0000000213221595
     65.1651688       0.0000000212566449
     65.2652664       0.0000000211914562
     65.3653641       0.0000000211265703
     65.4654617       0.0000000210619647
     65.5655670       0.0000000209976608
     65.6656647       0.0000000209336550
     65.7657623       0.0000000208699483
     65.8658676       0.0000000208065022
     65.9659653       0.0000000207433712
     66.0660629       0.0000000206805298
     66.1661682       0.0000000206179694
     66.2662659       0.0000000205556723
     66.3663635       0.0000000204936826
     66.4664688       0.0000000204319717
     66.5665665       0.0000000203705125
     66.6666641       0.0000000203093467
     66.7667694       0.0000000202484592
     66.8668671       0.0000000201878300
     66.9669647       0.0000000201275136
     67.0670700       0.0000000200674256
     67.1671677       0.0000000200076234
     67.2672653       0.0000000199480971
     67.3673706       0.0000000198888110
     67.4674683       0.0000000198298154
     67.5675659       0.0000000197710724
     67.6676712       0.0000000197125867
     67.7677689       0.0000000196543486
     67.8678665       0.0000000195963683
     67.9679642       0.0000000195386643
     68.0680695       0.0000000194811989
     68.1681671       0.0000000194240050
     68.2682648       0.0000000193670515
     68.3683701       0.0000000193103491
     68.4684677       0.0000000192538871
     68.5685654       0.0000000191976749
     68.6686707       0.0000000191417336
     68.7687683       0.0000000190860022
     68.8688660       0.0000000190305341
     68.9689713       0.0000000189752956
     69.0690689       0.0000000189203128
     69.1691666       0.0000000188655507
     69.2692719       0.0000000188110380
     69.3693695       0.0000000187567609
     69.4694672       0.0000000187027074
     69.5695724       0.0000000186488865
     69.6696701       0.0000000185953192
     69.7697678       0.0000000185419727
     69.8698730       0.0000000184888433
     69.9699707       0.0000000184359408
     70.0700684       0.0000000183833076
     70.1701736       0.0000000183308562
     70.2702713       0.0000000182786280
     70.3703690       0.0000000182266371
     70.4704742       0.0000000181748540
     70.5705719       0.0000000181233207
     70.6706696       0.0000000180719825
     70.7707672       0.0000000180208705
     70.8708725       0.0000000179699734
     70.9709702       0.0000000179192868
     71.0710678       0.0000000178688153
     71.1711731       0.0000000178185604
     71.2712708       0.0000000177685150
     71.3713684       0.0000000177186911
     71.4714737       0.0000000176690711
     71.5715714       0.0000000176196571
     71.6716690       0.0000000175704476
     71.7717743       0.0000000175214339
     71.8718719       0.0000000174726315
     71.9719696       0.0000000174240456
     72.0720749       0.0000000173756571
     72.1721725       0.0000000173274622
     72.2722702       0.0000000172794822
     72.3723755       0.0000000172316773
     72.4724731       0.0000000171840905
     72.5725708       0.0000000171366931
     72.6726761       0.0000000170894885
     72.7727737       0.0000000170424741
     72.8728714       0.0000000169956696
     72.9729767       0.0000000169490476
     73.0730743       0.0000000169026192
     73.1731720       0.0000000168563871
     73.2732697       0.0000000168103576
     73.3733749       0.0000000167644817
     73.4734726       0.0000000167188060
     73.5735703       0.0000000166733338
     73.6736755       0.0000000166280284
     73.7737732       0.0000000165828931
     73.8738708       0.0000000165379690
     73.9739761       0.0000000164932294
     74.0740738       0.0000000164486677
     74.1741714       0.0000000164042731
     74.2742767       0.0000000163600597
     74.3743744       0.0000000163160417
     74.4744720       0.0000000162721883
     74.5745773       0.0000000162285109
     74.6746750       0.0000000161849961
     74.7747726       0.0000000161416811
     74.8748779       0.0000000160985379
     74.9749756       0.0000000160555550
     75.0750732       0.0000000160127449
     75.1751785       0.0000000159701112
     75.2752762       0.0000000159276418
     75.3753738       0.0000000158853290
     75.4754791       0.0000000158432190
     75.5755768       0.0000000158012544
     75.6756744       0.0000000157594466
     75.7757721       0.0000000157178261
     75.8758774       0.0000000156763750
     75.9759750       0.0000000156350761
     76.0760727       0.0000000155939413
     76.1761780       0.0000000155529486
     76.2762756       0.0000000155121389
     76.3763733       0.0000000154714862
     76.4764786       0.0000000154309922
     76.5765762       0.0000000153906623
     76.6766739       0.0000000153504747
     76.7767792       0.0000000153104574
     76.8768768       0.0000000152705987
     76.9769745       0.0000000152309029
     77.0770798       0.0000000151913390
     77.1771774       0.0000000151519381
     77.2772751       0.0000000151127071
     77.3773804       0.0000000150735982
     77.4774780       0.0000000150346545
     77.5775757       0.0000000149958552
     77.6776810       0.0000000149572197
     77.7777786       0.0000000149187151
     77.8778763       0.0000000148803813
     77.9779816       0.0000000148421888
     78.0780792       0.0000000148041495
     78.1781769       0.0000000147662439
     78.2782745       0.0000000147284797
     78.3783798       0.0000000146908564
     78.4784775       0.0000000146533830
     78.5785751       0.0000000146160691
     78.6786804       0.0000000145788928
     78.7787781       0.0000000145418519
     78.8788757       0.0000000145049492
     78.9789810       0.0000000144681842
     79.0790787       0.0000000144315615
     79.1791763       0.0000000143950820
     79.2792816       0.0000000143587414
     79.3793793       0.0000000143225331
     79.4794769       0.0000000142864656
     79.5795822       0.0000000142505325
     79.6796799       0.0000000142147212
     79.7797775       0.0000000141790670
     79.8798828       0.0000000141435374
     79.9799805       0.0000000141081304
     80.0800781       0.0000000140728698
     80.1801834       0.0000000140377339
     80.2802811       0.0000000140027360
     80.3803787       0.0000000139678719
     80.4804840       0.0000000139331286
     80.5805817       0.0000000138985233
     80.6806793       0.0000000138640560
     80.7807770       0.0000000138296971
     80.8808823       0.0000000137954733
     80.9809799       0.0000000137613678
     81.0810776       0.0000000137273891
     81.1811829       0.0000000136935536
     81.2812805       0.0000000136598316
     81.3813782       0.0000000136262299
     81.4814835       0.0000000135927616
     81.5815811       0.0000000135594151
     81.6816788       0.0000000135261810
     81.7817841       0.0000000134930706
     81.8818817       0.0000000134600821
     81.9819794       0.0000000134272222
     82.0820847       0.0000000133944915
     82.1821823       0.0000000133618645
     82.2822800       0.0000000133293579
     82.3823853       0.0000000132969751
     82.4824829       0.0000000132647048
     82.5825806       0.0000000132325518
     82.6826859       0.0000000132005210
     82.7827835       0.0000000131686082
     82.8828812       0.0000000131368057
     82.9829865       0.0000000131051214
     83.0830841       0.0000000130735489
     83.1831818       0.0000000130420844
     83.2832794       0.0000000130107342
     83.3833847       0.0000000129795059
     83.4834824       0.0000000129483935
     83.5835800       0.0000000129173727
     83.6836853       0.0000000128864940
     83.7837830       0.0000000128556970
     83.8838806       0.0000000128250289
     83.9839859       0.0000000127944633
     84.0840836       0.0000000127639951
     84.1841812       0.0000000127336563
     84.2842865       0.0000000127034231
     84.3843842       0.0000000126732865
     84.4844818       0.0000000126432542
     84.5845871       0.0000000126133418
     84.6846848       0.0000000125835321
     84.7847824       0.0000000125538227
     84.8848877       0.0000000125242099
     84.9849854       0.0000000124947179
     85.0850830       0.0000000124653224
     85.1851883       0.0000000124360346
     85.2852859       0.0000000124068540
     85.3853836       0.0000000123777633
     85.4854889       0.0000000123487905
     85.5855865       0.0000000123199056
     85.6856842       0.0000000122911421
     85.7857895       0.0000000122624568
     85.8858871       0.0000000122338732
     85.9859848       0.0000000122053957
     86.0860825       0.0000000121770118
     86.1861877       0.0000000121487373
     86.2862854       0.0000000121205631
     86.3863831       0.0000000120924758
     86.4864883       0.0000000120644767
     86.5865860       0.0000000120365966
     86.6866837       0.0000000120088121
     86.7867889       0.0000000119811091
     86.8868866       0.0000000119535064
     86.9869843       0.0000000119260041
     87.0870895       0.0000000118985934
     87.1871872       0.0000000118712642
     87.2872849       0.0000000118440453
     87.3873901       0.0000000118169180
     87.4874878       0.0000000117898981
     87.5875854       0.0000000117629433
     87.6876907       0.0000000117361050
     87.7877884       0.0000000117093398
     87.8878860       0.0000000116826781
     87.9879913       0.0000000116560978
     88.0880890       0.0000000116296018
     88.1881866       0.0000000116032102
     88.2882919       0.0000000115769141
     88.3883896       0.0000000115506986
     88.4884872       0.0000000115245645
     88.5885849       0.0000000114985252
     88.6886902       0.0000000114725797
     88.7887878       0.0000000114467181
     88.8888855       0.0000000114209417
     88.9889908       0.0000000113952484
     89.0890884       0.0000000113696467
     89.1891861       0.0000000113441381
     89.2892914       0.0000000113186962
     89.3893890       0.0000000112933590
     89.4894867       0.0000000112680964
     89.5895920       0.0000000112429329
     89.6896896       0.0000000112178448
     89.7897873       0.0000000111928350
     89.8898926       0.0000000111679189
     89.9899902       0.0000000111430752
     90.0900879       0.0000000111183161
     90.1901932       0.0000000110936422
     90.2902908       0.0000000110690429
     90.3903885       0.0000000110445297
     90.4904938       0.0000000110201069
     90.5905914       0.0000000109957573
     90.6906891       0.0000000109714877
     90.7907944       0.0000000109472963
     90.8908920       0.0000000109231878
     90.9909897       0.0000000108991586
     91.0910873       0.0000000108752188
     91.1911926       0.0000000108513462
     91.2912903       0.0000000108275542
     91.3913879       0.0000000108038398
     91.4914932       0.0000000107801969
     91.5915909       0.0000000107566384
     91.6916885       0.0000000107331676
     91.7917938       0.0000000107097515
     91.8918915       0.0000000106864341
     91.9919891       0.0000000106631796
     92.0920944       0.0000000106400017
     92.1921921       0.0000000106169020
     92.2922897       0.0000000105938776
     92.3923950       0.0000000105709283
     92.4924927       0.0000000105480534
     92.5925903       0.0000000105252529
     92.6926956       0.0000000105025253
     92.7927933       0.0000000104798720
     92.8928909       0.0000000104572898
     92.9929962       0.0000000104347814
     93.0930939       0.0000000104123467
     93.1931915       0.0000000103899856
     93.2932968       0.0000000103676851
     93.3933945       0.0000000103454697
     93.4934921       0.0000000103233224
     93.5935898       0.0000000103012487
     93.6936951       0.0000000102792432
     93.7937927       0.0000000102573056
     93.8938904       0.0000000102354387
     93.9939957       0.0000000102136439
     94.0940933       0.0000000101919212
     94.1941910       0.0000000101702576
     94.2942963       0.0000000101486655
     94.3943939       0.0000000101271495
     94.4944916       0.0000000101056936
     94.5945969       0.0000000100843132
     94.6946945       0.0000000100630072
     94.7947922       0.0000000100417486
     94.8948975       0.0000000100205703
     94.9949951       0.0000000099994570
     95.0950928       0.0000000099784237
     95.1951981       0.0000000099574323
     95.2952957       0.0000000099365226
     95.3953934       0.0000000099156755
     95.4954987       0.0000000098948958
     95.5955963       0.0000000098741694
     95.6956940       0.0000000098535254
     95.7957993       0.0000000098329321
     95.8958969       0.0000000098124133
     95.9959946       0.0000000097919462
     96.0960999       0.0000000097715457
     96.1961975       0.0000000097512253
     96.2962952       0.0000000097309571
     96.3963928       0.0000000097107486
     96.4964981       0.0000000096906059
     96.5965958       0.0000000096705281
     96.6966934       0.0000000096505117
     96.7967987       0.0000000096305524
     96.8968964       0.0000000096106558
     96.9969940       0.0000000095908218
     97.0970993       0.0000000095710574
     97.1971970       0.0000000095513451
     97.2972946       0.0000000095316937
     97.3973999       0.0000000095121020
     97.4974976       0.0000000094925867
     97.5975952       0.0000000094731118
     97.6977005       0.0000000094537010
     97.7977982       0.0000000094343514
     97.8978958       0.0000000094150697
     97.9980011       0.0000000093958361
     98.0980988       0.0000000093766651
     98.1981964       0.0000000093575545
     98.2983017       0.0000000093384987
     98.3983994       0.0000000093195009
     98.4984970       0.0000000093005621
     98.5986023       0.0000000092816884
     98.6987000       0.0000000092628662
     98.7987976       0.0000000092440990
     98.8988953       0.0000000092253904
     98.9990005       0.0000000092067498
     99.0990982       0.0000000091881541
     99.1991959       0.0000000091696054
     99.2993011       0.0000000091511305
     99.3993988       0.0000000091327026
     99.4994965       0.0000000091143310
     99.5996017       0.0000000090960127
     99.6996994       0.0000000090777431
     99.7997971       0.0000000090595471
     99.8999023       0.0000000090413849
    100.0000000       0.0000000090232892
