# x		H(x,a)
      0.0000000       1.0000000000000000
      0.1001001       0.9900299906730652
      0.2002002       0.9607124924659729
      0.3003003       0.9137664437294006
      0.4004004       0.8518707156181335
      0.5005005       0.7784109115600586
      0.6006006       0.6971734166145325
      0.7007007       0.6120254397392273
      0.8008008       0.5266169309616089
      0.9009009       0.4441368877887726
      1.0010010       0.3671659614793580
      1.1011012       0.2975394551625361
      1.2012012       0.2363459415258849
      1.3013012       0.1840215449664072
      1.4014014       0.1404452829082259
      1.5015016       0.1050677729595409
      1.6016016       0.0770488566791541
      1.7017016       0.0553876582372050
      1.8018018       0.0390331346407089
      1.9019020       0.0269688944993042
      2.0020020       0.0182707300641157
      2.1021020       0.0121392875844488
      2.2022023       0.0079122852376071
      2.3023024       0.0050615638836261
      2.4024024       0.0031802676156831
      2.5025024       0.0019649975147232
      2.6026025       0.0011962866724097
      2.7027028       0.0007199207439125
      2.8028028       0.0004305169835798
      2.9029028       0.0002579676621987
      3.0030031       0.0001568357332173
      3.1031032       0.0000984111058780
      3.2032032       0.0000649951203593
      3.3033032       0.0000459370671473
      3.4034033       0.0000349760382337
      3.5035036       0.0000285136562689
      3.6036036       0.0000245259710749
      3.7037036       0.0000218969679543
      3.8038039       0.0000200220145016
      3.9039040       0.0000185778633409
      4.0040040       0.0000173928896415
      4.1041040       0.0000163756218687
      4.2042041       0.0000154762798988
      4.3043041       0.0000146665795903
      4.4044046       0.0000139293854424
      4.5045047       0.0000132533340064
      4.6046047       0.0000126302709966
      4.7047048       0.0000120538893806
      4.8048048       0.0000115190722046
      4.9049048       0.0000110215219390
      5.0050049       0.0000105575418034
      5.1051049       0.0000101239333846
      5.2052050       0.0000097179035299
      5.3053055       0.0000093369920739
      5.4054055       0.0000089790165298
      5.5055056       0.0000086420618851
      5.6056056       0.0000083244175736
      5.7057056       0.0000080245155624
      5.8058057       0.0000077410147127
      5.9059057       0.0000074726689017
      6.0060062       0.0000072183490394
      6.1061063       0.0000069770785577
      6.2062063       0.0000067479272605
      6.3063064       0.0000065300662095
      6.4064064       0.0000063227359865
      6.5065064       0.0000061252523486
      6.6066065       0.0000059369795711
      6.7067065       0.0000057573403965
      6.8068066       0.0000055858027129
      6.9069071       0.0000054218671267
      7.0070071       0.0000052650881654
      7.1071072       0.0000051150569781
      7.2072072       0.0000049713732536
      7.3073072       0.0000048336739425
      7.4074073       0.0000047016465275
      7.5075073       0.0000045749587617
      7.6076078       0.0000044533374483
      7.7077079       0.0000043365076879
      7.8078079       0.0000042242212339
      7.9079080       0.0000041162408573
      8.0080080       0.0000040123505722
      8.1081085       0.0000039123475911
      8.2082081       0.0000038160347598
      8.3083086       0.0000037232342622
      8.4084082       0.0000036337781515
      8.5085087       0.0000035475001644
      8.6086082       0.0000034642642315
      8.7087088       0.0000033839178564
      8.8088093       0.0000033063319952
      8.9089088       0.0000032313813443
      9.0090094       0.0000031589471571
      9.1091089       0.0000030889215193
      9.2092094       0.0000030211946234
      9.3093090       0.0000029556666376
      9.4094095       0.0000028922466110
      9.5095091       0.0000028308447978
      9.6096096       0.0000027713782628
      9.7097101       0.0000027137614204
      9.8098097       0.0000026579205283
      9.9099102       0.0000026037875647
     10.0100098       0.0000025512855052
     10.1101103       0.0000025003529495
     10.2102098       0.0000024509339742
     10.3103104       0.0000024029622036
     10.4104099       0.0000023563867861
     10.5105104       0.0000023111481872
     10.6106110       0.0000022672020207
     10.7107105       0.0000022244951900
     10.8108110       0.0000021829812889
     10.9109106       0.0000021426188116
     11.0110111       0.0000021033658999
     11.1111107       0.0000020651806770
     11.2112112       0.0000020280263611
     11.3113117       0.0000019918663103
     11.4114113       0.0000019566641441
     11.5115118       0.0000019223857574
     11.6116114       0.0000018889984867
     11.7117119       0.0000018564764041
     11.8118114       0.0000018247856983
     11.9119120       0.0000017938991499
     12.0120125       0.0000017637913022
     12.1121120       0.0000017344329067
     12.2122126       0.0000017058049390
     12.3123121       0.0000016778782369
     12.4124126       0.0000016506313872
     12.5125122       0.0000016240439616
     12.6126127       0.0000015980933843
     12.7127123       0.0000015727605144
     12.8128128       0.0000015480262807
     12.9129133       0.0000015238701719
     13.0130129       0.0000015002753418
     13.1131134       0.0000014772228547
     13.2132130       0.0000014546993178
     13.3133135       0.0000014326869955
     13.4134130       0.0000014111734983
     13.5135136       0.0000013901374234
     13.6136131       0.0000013695699898
     13.7137136       0.0000013494565675
     13.8138142       0.0000013297830306
     13.9139137       0.0000013105345904
     14.0140142       0.0000012917038202
     14.1141138       0.0000012732768356
     14.2142143       0.0000012552404759
     14.3143139       0.0000012375839260
     14.4144144       0.0000012202985234
     14.5145149       0.0000012033735183
     14.6146145       0.0000011867982499
     14.7147150       0.0000011705640438
     14.8148146       0.0000011546600731
     14.9149151       0.0000011390773386
     15.0150146       0.0000011238106821
     15.1151152       0.0000011088461217
     15.2152157       0.0000010941809940
     15.3153152       0.0000010798046641
     15.4154158       0.0000010657097253
     15.5155153       0.0000010518895514
     15.6156158       0.0000010383360556
     15.7157154       0.0000010250448627
     15.8158159       0.0000010120061255
     15.9159155       0.0000009992148360
     16.0160160       0.0000009866645008
     16.1161156       0.0000009743506082
     16.2162170       0.0000009622651123
     16.3163166       0.0000009504037073
     16.4164162       0.0000009387592972
     16.5165157       0.0000009273296645
     16.6166172       0.0000009161063331
     16.7167168       0.0000009050859635
     16.8168163       0.0000008942641705
     16.9169178       0.0000008836352796
     17.0170174       0.0000008731946740
     17.1171169       0.0000008629381659
     17.2172165       0.0000008528620861
     17.3173180       0.0000008429603478
     17.4174175       0.0000008332315700
     17.5175171       0.0000008236705951
     17.6176186       0.0000008142719878
     17.7177181       0.0000008050346468
     17.8178177       0.0000007959538095
     17.9179173       0.0000007870252475
     18.0180187       0.0000007782461839
     18.1181183       0.0000007696143335
     18.2182178       0.0000007611248761
     18.3183174       0.0000007527759143
     18.4184189       0.0000007445627632
     18.5185184       0.0000007364833041
     18.6186180       0.0000007285352075
     18.7187195       0.0000007207162399
     18.8188190       0.0000007130212535
     18.9189186       0.0000007054492396
     19.0190182       0.0000006979971437
     19.1191196       0.0000006906633112
     19.2192192       0.0000006834444355
     19.3193188       0.0000006763377810
     19.4194202       0.0000006693420542
     19.5195198       0.0000006624546236
     19.6196194       0.0000006556728495
     19.7197189       0.0000006489941163
     19.8198204       0.0000006424172645
     19.9199200       0.0000006359410169
     20.0200195       0.0000006295614112
     20.1201210       0.0000006232770569
     20.2202206       0.0000006170872889
     20.3203201       0.0000006109889230
     20.4204197       0.0000006049807972
     20.5205212       0.0000005990610933
     20.6206207       0.0000005932272972
     20.7207203       0.0000005874791478
     20.8208199       0.0000005818135997
     20.9209213       0.0000005762305344
     21.0210209       0.0000005707272985
     21.1211205       0.0000005653019481
     21.2212219       0.0000005599539091
     21.3213215       0.0000005546817262
     21.4214211       0.0000005494834386
     21.5215206       0.0000005443588381
     21.6216221       0.0000005393049534
     21.7217216       0.0000005343214974
     21.8218212       0.0000005294058434
     21.9219227       0.0000005245587399
     22.0220222       0.0000005197782757
     22.1221218       0.0000005150621928
     22.2222214       0.0000005104106648
     22.3223228       0.0000005058215828
     22.4224224       0.0000005012938733
     22.5225220       0.0000004968272187
     22.6226234       0.0000004924200458
     22.7227230       0.0000004880710659
     22.8228226       0.0000004837798107
     22.9229221       0.0000004795446338
     23.0230236       0.0000004753650252
     23.1231232       0.0000004712401978
     23.2232227       0.0000004671687134
     23.3233242       0.0000004631493318
     23.4234238       0.0000004591818389
     23.5235233       0.0000004552657386
     23.6236229       0.0000004513989912
     23.7237244       0.0000004475819367
     23.8238239       0.0000004438126131
     23.9239235       0.0000004400909508
     24.0240250       0.0000004364153738
     24.1241245       0.0000004327866525
     24.2242241       0.0000004292022564
     24.3243237       0.0000004256626560
     24.4244251       0.0000004221663297
     24.5245247       0.0000004187134872
     24.6246243       0.0000004153028281
     24.7247238       0.0000004119332830
     24.8248253       0.0000004086051861
     24.9249249       0.0000004053166227
     25.0250244       0.0000004020680891
     25.1251259       0.0000003988583303
     25.2252254       0.0000003956871750
     25.3253250       0.0000003925536918
     25.4254246       0.0000003894566719
     25.5255260       0.0000003863968148
     25.6256256       0.0000003833725818
     25.7257252       0.0000003803839401
     25.8258266       0.0000003774302239
     25.9259262       0.0000003745107511
     26.0260258       0.0000003716247699
     26.1261253       0.0000003687726175
     26.2262268       0.0000003659527570
     26.3263264       0.0000003631650172
     26.4264259       0.0000003604093319
     26.5265274       0.0000003576844445
     26.6266270       0.0000003549911124
     26.7267265       0.0000003523277868
     26.8268261       0.0000003496943599
     26.9269276       0.0000003470904129
     27.0270271       0.0000003445152267
     27.1271267       0.0000003419688688
     27.2272263       0.0000003394505886
     27.3273277       0.0000003369600848
     27.4274273       0.0000003344970470
     27.5275269       0.0000003320607257
     27.6276283       0.0000003296508503
     27.7277279       0.0000003272674604
     27.8278275       0.0000003249096191
     27.9279270       0.0000003225771204
     28.0280285       0.0000003202699619
     28.1281281       0.0000003179870445
     28.2282276       0.0000003157291822
     28.3283291       0.0000003134945161
     28.4284286       0.0000003112840739
     28.5285282       0.0000003090965934
     28.6286278       0.0000003069323350
     28.7287292       0.0000003047905961
     28.8288288       0.0000003026712947
     28.9289284       0.0000003005740602
     29.0290298       0.0000002984983964
     29.1291294       0.0000002964443853
     29.2292290       0.0000002944113876
     29.3293285       0.0000002923995582
     29.4294300       0.0000002904080836
     29.5295296       0.0000002884367198
     29.6296291       0.0000002864854871
     29.7297306       0.0000002845540364
     29.8298302       0.0000002826418848
     29.9299297       0.0000002807491819
     30.0300293       0.0000002788756247
     30.1301308       0.0000002770201689
     30.2302303       0.0000002751837653
     30.3303299       0.0000002733652385
     30.4304314       0.0000002715649885
     30.5305309       0.0000002697822595
     30.6306305       0.0000002680169763
     30.7307301       0.0000002662692531
     30.8308315       0.0000002645383763
     30.9309311       0.0000002628243047
     31.0310307       0.0000002611270688
     31.1311302       0.0000002594459618
     31.2312317       0.0000002577812021
     31.3313313       0.0000002561325167
     31.4314308       0.0000002544993453
     31.5315323       0.0000002528819323
     31.6316319       0.0000002512799158
     31.7317314       0.0000002496928808
     31.8318310       0.0000002481211961
     31.9319324       0.0000002465637396
     32.0320320       0.0000002450213772
     32.1321335       0.0000002434937002
     32.2322311       0.0000002419797625
     32.3323326       0.0000002404801806
     32.4324341       0.0000002389942681
     32.5325317       0.0000002375223502
     32.6326332       0.0000002360638907
     32.7327309       0.0000002346186849
     32.8328323       0.0000002331868366
     32.9329338       0.0000002317680401
     33.0330315       0.0000002303621657
     33.1331329       0.0000002289690984
     33.2332344       0.0000002275889407
     33.3333321       0.0000002262208990
     33.4334335       0.0000002248651045
     33.5335350       0.0000002235215940
     33.6336327       0.0000002221899180
     33.7337341       0.0000002208702024
     33.8338356       0.0000002195624031
     33.9339333       0.0000002182659519
     34.0340347       0.0000002169810257
     34.1341324       0.0000002157078056
     34.2342339       0.0000002144452505
     34.3343353       0.0000002131937129
     34.4344330       0.0000002119534476
     34.5345345       0.0000002107238579
     34.6346359       0.0000002095048421
     34.7347336       0.0000002082966846
     34.8348351       0.0000002070986366
     34.9349365       0.0000002059110195
     35.0350342       0.0000002047336008
     35.1351357       0.0000002035662490
     35.2352371       0.0000002024086732
     35.3353348       0.0000002012612208
     35.4354362       0.0000002001234157
     35.5355339       0.0000001989952977
     35.6356354       0.0000001978764688
     35.7357368       0.0000001967674108
     35.8358345       0.0000001956675023
     35.9359360       0.0000001945767061
     36.0360374       0.0000001934950104
     36.1361351       0.0000001924223437
     36.2362366       0.0000001913587152
     36.3363380       0.0000001903036653
     36.4364357       0.0000001892573954
     36.5365372       0.0000001882197098
     36.6366348       0.0000001871905996
     36.7367363       0.0000001861700503
     36.8368378       0.0000001851576412
     36.9369354       0.0000001841535440
     37.0370369       0.0000001831573998
     37.1371384       0.0000001821696022
     37.2372360       0.0000001811897907
     37.3373375       0.0000001802174947
     37.4374390       0.0000001792533547
     37.5375366       0.0000001782968864
     37.6376381       0.0000001773478716
     37.7377396       0.0000001764065217
     37.8378372       0.0000001754729805
     37.9379387       0.0000001745462803
     38.0380363       0.0000001736272465
     38.1381378       0.0000001727153915
     38.2382393       0.0000001718106351
     38.3383369       0.0000001709130363
     38.4384384       0.0000001700225799
     38.5385399       0.0000001691389091
     38.6386375       0.0000001682620214
     38.7387390       0.0000001673922028
     38.8388405       0.0000001665288557
     38.9389381       0.0000001656722363
     39.0390396       0.0000001648223167
     39.1391373       0.0000001639787507
     39.2392387       0.0000001631419454
     39.3393402       0.0000001623113841
     39.4394379       0.0000001614870596
     39.5395393       0.0000001606690031
     39.6396408       0.0000001598571818
     39.7397385       0.0000001590514214
     39.8398399       0.0000001582521151
     39.9399414       0.0000001574584437
     40.0400391       0.0000001566709292
     40.1401405       0.0000001558890821
     40.2402420       0.0000001551133223
     40.3403397       0.0000001543432197
     40.4404411       0.0000001535787835
     40.5405388       0.0000001528201235
     40.6406403       0.0000001520670303
     40.7407417       0.0000001513195166
     40.8408394       0.0000001505776115
     40.9409409       0.0000001498410186
     41.0410423       0.0000001491098093
     41.1411400       0.0000001483840140
     41.2412415       0.0000001476633294
     41.3413429       0.0000001469481131
     41.4414406       0.0000001462380076
     41.5415421       0.0000001455329399
     41.6416397       0.0000001448329918
     41.7417412       0.0000001441382310
     41.8418427       0.0000001434482985
     41.9419403       0.0000001427633155
     42.0420418       0.0000001420833929
     42.1421432       0.0000001414082237
     42.2422409       0.0000001407377139
     42.3423424       0.0000001400721971
     42.4424438       0.0000001394112141
     42.5425415       0.0000001387550605
     42.6426430       0.0000001381033996
     42.7427444       0.0000001374563042
     42.8428421       0.0000001368139401
     42.9429436       0.0000001361758870
     43.0430412       0.0000001355422258
     43.1431427       0.0000001349131716
     43.2432442       0.0000001342883591
     43.3433418       0.0000001336679992
     43.4434433       0.0000001330518682
     43.5435448       0.0000001324399710
     43.6436424       0.0000001318323440
     43.7437439       0.0000001312287066
     43.8438454       0.0000001306294265
     43.9439430       0.0000001300341388
     44.0440445       0.0000001294429833
     44.1441460       0.0000001288558357
     44.2442436       0.0000001282725656
     44.3443451       0.0000001276932759
     44.4444427       0.0000001271181477
     44.5445442       0.0000001265466607
     44.6446457       0.0000001259789275
     44.7447433       0.0000001254152516
     44.8448448       0.0000001248552436
     44.9449463       0.0000001242988729
     45.0450439       0.0000001237463948
     45.1451454       0.0000001231976589
     45.2452469       0.0000001226523009
     45.3453445       0.0000001221107338
     45.4454460       0.0000001215727472
     45.5455437       0.0000001210381917
     45.6456451       0.0000001205072020
     45.7457466       0.0000001199798152
     45.8458443       0.0000001194557191
     45.9459457       0.0000001189352041
     46.0460472       0.0000001184179770
     46.1461449       0.0000001179041161
     46.2462463       0.0000001173936111
     46.3463478       0.0000001168864356
     46.4464455       0.0000001163825722
     46.5465469       0.0000001158819155
     46.6466484       0.0000001153844665
     46.7467461       0.0000001148902498
     46.8468475       0.0000001143990819
     46.9469452       0.0000001139112746
     47.0470467       0.0000001134264799
     47.1471481       0.0000001129447524
     47.2472458       0.0000001124660627
     47.3473473       0.0000001119904818
     47.4474487       0.0000001115179251
     47.5475464       0.0000001110482783
     47.6476479       0.0000001105816729
     47.7477493       0.0000001101178928
     47.8478470       0.0000001096570827
     47.9479485       0.0000001091991488
     48.0480499       0.0000001087441170
     48.1481476       0.0000001082920015
     48.2482491       0.0000001078425512
     48.3483467       0.0000001073959232
     48.4484482       0.0000001069521380
     48.5485497       0.0000001065110361
     48.6486473       0.0000001060727522
     48.7487488       0.0000001056371020
     48.8488503       0.0000001052040753
     48.9489479       0.0000001047737923
     49.0490494       0.0000001043460460
     49.1491508       0.0000001039208940
     49.2492485       0.0000001034985545
     49.3493500       0.0000001030785980
     49.4494476       0.0000001026612674
     49.5495491       0.0000001022465248
     49.6496506       0.0000001018340025
     49.7497482       0.0000001014242589
     49.8498497       0.0000001010169251
     49.9499512       0.0000001006119848
     50.0500488       0.0000001002095819
     50.1501503       0.0000000998094570
     50.2502518       0.0000000994117658
     50.3503494       0.0000000990165036
     50.4504509       0.0000000986235425
     50.5505524       0.0000000982329708
     50.6506500       0.0000000978446258
     50.7507515       0.0000000974586430
     50.8508492       0.0000000970749841
     50.9509506       0.0000000966935072
     51.0510521       0.0000000963143082
     51.1511497       0.0000000959373258
     51.2512512       0.0000000955624316
     51.3513527       0.0000000951899038
     51.4514503       0.0000000948195039
     51.5515518       0.0000000944513072
     51.6516533       0.0000000940852167
     51.7517509       0.0000000937212336
     51.8518524       0.0000000933593523
     51.9519501       0.0000000929995608
     52.0520515       0.0000000926417834
     52.1521530       0.0000000922861295
     52.2522507       0.0000000919326042
     52.3523521       0.0000000915810821
     52.4524536       0.0000000912314568
     52.5525513       0.0000000908838664
     52.6526527       0.0000000905383005
     52.7527542       0.0000000901948060
     52.8528519       0.0000000898531483
     52.9529533       0.0000000895133409
     53.0530548       0.0000000891756478
     53.1531525       0.0000000888397083
     53.2532539       0.0000000885057288
     53.3533516       0.0000000881736660
     53.4534531       0.0000000878433457
     53.5535545       0.0000000875149837
     53.6536522       0.0000000871884306
     53.7537537       0.0000000868637924
     53.8538551       0.0000000865407162
     53.9539528       0.0000000862196745
     54.0540543       0.0000000859003319
     54.1541557       0.0000000855828125
     54.2542534       0.0000000852669525
     54.3543549       0.0000000849529194
     54.4544525       0.0000000846406313
     54.5545540       0.0000000843300570
     54.6546555       0.0000000840210479
     54.7547531       0.0000000837139549
     54.8548546       0.0000000834084256
     54.9549561       0.0000000831045598
     55.0550537       0.0000000828023171
     55.1551552       0.0000000825017828
     55.2552567       0.0000000822028478
     55.3553543       0.0000000819055939
     55.4554558       0.0000000816099085
     55.5555573       0.0000000813157947
     55.6556549       0.0000000810233233
     55.7557564       0.0000000807324302
     55.8558540       0.0000000804430431
     55.9559555       0.0000000801552883
     56.0560570       0.0000000798690298
     56.1561546       0.0000000795843760
     56.2562561       0.0000000793011116
     56.3563576       0.0000000790193389
     56.4564552       0.0000000787392284
     56.5565567       0.0000000784604211
     56.6566582       0.0000000781832815
     56.7567558       0.0000000779074731
     56.8568573       0.0000000776331182
     56.9569588       0.0000000773602927
     57.0570564       0.0000000770888252
     57.1571579       0.0000000768189458
     57.2572556       0.0000000765502513
     57.3573570       0.0000000762830619
     57.4574585       0.0000000760172905
     57.5575562       0.0000000757529230
     57.6576576       0.0000000754899490
     57.7577591       0.0000000752282580
     57.8578568       0.0000000749679312
     57.9579582       0.0000000747090261
     58.0580597       0.0000000744514349
     58.1581573       0.0000000741951856
     58.2582588       0.0000000739402567
     58.3583565       0.0000000736865469
     58.4584579       0.0000000734342146
     58.5585594       0.0000000731832051
     58.6586571       0.0000000729334097
     58.7587585       0.0000000726849760
     58.8588600       0.0000000724377890
     58.9589577       0.0000000721917349
     59.0590591       0.0000000719470965
     59.1591606       0.0000000717036398
     59.2592583       0.0000000714614185
     59.3593597       0.0000000712203941
     59.4594612       0.0000000709806405
     59.5595589       0.0000000707420409
     59.6596603       0.0000000705046959
     59.7597580       0.0000000702685371
     59.8598595       0.0000000700334833
     59.9599609       0.0000000697997298
     60.0600586       0.0000000695670754
     60.1601601       0.0000000693355726
     60.2602615       0.0000000691052572
     60.3603592       0.0000000688760768
     60.4604607       0.0000000686480092
     60.5605621       0.0000000684211014
     60.6606598       0.0000000681953372
     60.7607613       0.0000000679706245
     60.8608627       0.0000000677470204
     60.9609604       0.0000000675246221
     61.0610619       0.0000000673031966
     61.1611595       0.0000000670829641
     61.2612610       0.0000000668637704
     61.3613625       0.0000000666456666
     61.4614601       0.0000000664285384
     61.5615616       0.0000000662125013
     61.6616631       0.0000000659975865
     61.7617607       0.0000000657836825
     61.8618622       0.0000000655707913
     61.9619637       0.0000000653589467
     62.0620613       0.0000000651481552
     62.1621628       0.0000000649384123
     62.2622604       0.0000000647295150
     62.3623619       0.0000000645218317
     62.4624634       0.0000000643149929
     62.5625610       0.0000000641092292
     62.6626625       0.0000000639043785
     62.7627640       0.0000000637006448
     62.8628616       0.0000000634977455
     62.9629631       0.0000000632958885
     63.0630646       0.0000000630949632
     63.1631622       0.0000000628950466
     63.2632637       0.0000000626959907
     63.3633652       0.0000000624979322
     63.4634628       0.0000000623007912
     63.5635643       0.0000000621046187
     63.6636620       0.0000000619093117
     63.7637634       0.0000000617149507
     63.8638649       0.0000000615214828
     63.9639626       0.0000000613289546
     64.0640640       0.0000000611374013
     64.1641617       0.0000000609466576
     64.2642670       0.0000000607567410
     64.3643646       0.0000000605678071
     64.4644623       0.0000000603797609
     64.5645676       0.0000000601925550
     64.6646652       0.0000000600061968
     64.7647629       0.0000000598207691
     64.8648682       0.0000000596361382
     64.9649658       0.0000000594524026
     65.0650635       0.0000000592694929
     65.1651688       0.0000000590873779
     65.2652664       0.0000000589061802
     65.3653641       0.0000000587258146
     65.4654617       0.0000000585462256
     65.5655670       0.0000000583674754
     65.6656647       0.0000000581895701
     65.7657623       0.0000000580124726
     65.8658676       0.0000000578361117
     65.9659653       0.0000000576606325
     66.0660629       0.0000000574859488
     66.1661682       0.0000000573120474
     66.2662659       0.0000000571388844
     66.3663635       0.0000000569665612
     66.4664688       0.0000000567950271
     66.5665665       0.0000000566241880
     66.6666641       0.0000000564541656
     66.7667694       0.0000000562849155
     66.8668671       0.0000000561163852
     66.9669647       0.0000000559487206
     67.0670700       0.0000000557816877
     67.1671677       0.0000000556154554
     67.2672653       0.0000000554499956
     67.3673706       0.0000000552851967
     67.4674683       0.0000000551211996
     67.5675659       0.0000000549579123
     67.6676712       0.0000000547953426
     67.7677689       0.0000000546334539
     67.8678665       0.0000000544722923
     67.9679642       0.0000000543118881
     68.0680695       0.0000000541521567
     68.1681671       0.0000000539931691
     68.2682648       0.0000000538348482
     68.3683701       0.0000000536772388
     68.4684677       0.0000000535202904
     68.5685654       0.0000000533640412
     68.6686707       0.0000000532085362
     68.7687683       0.0000000530536160
     68.8688660       0.0000000528994270
     68.9689713       0.0000000527458805
     69.0690689       0.0000000525930460
     69.1691666       0.0000000524408260
     69.2692719       0.0000000522892992
     69.3693695       0.0000000521384184
     69.4694672       0.0000000519881682
     69.5695724       0.0000000518385580
     69.6696701       0.0000000516896592
     69.7697678       0.0000000515413724
     69.8698730       0.0000000513936883
     69.9699707       0.0000000512466355
     70.0700684       0.0000000511003264
     70.1701736       0.0000000509545254
     70.2702713       0.0000000508093490
     70.3703690       0.0000000506648310
     70.4704742       0.0000000505208849
     70.5705719       0.0000000503776391
     70.6706696       0.0000000502349295
     70.7707672       0.0000000500928531
     70.8708725       0.0000000499513760
     70.9709702       0.0000000498104809
     71.0710678       0.0000000496701853
     71.1711731       0.0000000495304975
     71.2712708       0.0000000493913792
     71.3713684       0.0000000492528843
     71.4714737       0.0000000491149543
     71.5715714       0.0000000489775944
     71.6716690       0.0000000488408091
     71.7717743       0.0000000487045655
     71.8718719       0.0000000485689063
     71.9719696       0.0000000484338558
     72.0720749       0.0000000482993471
     72.1721725       0.0000000481653809
     72.2722702       0.0000000480320072
     72.3723755       0.0000000478991238
     72.4724731       0.0000000477668454
     72.5725708       0.0000000476350999
     72.6726761       0.0000000475038794
     72.7727737       0.0000000473731955
     72.8728714       0.0000000472430880
     72.9729767       0.0000000471134951
     73.0730743       0.0000000469844427
     73.1731720       0.0000000468559273
     73.2732697       0.0000000467279817
     73.3733749       0.0000000466004559
     73.4734726       0.0000000464734900
     73.5735703       0.0000000463470902
     73.6736755       0.0000000462211521
     73.7737732       0.0000000460956950
     73.8738708       0.0000000459708134
     73.9739761       0.0000000458464535
     74.0740738       0.0000000457225809
     74.1741714       0.0000000455991770
     74.2742767       0.0000000454762793
     74.3743744       0.0000000453539190
     74.4744720       0.0000000452320216
     74.5745773       0.0000000451106113
     74.6746750       0.0000000449896548
     74.7747726       0.0000000448692473
     74.8748779       0.0000000447493240
     74.9749756       0.0000000446298396
     75.0750732       0.0000000445108423
     75.1751785       0.0000000443923320
     75.2752762       0.0000000442742818
     75.3753738       0.0000000441566644
     75.4754791       0.0000000440396063
     75.5755768       0.0000000439229625
     75.6756744       0.0000000438067489
     75.7757721       0.0000000436910519
     75.8758774       0.0000000435758283
     75.9759750       0.0000000434610349
     76.0760727       0.0000000433466854
     76.1761780       0.0000000432327420
     76.2762756       0.0000000431192959
     76.3763733       0.0000000430062974
     76.4764786       0.0000000428937422
     76.5765762       0.0000000427816339
     76.6766739       0.0000000426699231
     76.7767792       0.0000000425586839
     76.8768768       0.0000000424478923
     76.9769745       0.0000000423375486
     77.0770798       0.0000000422275699
     77.1771774       0.0000000421180486
     77.2772751       0.0000000420089965
     77.3773804       0.0000000419002823
     77.4774780       0.0000000417920341
     77.5775757       0.0000000416841819
     77.6776810       0.0000000415767878
     77.7777786       0.0000000414697507
     77.8778763       0.0000000413631914
     77.9779816       0.0000000412570329
     78.0780792       0.0000000411512933
     78.1781769       0.0000000410459232
     78.2782745       0.0000000409409542
     78.3783798       0.0000000408363715
     78.4784775       0.0000000407322031
     78.5785751       0.0000000406284865
     78.6786804       0.0000000405251449
     78.7787781       0.0000000404221797
     78.8788757       0.0000000403196031
     78.9789810       0.0000000402174080
     79.0790787       0.0000000401156070
     79.1791763       0.0000000400142056
     79.2792816       0.0000000399131836
     79.3793793       0.0000000398125429
     79.4794769       0.0000000397122807
     79.5795822       0.0000000396123968
     79.6796799       0.0000000395128529
     79.7797775       0.0000000394137417
     79.8798828       0.0000000393149808
     79.9799805       0.0000000392165607
     80.0800781       0.0000000391185474
     80.1801834       0.0000000390208781
     80.2802811       0.0000000389235936
     80.3803787       0.0000000388266835
     80.4804840       0.0000000387301060
     80.5805817       0.0000000386339162
     80.6806793       0.0000000385381045
     80.7807770       0.0000000384425910
     80.8808823       0.0000000383474614
     80.9809799       0.0000000382526582
     81.0810776       0.0000000381582085
     81.1811829       0.0000000380641577
     81.2812805       0.0000000379704176
     81.3813782       0.0000000378770193
     81.4814835       0.0000000377839856
     81.5815811       0.0000000376912874
     81.6816788       0.0000000375989090
     81.7817841       0.0000000375068687
     81.8818817       0.0000000374151694
     81.9819794       0.0000000373238260
     82.0820847       0.0000000372328444
     82.1821823       0.0000000371421589
     82.2822800       0.0000000370517958
     82.3823853       0.0000000369617788
     82.4824829       0.0000000368720791
     82.5825806       0.0000000367827016
     82.6826859       0.0000000366936672
     82.7827835       0.0000000366049560
     82.8828812       0.0000000365165580
     82.9829865       0.0000000364284841
     83.0830841       0.0000000363407213
     83.1831818       0.0000000362532573
     83.2832794       0.0000000361661136
     83.3833847       0.0000000360793070
     83.4834824       0.0000000359928227
     83.5835800       0.0000000359065935
     83.6836853       0.0000000358207609
     83.7837830       0.0000000357351546
     83.8838806       0.0000000356499063
     83.9839859       0.0000000355649413
     84.0840836       0.0000000354802470
     84.1841812       0.0000000353959156
     84.2842865       0.0000000353118783
     84.3843842       0.0000000352281086
     84.4844818       0.0000000351446217
     84.5845871       0.0000000350614762
     84.6846848       0.0000000349786123
     84.7847824       0.0000000348960280
     84.8848877       0.0000000348137151
     84.9849854       0.0000000347317370
     85.0850830       0.0000000346500261
     85.1851883       0.0000000345686145
     85.2852859       0.0000000344874992
     85.3853836       0.0000000344066368
     85.4854889       0.0000000343260982
     85.5855865       0.0000000342458077
     85.6856842       0.0000000341658560
     85.7857895       0.0000000340861165
     85.8858871       0.0000000340066630
     85.9859848       0.0000000339275033
     86.0860825       0.0000000338486041
     86.1861877       0.0000000337700084
     86.2862854       0.0000000336916924
     86.3863831       0.0000000336136186
     86.4864883       0.0000000335357898
     86.5865860       0.0000000334582897
     86.6866837       0.0000000333810568
     86.7867889       0.0000000333040507
     86.8868866       0.0000000332273244
     86.9869843       0.0000000331508759
     87.0870895       0.0000000330746820
     87.1871872       0.0000000329987121
     87.2872849       0.0000000329230538
     87.3873901       0.0000000328476458
     87.4874878       0.0000000327725373
     87.5875854       0.0000000326976115
     87.6876907       0.0000000326230101
     87.7877884       0.0000000325486104
     87.8878860       0.0000000324744986
     87.9879913       0.0000000324006093
     88.0880890       0.0000000323269634
     88.1881866       0.0000000322536000
     88.2882919       0.0000000321805044
     88.3883896       0.0000000321076328
     88.4884872       0.0000000320349870
     88.5885849       0.0000000319626071
     88.6886902       0.0000000318904855
     88.7887878       0.0000000318185972
     88.8888855       0.0000000317469469
     88.9889908       0.0000000316755245
     89.0890884       0.0000000316043597
     89.1891861       0.0000000315334510
     89.2892914       0.0000000314627321
     89.3893890       0.0000000313923044
     89.4894867       0.0000000313220798
     89.5895920       0.0000000312521317
     89.6896896       0.0000000311823917
     89.7897873       0.0000000311128736
     89.8898926       0.0000000310436120
     89.9899902       0.0000000309745556
     90.0900879       0.0000000309057341
     90.1901932       0.0000000308371466
     90.2902908       0.0000000307687696
     90.3903885       0.0000000307006279
     90.4904938       0.0000000306327379
     90.5905914       0.0000000305650566
     90.6906891       0.0000000304975915
     90.7907944       0.0000000304303456
     90.8908920       0.0000000303633334
     90.9909897       0.0000000302965387
     91.0910873       0.0000000302299921
     91.1911926       0.0000000301636327
     91.2912903       0.0000000300974958
     91.3913879       0.0000000300315812
     91.4914932       0.0000000299658623
     91.5915909       0.0000000299003706
     91.6916885       0.0000000298351300
     91.7917938       0.0000000297700390
     91.8918915       0.0000000297052243
     91.9919891       0.0000000296405849
     92.0920944       0.0000000295761552
     92.1921921       0.0000000295119480
     92.2922897       0.0000000294479443
     92.3923950       0.0000000293841506
     92.4924927       0.0000000293205668
     92.5925903       0.0000000292571866
     92.6926956       0.0000000291940131
     92.7927933       0.0000000291310402
     92.8928909       0.0000000290682664
     92.9929962       0.0000000290057038
     93.0930939       0.0000000289433387
     93.1931915       0.0000000288811865
     93.2932968       0.0000000288191948
     93.3933945       0.0000000287574406
     93.4934921       0.0000000286958774
     93.5935898       0.0000000286345211
     93.6936951       0.0000000285733527
     93.7937927       0.0000000285123711
     93.8938904       0.0000000284515885
     93.9939957       0.0000000283910028
     94.0940933       0.0000000283306208
     94.1941910       0.0000000282704029
     94.2942963       0.0000000282103833
     94.3943939       0.0000000281505747
     94.4944916       0.0000000280909335
     94.5945969       0.0000000280315008
     94.6946945       0.0000000279722758
     94.7947922       0.0000000279131853
     94.8948975       0.0000000278543135
     94.9949951       0.0000000277956272
     95.0950928       0.0000000277371579
     95.1951981       0.0000000276788071
     95.2952957       0.0000000276206872
     95.3953934       0.0000000275627359
     95.4954987       0.0000000275049732
     95.5955963       0.0000000274473622
     95.6956940       0.0000000273899744
     95.7957993       0.0000000273327339
     95.8958969       0.0000000272756981
     95.9959946       0.0000000272188019
     96.0960999       0.0000000271620974
     96.1961975       0.0000000271056119
     96.2962952       0.0000000270492745
     96.3963928       0.0000000269930996
     96.4964981       0.0000000269371069
     96.5965958       0.0000000268812991
     96.6966934       0.0000000268256558
     96.7967987       0.0000000267701768
     96.8968964       0.0000000267148702
     96.9969940       0.0000000266597392
     97.0970993       0.0000000266047966
     97.1971970       0.0000000265500025
     97.2972946       0.0000000264953761
     97.3973999       0.0000000264409190
     97.4974976       0.0000000263866705
     97.5975952       0.0000000263325362
     97.6977005       0.0000000262785790
     97.7977982       0.0000000262247927
     97.8978958       0.0000000261711960
     97.9980011       0.0000000261177326
     98.0980988       0.0000000260644399
     98.1981964       0.0000000260113196
     98.2983017       0.0000000259583499
     98.3983994       0.0000000259055447
     98.4984970       0.0000000258528979
     98.5986023       0.0000000258004340
     98.6987000       0.0000000257481131
     98.7987976       0.0000000256959475
     98.8988953       0.0000000256439416
     98.9990005       0.0000000255921261
     99.0990982       0.0000000255404368
     99.1991959       0.0000000254888769
     99.2993011       0.0000000254375192
     99.3993988       0.0000000253862971
     99.4994965       0.0000000253352301
     99.5996017       0.0000000252843088
     99.6996994       0.0000000252335235
     99.7997971       0.0000000251829446
     99.8999023       0.0000000251324586
    100.0000000       0.0000000250821582
