# x		H(x,a)
      0.0000000       1.0000000000000000
      0.1001001       0.9900299906730652
      0.2002002       0.9607124924659729
      0.3003003       0.9137664437294006
      0.4004004       0.8518707156181335
      0.5005005       0.7784109115600586
      0.6006006       0.6971734166145325
      0.7007007       0.6120254397392273
      0.8008008       0.5266169309616089
      0.9009009       0.4441368877887726
      1.0010010       0.3671607974582509
      1.1011012       0.2975248366781103
      1.2012012       0.2363229888692731
      1.3013012       0.1839928957164471
      1.4014014       0.1404136154581679
      1.5015016       0.1050352536782108
      1.6016016       0.0770170230981145
      1.7017016       0.0553574855606750
      1.8018018       0.0390051604349451
      1.9019020       0.0269433447327566
      2.0020020       0.0182476246685544
      2.1021020       0.0121185205530984
      2.2022023       0.0078936814391837
      2.3023024       0.0050449171667974
      2.4024024       0.0031653650703055
      2.5025024       0.0019516338757003
      2.6026025       0.0011842721538953
      2.7027028       0.0007090845545721
      2.8028028       0.0004207082222065
      2.9029028       0.0002490546338547
      3.0030031       0.0001487044932745
      3.1031032       0.0000909635841437
      3.2032032       0.0000581471992324
      3.3033032       0.0000396166973647
      3.4034033       0.0000291215241420
      3.5035036       0.0000230721336029
      3.6036036       0.0000194520547785
      3.7037036       0.0000171516208959
      3.8038039       0.0000155715480437
      3.9039040       0.0000143931268125
      4.0040040       0.0000134485567765
      4.1041040       0.0000126496106428
      4.2042041       0.0000119492700134
      4.3043041       0.0000113215936862
      4.4044046       0.0000107514397918
      4.5045047       0.0000102291627588
      4.6046047       0.0000097480772044
      4.7047048       0.0000093031450426
      4.8048048       0.0000088903427686
      4.9049048       0.0000085063245704
      5.0050049       0.0000081482250330
      5.1051049       0.0000078135660784
      5.2052050       0.0000075001957956
      5.3053055       0.0000072062110897
      5.4054055       0.0000069299289417
      5.5055056       0.0000066698697744
      5.6056056       0.0000064247142873
      5.7057056       0.0000061932530490
      5.8058057       0.0000059744489660
      5.9059057       0.0000057673423423
      6.0060062       0.0000055710606538
      6.1061063       0.0000053848499810
      6.2062063       0.0000052079933509
      6.3063064       0.0000050398493517
      6.4064064       0.0000048798336752
      6.5065064       0.0000047274173348
      6.6066065       0.0000045821101821
      6.7067065       0.0000044434665860
      6.8068066       0.0000043110750758
      6.9069071       0.0000041845511053
      7.0070071       0.0000040635504771
      7.1071072       0.0000039477577234
      7.2072072       0.0000038368636516
      7.3073072       0.0000037305886118
      7.4074073       0.0000036286906229
      7.5075073       0.0000035309142897
      7.6076078       0.0000034370481217
      7.7077079       0.0000033468798772
      7.8078079       0.0000032602178610
      7.9079080       0.0000031768796295
      8.0080080       0.0000030966976269
      8.1081085       0.0000030195166452
      8.2082081       0.0000029451827888
      8.3083086       0.0000028735604687
      8.4084082       0.0000028045189023
      8.5085087       0.0000027379307757
      8.6086082       0.0000026736898293
      8.7087088       0.0000026116791365
      8.8088093       0.0000025517987983
      8.9089088       0.0000024939525169
      9.0090094       0.0000024380483810
      9.1091089       0.0000023840031525
      9.2092094       0.0000023317322194
      9.3093090       0.0000022811583460
      9.4094095       0.0000022322114329
      9.5095091       0.0000021848219023
      9.6096096       0.0000021389260648
      9.7097101       0.0000020944579827
      9.8098097       0.0000020513605450
      9.9099102       0.0000020095809393
     10.0100098       0.0000019690604558
     10.1101103       0.0000019297511734
     10.2102098       0.0000018916099798
     10.3103104       0.0000018545859275
     10.4104099       0.0000018186390989
     10.5105104       0.0000017837244427
     10.6106110       0.0000017498072998
     10.7107105       0.0000017168464783
     10.8108110       0.0000016848062924
     10.9109106       0.0000016536550128
     11.0110111       0.0000016233596998
     11.1111107       0.0000015938890157
     11.2112112       0.0000015652136474
     11.3113117       0.0000015373054946
     11.4114113       0.0000015101368982
     11.5115118       0.0000014836809328
     11.6116114       0.0000014579130002
     11.7117119       0.0000014328126661
     11.8118114       0.0000014083541207
     11.9119120       0.0000013845160825
     12.0120125       0.0000013612789971
     12.1121120       0.0000013386205510
     12.2122126       0.0000013165257094
     12.3123121       0.0000012949722039
     12.4124126       0.0000012739433214
     12.5125122       0.0000012534233992
     12.6126127       0.0000012333949104
     12.7127123       0.0000012138431308
     12.8128128       0.0000011947534062
     12.9129133       0.0000011761100562
     13.0130129       0.0000011578998041
     13.1131134       0.0000011401081121
     13.2132130       0.0000011227246019
     13.3133135       0.0000011057355355
     13.4134130       0.0000010891317226
     13.5135136       0.0000010728962512
     13.6136131       0.0000010570224557
     13.7137136       0.0000010414991147
     13.8138142       0.0000010263151719
     13.9139137       0.0000010114595493
     14.0140142       0.0000009969260008
     14.1141138       0.0000009827042575
     14.2142143       0.0000009687839084
     14.3143139       0.0000009551568159
     14.4144144       0.0000009418159145
     14.5145149       0.0000009287534649
     14.6146145       0.0000009159607922
     14.7147150       0.0000009034313416
     14.8148146       0.0000008911567588
     14.9149151       0.0000008791302144
     15.0150146       0.0000008673475902
     15.1151152       0.0000008557979866
     15.2152157       0.0000008444795978
     15.3153152       0.0000008333840239
     15.4154158       0.0000008225057479
     15.5155153       0.0000008118394042
     15.6156158       0.0000008013789346
     15.7157154       0.0000007911208096
     15.8158159       0.0000007810577927
     15.9159155       0.0000007711854728
     16.0160160       0.0000007614992545
     16.1161156       0.0000007519954858
     16.2162170       0.0000007426680530
     16.3163166       0.0000007335134894
     16.4164162       0.0000007245264533
     16.5165157       0.0000007157051628
     16.6166172       0.0000007070431042
     16.7167168       0.0000006985376560
     16.8168163       0.0000006901854753
     16.9169178       0.0000006819821251
     17.0170174       0.0000006739242573
     17.1171169       0.0000006660083199
     17.2172165       0.0000006582316786
     17.3173180       0.0000006505896743
     17.4174175       0.0000006430810116
     17.5175171       0.0000006357019349
     17.6176186       0.0000006284481189
     17.7177181       0.0000006213188746
     17.8178177       0.0000006143103767
     17.9179173       0.0000006074193645
     18.0180187       0.0000006006437947
     18.1181183       0.0000005939817657
     18.2182178       0.0000005874296858
     18.3183174       0.0000005809860331
     18.4184189       0.0000005746471989
     18.5185184       0.0000005684115516
     18.6186180       0.0000005622772813
     18.7187195       0.0000005562426432
     18.8188190       0.0000005503037053
     18.9189186       0.0000005444597233
     19.0190182       0.0000005387082514
     19.1191196       0.0000005330480621
     19.2192192       0.0000005274766165
     19.3193188       0.0000005219917523
     19.4194202       0.0000005165925339
     19.5195198       0.0000005112768474
     19.6196194       0.0000005060427446
     19.7197189       0.0000005008881719
     19.8198204       0.0000004958121858
     19.9199200       0.0000004908138840
     20.0200195       0.0000004858901141
     20.1201210       0.0000004810399322
     20.2202206       0.0000004762626959
     20.3203201       0.0000004715560686
     20.4204197       0.0000004669190701
     20.5205212       0.0000004623502689
     20.6206207       0.0000004578477404
     20.7207203       0.0000004534114109
     20.8208199       0.0000004490387566
     20.9209213       0.0000004447298584
     21.0210209       0.0000004404824376
     21.1211205       0.0000004362952412
     21.2212219       0.0000004321676480
     21.3213215       0.0000004280986506
     21.4214211       0.0000004240866279
     21.5215206       0.0000004201315017
     21.6216221       0.0000004162309794
     21.7217216       0.0000004123847830
     21.8218212       0.0000004085909454
     21.9219227       0.0000004048499506
     22.0220222       0.0000004011604412
     22.1221218       0.0000003975206070
     22.2222214       0.0000003939305609
     22.3223228       0.0000003903888330
     22.4224224       0.0000003868943552
     22.5225220       0.0000003834470532
     22.6226234       0.0000003800455618
     22.7227230       0.0000003766890884
     22.8228226       0.0000003733771356
     22.9229221       0.0000003701085092
     23.0230236       0.0000003668826640
     23.1231232       0.0000003636991797
     23.2232227       0.0000003605568547
     23.3233242       0.0000003574546882
     23.4234238       0.0000003543926409
     23.5235233       0.0000003513702425
     23.6236229       0.0000003483859042
     23.7237244       0.0000003454399121
     23.8238239       0.0000003425308156
     23.9239235       0.0000003396584245
     24.0240250       0.0000003368216794
     24.1241245       0.0000003340210652
     24.2242241       0.0000003312546524
     24.3243237       0.0000003285227948
     24.4244251       0.0000003258243747
     24.5245247       0.0000003231595334
     24.6246243       0.0000003205271843
     24.7247238       0.0000003179266079
     24.8248253       0.0000003153580115
     24.9249249       0.0000003128199111
     25.0250244       0.0000003103127125
     25.1251259       0.0000003078354852
     25.2252254       0.0000003053880076
     25.3253250       0.0000003029695911
     25.4254246       0.0000003005793535
     25.5255260       0.0000002982177951
     25.6256256       0.0000002958837010
     25.7257252       0.0000002935770821
     25.8258266       0.0000002912974182
     25.9259262       0.0000002890442127
     26.0260258       0.0000002868168189
     26.1261253       0.0000002846155590
     26.2262268       0.0000002824392317
     26.3263264       0.0000002802876655
     26.4264259       0.0000002781608589
     26.5265274       0.0000002760578169
     26.6266270       0.0000002739791038
     26.7267265       0.0000002719235983
     26.8268261       0.0000002698911253
     26.9269276       0.0000002678814313
     27.0270271       0.0000002658939108
     27.1271267       0.0000002639286669
     27.2272263       0.0000002619850683
     27.3273277       0.0000002600629121
     27.4274273       0.0000002581619899
     27.5275269       0.0000002562816600
     27.6276283       0.0000002544217112
     27.7277279       0.0000002525822393
     27.8278275       0.0000002507624976
     27.9279270       0.0000002489622618
     28.0280285       0.0000002471816335
     28.1281281       0.0000002454196916
     28.2282276       0.0000002436770707
     28.3283291       0.0000002419523961
     28.4284286       0.0000002402463957
     28.5285282       0.0000002385580995
     28.6286278       0.0000002368877876
     28.7287292       0.0000002352348066
     28.8288288       0.0000002335991300
     28.9289284       0.0000002319805014
     29.0290298       0.0000002303785366
     29.1291294       0.0000002287932426
     29.2292290       0.0000002272242107
     29.3293285       0.0000002256714774
     29.4294300       0.0000002241344917
     29.5295296       0.0000002226130091
     29.6296291       0.0000002211070517
     29.7297306       0.0000002196163699
     29.8298302       0.0000002181406144
     29.9299297       0.0000002166798330
     30.0300293       0.0000002152338478
     30.1301308       0.0000002138017964
     30.2302303       0.0000002123844931
     30.3303299       0.0000002109809744
     30.4304314       0.0000002095915421
     30.5305309       0.0000002082156496
     30.6306305       0.0000002068532253
     30.7307301       0.0000002055043446
     30.8308315       0.0000002041684555
     30.9309311       0.0000002028455697
     31.0310307       0.0000002015356455
     31.1311302       0.0000002002382000
     31.2312317       0.0000001989533375
     31.3313313       0.0000001976809033
     31.4314308       0.0000001964204356
     31.5315323       0.0000001951721126
     31.6316319       0.0000001939357133
     31.7317314       0.0000001927108228
     31.8318310       0.0000001914978177
     31.9319324       0.0000001902957947
     32.0320320       0.0000001891054095
     32.1321335       0.0000001879263679
     32.2322311       0.0000001867579216
     32.3323326       0.0000001856005595
     32.4324341       0.0000001844537362
     32.5325317       0.0000001833177306
     32.6326332       0.0000001821921104
     32.7327309       0.0000001810767054
     32.8328323       0.0000001799716156
     32.9329338       0.0000001788766073
     33.0330315       0.0000001777915521
     33.1331329       0.0000001767164038
     33.2332344       0.0000001756512007
     33.3333321       0.0000001745953642
     33.4334335       0.0000001735489693
     33.5335350       0.0000001725120421
     33.6336327       0.0000001714842863
     33.7337341       0.0000001704657367
     33.8338356       0.0000001694564045
     33.9339333       0.0000001684558170
     34.0340347       0.0000001674641017
     34.1341324       0.0000001664814445
     34.2342339       0.0000001655070157
     34.3343353       0.0000001645410826
     34.4344330       0.0000001635838827
     34.5345345       0.0000001626348705
     34.6346359       0.0000001616940587
     34.7347336       0.0000001607616060
     34.8348351       0.0000001598369578
     34.9349365       0.0000001589203672
     35.0350342       0.0000001580116530
     35.1351357       0.0000001571106934
     35.2352371       0.0000001562172945
     35.3353348       0.0000001553316940
     35.4354362       0.0000001544535413
     35.5355339       0.0000001535828777
     35.6356354       0.0000001527193756
     35.7357368       0.0000001518634135
     35.8358345       0.0000001510145112
     35.9359360       0.0000001501726376
     36.0360374       0.0000001493378009
     36.1361351       0.0000001485099386
     36.2362366       0.0000001476890255
     36.3363380       0.0000001468747542
     36.4364357       0.0000001460672427
     36.5365372       0.0000001452663694
     36.6366348       0.0000001444721120
     36.7367363       0.0000001436844540
     36.8368378       0.0000001429031036
     36.9369354       0.0000001421281530
     37.0370369       0.0000001413593104
     37.1371384       0.0000001405969621
     37.2372360       0.0000001398407382
     37.3373375       0.0000001390903313
     37.4374390       0.0000001383462119
     37.5375366       0.0000001376080294
     37.6376381       0.0000001368755717
     37.7377396       0.0000001361490530
     37.8378372       0.0000001354285584
     37.9379387       0.0000001347133405
     38.0380363       0.0000001340040354
     38.1381378       0.0000001333002624
     38.2382393       0.0000001326019845
     38.3383369       0.0000001319092247
     38.4384384       0.0000001312219750
     38.5385399       0.0000001305399701
     38.6386375       0.0000001298631878
     38.7387390       0.0000001291918849
     38.8388405       0.0000001285255474
     38.9389381       0.0000001278644229
     39.0390396       0.0000001272084568
     39.1391373       0.0000001265574069
     39.2392387       0.0000001259115772
     39.3393402       0.0000001252705380
     39.4394379       0.0000001246343360
     39.5395393       0.0000001240029714
     39.6396408       0.0000001233764058
     39.7397385       0.0000001227545391
     39.8398399       0.0000001221376300
     39.9399414       0.0000001215250876
     40.0400391       0.0000001209172919
     40.1401405       0.0000001203138692
     40.2402420       0.0000001197151456
     40.3403397       0.0000001191207893
     40.4404411       0.0000001185307913
     40.5405388       0.0000001179452670
     40.6406403       0.0000001173640360
     40.7407417       0.0000001167871187
     40.8408394       0.0000001162145212
     40.9409409       0.0000001156460153
     41.0410423       0.0000001150816780
     41.1411400       0.0000001145215148
     41.2412415       0.0000001139652936
     41.3413429       0.0000001134133012
     41.4414406       0.0000001128652357
     41.5415421       0.0000001123210824
     41.6416397       0.0000001117808688
     41.7417412       0.0000001112446562
     41.8418427       0.0000001107121770
     41.9419403       0.0000001101835164
     42.0420418       0.0000001096587524
     42.1421432       0.0000001091376674
     42.2422409       0.0000001086201802
     42.3423424       0.0000001081065187
     42.4424438       0.0000001075963893
     42.5425415       0.0000001070899691
     42.6426430       0.0000001065870359
     42.7427444       0.0000001060876114
     42.8428421       0.0000001055918304
     42.9429436       0.0000001050993956
     43.0430412       0.0000001046103349
     43.1431427       0.0000001041248386
     43.2432442       0.0000001036426116
     43.3433418       0.0000001031638180
     43.4434433       0.0000001026882961
     43.5435448       0.0000001022160471
     43.6436424       0.0000001017470775
     43.7437439       0.0000001012811977
     43.8438454       0.0000001008186826
     43.9439430       0.0000001003592470
     44.0440445       0.0000000999029920
     44.1441460       0.0000000994498279
     44.2442436       0.0000000989996710
     44.3443451       0.0000000985525796
     44.4444427       0.0000000981087028
     44.5445442       0.0000000976676347
     44.6446457       0.0000000972294657
     44.7447433       0.0000000967944177
     44.8448448       0.0000000963622137
     44.9449463       0.0000000959328058
     45.0450439       0.0000000955064159
     45.1451454       0.0000000950829047
     45.2452469       0.0000000946620101
     45.3453445       0.0000000942440290
     45.4454460       0.0000000938288135
     45.5455437       0.0000000934162416
     45.6456451       0.0000000930064381
     45.7457466       0.0000000925993966
     45.8458443       0.0000000921949087
     45.9459457       0.0000000917931773
     46.0460472       0.0000000913939895
     46.1461449       0.0000000909973899
     46.2462463       0.0000000906033909
     46.3463478       0.0000000902119506
     46.4464455       0.0000000898230872
     46.5465469       0.0000000894366830
     46.6466484       0.0000000890527452
     46.7467461       0.0000000886713118
     46.8468475       0.0000000882922402
     46.9469452       0.0000000879157574
     47.0470467       0.0000000875415997
     47.1471481       0.0000000871698061
     47.2472458       0.0000000868003513
     47.3473473       0.0000000864332942
     47.4474487       0.0000000860685860
     47.5475464       0.0000000857061163
     47.6476479       0.0000000853459938
     47.7477493       0.0000000849880592
     47.8478470       0.0000000846324077
     47.9479485       0.0000000842789782
     48.0480499       0.0000000839277872
     48.1481476       0.0000000835788464
     48.2482491       0.0000000832319567
     48.3483467       0.0000000828872643
     48.4484482       0.0000000825447453
     48.5485497       0.0000000822043181
     48.6486473       0.0000000818660518
     48.7487488       0.0000000815298176
     48.8488503       0.0000000811956054
     48.9489479       0.0000000808635250
     49.0490494       0.0000000805333864
     49.1491508       0.0000000802052639
     49.2492485       0.0000000798793030
     49.3493500       0.0000000795551808
     49.4494476       0.0000000792330925
     49.5495491       0.0000000789129989
     49.6496506       0.0000000785946105
     49.7497482       0.0000000782783813
     49.8498497       0.0000000779640032
     49.9499512       0.0000000776514770
     50.0500488       0.0000000773409023
     50.1501503       0.0000000770320872
     50.2502518       0.0000000767251573
     50.3503494       0.0000000764200972
     50.4504509       0.0000000761168051
     50.5505524       0.0000000758153760
     50.6506500       0.0000000755156430
     50.7507515       0.0000000752177552
     50.8508492       0.0000000749216506
     50.9509506       0.0000000746272238
     51.0510521       0.0000000743345684
     51.1511497       0.0000000740436132
     51.2512512       0.0000000737542753
     51.3513527       0.0000000734667611
     51.4514503       0.0000000731808922
     51.5515518       0.0000000728967137
     51.6516533       0.0000000726141682
     51.7517509       0.0000000723332518
     51.8518524       0.0000000720539584
     51.9519501       0.0000000717762700
     52.0520515       0.0000000715001456
     52.1521530       0.0000000712256518
     52.2522507       0.0000000709527990
     52.3523521       0.0000000706815028
     52.4524536       0.0000000704116619
     52.5525513       0.0000000701433893
     52.6526527       0.0000000698766870
     52.7527542       0.0000000696115820
     52.8528519       0.0000000693478969
     52.9529533       0.0000000690856348
     53.0530548       0.0000000688250072
     53.1531525       0.0000000685657391
     53.2532539       0.0000000683079668
     53.3533516       0.0000000680516857
     53.4534531       0.0000000677967427
     53.5535545       0.0000000675433155
     53.6536522       0.0000000672912859
     53.7537537       0.0000000670407361
     53.8538551       0.0000000667913881
     53.9539528       0.0000000665436124
     54.0540543       0.0000000662971449
     54.1541557       0.0000000660520877
     54.2542534       0.0000000658083141
     54.3543549       0.0000000655659389
     54.4544525       0.0000000653249238
     54.5545540       0.0000000650852188
     54.6546555       0.0000000648467308
     54.7547531       0.0000000646097215
     54.8548546       0.0000000643739070
     54.9549561       0.0000000641394011
     55.0550537       0.0000000639061260
     55.1551552       0.0000000636741697
     55.2552567       0.0000000634434540
     55.3553543       0.0000000632140388
     55.4554558       0.0000000629858333
     55.5555573       0.0000000627588367
     55.6556549       0.0000000625331131
     55.7557564       0.0000000623086011
     55.8558540       0.0000000620852575
     55.9559555       0.0000000618631692
     56.0560570       0.0000000616422381
     56.1561546       0.0000000614225423
     56.2562561       0.0000000612039204
     56.3563576       0.0000000609864568
     56.4564552       0.0000000607702664
     56.5565567       0.0000000605550866
     56.6566582       0.0000000603411897
     56.7567558       0.0000000601283235
     56.8568573       0.0000000599165802
     56.9569588       0.0000000597060198
     57.0570564       0.0000000594964956
     57.1571579       0.0000000592882054
     57.2572556       0.0000000590808356
     57.3573570       0.0000000588746172
     57.4574585       0.0000000586694933
     57.5575562       0.0000000584654614
     57.6576576       0.0000000582624985
     57.7577591       0.0000000580605315
     57.8578568       0.0000000578596123
     57.9579582       0.0000000576597874
     58.0580597       0.0000000574609799
     58.1581573       0.0000000572632146
     58.2582588       0.0000000570664598
     58.3583565       0.0000000568706496
     58.4584579       0.0000000566759020
     58.5585594       0.0000000564821770
     58.6586571       0.0000000562893850
     58.7587585       0.0000000560976446
     58.8588600       0.0000000559068665
     58.9589577       0.0000000557169677
     59.0590591       0.0000000555281578
     59.1591606       0.0000000553402654
     59.2592583       0.0000000551533174
     59.3593597       0.0000000549672934
     59.4594612       0.0000000547822577
     59.5595589       0.0000000545980998
     59.6596603       0.0000000544149249
     59.7597580       0.0000000542326576
     59.8598595       0.0000000540512503
     59.9599609       0.0000000538708327
     60.0600586       0.0000000536912754
     60.1601601       0.0000000535126083
     60.2602615       0.0000000533348473
     60.3603592       0.0000000531579671
     60.4604607       0.0000000529819456
     60.5605621       0.0000000528068275
     60.6606598       0.0000000526325843
     60.7607613       0.0000000524591498
     60.8608627       0.0000000522865750
     60.9609604       0.0000000521149315
     61.0610619       0.0000000519440350
     61.1611595       0.0000000517740603
     61.2612610       0.0000000516048920
     61.3613625       0.0000000514365582
     61.4614601       0.0000000512689790
     61.5615616       0.0000000511022437
     61.6616631       0.0000000509363734
     61.7617607       0.0000000507712884
     61.8618622       0.0000000506069826
     61.9619637       0.0000000504434774
     62.0620613       0.0000000502807938
     62.1621628       0.0000000501189160
     62.2622604       0.0000000499576886
     62.3623619       0.0000000497974013
     62.4624634       0.0000000496377674
     62.5625610       0.0000000494789599
     62.6626625       0.0000000493208560
     62.7627640       0.0000000491636128
     62.8628616       0.0000000490070154
     62.9629631       0.0000000488512236
     63.0630646       0.0000000486961564
     63.1631622       0.0000000485418665
     63.2632637       0.0000000483882359
     63.3633652       0.0000000482353748
     63.4634628       0.0000000480832199
     63.5635643       0.0000000479318170
     63.6636620       0.0000000477810821
     63.7637634       0.0000000476310714
     63.8638649       0.0000000474817579
     63.9639626       0.0000000473331686
     64.0640640       0.0000000471853257
     64.1641617       0.0000000470381099
     64.2642670       0.0000000468915319
     64.3643646       0.0000000467457194
     64.4644623       0.0000000466005866
     64.5645676       0.0000000464560989
     64.6646652       0.0000000463122714
     64.7647629       0.0000000461691617
     64.8648682       0.0000000460266655
     64.9649658       0.0000000458848586
     65.0650635       0.0000000457436907
     65.1651688       0.0000000456031401
     65.2652664       0.0000000454632880
     65.3653641       0.0000000453240848
     65.4654617       0.0000000451854802
     65.5655670       0.0000000450475239
     65.6656647       0.0000000449102105
     65.7657623       0.0000000447735329
     65.8658676       0.0000000446374204
     65.9659653       0.0000000445019843
     66.0660629       0.0000000443671652
     66.1661682       0.0000000442329484
     66.2662659       0.0000000440993008
     66.3663635       0.0000000439663097
     66.4664688       0.0000000438339168
     66.5665665       0.0000000437020666
     66.6666641       0.0000000435708390
     66.7667694       0.0000000434402193
     66.8668671       0.0000000433101475
     66.9669647       0.0000000431807477
     67.0670700       0.0000000430518365
     67.1671677       0.0000000429235356
     67.2672653       0.0000000427958350
     67.3673706       0.0000000426686398
     67.4674683       0.0000000425420752
     67.5675659       0.0000000424160486
     67.6676712       0.0000000422905805
     67.7677689       0.0000000421656392
     67.8678665       0.0000000420412510
     67.9679642       0.0000000419174522
     68.0680695       0.0000000417941700
     68.1681671       0.0000000416714664
     68.2682648       0.0000000415492826
     68.3683701       0.0000000414276325
     68.4684677       0.0000000413065056
     68.5685654       0.0000000411859093
     68.6686707       0.0000000410658932
     68.7687683       0.0000000409463321
     68.8688660       0.0000000408273315
     68.9689713       0.0000000407088263
     69.0690689       0.0000000405908681
     69.1691666       0.0000000404733829
     69.2692719       0.0000000403564334
     69.3693695       0.0000000402399883
     69.4694672       0.0000000401240266
     69.5695724       0.0000000400085549
     69.6696701       0.0000000398936398
     69.7697678       0.0000000397791964
     69.8698730       0.0000000396652107
     69.9699707       0.0000000395517150
     70.0700684       0.0000000394387986
     70.1701736       0.0000000393262708
     70.2702713       0.0000000392142239
     70.3703690       0.0000000391026837
     70.4704742       0.0000000389915892
     70.5705719       0.0000000388810323
     70.6706696       0.0000000387708902
     70.7707672       0.0000000386612390
     70.8708725       0.0000000385520459
     70.9709702       0.0000000384433067
     71.0710678       0.0000000383350290
     71.1711731       0.0000000382272137
     71.2712708       0.0000000381198478
     71.3713684       0.0000000380129569
     71.4714737       0.0000000379065054
     71.5715714       0.0000000378004925
     71.6716690       0.0000000376949231
     71.7717743       0.0000000375897720
     71.8718719       0.0000000374850686
     71.9719696       0.0000000373808382
     72.0720749       0.0000000372770263
     72.1721725       0.0000000371736316
     72.2722702       0.0000000370706941
     72.3723755       0.0000000369681375
     72.4724731       0.0000000368660475
     72.5725708       0.0000000367643668
     72.6726761       0.0000000366630900
     72.7727737       0.0000000365622268
     72.8728714       0.0000000364618141
     72.9729767       0.0000000363617931
     73.0730743       0.0000000362621908
     73.1731720       0.0000000361630061
     73.2732697       0.0000000360642599
     73.3733749       0.0000000359658351
     73.4734726       0.0000000358678463
     73.5735703       0.0000000357702886
     73.6736755       0.0000000356730903
     73.7737732       0.0000000355762610
     73.8738708       0.0000000354798829
     73.9739761       0.0000000353838996
     74.0740738       0.0000000352883024
     74.1741714       0.0000000351930589
     74.2742767       0.0000000350982041
     74.3743744       0.0000000350037692
     74.4744720       0.0000000349096873
     74.5745773       0.0000000348159855
     74.6746750       0.0000000347226318
     74.7747726       0.0000000346297029
     74.8748779       0.0000000345371489
     74.9749756       0.0000000344449317
     75.0750732       0.0000000343530917
     75.1751785       0.0000000342616243
     75.2752762       0.0000000341705124
     75.3753738       0.0000000340797400
     75.4754791       0.0000000339893938
     75.5755768       0.0000000338993697
     75.6756744       0.0000000338096758
     75.7757721       0.0000000337203816
     75.8758774       0.0000000336314524
     75.9759750       0.0000000335428535
     76.0760727       0.0000000334546016
     76.1761780       0.0000000333666627
     76.2762756       0.0000000332791080
     76.3763733       0.0000000331918950
     76.4764786       0.0000000331050216
     76.5765762       0.0000000330185015
     76.6766739       0.0000000329322854
     76.7767792       0.0000000328464343
     76.8768768       0.0000000327609187
     76.9769745       0.0000000326757615
     77.0770798       0.0000000325908774
     77.1771774       0.0000000325063517
     77.2772751       0.0000000324221866
     77.3773804       0.0000000323382833
     77.4774780       0.0000000322547343
     77.5775757       0.0000000321714951
     77.6776810       0.0000000320886106
     77.7777786       0.0000000320060003
     77.8778763       0.0000000319237630
     77.9779816       0.0000000318418270
     78.0780792       0.0000000317602193
     78.1781769       0.0000000316788957
     78.2782745       0.0000000315978799
     78.3783798       0.0000000315171636
     78.4784775       0.0000000314367702
     78.5785751       0.0000000313567195
     78.6786804       0.0000000312769626
     78.7787781       0.0000000311974935
     78.8788757       0.0000000311183260
     78.9789810       0.0000000310394524
     79.0790787       0.0000000309608853
     79.1791763       0.0000000308826234
     79.2792816       0.0000000308046559
     79.3793793       0.0000000307269801
     79.4794769       0.0000000306496015
     79.5795822       0.0000000305725106
     79.6796799       0.0000000304956801
     79.7797775       0.0000000304191918
     79.8798828       0.0000000303429642
     79.9799805       0.0000000302670079
     80.0800781       0.0000000301913589
     80.1801834       0.0000000301159802
     80.2802811       0.0000000300409005
     80.3803787       0.0000000299661041
     80.4804840       0.0000000298915637
     80.5805817       0.0000000298173286
     80.6806793       0.0000000297433766
     80.7807770       0.0000000296696667
     80.8808823       0.0000000295962447
     80.9809799       0.0000000295230760
     81.0810776       0.0000000294501796
     81.1811829       0.0000000293775913
     81.2812805       0.0000000293052439
     81.3813782       0.0000000292331610
     81.4814835       0.0000000291613595
     81.5815811       0.0000000290898130
     81.6816788       0.0000000290185185
     81.7817841       0.0000000289474807
     81.8818817       0.0000000288767089
     81.9819794       0.0000000288062137
     82.0820847       0.0000000287359946
     82.1821823       0.0000000286660019
     82.2822800       0.0000000285962626
     82.3823853       0.0000000285267874
     82.4824829       0.0000000284575582
     82.5825806       0.0000000283885762
     82.6826859       0.0000000283198613
     82.7827835       0.0000000282513950
     82.8828812       0.0000000281831672
     82.9829865       0.0000000281151906
     83.0830841       0.0000000280474604
     83.1831818       0.0000000279799546
     83.2832794       0.0000000279126976
     83.3833847       0.0000000278457004
     83.4834824       0.0000000277789537
     83.5835800       0.0000000277124049
     83.6836853       0.0000000276461617
     83.7837830       0.0000000275800887
     83.8838806       0.0000000275142931
     83.9839859       0.0000000274487222
     84.0840836       0.0000000273833551
     84.1841812       0.0000000273182668
     84.2842865       0.0000000272534037
     84.3843842       0.0000000271887508
     84.4844818       0.0000000271243213
     84.5845871       0.0000000270601499
     84.6846848       0.0000000269961954
     84.7847824       0.0000000269324582
     84.8848877       0.0000000268689303
     84.9849854       0.0000000268056551
     85.0850830       0.0000000267425972
     85.1851883       0.0000000266797632
     85.2852859       0.0000000266171563
     85.3853836       0.0000000265547508
     85.4854889       0.0000000264925915
     85.5855865       0.0000000264306228
     85.6856842       0.0000000263689158
     85.7857895       0.0000000263073744
     85.8858871       0.0000000262460537
     85.9859848       0.0000000261849585
     86.0860825       0.0000000261240653
     86.1861877       0.0000000260634067
     86.2862854       0.0000000260029610
     86.3863831       0.0000000259427033
     86.4864883       0.0000000258826352
     86.5865860       0.0000000258228234
     86.6866837       0.0000000257632166
     86.7867889       0.0000000257037824
     86.8868866       0.0000000256445658
     86.9869843       0.0000000255855635
     87.0870895       0.0000000255267583
     87.1871872       0.0000000254681264
     87.2872849       0.0000000254097299
     87.3873901       0.0000000253515338
     87.4874878       0.0000000252935669
     87.5875854       0.0000000252357384
     87.6876907       0.0000000251781595
     87.7877884       0.0000000251207392
     87.8878860       0.0000000250635403
     87.9879913       0.0000000250065172
     88.0880890       0.0000000249496737
     88.1881866       0.0000000248930556
     88.2882919       0.0000000248366402
     88.3883896       0.0000000247803969
     88.4884872       0.0000000247243312
     88.5885849       0.0000000246684683
     88.6886902       0.0000000246128051
     88.7887878       0.0000000245573227
     88.8888855       0.0000000245020235
     88.9889908       0.0000000244469005
     89.0890884       0.0000000243919755
     89.1891861       0.0000000243372486
     89.2892914       0.0000000242826700
     89.3893890       0.0000000242283124
     89.4894867       0.0000000241741134
     89.5895920       0.0000000241201292
     89.6896896       0.0000000240663050
     89.7897873       0.0000000240126508
     89.8898926       0.0000000239591983
     89.9899902       0.0000000239058998
     90.0900879       0.0000000238527814
     90.1901932       0.0000000237998466
     90.2902908       0.0000000237470739
     90.3903885       0.0000000236944849
     90.4904938       0.0000000236420876
     90.5905914       0.0000000235898495
     90.6906891       0.0000000235377820
     90.7907944       0.0000000234858821
     90.8908920       0.0000000234341607
     90.9909897       0.0000000233826101
     91.0910873       0.0000000233312510
     91.1911926       0.0000000232800355
     91.2912903       0.0000000232289908
     91.3913879       0.0000000231781184
     91.4914932       0.0000000231273963
     91.5915909       0.0000000230768544
     91.6916885       0.0000000230265006
     91.7917938       0.0000000229762640
     91.8918915       0.0000000229262406
     91.9919891       0.0000000228763501
     92.0920944       0.0000000228266258
     92.1921921       0.0000000227770691
     92.2922897       0.0000000227276753
     92.3923950       0.0000000226784397
     92.4924927       0.0000000226293639
     92.5925903       0.0000000225804478
     92.6926956       0.0000000225316900
     92.7927933       0.0000000224830903
     92.8928909       0.0000000224346413
     92.9929962       0.0000000223863550
     93.0930939       0.0000000223382237
     93.1931915       0.0000000222902506
     93.2932968       0.0000000222424098
     93.3933945       0.0000000221947469
     93.4934921       0.0000000221472359
     93.5935898       0.0000000220998801
     93.6936951       0.0000000220526698
     93.7937927       0.0000000220056058
     93.8938904       0.0000000219586924
     93.9939957       0.0000000219119333
     94.0940933       0.0000000218653325
     94.1941910       0.0000000218188565
     94.2942963       0.0000000217725335
     94.3943939       0.0000000217263744
     94.4944916       0.0000000216803450
     94.5945969       0.0000000216344742
     94.6946945       0.0000000215887657
     94.7947922       0.0000000215431585
     94.8948975       0.0000000214977232
     94.9949951       0.0000000214524283
     95.0950928       0.0000000214073033
     95.1951981       0.0000000213622697
     95.2952957       0.0000000213174125
     95.3953934       0.0000000212726845
     95.4954987       0.0000000212281045
     95.5955963       0.0000000211836414
     95.6956940       0.0000000211393508
     95.7957993       0.0000000210951720
     95.8958969       0.0000000210511514
     95.9959946       0.0000000210072416
     96.0960999       0.0000000209634766
     96.1961975       0.0000000209198799
     96.2962952       0.0000000208763976
     96.3963928       0.0000000208330448
     96.4964981       0.0000000207898289
     96.5965958       0.0000000207467556
     96.6966934       0.0000000207038142
     96.7967987       0.0000000206609943
     96.8968964       0.0000000206183091
     96.9969940       0.0000000205757603
     97.0970993       0.0000000205333550
     97.1971970       0.0000000204910667
     97.2972946       0.0000000204489065
     97.3973999       0.0000000204068749
     97.4974976       0.0000000203650077
     97.5975952       0.0000000203232281
     97.6977005       0.0000000202815836
     97.7977982       0.0000000202400724
     97.8978958       0.0000000201987062
     97.9980011       0.0000000201574441
     98.0980988       0.0000000201163137
     98.1981964       0.0000000200753140
     98.2983017       0.0000000200344343
     98.3983994       0.0000000199936770
     98.4984970       0.0000000199530469
     98.5986023       0.0000000199125563
     98.6987000       0.0000000198721750
     98.7987976       0.0000000198319133
     98.8988953       0.0000000197917766
     98.9990005       0.0000000197517842
     99.0990982       0.0000000197118920
     99.1991959       0.0000000196720989
     99.2993011       0.0000000196324606
     99.3993988       0.0000000195929293
     99.4994965       0.0000000195535151
     99.5996017       0.0000000195142154
     99.6996994       0.0000000194750197
     99.7997971       0.0000000194359815
     99.8999023       0.0000000193970179
    100.0000000       0.0000000193581963
