# x		H(x,a)
      0.0000000       1.0000000000000000
      0.1001001       0.9900299906730652
      0.2002002       0.9607124924659729
      0.3003003       0.9137664437294006
      0.4004004       0.8518707156181335
      0.5005005       0.7784109115600586
      0.6006006       0.6971734166145325
      0.7007007       0.6120254397392273
      0.8008008       0.5266169309616089
      0.9009009       0.4441368877887726
      1.0010010       0.3671578927848455
      1.1011012       0.2975166140315875
      1.2012012       0.2363100783836788
      1.3013012       0.1839767809920320
      1.4014014       0.1403958030455904
      1.5015016       0.1050169621378444
      1.6016016       0.0769991172452576
      1.7017016       0.0553405139363962
      1.8018018       0.0389894254203641
      1.9019020       0.0269289734201299
      2.0020020       0.0182346282658540
      2.1021020       0.0121068394436751
      2.2022023       0.0078832171136410
      2.3023024       0.0050355536662895
      2.4024024       0.0031569826366660
      2.5025024       0.0019441170528959
      2.6026025       0.0011775141908981
      2.7027028       0.0007029893807081
      2.8028028       0.0004151909574311
      2.9029028       0.0002440412087207
      3.0030031       0.0001441308100222
      3.1031032       0.0000867744828293
      3.2032032       0.0000542953586238
      3.3033032       0.0000360615953015
      3.4034033       0.0000258284601777
      3.5035036       0.0000200113681847
      3.6036036       0.0000165980642963
      3.7037036       0.0000144824444825
      3.8038039       0.0000130682384659
      3.9039040       0.0000120392813338
      4.0040040       0.0000112299351165
      4.1041040       0.0000105537931854
      4.2042041       0.0000099653865084
      4.3043041       0.0000094400947272
      4.4044046       0.0000089638977430
      4.5045047       0.0000085281173336
      4.6046047       0.0000081268917482
      4.7047048       0.0000077558975641
      4.8048048       0.0000074117278645
      4.9049048       0.0000070915692899
      5.0050049       0.0000067930235908
      5.1051049       0.0000065140248437
      5.2052050       0.0000062527724796
      5.3053055       0.0000060076831588
      5.4054055       0.0000057773511624
      5.5055056       0.0000055605449709
      5.6056056       0.0000053561635185
      5.7057056       0.0000051631984246
      5.8058057       0.0000049807860544
      5.9059057       0.0000048081252942
      6.0060062       0.0000046444883160
      6.1061063       0.0000044892481060
      6.2062063       0.0000043418056891
      6.3063064       0.0000042016278782
      6.4064064       0.0000040682255290
      6.5065064       0.0000039411590677
      6.6066065       0.0000038200193521
      6.7067065       0.0000037044344958
      6.8068066       0.0000035940624658
      6.9069071       0.0000034885818155
      7.0070071       0.0000033877055272
      7.1071072       0.0000032911711608
      7.2072072       0.0000031987211044
      7.3073072       0.0000031101214010
      7.4074073       0.0000030251712405
      7.5075073       0.0000029436567460
      7.6076078       0.0000028654023572
      7.7077079       0.0000027902305988
      7.8078079       0.0000027179824050
      7.9079080       0.0000026485048045
      8.0080080       0.0000025816588968
      8.1081085       0.0000025173141231
      8.2082081       0.0000024553437564
      8.3083086       0.0000023956335746
      8.4084082       0.0000023380748365
      8.5085087       0.0000022825613709
      8.6086082       0.0000022290048498
      8.7087088       0.0000021773079443
      8.8088093       0.0000021273865875
      8.9089088       0.0000020791612370
      9.0090094       0.0000020325551602
      9.1091089       0.0000019874987942
      9.2092094       0.0000019439213964
      9.3093090       0.0000019017587313
      9.4094095       0.0000018609528487
      9.5095091       0.0000018214449709
      9.6096096       0.0000017831824023
      9.7097101       0.0000017461102360
      9.8098097       0.0000017101805243
      9.9099102       0.0000016753499808
     10.0100098       0.0000016415685220
     10.1101103       0.0000016087971660
     10.2102098       0.0000015769997413
     10.3103104       0.0000015461333099
     10.4104099       0.0000015161653367
     10.5105104       0.0000014870575643
     10.6106110       0.0000014587813782
     10.7107105       0.0000014313026323
     10.8108110       0.0000014045914213
     10.9109106       0.0000013786210768
     11.0110111       0.0000013533645643
     11.1111107       0.0000013287953641
     11.2112112       0.0000013048892003
     11.3113117       0.0000012816226020
     11.4114113       0.0000012589726715
     11.5115118       0.0000012369169613
     11.6116114       0.0000012154347097
     11.7117119       0.0000011945089671
     11.8118114       0.0000011741183467
     11.9119120       0.0000011542451029
     12.0120125       0.0000011348727500
     12.1121120       0.0000011159827846
     12.2122126       0.0000010975627425
     12.3123121       0.0000010795940077
     12.4124126       0.0000010620626407
     12.5125122       0.0000010449555013
     12.6126127       0.0000010282581971
     12.7127123       0.0000010119581428
     12.8128128       0.0000009960434467
     12.9129133       0.0000009805007703
     13.0130129       0.0000009653192035
     13.1131134       0.0000009504866939
     13.2132130       0.0000009359943822
     13.3133135       0.0000009218310195
     13.4134130       0.0000009079886591
     13.5135136       0.0000008944534367
     13.6136131       0.0000008812197849
     13.7137136       0.0000008682782159
     13.8138142       0.0000008556197627
     13.9139137       0.0000008432348406
     14.0140142       0.0000008311184621
     14.1141138       0.0000008192620860
     14.2142143       0.0000008076569289
     14.3143139       0.0000007962962723
     14.4144144       0.0000007851742916
     14.5145149       0.0000007742843369
     14.6146145       0.0000007636193035
     14.7147150       0.0000007531737768
     14.8148146       0.0000007429406709
     14.9149151       0.0000007329142953
     15.0150146       0.0000007230913441
     15.1151152       0.0000007134627338
     15.2152157       0.0000007040267433
     15.3153152       0.0000006947765751
     15.4154158       0.0000006857075231
     15.5155153       0.0000006768151948
     15.6156158       0.0000006680945266
     15.7157154       0.0000006595425938
     15.8158159       0.0000006511531935
     15.9159155       0.0000006429228855
     16.0160160       0.0000006348475974
     16.1161156       0.0000006269245383
     16.2162170       0.0000006191484008
     16.3163166       0.0000006115163911
     16.4164162       0.0000006040240892
     16.5165157       0.0000005966699643
     16.6166172       0.0000005894485323
     16.7167168       0.0000005823577358
     16.8168163       0.0000005753947027
     16.9169178       0.0000005685557037
     17.0170174       0.0000005618379887
     17.1171169       0.0000005552386691
     17.2172165       0.0000005487554077
     17.3173180       0.0000005423843928
     17.4174175       0.0000005361245618
     17.5175171       0.0000005299727691
     17.6176186       0.0000005239254181
     17.7177181       0.0000005179819115
     17.8178177       0.0000005121390139
     17.9179173       0.0000005063940714
     18.0180187       0.0000005007453820
     18.1181183       0.0000004951914569
     18.2182178       0.0000004897291116
     18.3183174       0.0000004843571580
     18.4184189       0.0000004790725807
     18.5185184       0.0000004738740282
     18.6186180       0.0000004687599766
     18.7187195       0.0000004637290524
     18.8188190       0.0000004587778422
     18.9189186       0.0000004539058463
     19.0190182       0.0000004491109468
     19.1191196       0.0000004443921771
     19.2192192       0.0000004397473250
     19.3193188       0.0000004351747009
     19.4194202       0.0000004306734535
     19.5195198       0.0000004262419013
     19.6196194       0.0000004218783407
     19.7197189       0.0000004175810522
     19.8198204       0.0000004133493222
     19.9199200       0.0000004091823267
     20.0200195       0.0000004050775107
     20.1201210       0.0000004010339190
     20.2202206       0.0000003970512660
     20.3203201       0.0000003931274353
     20.4204197       0.0000003892616424
     20.5205212       0.0000003854527188
     20.6206207       0.0000003816990926
     20.7207203       0.0000003780005660
     20.8208199       0.0000003743552047
     20.9209213       0.0000003707629232
     21.0210209       0.0000003672219599
     21.1211205       0.0000003637311410
     21.2212219       0.0000003602900465
     21.3213215       0.0000003568977718
     21.4214211       0.0000003535530633
     21.5215206       0.0000003502557428
     21.6216221       0.0000003470039238
     21.7217216       0.0000003437974639
     21.8218212       0.0000003406346184
     21.9219227       0.0000003375158073
     22.0220222       0.0000003344399439
     22.1221218       0.0000003314054547
     22.2222214       0.0000003284125111
     22.3223228       0.0000003254598231
     22.4224224       0.0000003225465615
     22.5225220       0.0000003196725958
     22.6226234       0.0000003168368448
     22.7227230       0.0000003140386401
     22.8228226       0.0000003112775105
     22.9229221       0.0000003085525053
     23.0230236       0.0000003058631784
     23.1231232       0.0000003032091879
     23.2232227       0.0000003005894591
     23.3233242       0.0000002980032678
     23.4234238       0.0000002954504838
     23.5235233       0.0000002929307641
     23.6236229       0.0000002904427968
     23.7237244       0.0000002879867594
     23.8238239       0.0000002855615120
     23.9239235       0.0000002831668639
     24.0240250       0.0000002808019238
     24.1241245       0.0000002784670760
     24.2242241       0.0000002761607732
     24.3243237       0.0000002738832941
     24.4244251       0.0000002716336952
     24.5245247       0.0000002694120208
     24.6246243       0.0000002672174837
     24.7247238       0.0000002650494312
     24.8248253       0.0000002629080525
     24.9249249       0.0000002607921109
     25.0250244       0.0000002587018753
     25.1251259       0.0000002566366315
     25.2252254       0.0000002545962275
     25.3253250       0.0000002525800608
     25.4254246       0.0000002505873472
     25.5255260       0.0000002486185530
     25.6256256       0.0000002466726777
     25.7257252       0.0000002447497060
     25.8258266       0.0000002428492046
     25.9259262       0.0000002409707471
     26.0260258       0.0000002391138029
     26.1261253       0.0000002372786242
     26.2262268       0.0000002354642876
     26.3263264       0.0000002336705479
     26.4264259       0.0000002318974735
     26.5265274       0.0000002301442106
     26.6266270       0.0000002284112501
     26.7267265       0.0000002266975838
     26.8268261       0.0000002250031598
     26.9269276       0.0000002233276934
     27.0270271       0.0000002216707659
     27.1271267       0.0000002200323650
     27.2272263       0.0000002184120465
     27.3273277       0.0000002168095799
     27.4274273       0.0000002152247833
     27.5275269       0.0000002136571958
     27.6276283       0.0000002121066085
     27.7277279       0.0000002105730522
     27.8278275       0.0000002090559825
     27.9279270       0.0000002075551755
     28.0280285       0.0000002060706792
     28.1281281       0.0000002046017832
     28.2282276       0.0000002031490042
     28.3283291       0.0000002017111553
     28.4284286       0.0000002002889051
     28.5285282       0.0000001988814203
     28.6286278       0.0000001974888811
     28.7287292       0.0000001961108251
     28.8288288       0.0000001947472014
     28.9289284       0.0000001933977842
     29.0290298       0.0000001920622490
     29.1291294       0.0000001907406223
     29.2292290       0.0000001894325637
     29.3293285       0.0000001881380828
     29.4294300       0.0000001868567041
     29.5295296       0.0000001855882814
     29.6296291       0.0000001843328085
     29.7297306       0.0000001830900486
     29.8298302       0.0000001818597228
     29.9299297       0.0000001806419082
     30.0300293       0.0000001794364154
     30.1301308       0.0000001782425460
     30.2302303       0.0000001770609543
     30.3303299       0.0000001758908824
     30.4304314       0.0000001747325244
     30.5305309       0.0000001735854822
     30.6306305       0.0000001724496530
     30.7307301       0.0000001713251121
     30.8308315       0.0000001702114075
     30.9309311       0.0000001691085430
     31.0310307       0.0000001680164818
     31.1311302       0.0000001669348274
     31.2312317       0.0000001658636588
     31.3313313       0.0000001648028551
     31.4314308       0.0000001637520295
     31.5315323       0.0000001627113182
     31.6316319       0.0000001616805555
     31.7317314       0.0000001606593915
     31.8318310       0.0000001596481360
     31.9319324       0.0000001586460320
     32.0320320       0.0000001576536241
     32.1321335       0.0000001566706815
     32.2322311       0.0000001556965742
     32.3323326       0.0000001547316954
     32.4324341       0.0000001537756215
     32.5325317       0.0000001528285456
     32.6326332       0.0000001518901407
     32.7327309       0.0000001509602380
     32.8328323       0.0000001500389662
     32.9329338       0.0000001491260687
     33.0330315       0.0000001482214797
     33.1331329       0.0000001473251485
     33.2332344       0.0000001464370967
     33.3333321       0.0000001455568687
     33.4334335       0.0000001446845066
     33.5335350       0.0000001438200588
     33.6336327       0.0000001429632310
     33.7337341       0.0000001421140813
     33.8338356       0.0000001412726043
     33.9339333       0.0000001404384557
     34.0340347       0.0000001396116840
     34.1341324       0.0000001387924483
     34.2342339       0.0000001379800860
     34.3343353       0.0000001371748095
     34.4344330       0.0000001363767920
     34.5345345       0.0000001355856388
     34.6346359       0.0000001348012882
     34.7347336       0.0000001340239427
     34.8348351       0.0000001332530657
     34.9349365       0.0000001324889322
     35.0350342       0.0000001317313458
     35.1351357       0.0000001309802255
     35.2352371       0.0000001302354223
     35.3353348       0.0000001294971136
     35.4354362       0.0000001287650093
     35.5355339       0.0000001280391623
     35.6356354       0.0000001273192707
     35.7357368       0.0000001266056852
     35.8358345       0.0000001258979662
     35.9359360       0.0000001251961022
     36.0360374       0.0000001245001169
     36.1361351       0.0000001238099330
     36.2362366       0.0000001231255629
     36.3363380       0.0000001224467110
     36.4364357       0.0000001217735190
     36.5365372       0.0000001211058402
     36.6366348       0.0000001204436891
     36.7367363       0.0000001197870271
     36.8368378       0.0000001191356316
     36.9369354       0.0000001184895714
     37.0370369       0.0000001178486156
     37.1371384       0.0000001172130406
     37.2372360       0.0000001165825879
     37.3373375       0.0000001159569928
     37.4374390       0.0000001153366374
     37.5375366       0.0000001147212252
     37.6376381       0.0000001141106043
     37.7377396       0.0000001135049055
     37.8378372       0.0000001129042435
     37.9379387       0.0000001123079806
     38.0380363       0.0000001117166409
     38.1381378       0.0000001111299257
     38.2382393       0.0000001105477836
     38.3383369       0.0000001099702418
     38.4384384       0.0000001093972897
     38.5385399       0.0000001088287102
     38.6386375       0.0000001082645036
     38.7387390       0.0000001077048362
     38.8388405       0.0000001071493439
     38.9389381       0.0000001065981666
     39.0390396       0.0000001060513026
     39.1391373       0.0000001055085290
     39.2392387       0.0000001049701098
     39.3393402       0.0000001044356971
     39.4394379       0.0000001039053071
     39.5395393       0.0000001033789482
     39.6396408       0.0000001028565904
     39.7397385       0.0000001023381546
     39.8398399       0.0000001018238565
     39.9399414       0.0000001013131742
     40.0400391       0.0000001008064766
     40.1401405       0.0000001003034044
     40.2402420       0.0000000998042606
     40.3403397       0.0000000993087562
     40.4404411       0.0000000988168960
     40.5405388       0.0000000983287536
     40.6406403       0.0000000978441888
     40.7407417       0.0000000973632251
     40.8408394       0.0000000968858632
     40.9409409       0.0000000964119171
     41.0410423       0.0000000959414345
     41.1411400       0.0000000954744323
     41.2412415       0.0000000950107234
     41.3413429       0.0000000945505406
     41.4414406       0.0000000940936342
     41.5415421       0.0000000936399735
     41.6416397       0.0000000931896144
     41.7417412       0.0000000927425813
     41.8418427       0.0000000922986635
     41.9419403       0.0000000918579256
     42.0420418       0.0000000914204454
     42.1421432       0.0000000909860164
     42.2422409       0.0000000905545959
     42.3423424       0.0000000901263780
     42.4424438       0.0000000897010890
     42.5425415       0.0000000892789054
     42.6426430       0.0000000888596028
     42.7427444       0.0000000884432447
     42.8428421       0.0000000880299231
     42.9429436       0.0000000876193877
     43.0430412       0.0000000872116702
     43.1431427       0.0000000868069189
     43.2432442       0.0000000864049015
     43.3433418       0.0000000860057420
     43.4434433       0.0000000856093027
     43.5435448       0.0000000852155949
     43.6436424       0.0000000848246313
     43.7437439       0.0000000844362270
     43.8438454       0.0000000840506391
     43.9439430       0.0000000836676184
     44.0440445       0.0000000832872461
     44.1441460       0.0000000829094548
     44.2442436       0.0000000825341631
     44.3443451       0.0000000821614365
     44.4444427       0.0000000817913772
     44.5445442       0.0000000814236710
     44.6446457       0.0000000810583795
     44.7447433       0.0000000806956921
     44.8448448       0.0000000803353705
     44.9449463       0.0000000799773799
     45.0450439       0.0000000796219033
     45.1451454       0.0000000792688298
     45.2452469       0.0000000789179409
     45.3453445       0.0000000785694758
     45.4454460       0.0000000782233194
     45.5455437       0.0000000778793723
     45.6456451       0.0000000775377166
     45.7457466       0.0000000771983770
     45.8458443       0.0000000768611634
     45.9459457       0.0000000765262458
     46.0460472       0.0000000761934551
     46.1461449       0.0000000758628150
     46.2462463       0.0000000755343421
     46.3463478       0.0000000752080086
     46.4464455       0.0000000748838195
     46.5465469       0.0000000745616766
     46.6466484       0.0000000742416056
     46.7467461       0.0000000739236070
     46.8468475       0.0000000736075818
     46.9469452       0.0000000732937108
     47.0470467       0.0000000729817825
     47.1471481       0.0000000726718305
     47.2472458       0.0000000723638224
     47.3473473       0.0000000720578155
     47.4474487       0.0000000717537606
     47.5475464       0.0000000714515765
     47.6476479       0.0000000711513546
     47.7477493       0.0000000708529507
     47.8478470       0.0000000705564463
     47.9479485       0.0000000702617997
     48.0480499       0.0000000699690196
     48.1481476       0.0000000696781126
     48.2482491       0.0000000693889241
     48.3483467       0.0000000691015491
     48.4484482       0.0000000688159998
     48.5485497       0.0000000685321978
     48.6486473       0.0000000682501966
     48.7487488       0.0000000679698751
     48.8488503       0.0000000676912543
     48.9489479       0.0000000674143996
     49.0490494       0.0000000671391787
     49.1491508       0.0000000668656201
     49.2492485       0.0000000665938764
     49.3493500       0.0000000663236680
     49.4494476       0.0000000660551411
     49.5495491       0.0000000657882805
     49.6496506       0.0000000655228472
     49.7497482       0.0000000652592194
     49.8498497       0.0000000649971269
     49.9499512       0.0000000647365766
     50.0500488       0.0000000644776495
     50.1501503       0.0000000642202095
     50.2502518       0.0000000639643206
     50.3503494       0.0000000637099973
     50.4504509       0.0000000634571514
     50.5505524       0.0000000632058518
     50.6506500       0.0000000629559697
     50.7507515       0.0000000627076232
     50.8508492       0.0000000624607742
     50.9509506       0.0000000622153180
     51.0510521       0.0000000619713298
     51.1511497       0.0000000617287688
     51.2512512       0.0000000614875513
     51.3513527       0.0000000612478557
     51.4514503       0.0000000610095374
     51.5515518       0.0000000607726184
     51.6516533       0.0000000605370654
     51.7517509       0.0000000603028753
     51.8518524       0.0000000600700344
     51.9519501       0.0000000598385258
     52.0520515       0.0000000596083321
     52.1521530       0.0000000593794846
     52.2522507       0.0000000591520119
     52.3523521       0.0000000589258354
     52.4524536       0.0000000587008769
     52.5525513       0.0000000584772314
     52.6526527       0.0000000582548852
     52.7527542       0.0000000580338701
     52.8528519       0.0000000578140372
     52.9529533       0.0000000575953962
     53.0530548       0.0000000573781133
     53.1531525       0.0000000571619706
     53.2532539       0.0000000569470628
     53.3533516       0.0000000567334176
     53.4534531       0.0000000565208665
     53.5535545       0.0000000563095901
     53.6536522       0.0000000560994877
     53.7537537       0.0000000558905997
     53.8538551       0.0000000556827278
     53.9539528       0.0000000554761600
     54.0540543       0.0000000552706812
     54.1541557       0.0000000550663839
     54.2542534       0.0000000548631500
     54.3543549       0.0000000546610867
     54.4544525       0.0000000544601536
     54.5545540       0.0000000542603259
     54.6546555       0.0000000540614998
     54.7547531       0.0000000538639091
     54.8548546       0.0000000536673245
     54.9549561       0.0000000534718115
     55.0550537       0.0000000532773347
     55.1551552       0.0000000530839620
     55.2552567       0.0000000528916170
     55.3553543       0.0000000527003567
     55.4554558       0.0000000525101024
     55.5555573       0.0000000523208670
     55.6556549       0.0000000521326789
     55.7557564       0.0000000519455099
     55.8558540       0.0000000517593134
     55.9559555       0.0000000515741610
     56.0560570       0.0000000513899781
     56.1561546       0.0000000512068204
     56.2562561       0.0000000510245617
     56.3563576       0.0000000508432611
     56.4564552       0.0000000506630277
     56.5565567       0.0000000504836365
     56.6566582       0.0000000503053174
     56.7567558       0.0000000501278563
     56.8568573       0.0000000499513215
     56.9569588       0.0000000497757861
     57.0570564       0.0000000496011119
     57.1571579       0.0000000494274641
     57.2572556       0.0000000492545833
     57.3573570       0.0000000490826629
     57.4574585       0.0000000489116568
     57.5575562       0.0000000487415554
     57.6576576       0.0000000485723512
     57.7577591       0.0000000484039757
     57.8578568       0.0000000482364746
     57.9579582       0.0000000480698811
     58.0580597       0.0000000479041417
     58.1581573       0.0000000477392667
     58.2582588       0.0000000475752347
     58.3583565       0.0000000474119931
     58.4584579       0.0000000472496339
     58.5585594       0.0000000470881309
     58.6586571       0.0000000469274003
     58.7587585       0.0000000467675554
     58.8588600       0.0000000466085061
     58.9589577       0.0000000464501895
     59.0590591       0.0000000462927835
     59.1591606       0.0000000461361390
     59.2592583       0.0000000459802846
     59.3593597       0.0000000458251960
     59.4594612       0.0000000456709383
     59.5595589       0.0000000455174120
     59.6596603       0.0000000453647009
     59.7597580       0.0000000452127491
     59.8598595       0.0000000450615108
     59.9599609       0.0000000449111026
     60.0600586       0.0000000447614081
     60.1601601       0.0000000446124544
     60.2602615       0.0000000444642600
     60.3603592       0.0000000443168006
     60.4604607       0.0000000441700547
     60.5605621       0.0000000440240585
     60.6606598       0.0000000438787965
     60.7607613       0.0000000437342060
     60.8608627       0.0000000435903349
     60.9609604       0.0000000434472394
     61.0610619       0.0000000433047674
     61.1611595       0.0000000431630615
     61.2612610       0.0000000430220292
     61.3613625       0.0000000428816944
     61.4614601       0.0000000427419864
     61.5615616       0.0000000426029810
     61.6616631       0.0000000424646985
     61.7617607       0.0000000423270690
     61.8618622       0.0000000421900882
     61.9619637       0.0000000420537772
     62.0620613       0.0000000419181529
     62.1621628       0.0000000417832002
     62.2622604       0.0000000416487842
     62.3623619       0.0000000415151558
     62.4624634       0.0000000413820735
     62.5625610       0.0000000412496782
     62.6626625       0.0000000411178704
     62.7627640       0.0000000409867793
     62.8628616       0.0000000408562263
     62.9629631       0.0000000407263515
     63.0630646       0.0000000405970716
     63.1631622       0.0000000404684405
     63.2632637       0.0000000403403614
     63.3633652       0.0000000402129262
     63.4634628       0.0000000400860763
     63.5635643       0.0000000399598526
     63.6636620       0.0000000398341898
     63.7637634       0.0000000397091320
     63.8638649       0.0000000395846474
     63.9639626       0.0000000394607740
     64.0640640       0.0000000393375180
     64.1641617       0.0000000392147883
     64.2642670       0.0000000390925916
     64.3643646       0.0000000389710270
     64.4644623       0.0000000388500336
     64.5645676       0.0000000387295772
     64.6646652       0.0000000386096690
     64.7647629       0.0000000384903620
     64.8648682       0.0000000383715667
     64.9649658       0.0000000382533449
     65.0650635       0.0000000381356534
     65.1651688       0.0000000380184801
     65.2652664       0.0000000379018888
     65.3653641       0.0000000377858378
     65.4654617       0.0000000376702860
     65.5655670       0.0000000375552762
     65.6656647       0.0000000374408005
     65.7657623       0.0000000373268540
     65.8658676       0.0000000372133801
     65.9659653       0.0000000371004699
     66.0660629       0.0000000369880701
     66.1661682       0.0000000368761764
     66.2662659       0.0000000367647592
     66.3663635       0.0000000366538885
     66.4664688       0.0000000365435127
     66.5665665       0.0000000364335907
     66.6666641       0.0000000363241906
     66.7667694       0.0000000362152924
     66.8668671       0.0000000361068587
     66.9669647       0.0000000359989766
     67.0670700       0.0000000358915068
     67.1671677       0.0000000357845442
     67.2672653       0.0000000356780812
     67.3673706       0.0000000355720435
     67.4674683       0.0000000354665298
     67.5675659       0.0000000353614639
     67.6676712       0.0000000352568629
     67.7677689       0.0000000351527014
     67.8678665       0.0000000350490029
     67.9679642       0.0000000349457935
     68.0680695       0.0000000348430136
     68.1681671       0.0000000347407184
     68.2682648       0.0000000346388559
     68.3683701       0.0000000345374396
     68.4684677       0.0000000344364562
     68.5685654       0.0000000343359192
     68.6686707       0.0000000342358621
     68.7687683       0.0000000341361857
     68.8688660       0.0000000340369789
     68.9689713       0.0000000339381803
     69.0690689       0.0000000338398443
     69.1691666       0.0000000337418973
     69.2692719       0.0000000336444019
     69.3693695       0.0000000335473231
     69.4694672       0.0000000334506467
     69.5695724       0.0000000333543823
     69.6696701       0.0000000332585775
     69.7697678       0.0000000331631668
     69.8698730       0.0000000330681417
     69.9699707       0.0000000329735256
     70.0700684       0.0000000328793827
     70.1701736       0.0000000327855720
     70.2702713       0.0000000326921610
     70.3703690       0.0000000325991729
     70.4704742       0.0000000325065550
     70.5705719       0.0000000324143879
     70.6706696       0.0000000323225632
     70.7707672       0.0000000322311486
     70.8708725       0.0000000321401168
     70.9709702       0.0000000320494644
     71.0710678       0.0000000319591949
     71.1711731       0.0000000318693103
     71.2712708       0.0000000317797996
     71.3713684       0.0000000316906863
     71.4714737       0.0000000316019402
     71.5715714       0.0000000315135581
     71.6716690       0.0000000314255477
     71.7717743       0.0000000313378832
     71.8718719       0.0000000312505980
     71.9719696       0.0000000311637019
     72.0720749       0.0000000310771550
     72.1721725       0.0000000309909568
     72.2722702       0.0000000309051411
     72.3723755       0.0000000308196403
     72.4724731       0.0000000307345283
     72.5725708       0.0000000306497594
     72.6726761       0.0000000305653293
     72.7727737       0.0000000304812438
     72.8728714       0.0000000303975311
     72.9729767       0.0000000303141443
     73.0730743       0.0000000302311106
     73.1731720       0.0000000301484191
     73.2732697       0.0000000300660920
     73.3733749       0.0000000299840417
     73.4734726       0.0000000299023463
     73.5735703       0.0000000298210201
     73.6736755       0.0000000297399871
     73.7737732       0.0000000296592632
     73.8738708       0.0000000295789131
     73.9739761       0.0000000294988926
     74.0740738       0.0000000294191923
     74.1741714       0.0000000293397889
     74.2742767       0.0000000292607151
     74.3743744       0.0000000291819834
     74.4744720       0.0000000291035515
     74.5745773       0.0000000290254339
     74.6746750       0.0000000289476041
     74.7747726       0.0000000288701316
     74.8748779       0.0000000287929684
     74.9749756       0.0000000287160915
     75.0750732       0.0000000286395258
     75.1751785       0.0000000285632738
     75.2752762       0.0000000284873144
     75.3753738       0.0000000284116372
     75.4754791       0.0000000283363201
     75.5755768       0.0000000282612672
     75.6756744       0.0000000281864936
     75.7757721       0.0000000281120494
     75.8758774       0.0000000280379110
     75.9759750       0.0000000279640458
     76.0760727       0.0000000278904744
     76.1761780       0.0000000278171591
     76.2762756       0.0000000277441691
     76.3763733       0.0000000276714588
     76.4764786       0.0000000275990346
     76.5765762       0.0000000275269042
     76.6766739       0.0000000274550273
     76.7767792       0.0000000273834533
     76.8768768       0.0000000273121622
     76.9769745       0.0000000272411703
     77.0770798       0.0000000271704033
     77.1771774       0.0000000270999355
     77.2772751       0.0000000270297670
     77.3773804       0.0000000269598174
     77.4774780       0.0000000268901672
     77.5775757       0.0000000268207730
     77.6776810       0.0000000267516718
     77.7777786       0.0000000266828027
     77.8778763       0.0000000266142425
     77.9779816       0.0000000265459338
     78.0780792       0.0000000264778971
     78.1781769       0.0000000264100993
     78.2782745       0.0000000263425595
     78.3783798       0.0000000262752667
     78.4784775       0.0000000262082445
     78.5785751       0.0000000261415069
     78.6786804       0.0000000260750147
     78.7787781       0.0000000260087649
     78.8788757       0.0000000259427638
     78.9789810       0.0000000258770081
     79.0790787       0.0000000258115074
     79.1791763       0.0000000257462615
     79.2792816       0.0000000256812640
     79.3793793       0.0000000256165061
     79.4794769       0.0000000255519983
     79.5795822       0.0000000254877267
     79.6796799       0.0000000254236778
     79.7797775       0.0000000253599078
     79.8798828       0.0000000252963602
     79.9799805       0.0000000252330356
     80.0800781       0.0000000251699698
     80.1801834       0.0000000251071265
     80.2802811       0.0000000250445330
     80.3803787       0.0000000249821771
     80.4804840       0.0000000249200361
     80.5805817       0.0000000248581448
     80.6806793       0.0000000247964968
     80.7807770       0.0000000247350431
     80.8808823       0.0000000246738336
     80.9809799       0.0000000246128336
     81.0810776       0.0000000245520605
     81.1811829       0.0000000244915463
     81.2812805       0.0000000244312323
     81.3813782       0.0000000243711365
     81.4814835       0.0000000243112769
     81.5815811       0.0000000242516324
     81.6816788       0.0000000241921937
     81.7817841       0.0000000241329726
     81.8818817       0.0000000240739705
     81.9819794       0.0000000240151973
     82.0820847       0.0000000239566569
     82.1821823       0.0000000238983072
     82.2822800       0.0000000238401656
     82.3823853       0.0000000237822450
     82.4824829       0.0000000237245305
     82.5825806       0.0000000236670226
     82.6826859       0.0000000236097340
     82.7827835       0.0000000235526569
     82.8828812       0.0000000234957779
     82.9829865       0.0000000234391089
     83.0830841       0.0000000233826398
     83.1831818       0.0000000233263631
     83.2832794       0.0000000232702931
     83.3833847       0.0000000232144392
     83.4834824       0.0000000231587918
     83.5835800       0.0000000231033100
     83.6836853       0.0000000230480838
     83.7837830       0.0000000229930011
     83.8838806       0.0000000229381500
     83.9839859       0.0000000228834820
     84.0840836       0.0000000228289880
     84.1841812       0.0000000227747269
     84.2842865       0.0000000227206534
     84.3843842       0.0000000226667525
     84.4844818       0.0000000226130362
     84.5845871       0.0000000225595371
     84.6846848       0.0000000225062213
     84.7847824       0.0000000224530855
     84.8848877       0.0000000224001206
     84.9849854       0.0000000223473730
     85.0850830       0.0000000222947975
     85.1851883       0.0000000222424161
     85.2852859       0.0000000221902238
     85.3853836       0.0000000221381952
     85.4854889       0.0000000220863749
     85.5855865       0.0000000220347124
     85.6856842       0.0000000219832690
     85.7857895       0.0000000219319634
     85.8858871       0.0000000218808411
     85.9859848       0.0000000218299076
     86.0860825       0.0000000217791423
     86.1861877       0.0000000217285729
     86.2862854       0.0000000216781806
     86.3863831       0.0000000216279457
     86.4864883       0.0000000215778684
     86.5865860       0.0000000215280017
     86.6866837       0.0000000214783090
     86.7867889       0.0000000214287614
     86.8868866       0.0000000213793926
     86.9869843       0.0000000213302028
     87.0870895       0.0000000212811777
     87.1871872       0.0000000212322986
     87.2872849       0.0000000211836164
     87.3873901       0.0000000211350969
     87.4874878       0.0000000210867710
     87.5875854       0.0000000210385610
     87.6876907       0.0000000209905575
     87.7877884       0.0000000209426895
     87.8878860       0.0000000208950028
     87.9879913       0.0000000208474627
     88.0880890       0.0000000208000746
     88.1881866       0.0000000207528717
     88.2882919       0.0000000207058411
     88.3883896       0.0000000206589523
     88.4884872       0.0000000206122118
     88.5885849       0.0000000205656378
     88.6886902       0.0000000205192329
     88.7887878       0.0000000204729783
     88.8888855       0.0000000204268755
     88.9889908       0.0000000203809208
     89.0890884       0.0000000203351328
     89.1891861       0.0000000202895080
     89.2892914       0.0000000202440059
     89.3893890       0.0000000201986892
     89.4894867       0.0000000201535053
     89.5895920       0.0000000201084991
     89.6896896       0.0000000200636271
     89.7897873       0.0000000200188955
     89.8898926       0.0000000199743321
     89.9899902       0.0000000199298999
     90.0900879       0.0000000198856166
     90.1901932       0.0000000198414853
     90.2902908       0.0000000197974896
     90.3903885       0.0000000197536448
     90.4904938       0.0000000197099646
     90.5905914       0.0000000196664142
     90.6906891       0.0000000196230064
     90.7907944       0.0000000195797379
     90.8908920       0.0000000195366195
     90.9909897       0.0000000194936424
     91.0910873       0.0000000194508248
     91.1911926       0.0000000194081280
     91.2912903       0.0000000193655754
     91.3913879       0.0000000193231605
     91.4914932       0.0000000192808759
     91.5915909       0.0000000192387399
     91.6916885       0.0000000191967601
     91.7917938       0.0000000191548798
     91.8918915       0.0000000191131756
     91.9919891       0.0000000190715829
     92.0920944       0.0000000190301298
     92.1921921       0.0000000189888146
     92.2922897       0.0000000189476356
     92.3923950       0.0000000189065897
     92.4924927       0.0000000188656755
     92.5925903       0.0000000188248959
     92.6926956       0.0000000187842463
     92.7927933       0.0000000187437299
     92.8928909       0.0000000187033392
     92.9929962       0.0000000186630828
     93.0930939       0.0000000186229580
     93.1931915       0.0000000185829648
     93.2932968       0.0000000185430776
     93.3933945       0.0000000185033428
     93.4934921       0.0000000184637334
     93.5935898       0.0000000184242540
     93.6936951       0.0000000183848951
     93.7937927       0.0000000183456591
     93.8938904       0.0000000183065505
     93.9939957       0.0000000182675676
     94.0940933       0.0000000182287164
     94.1941910       0.0000000181899699
     94.2942963       0.0000000181513528
     94.3943939       0.0000000181128697
     94.4944916       0.0000000180744946
     94.5945969       0.0000000180362543
     94.6946945       0.0000000179981479
     94.7947922       0.0000000179601278
     94.8948975       0.0000000179222478
     94.9949951       0.0000000178844867
     95.0950928       0.0000000178468665
     95.1951981       0.0000000178093229
     95.2952957       0.0000000177719254
     95.3953934       0.0000000177346385
     95.4954987       0.0000000176974712
     95.5955963       0.0000000176604040
     95.6956940       0.0000000176234792
     95.7957993       0.0000000175866477
     95.8958969       0.0000000175499505
     95.9959946       0.0000000175133425
     96.0960999       0.0000000174768558
     96.1961975       0.0000000174405105
     96.2962952       0.0000000174042609
     96.3963928       0.0000000173681189
     96.4964981       0.0000000173320918
     96.5965958       0.0000000172961807
     96.6966934       0.0000000172603813
     96.7967987       0.0000000172246828
     96.8968964       0.0000000171890972
     96.9969940       0.0000000171536229
     97.0970993       0.0000000171182715
     97.1971970       0.0000000170830172
     97.2972946       0.0000000170478688
     97.3973999       0.0000000170128287
     97.4974976       0.0000000169779247
     97.5975952       0.0000000169430927
     97.6977005       0.0000000169083753
     97.7977982       0.0000000168737677
     97.8978958       0.0000000168392818
     97.9980011       0.0000000168048826
     98.0980988       0.0000000167705916
     98.1981964       0.0000000167364126
     98.2983017       0.0000000167023300
     98.3983994       0.0000000166683525
     98.4984970       0.0000000166344790
     98.5986023       0.0000000166007226
     98.6987000       0.0000000165670585
     98.7987976       0.0000000165334938
     98.8988953       0.0000000165000319
     98.9990005       0.0000000164666908
     99.0990982       0.0000000164334326
     99.1991959       0.0000000164002597
     99.2993011       0.0000000163672131
     99.3993988       0.0000000163342565
     99.4994965       0.0000000163013965
     99.5996017       0.0000000162686352
     99.6996994       0.0000000162359577
     99.7997971       0.0000000162034126
     99.8999023       0.0000000161709296
    100.0000000       0.0000000161385649
