# x		H(x,a)
      0.0000000       1.0000000000000000
      0.1001001       0.9900299906730652
      0.2002002       0.9607124924659729
      0.3003003       0.9137664437294006
      0.4004004       0.8518707156181335
      0.5005005       0.7784109115600586
      0.6006006       0.6971734166145325
      0.7007007       0.6120254397392273
      0.8008008       0.5266169309616089
      0.9009009       0.4441368877887726
      1.0010010       0.3671545442639615
      1.1011012       0.2975071349255574
      1.2012012       0.2362951951265475
      1.3013012       0.1839582038729258
      1.4014014       0.1403752688353569
      1.5015016       0.1049958755697226
      1.6016016       0.0769784753079366
      1.7017016       0.0553209489871818
      1.8018018       0.0389712860314243
      1.9019020       0.0269124061164647
      2.0020020       0.0182196459609347
      2.1021020       0.0120933734169922
      2.2022023       0.0078711537958277
      2.3023024       0.0050247593867096
      2.4024024       0.0031473193341033
      2.5025024       0.0019354516334360
      2.6026025       0.0011697235795103
      2.7027028       0.0006959628391961
      2.8028028       0.0004088306353880
      2.9029028       0.0002382617089793
      3.0030031       0.0001388582487500
      3.1031032       0.0000819452648851
      3.2032032       0.0000498549446164
      3.3033032       0.0000319632607324
      3.4034033       0.0000220322023334
      3.5035036       0.0000164829060753
      3.6036036       0.0000133079716586
      3.7037036       0.0000114054059267
      3.8038039       0.0000101824110819
      3.9039040       0.0000093257599047
      4.0040040       0.0000086722991475
      4.1041040       0.0000081377272482
      4.2042041       0.0000076783578586
      4.3043041       0.0000072710964347
      4.4044046       0.0000069032136501
      4.5045047       0.0000065671444751
      4.6046047       0.0000062579828910
      4.7047048       0.0000059722246286
      4.8048048       0.0000057071737119
      4.9049048       0.0000054606330055
      5.0050049       0.0000052307428766
      5.1051049       0.0000050159069487
      5.2052050       0.0000048147380500
      5.3053055       0.0000046260149983
      5.4054055       0.0000044486556315
      5.5055056       0.0000042817109751
      5.6056056       0.0000041243340956
      5.7057056       0.0000039757477966
      5.8058057       0.0000038352871556
      5.9059057       0.0000037023353383
      6.0060062       0.0000035763325069
      6.1061063       0.0000034567948610
      6.2062063       0.0000033432619084
      6.3063064       0.0000032353225010
      6.4064064       0.0000031326006293
      6.5065064       0.0000030347573500
      6.6066065       0.0000029414774710
      6.7067065       0.0000028524753139
      6.8068066       0.0000027674871486
      6.9069071       0.0000026862653077
      7.0070071       0.0000026085889287
      7.1071072       0.0000025342559257
      7.2072072       0.0000024630677220
      7.3073072       0.0000023948447918
      7.4074073       0.0000023294315469
      7.5075073       0.0000022666642130
      7.6076078       0.0000022064069730
      7.7077079       0.0000021485235140
      7.8078079       0.0000020928912063
      7.9079080       0.0000020393921155
      8.0080080       0.0000019879197663
      8.1081085       0.0000019383734063
      8.2082081       0.0000018906549038
      8.3083086       0.0000018446772190
      8.4084082       0.0000018003559581
      8.5085087       0.0000017576098583
      8.6086082       0.0000017163704904
      8.7087088       0.0000016765627940
      8.8088093       0.0000016381226053
      8.9089088       0.0000016009883432
      9.0090094       0.0000015651009112
      9.1091089       0.0000015304066479
      9.2092094       0.0000014968513361
      9.3093090       0.0000014643855872
      9.4094095       0.0000014329641229
      9.5095091       0.0000014025425712
      9.6096096       0.0000013730797927
      9.7097101       0.0000013445335472
      9.8098097       0.0000013168671717
      9.9099102       0.0000012900470217
     10.0100098       0.0000012640347839
     10.1101103       0.0000012388002440
     10.2102098       0.0000012143156840
     10.3103104       0.0000011905481359
     10.4104099       0.0000011674722714
     10.5105104       0.0000011450588141
     10.6106110       0.0000011232856827
     10.7107105       0.0000011021265812
     10.8108110       0.0000010815585390
     10.9109106       0.0000010615608655
     11.0110111       0.0000010421128836
     11.1111107       0.0000010231941835
     11.2112112       0.0000010047861082
     11.3113117       0.0000009868705178
     11.4114113       0.0000009694296837
     11.5115118       0.0000009524464827
     11.6116114       0.0000009359046980
     11.7117119       0.0000009197915412
     11.8118114       0.0000009040904280
     11.9119120       0.0000008887875976
     12.0120125       0.0000008738707066
     12.1121120       0.0000008593250978
     12.2122126       0.0000008451413639
     12.3123121       0.0000008313050833
     12.4124126       0.0000008178056781
     12.5125122       0.0000008046328921
     12.6126127       0.0000007917756722
     12.7127123       0.0000007792245022
     12.8128128       0.0000007669698968
     12.9129133       0.0000007550017588
     13.0130129       0.0000007433116783
     13.1131134       0.0000007318903449
     13.2132130       0.0000007207310221
     13.3133135       0.0000007098249603
     13.4134130       0.0000006991661538
     13.5135136       0.0000006887438626
     13.6136131       0.0000006785536962
     13.7137136       0.0000006685885036
     13.8138142       0.0000006588412076
     13.9139137       0.0000006493046783
     14.0140142       0.0000006399749344
     14.1141138       0.0000006308452535
     14.2142143       0.0000006219090938
     14.3143139       0.0000006131612145
     14.4144144       0.0000006045971234
     14.5145149       0.0000005962116637
     14.6146145       0.0000005879994034
     14.7147150       0.0000005799561725
     14.8148146       0.0000005720765063
     14.9149151       0.0000005643560326
     15.0150146       0.0000005567922400
     15.1151152       0.0000005493780103
     15.2152157       0.0000005421121638
     15.3153152       0.0000005349894352
     15.4154158       0.0000005280061084
     15.5155153       0.0000005211588128
     15.6156158       0.0000005144437806
     15.7157154       0.0000005078586191
     15.8158159       0.0000005013986435
     15.9159155       0.0000004950611506
     16.0160160       0.0000004888430741
     16.1161156       0.0000004827421451
     16.2162170       0.0000004767544842
     16.3163166       0.0000004708776927
     16.4164162       0.0000004651084580
     16.5165157       0.0000004594456518
     16.6166172       0.0000004538850439
     16.7167168       0.0000004484250493
     16.8168163       0.0000004430633720
     16.9169178       0.0000004377972201
     17.0170174       0.0000004326245189
     17.1171169       0.0000004275429334
     17.2172165       0.0000004225506668
     17.3173180       0.0000004176448707
     17.4174175       0.0000004128247440
     17.5175171       0.0000004080877571
     17.6176186       0.0000004034311943
     17.7177181       0.0000003988545629
     17.8178177       0.0000003943554585
     17.9179173       0.0000003899317917
     18.0180187       0.0000003855821900
     18.1181183       0.0000003813055527
     18.2182178       0.0000003770994484
     18.3183174       0.0000003729629695
     18.4184189       0.0000003688937759
     18.5185184       0.0000003648908045
     18.6186180       0.0000003609529078
     18.7187195       0.0000003570789873
     18.8188190       0.0000003532665031
     18.9189186       0.0000003495149649
     19.0190182       0.0000003458227969
     19.1191196       0.0000003421892602
     19.2192192       0.0000003386126583
     19.3193188       0.0000003350916694
     19.4194202       0.0000003316256636
     19.5195198       0.0000003282132546
     19.6196194       0.0000003248532654
     19.7197189       0.0000003215442695
     19.8198204       0.0000003182857762
     19.9199200       0.0000003150771187
     20.0200195       0.0000003119163235
     20.1201210       0.0000003088027137
     20.2202206       0.0000003057359999
     20.3203201       0.0000003027145944
     20.4204197       0.0000002997378627
     20.5205212       0.0000002968049432
     20.6206207       0.0000002939145819
     20.7207203       0.0000002910666646
     20.8208199       0.0000002882596730
     20.9209213       0.0000002854935406
     21.0210209       0.0000002827669451
     21.1211205       0.0000002800789631
     21.2212219       0.0000002774292778
     21.3213215       0.0000002748171617
     21.4214211       0.0000002722416596
     21.5215206       0.0000002697026612
     21.6216221       0.0000002671987353
     21.7217216       0.0000002647296851
     21.8218212       0.0000002622942259
     21.9219227       0.0000002598926986
     22.0220222       0.0000002575242467
     22.1221218       0.0000002551876722
     22.2222214       0.0000002528830555
     22.3223228       0.0000002506094171
     22.4224224       0.0000002483661488
     22.5225220       0.0000002461531586
     22.6226234       0.0000002439695900
     22.7227230       0.0000002418149195
     22.8228226       0.0000002396888132
     22.9229221       0.0000002375904982
     23.0230236       0.0000002355196692
     23.1231232       0.0000002334760764
     23.2232227       0.0000002314588329
     23.3233242       0.0000002294674154
     23.4234238       0.0000002275017147
     23.5235233       0.0000002255615291
     23.6236229       0.0000002236457457
     23.7237244       0.0000002217545280
     23.8238239       0.0000002198870474
     23.9239235       0.0000002180431182
     24.0240250       0.0000002162220771
     24.1241245       0.0000002144242297
     24.2242241       0.0000002126483419
     24.3243237       0.0000002108946437
     24.4244251       0.0000002091624015
     24.5245247       0.0000002074516912
     24.6246243       0.0000002057618656
     24.7247238       0.0000002040924272
     24.8248253       0.0000002024435137
     24.9249249       0.0000002008141985
     25.0250244       0.0000001992046994
     25.1251259       0.0000001976144272
     25.2252254       0.0000001960432832
     25.3253250       0.0000001944907897
     25.4254246       0.0000001929563817
     25.5255260       0.0000001914403781
     25.6256256       0.0000001899420267
     25.7257252       0.0000001884612954
     25.8258266       0.0000001869978762
     25.9259262       0.0000001855514166
     26.0260258       0.0000001841215536
     26.1261253       0.0000001827084639
     26.2262268       0.0000001813113704
     26.3263264       0.0000001799301753
     26.4264259       0.0000001785648665
     26.5265274       0.0000001772148312
     26.6266270       0.0000001758804068
     26.7267265       0.0000001745608713
     26.8268261       0.0000001732561331
     26.9269276       0.0000001719660062
     27.0270271       0.0000001706901333
     27.1271267       0.0000001694285450
     27.2272263       0.0000001681808551
     27.3273277       0.0000001669469488
     27.4274273       0.0000001657266218
     27.5275269       0.0000001645195621
     27.6276283       0.0000001633255720
     27.7277279       0.0000001621447182
     27.8278275       0.0000001609765351
     27.9279270       0.0000001598208944
     28.0280285       0.0000001586778045
     28.1281281       0.0000001575467444
     28.2282276       0.0000001564280665
     28.3283291       0.0000001553208970
     28.4284286       0.0000001542257555
     28.5285282       0.0000001531419543
     28.6286278       0.0000001520696814
     28.7287292       0.0000001510085631
     28.8288288       0.0000001499585451
     28.9289284       0.0000001489194784
     29.0290298       0.0000001478910914
     29.1291294       0.0000001468734238
     29.2292290       0.0000001458661812
     29.3293285       0.0000001448694149
     29.4294300       0.0000001438827324
     29.5295296       0.0000001429060240
     29.6296291       0.0000001419392860
     29.7297306       0.0000001409823440
     29.8298302       0.0000001400349699
     29.9299297       0.0000001390972490
     30.0300293       0.0000001381689804
     30.1301308       0.0000001372496825
     30.2302303       0.0000001363398499
     30.3303299       0.0000001354388619
     30.4304314       0.0000001345469157
     30.5305309       0.0000001336636726
     30.6306305       0.0000001327890696
     30.7307301       0.0000001319231497
     30.8308315       0.0000001310655830
     30.9309311       0.0000001302163479
     31.0310307       0.0000001293754588
     31.1311302       0.0000001285425517
     31.2312317       0.0000001277177341
     31.3313313       0.0000001269009064
     31.4314308       0.0000001260917413
     31.5315323       0.0000001252903952
     31.6316319       0.0000001244966760
     31.7317314       0.0000001237103770
     31.8318310       0.0000001229316799
     31.9319324       0.0000001221600523
     32.0320320       0.0000001213958859
     32.1321335       0.0000001206390014
     32.2322311       0.0000001198889175
     32.3323326       0.0000001191459505
     32.4324341       0.0000001184097598
     32.5325317       0.0000001176805058
     32.6326332       0.0000001169579091
     32.7327309       0.0000001162418684
     32.8328323       0.0000001155324582
     32.9329338       0.0000001148295266
     33.0330315       0.0000001141329716
     33.1331329       0.0000001134427848
     33.2332344       0.0000001127589791
     33.3333321       0.0000001120811855
     33.4334335       0.0000001114094433
     33.5335350       0.0000001107438071
     33.6336327       0.0000001100840416
     33.7337341       0.0000001094301707
     33.8338356       0.0000001087822342
     33.9339333       0.0000001081399128
     34.0340347       0.0000001075032933
     34.1341324       0.0000001068724650
     34.2342339       0.0000001062469359
     34.3343353       0.0000001056268677
     34.4344330       0.0000001050123863
     34.5345345       0.0000001044031705
     34.6346359       0.0000001037992125
     34.7347336       0.0000001032006344
     34.8348351       0.0000001026070580
     34.9349365       0.0000001020186546
     35.0350342       0.0000001014353024
     35.1351357       0.0000001008569293
     35.2352371       0.0000001002834153
     35.3353348       0.0000000997149012
     35.4354362       0.0000000991511815
     35.5355339       0.0000000985922631
     35.6356354       0.0000000980379293
     35.7357368       0.0000000974884498
     35.8358345       0.0000000969434975
     35.9359360       0.0000000964030594
     36.0360374       0.0000000958671355
     36.1361351       0.0000000953356900
     36.2362366       0.0000000948087084
     36.3363380       0.0000000942859809
     36.4364357       0.0000000937676071
     36.5365372       0.0000000932534893
     36.6366348       0.0000000927436168
     36.7367363       0.0000000922379815
     36.8368378       0.0000000917363933
     36.9369354       0.0000000912389062
     37.0370369       0.0000000907453664
     37.1371384       0.0000000902559685
     37.2372360       0.0000000897705151
     37.3373375       0.0000000892887909
     37.4374390       0.0000000888111068
     37.5375366       0.0000000883372288
     37.6376381       0.0000000878670357
     37.7377396       0.0000000874006447
     37.8378372       0.0000000869381262
     37.9379387       0.0000000864789880
     38.0380363       0.0000000860236516
     38.1381378       0.0000000855718683
     38.2382393       0.0000000851236106
     38.3383369       0.0000000846789011
     38.4384384       0.0000000842377198
     38.5385399       0.0000000837999014
     38.6386375       0.0000000833654451
     38.7387390       0.0000000829344979
     38.8388405       0.0000000825067509
     38.9389381       0.0000000820823438
     39.0390396       0.0000000816612493
     39.1391373       0.0000000812433020
     39.2392387       0.0000000808287096
     39.3393402       0.0000000804172033
     39.4394379       0.0000000800087979
     39.5395393       0.0000000796034899
     39.6396408       0.0000000792012626
     39.7397385       0.0000000788020606
     39.8398399       0.0000000784060411
     39.9399414       0.0000000780128104
     40.0400391       0.0000000776226392
     40.1401405       0.0000000772352723
     40.2402420       0.0000000768509173
     40.3403397       0.0000000764693798
     40.4404411       0.0000000760906388
     40.5405388       0.0000000757147615
     40.6406403       0.0000000753416308
     40.7407417       0.0000000749712778
     40.8408394       0.0000000746037045
     40.9409409       0.0000000742387634
     41.0410423       0.0000000738764774
     41.1411400       0.0000000735168862
     41.2412415       0.0000000731598206
     41.3413429       0.0000000728054698
     41.4414406       0.0000000724536445
     41.5415421       0.0000000721043138
     41.6416397       0.0000000717575373
     41.7417412       0.0000000714133105
     41.8418427       0.0000000710714867
     41.9419403       0.0000000707321070
     42.0420418       0.0000000703952447
     42.1421432       0.0000000700607290
     42.2422409       0.0000000697285254
     42.3423424       0.0000000693987927
     42.4424438       0.0000000690713156
     42.5425415       0.0000000687462221
     42.6426430       0.0000000684233508
     42.7427444       0.0000000681027504
     42.8428421       0.0000000677844904
     42.9429436       0.0000000674683683
     43.0430412       0.0000000671544181
     43.1431427       0.0000000668427582
     43.2432442       0.0000000665331954
     43.3433418       0.0000000662258339
     43.4434433       0.0000000659205686
     43.5435448       0.0000000656174083
     43.6436424       0.0000000653163585
     43.7437439       0.0000000650172858
     43.8438454       0.0000000647203786
     43.9439430       0.0000000644254375
     44.0440445       0.0000000641325438
     44.1441460       0.0000000638416420
     44.2442436       0.0000000635526672
     44.3443451       0.0000000632656517
     44.4444427       0.0000000629807101
     44.5445442       0.0000000626975654
     44.6446457       0.0000000624162859
     44.7447433       0.0000000621370095
     44.8448448       0.0000000618595553
     44.9449463       0.0000000615839018
     45.0450439       0.0000000613101754
     45.1451454       0.0000000610383015
     45.2452469       0.0000000607681116
     45.3453445       0.0000000604997920
     45.4454460       0.0000000602332378
     45.5455437       0.0000000599683940
     45.6456451       0.0000000597053142
     45.7457466       0.0000000594440170
     45.8458443       0.0000000591843599
     45.9459457       0.0000000589264680
     46.0460472       0.0000000586702146
     46.1461449       0.0000000584156134
     46.2462463       0.0000000581626841
     46.3463478       0.0000000579114010
     46.4464455       0.0000000576617741
     46.5465469       0.0000000574137197
     46.6466484       0.0000000571672509
     46.7467461       0.0000000569223922
     46.8468475       0.0000000566790459
     46.9469452       0.0000000564373607
     47.0470467       0.0000000561971762
     47.1471481       0.0000000559585069
     47.2472458       0.0000000557213319
     47.3473473       0.0000000554857050
     47.4474487       0.0000000552515778
     47.5475464       0.0000000550188938
     47.6476479       0.0000000547877115
     47.7477493       0.0000000545579301
     47.8478470       0.0000000543296213
     47.9479485       0.0000000541027444
     48.0480499       0.0000000538773000
     48.1481476       0.0000000536532887
     48.2482491       0.0000000534306108
     48.3483467       0.0000000532093317
     48.4484482       0.0000000529894488
     48.5485497       0.0000000527709143
     48.6486473       0.0000000525537698
     48.7487488       0.0000000523379210
     48.8488503       0.0000000521233749
     48.9489479       0.0000000519101974
     49.0490494       0.0000000516982638
     49.1491508       0.0000000514876276
     49.2492485       0.0000000512783783
     49.3493500       0.0000000510703088
     49.4494476       0.0000000508635461
     49.5495491       0.0000000506580584
     49.6496506       0.0000000504536761
     49.7497482       0.0000000502506665
     49.8498497       0.0000000500488528
     49.9499512       0.0000000498482269
     50.0500488       0.0000000496488538
     50.1501503       0.0000000494506142
     50.2502518       0.0000000492535789
     50.3503494       0.0000000490577456
     50.4504509       0.0000000488630508
     50.5505524       0.0000000486695442
     50.6506500       0.0000000484771361
     50.7507515       0.0000000482859025
     50.8508492       0.0000000480958184
     50.9509506       0.0000000479068165
     51.0510521       0.0000000477189409
     51.1511497       0.0000000475321677
     51.2512512       0.0000000473464267
     51.3513527       0.0000000471618557
     51.4514503       0.0000000469783398
     51.5515518       0.0000000467959160
     51.6516533       0.0000000466145361
     51.7517509       0.0000000464342041
     51.8518524       0.0000000462549105
     51.9519501       0.0000000460766496
     52.0520515       0.0000000458993928
     52.1521530       0.0000000457231821
     52.2522507       0.0000000455480231
     52.3523521       0.0000000453738657
     52.4524536       0.0000000452006417
     52.5525513       0.0000000450284290
     52.6526527       0.0000000448572191
     52.7527542       0.0000000446870321
     52.8528519       0.0000000445177610
     52.9529533       0.0000000443493998
     53.0530548       0.0000000441820951
     53.1531525       0.0000000440156524
     53.2532539       0.0000000438501771
     53.3533516       0.0000000436856600
     53.4534531       0.0000000435219991
     53.5535545       0.0000000433593140
     53.6536522       0.0000000431975242
     53.7537537       0.0000000430366821
     53.8538551       0.0000000428766128
     53.9539528       0.0000000427175569
     54.0540543       0.0000000425593321
     54.1541557       0.0000000424020188
     54.2542534       0.0000000422455295
     54.3543549       0.0000000420899377
     54.4544525       0.0000000419352154
     54.5545540       0.0000000417813438
     54.6546555       0.0000000416282431
     54.7547531       0.0000000414760964
     54.8548546       0.0000000413247166
     54.9549561       0.0000000411741717
     55.0550537       0.0000000410244230
     55.1551552       0.0000000408755221
     55.2552567       0.0000000407274147
     55.3553543       0.0000000405801385
     55.4554558       0.0000000404336435
     55.5555573       0.0000000402879252
     55.6556549       0.0000000401430218
     55.7557564       0.0000000399988981
     55.8558540       0.0000000398555247
     55.9559555       0.0000000397129515
     56.0560570       0.0000000395711267
     56.1561546       0.0000000394300947
     56.2562561       0.0000000392897517
     56.3563576       0.0000000391501486
     56.4564552       0.0000000390113665
     56.5565567       0.0000000388732307
     56.6566582       0.0000000387359185
     56.7567558       0.0000000385992726
     56.8568573       0.0000000384633411
     56.9569588       0.0000000383281739
     57.0570564       0.0000000381936738
     57.1571579       0.0000000380599606
     57.2572556       0.0000000379268380
     57.3573570       0.0000000377944549
     57.4574585       0.0000000376627810
     57.5575562       0.0000000375317996
     57.6576576       0.0000000374015086
     57.7577591       0.0000000372718564
     57.8578568       0.0000000371428771
     57.9579582       0.0000000370145989
     58.0580597       0.0000000368869747
     58.1581573       0.0000000367600184
     58.2582588       0.0000000366337129
     58.3583565       0.0000000365080144
     58.4584579       0.0000000363829918
     58.5585594       0.0000000362586305
     58.6586571       0.0000000361348705
     58.7587585       0.0000000360117878
     58.8588600       0.0000000358893161
     58.9589577       0.0000000357674084
     59.0590591       0.0000000356462047
     59.1591606       0.0000000355255828
     59.2592583       0.0000000354055756
     59.3593597       0.0000000352861575
     59.4594612       0.0000000351673716
     59.5595589       0.0000000350491536
     59.6596603       0.0000000349315627
     59.7597580       0.0000000348145587
     59.8598595       0.0000000346981045
     59.9599609       0.0000000345822875
     60.0600586       0.0000000344670203
     60.1601601       0.0000000343523228
     60.2602615       0.0000000342382127
     60.3603592       0.0000000341246639
     60.4604607       0.0000000340116654
     60.5605621       0.0000000338992498
     60.6606598       0.0000000337873904
     60.7607613       0.0000000336760570
     60.8608627       0.0000000335652749
     60.9609604       0.0000000334550890
     61.0610619       0.0000000333453807
     61.1611595       0.0000000332362653
     61.2612610       0.0000000331276696
     61.3613625       0.0000000330196094
     61.4614601       0.0000000329120312
     61.5615616       0.0000000328049953
     61.6616631       0.0000000326985141
     61.7617607       0.0000000325925384
     61.8618622       0.0000000324870599
     61.9619637       0.0000000323820985
     62.0620613       0.0000000322776665
     62.1621628       0.0000000321737495
     62.2622604       0.0000000320702467
     62.3623619       0.0000000319673530
     62.4624634       0.0000000318648761
     62.5625610       0.0000000317629270
     62.6626625       0.0000000316614348
     62.7627640       0.0000000315604943
     62.8628616       0.0000000314599654
     62.9629631       0.0000000313599573
     63.0630646       0.0000000312604121
     63.1631622       0.0000000311613617
     63.2632637       0.0000000310627420
     63.3633652       0.0000000309646115
     63.4634628       0.0000000308669399
     63.5635643       0.0000000307697461
     63.6636620       0.0000000306729822
     63.7637634       0.0000000305766818
     63.8638649       0.0000000304808313
     63.9639626       0.0000000303854442
     64.0640640       0.0000000302905381
     64.1641617       0.0000000301960309
     64.2642670       0.0000000301019345
     64.3643646       0.0000000300083321
     64.4644623       0.0000000299151642
     64.5645676       0.0000000298224103
     64.6646652       0.0000000297300805
     64.7647629       0.0000000296382125
     64.8648682       0.0000000295467369
     64.9649658       0.0000000294557026
     65.0650635       0.0000000293650814
     65.1651688       0.0000000292748515
     65.2652664       0.0000000291850768
     65.3653641       0.0000000290957150
     65.4654617       0.0000000290067388
     65.5655670       0.0000000289181755
     65.6656647       0.0000000288300346
     65.7657623       0.0000000287422915
     65.8658676       0.0000000286549138
     65.9659653       0.0000000285679704
     66.0660629       0.0000000284814248
     66.1661682       0.0000000283952641
     66.2662659       0.0000000283094667
     66.3663635       0.0000000282240951
     66.4664688       0.0000000281391056
     66.5665665       0.0000000280544639
     66.6666641       0.0000000279702243
     66.7667694       0.0000000278863706
     66.8668671       0.0000000278028740
     66.9669647       0.0000000277198067
     67.0670700       0.0000000276370494
     67.1671677       0.0000000275546892
     67.2672653       0.0000000274727120
     67.3673706       0.0000000273910592
     67.4674683       0.0000000273098103
     67.5675659       0.0000000272289070
     67.6676712       0.0000000271483624
     67.7677689       0.0000000270681555
     67.8678665       0.0000000269883060
     67.9679642       0.0000000269088348
     68.0680695       0.0000000268296940
     68.1681671       0.0000000267509249
     68.2682648       0.0000000266724894
     68.3683701       0.0000000265943971
     68.4684677       0.0000000265166385
     68.5685654       0.0000000264392232
     68.6686707       0.0000000263621766
     68.7687683       0.0000000262854244
     68.8688660       0.0000000262090330
     68.9689713       0.0000000261329582
     69.0690689       0.0000000260572362
     69.1691666       0.0000000259818169
     69.2692719       0.0000000259067425
     69.3693695       0.0000000258319896
     69.4694672       0.0000000257575475
     69.5695724       0.0000000256834222
     69.6696701       0.0000000256096508
     69.7697678       0.0000000255361825
     69.8698730       0.0000000254630125
     69.9699707       0.0000000253901551
     70.0700684       0.0000000253176675
     70.1701736       0.0000000252454282
     70.2702713       0.0000000251735012
     70.3703690       0.0000000251018986
     70.4704742       0.0000000250305821
     70.5705719       0.0000000249596092
     70.6706696       0.0000000248889047
     70.7707672       0.0000000248185135
     70.8708725       0.0000000247484173
     70.9709702       0.0000000246786123
     71.0710678       0.0000000246091038
     71.1711731       0.0000000245398930
     71.2712708       0.0000000244709701
     71.3713684       0.0000000244023509
     71.4714737       0.0000000243340143
     71.5715714       0.0000000242659596
     71.6716690       0.0000000241981876
     71.7717743       0.0000000241306881
     71.8718719       0.0000000240634745
     71.9719696       0.0000000239965620
     72.0720749       0.0000000239299204
     72.1721725       0.0000000238635471
     72.2722702       0.0000000237974668
     72.3723755       0.0000000237316303
     72.4724731       0.0000000236660930
     72.5725708       0.0000000236008191
     72.6726761       0.0000000235358062
     72.7727737       0.0000000234710585
     72.8728714       0.0000000234065988
     72.9729767       0.0000000233423887
     73.0730743       0.0000000232784505
     73.1731720       0.0000000232147776
     73.2732697       0.0000000231513863
     73.3733749       0.0000000230882053
     73.4734726       0.0000000230252994
     73.5735703       0.0000000229626749
     73.6736755       0.0000000229002767
     73.7737732       0.0000000228381192
     73.8738708       0.0000000227762491
     73.9739761       0.0000000227146320
     74.0740738       0.0000000226532633
     74.1741714       0.0000000225921214
     74.2742767       0.0000000225312309
     74.3743744       0.0000000224706075
     74.4744720       0.0000000224102124
     74.5745773       0.0000000223500610
     74.6746750       0.0000000222901335
     74.7747726       0.0000000222304770
     74.8748779       0.0000000221710596
     74.9749756       0.0000000221118618
     75.0750732       0.0000000220529060
     75.1751785       0.0000000219941904
     75.2752762       0.0000000219357003
     75.3753738       0.0000000218774284
     75.4754791       0.0000000218194325
     75.5755768       0.0000000217616410
     75.6756744       0.0000000217040631
     75.7757721       0.0000000216467386
     75.8758774       0.0000000215896507
     75.9759750       0.0000000215327765
     76.0760727       0.0000000214761243
     76.1761780       0.0000000214196706
     76.2762756       0.0000000213634638
     76.3763733       0.0000000213074777
     76.4764786       0.0000000212517117
     76.5765762       0.0000000211961676
     76.6766739       0.0000000211408223
     76.7767792       0.0000000210857080
     76.8768768       0.0000000210308145
     76.9769745       0.0000000209761479
     77.0770798       0.0000000209216562
     77.1771774       0.0000000208673947
     77.2772751       0.0000000208133645
     77.3773804       0.0000000207595021
     77.4774780       0.0000000207058693
     77.5775757       0.0000000206524362
     77.6776810       0.0000000205992273
     77.7777786       0.0000000205461956
     77.8778763       0.0000000204934025
     77.9779816       0.0000000204408052
     78.0780792       0.0000000203884157
     78.1781769       0.0000000203362112
     78.2782745       0.0000000202842040
     78.3783798       0.0000000202323870
     78.4784775       0.0000000201807786
     78.5785751       0.0000000201293896
     78.6786804       0.0000000200781914
     78.7787781       0.0000000200271768
     78.8788757       0.0000000199763549
     78.9789810       0.0000000199257222
     79.0790787       0.0000000198752850
     79.1791763       0.0000000198250460
     79.2792816       0.0000000197749951
     79.3793793       0.0000000197251302
     79.4794769       0.0000000196754577
     79.5795822       0.0000000196259682
     79.6796799       0.0000000195766503
     79.7797775       0.0000000195275454
     79.8798828       0.0000000194786141
     79.9799805       0.0000000194298520
     80.0800781       0.0000000193812898
     80.1801834       0.0000000193328998
     80.2802811       0.0000000192847021
     80.3803787       0.0000000192366869
     80.4804840       0.0000000191888381
     80.5805817       0.0000000191411799
     80.6806793       0.0000000190937091
     80.7807770       0.0000000190463892
     80.8808823       0.0000000189992564
     80.9809799       0.0000000189522870
     81.0810776       0.0000000189054912
     81.1811829       0.0000000188588931
     81.2812805       0.0000000188124505
     81.3813782       0.0000000187661772
     81.4814835       0.0000000187200814
     81.5815811       0.0000000186741551
     81.6816788       0.0000000186283871
     81.7817841       0.0000000185827851
     81.8818817       0.0000000185373520
     81.9819794       0.0000000184920967
     82.0820847       0.0000000184470207
     82.1821823       0.0000000184020898
     82.2822800       0.0000000183573201
     82.3823853       0.0000000183127202
     82.4824829       0.0000000182682775
     82.5825806       0.0000000182239960
     82.6826859       0.0000000181798843
     82.7827835       0.0000000181359326
     82.8828812       0.0000000180921345
     82.9829865       0.0000000180484999
     83.0830841       0.0000000180050163
     83.1831818       0.0000000179616822
     83.2832794       0.0000000179185066
     83.3833847       0.0000000178754994
     83.4834824       0.0000000178326519
     83.5835800       0.0000000177899289
     83.6836853       0.0000000177474023
     83.7837830       0.0000000177049893
     83.8838806       0.0000000176627519
     83.9839859       0.0000000176206578
     84.0840836       0.0000000175786960
     84.1841812       0.0000000175369139
     84.2842865       0.0000000174952757
     84.3843842       0.0000000174537716
     84.4844818       0.0000000174124104
     84.5845871       0.0000000173712150
     84.6846848       0.0000000173301589
     84.7847824       0.0000000172892427
     84.8848877       0.0000000172484622
     84.9849854       0.0000000172078444
     85.0850830       0.0000000171673617
     85.1851883       0.0000000171270255
     85.2852859       0.0000000170868375
     85.3853836       0.0000000170467745
     85.4854889       0.0000000170068716
     85.5855865       0.0000000169670914
     85.6856842       0.0000000169274788
     85.7857895       0.0000000168879725
     85.8858871       0.0000000168486061
     85.9859848       0.0000000168093881
     86.0860825       0.0000000167702973
     86.1861877       0.0000000167313566
     86.2862854       0.0000000166925557
     86.3863831       0.0000000166538744
     86.4864883       0.0000000166153126
     86.5865860       0.0000000165769150
     86.6866837       0.0000000165386509
     86.7867889       0.0000000165004972
     86.8868866       0.0000000164624835
     86.9869843       0.0000000164246070
     87.0870895       0.0000000163868563
     87.1871872       0.0000000163492193
     87.2872849       0.0000000163117317
     87.3873901       0.0000000162743723
     87.4874878       0.0000000162371610
     87.5875854       0.0000000162000383
     87.6876907       0.0000000161630758
     87.7877884       0.0000000161262145
     87.8878860       0.0000000160894954
     87.9879913       0.0000000160528892
     88.0880890       0.0000000160164001
     88.1881866       0.0000000159800521
     88.2882919       0.0000000159438379
     88.3883896       0.0000000159077327
     88.4884872       0.0000000158717405
     88.5885849       0.0000000158358796
     88.6886902       0.0000000158001462
     88.7887878       0.0000000157645296
     88.8888855       0.0000000157290304
     88.9889908       0.0000000156936451
     89.0890884       0.0000000156583855
     89.1891861       0.0000000156232539
     89.2892914       0.0000000155882174
     89.3893890       0.0000000155533231
     89.4894867       0.0000000155185305
     89.5895920       0.0000000154838745
     89.6896896       0.0000000154493226
     89.7897873       0.0000000154148785
     89.8898926       0.0000000153805642
     89.9899902       0.0000000153463495
     90.0900879       0.0000000153122506
     90.1901932       0.0000000152782703
     90.2902908       0.0000000152443922
     90.3903885       0.0000000152106316
     90.4904938       0.0000000151769968
     90.5905914       0.0000000151434618
     90.6906891       0.0000000151100380
     90.7907944       0.0000000150767207
     90.8908920       0.0000000150435187
     90.9909897       0.0000000150104254
     91.0910873       0.0000000149774545
     91.1911926       0.0000000149445773
     91.2912903       0.0000000149118097
     91.3913879       0.0000000148791518
     91.4914932       0.0000000148465902
     91.5915909       0.0000000148141454
     91.6916885       0.0000000147818211
     91.7917938       0.0000000147495720
     91.8918915       0.0000000147174592
     91.9919891       0.0000000146854326
     92.0920944       0.0000000146535125
     92.1921921       0.0000000146216988
     92.2922897       0.0000000145899901
     92.3923950       0.0000000145583848
     92.4924927       0.0000000145268813
     92.5925903       0.0000000144954780
     92.6926956       0.0000000144641797
     92.7927933       0.0000000144329801
     92.8928909       0.0000000144018785
     92.9929962       0.0000000143708809
     93.0930939       0.0000000143399836
     93.1931915       0.0000000143091881
     93.2932968       0.0000000142784745
     93.3933945       0.0000000142478796
     93.4934921       0.0000000142173786
     93.5935898       0.0000000141869778
     93.6936951       0.0000000141566726
     93.7937927       0.0000000141264594
     93.8938904       0.0000000140963440
     93.9939957       0.0000000140663270
     94.0940933       0.0000000140364119
     94.1941910       0.0000000140065758
     94.2942963       0.0000000139768388
     94.3943939       0.0000000139472072
     94.4944916       0.0000000139176579
     94.5945969       0.0000000138882128
     94.6946945       0.0000000138588698
     94.7947922       0.0000000138295943
     94.8948975       0.0000000138004249
     94.9949951       0.0000000137713483
     95.0950928       0.0000000137423800
     95.1951981       0.0000000137134713
     95.2952957       0.0000000136846747
     95.3953934       0.0000000136559640
     95.4954987       0.0000000136273444
     95.5955963       0.0000000135988009
     95.6956940       0.0000000135703687
     95.7957993       0.0000000135420088
     95.8958969       0.0000000135137495
     95.9959946       0.0000000134855618
     96.0960999       0.0000000134574652
     96.1961975       0.0000000134294795
     96.2962952       0.0000000134015679
     96.3963928       0.0000000133737361
     96.4964981       0.0000000133459953
     96.5965958       0.0000000133183438
     96.6966934       0.0000000132907762
     96.7967987       0.0000000132632892
     96.8968964       0.0000000132358868
     96.9969940       0.0000000132085722
     97.0970993       0.0000000131813517
     97.1971970       0.0000000131542040
     97.2972946       0.0000000131271394
     97.3973999       0.0000000131001578
     97.4974976       0.0000000130732812
     97.5975952       0.0000000130464596
     97.6977005       0.0000000130197264
     97.7977982       0.0000000129930787
     97.8978958       0.0000000129665241
     97.9980011       0.0000000129400355
     98.0980988       0.0000000129136322
     98.1981964       0.0000000128873136
     98.2983017       0.0000000128610694
     98.3983994       0.0000000128349068
     98.4984970       0.0000000128088226
     98.5986023       0.0000000127828297
     98.6987000       0.0000000127569076
     98.7987976       0.0000000127310616
     98.8988953       0.0000000127052963
     98.9990005       0.0000000126796236
     99.0990982       0.0000000126540142
     99.1991959       0.0000000126284688
     99.2993011       0.0000000126030236
     99.3993988       0.0000000125776454
     99.4994965       0.0000000125523440
     99.5996017       0.0000000125271163
     99.6996994       0.0000000125019543
     99.7997971       0.0000000124768945
     99.8999023       0.0000000124518814
    100.0000000       0.0000000124269602
