# x		H(x,a)
      0.0000000       1.0000000000000000
      0.1001001       0.9900299906730652
      0.2002002       0.9607124924659729
      0.3003003       0.9137664437294006
      0.4004004       0.8518707156181335
      0.5005005       0.7784109115600586
      0.6006006       0.6971734166145325
      0.7007007       0.6120254397392273
      0.8008008       0.5266169309616089
      0.9009009       0.4441368877887726
      1.0010010       0.3671592974891772
      1.1011012       0.2975205905153231
      1.2012012       0.2363163219102566
      1.3013012       0.1839845740979570
      1.4014014       0.1404044171475755
      1.5015016       0.1050258079579567
      1.6016016       0.0770077765408557
      1.7017016       0.0553487214367991
      1.8018018       0.0389970348958197
      1.9019020       0.0269359234102173
      2.0020020       0.0182409133365233
      2.1021020       0.0121124884429043
      2.2022023       0.0078882776758731
      2.3023024       0.0050400818691842
      2.4024024       0.0031610363925886
      2.5025024       0.0019477521978411
      2.6026025       0.0011807823492282
      2.7027028       0.0007059370150202
      2.8028028       0.0004178591143602
      2.9029028       0.0002464657067305
      3.0030031       0.0001463426496778
      3.1031032       0.0000888003390245
      3.2032032       0.0000561581142408
      3.3033032       0.0000377808467888
      3.4034033       0.0000274209907107
      3.5035036       0.0000214915587390
      3.6036036       0.0000179782595262
      3.7037036       0.0000157732625386
      3.8038039       0.0000142788431923
      3.9039040       0.0000131776041513
      4.0040040       0.0000123028638072
      4.1041040       0.0000115673336219
      4.2042041       0.0000109247952266
      4.3043041       0.0000103499906680
      4.4044046       0.0000098283554581
      4.5045047       0.0000093507446776
      4.6046047       0.0000089108989010
      4.7047048       0.0000085041480953
      4.8048048       0.0000081267881891
      4.9049048       0.0000077757471944
      5.0050049       0.0000074484013968
      5.1051049       0.0000071424849485
      5.2052050       0.0000068560278744
      5.3053055       0.0000065872933330
      5.4054055       0.0000063347391303
      5.5055056       0.0000060970157627
      5.6056056       0.0000058729165211
      5.7057056       0.0000056613340684
      5.8058057       0.0000054613223819
      5.9059057       0.0000052720039851
      6.0060062       0.0000050925803017
      6.1061063       0.0000049223625898
      6.2062063       0.0000047606950382
      6.3063064       0.0000046069931147
      6.4064064       0.0000044607205394
      6.5065064       0.0000043213947258
      6.6066065       0.0000041885676070
      6.7067065       0.0000040618314200
      6.8068066       0.0000039408108046
      6.9069071       0.0000038251534186
      7.0070071       0.0000037145452555
      7.1071072       0.0000036086969681
      7.2072072       0.0000035073277146
      7.3073072       0.0000034101801743
      7.4074073       0.0000033170339414
      7.5075073       0.0000032276555248
      7.6076078       0.0000031418509899
      7.7077079       0.0000030594268526
      7.8078079       0.0000029802080531
      7.9079080       0.0000029040274133
      8.0080080       0.0000028307321820
      8.1081085       0.0000027601800630
      8.2082081       0.0000026922306764
      8.3083086       0.0000026267596744
      8.4084082       0.0000025636478274
      8.5085087       0.0000025027785425
      8.6086082       0.0000024440552404
      8.7087088       0.0000023873702660
      8.8088093       0.0000023326328936
      8.9089088       0.0000022797548535
      9.0090094       0.0000022286523041
      9.1091089       0.0000021792489240
      9.2092094       0.0000021314672242
      9.3093090       0.0000020852369941
      9.4094095       0.0000020404940682
      9.5095091       0.0000019971747392
      9.6096096       0.0000019552206090
      9.7097101       0.0000019145716651
      9.8098097       0.0000018751757879
      9.9099102       0.0000018369846525
     10.0100098       0.0000017999441368
     10.1101103       0.0000017640109538
     10.2102098       0.0000017291456332
     10.3103104       0.0000016953014333
     10.4104099       0.0000016624421402
     10.5105104       0.0000016305262194
     10.6106110       0.0000015995218773
     10.7107105       0.0000015693920974
     10.8108110       0.0000015401036810
     10.9109106       0.0000015116278146
     11.0110111       0.0000014839346856
     11.1111107       0.0000014569949285
     11.2112112       0.0000014307825002
     11.3113117       0.0000014052711794
     11.4114113       0.0000013804360092
     11.5115118       0.0000013562524040
     11.6116114       0.0000013326974320
     11.7117119       0.0000013097529828
     11.8118114       0.0000012873951297
     11.9119120       0.0000012656043743
     12.0120125       0.0000012443632057
     12.1121120       0.0000012236506162
     12.2122126       0.0000012034535412
     12.3123121       0.0000011837511236
     12.4124126       0.0000011645285098
     12.5125122       0.0000011457708717
     12.6126127       0.0000011274625951
     12.7127123       0.0000011095900535
     12.8128128       0.0000010921399099
     12.9129133       0.0000010750976893
     13.0130129       0.0000010584514657
     13.1131134       0.0000010421877952
     13.2132130       0.0000010262973605
     13.3133135       0.0000010107675224
     13.4134130       0.0000009955896938
     13.5135136       0.0000009807486271
     13.6136131       0.0000009662381848
     13.7137136       0.0000009520481412
     13.8138142       0.0000009381683398
     13.9139137       0.0000009245885356
     14.0140142       0.0000009113033258
     14.1141138       0.0000008983029301
     14.2142143       0.0000008855781179
     14.3143139       0.0000008731214061
     14.4144144       0.0000008609265258
     14.5145149       0.0000008489858110
     14.6146145       0.0000008372918558
     14.7147150       0.0000008258385742
     14.8148146       0.0000008146181971
     14.9149151       0.0000008036245520
     15.0150146       0.0000007928537981
     15.1151152       0.0000007822962539
     15.2152157       0.0000007719499759
     15.3153152       0.0000007618073444
     15.4154158       0.0000007518633123
     15.5155153       0.0000007421131129
     15.6156158       0.0000007325510182
     15.7157154       0.0000007231740045
     15.8158159       0.0000007139752128
     15.9159155       0.0000007049508300
     16.0160160       0.0000006960965186
     16.1161156       0.0000006874090039
     16.2162170       0.0000006788826706
     16.3163166       0.0000006705143840
     16.4164162       0.0000006622991685
     16.5165157       0.0000006542355238
     16.6166172       0.0000006463174313
     16.7167168       0.0000006385425470
     16.8168163       0.0000006309076407
     16.9169178       0.0000006234089130
     17.0170174       0.0000006160430995
     17.1171169       0.0000006088070257
     17.2172165       0.0000006016982964
     17.3173180       0.0000005947126071
     17.4174175       0.0000005878488670
     17.5175171       0.0000005811035306
     17.6176186       0.0000005744727335
     17.7177181       0.0000005679558261
     17.8178177       0.0000005615492308
     17.9179173       0.0000005552500862
     18.0180187       0.0000005490564204
     18.1181183       0.0000005429665832
     18.2182178       0.0000005369772596
     18.3183174       0.0000005310870195
     18.4184189       0.0000005252926238
     18.5185184       0.0000005195924836
     18.6186180       0.0000005139850724
     18.7187195       0.0000005084687568
     18.8188190       0.0000005030398925
     18.9189186       0.0000004976978288
     19.0190182       0.0000004924403079
     19.1191196       0.0000004872662770
     19.2192192       0.0000004821733149
     19.3193188       0.0000004771595185
     19.4194202       0.0000004722240394
     19.5195198       0.0000004673648843
     19.6196194       0.0000004625803710
     19.7197189       0.0000004578684691
     19.8198204       0.0000004532284673
     19.9199200       0.0000004486594523
     20.0200195       0.0000004441586223
     20.1201210       0.0000004397249043
     20.2202206       0.0000004353580129
     20.3203201       0.0000004310556272
     20.4204197       0.0000004268168866
     20.5205212       0.0000004226404905
     20.6206207       0.0000004185247044
     20.7207203       0.0000004144693404
     20.8208199       0.0000004104722805
     20.9209213       0.0000004065334462
     21.0210209       0.0000004026508438
     21.1211205       0.0000003988232237
     21.2212219       0.0000003950501715
     21.3213215       0.0000003913306103
     21.4214211       0.0000003876632001
     21.5215206       0.0000003840477734
     21.6216221       0.0000003804822192
     21.7217216       0.0000003769663615
     21.8218212       0.0000003734983950
     21.9219227       0.0000003700786947
     22.0220222       0.0000003667060757
     22.1221218       0.0000003633788360
     22.2222214       0.0000003600971390
     22.3223228       0.0000003568595692
     22.4224224       0.0000003536652273
     22.5225220       0.0000003505140203
     22.6226234       0.0000003474046776
     22.7227230       0.0000003443364928
     22.8228226       0.0000003413089804
     22.9229221       0.0000003383210688
     23.0230236       0.0000003353722858
     23.1231232       0.0000003324622249
     23.2232227       0.0000003295897737
     23.3233242       0.0000003267540693
     23.4234238       0.0000003239549894
     23.5235233       0.0000003211921749
     23.6236229       0.0000003184641776
     23.7237244       0.0000003157711898
     23.8238239       0.0000003131119434
     23.9239235       0.0000003104862580
     24.0240250       0.0000003078931594
     24.1241245       0.0000003053330672
     24.2242241       0.0000003028042706
     24.3243237       0.0000003003070466
     24.4244251       0.0000002978403659
     24.5245247       0.0000002954044049
     24.6246243       0.0000002929981179
     24.7247238       0.0000002906209170
     24.8248253       0.0000002882729125
     24.9249249       0.0000002859528326
     25.0250244       0.0000002836609507
     25.1251259       0.0000002813964575
     25.2252254       0.0000002791591901
     25.3253250       0.0000002769484911
     25.4254246       0.0000002747635407
     25.5255260       0.0000002726048192
     25.6256256       0.0000002704712089
     25.7257252       0.0000002683626938
     25.8258266       0.0000002662788341
     25.9259262       0.0000002642191442
     26.0260258       0.0000002621830602
     26.1261253       0.0000002601708428
     26.2262268       0.0000002581814191
     26.3263264       0.0000002562146667
     26.4264259       0.0000002542705070
     26.5265274       0.0000002523480905
     26.6266270       0.0000002504479185
     26.7267265       0.0000002485689400
     26.8268261       0.0000002467110408
     26.9269276       0.0000002448739516
     27.0270271       0.0000002430571490
     27.1271267       0.0000002412606645
     27.2272263       0.0000002394840102
     27.3273277       0.0000002377269444
     27.4274273       0.0000002359892843
     27.5275269       0.0000002342704545
     27.6276283       0.0000002325702569
     27.7277279       0.0000002308887538
     27.8278275       0.0000002292253131
     27.9279270       0.0000002275796981
     28.0280285       0.0000002259520010
     28.1281281       0.0000002243413768
     28.2282276       0.0000002227484606
     28.3283291       0.0000002211718942
     28.4284286       0.0000002196124099
     28.5285282       0.0000002180691329
     28.6286278       0.0000002165422425
     28.7287292       0.0000002150312125
     28.8288288       0.0000002135360530
     28.9289284       0.0000002120564487
     29.0290298       0.0000002105920582
     29.1291294       0.0000002091429160
     29.2292290       0.0000002077086725
     29.3293285       0.0000002062892824
     29.4294300       0.0000002048842825
     29.5295296       0.0000002034934897
     29.6296291       0.0000002021168930
     29.7297306       0.0000002007542306
     29.8298302       0.0000001994052074
     29.9299297       0.0000001980699034
     30.0300293       0.0000001967481042
     30.1301308       0.0000001954390496
     30.2302303       0.0000001941434589
     30.3303299       0.0000001928605043
     30.4304314       0.0000001915903952
     30.5305309       0.0000001903326789
     30.6306305       0.0000001890872740
     30.7307301       0.0000001878542304
     30.8308315       0.0000001866330779
     30.9309311       0.0000001854238114
     31.0310307       0.0000001842263914
     31.1311302       0.0000001830403852
     31.2312317       0.0000001818658712
     31.3313313       0.0000001807027301
     31.4314308       0.0000001795505077
     31.5315323       0.0000001784094156
     31.6316319       0.0000001772791867
     31.7317314       0.0000001761595071
     31.8318310       0.0000001750506878
     31.9319324       0.0000001739518943
     32.0320320       0.0000001728637619
     32.1321335       0.0000001717859849
     32.2322311       0.0000001707178885
     32.3323326       0.0000001696599242
     32.4324341       0.0000001686116085
     32.5325317       0.0000001675731641
     32.6326332       0.0000001665442243
     32.7327309       0.0000001655246076
     32.8328323       0.0000001645144336
     32.9329338       0.0000001635134700
     33.0330315       0.0000001625216134
     33.1331329       0.0000001615387966
     33.2332344       0.0000001605650925
     33.3333321       0.0000001595999296
     33.4334335       0.0000001586433965
     33.5335350       0.0000001576955426
     33.6336327       0.0000001567560486
     33.7337341       0.0000001558249849
     33.8338356       0.0000001549023234
     33.9339333       0.0000001539876936
     34.0340347       0.0000001530811643
     34.1341324       0.0000001521828886
     34.2342339       0.0000001512921532
     34.3343353       0.0000001504091847
     34.4344330       0.0000001495341688
     34.5345345       0.0000001486666801
     34.6346359       0.0000001478066751
     34.7347336       0.0000001469543151
     34.8348351       0.0000001461090806
     34.9349365       0.0000001452712098
     35.0350342       0.0000001444405330
     35.1351357       0.0000001436169733
     35.2352371       0.0000001428002852
     35.3353348       0.0000001419907562
     35.4354362       0.0000001411880292
     35.5355339       0.0000001403921389
     35.6356354       0.0000001396028078
     35.7357368       0.0000001388203440
     35.8358345       0.0000001380443628
     35.9359360       0.0000001372747994
     36.0360374       0.0000001365116571
     36.1361351       0.0000001357548971
     36.2362366       0.0000001350044878
     36.3363380       0.0000001342601407
     36.4364357       0.0000001335219855
     36.5365372       0.0000001327899002
     36.6366348       0.0000001320638623
     36.7367363       0.0000001313438564
     36.8368378       0.0000001306296135
     36.9369354       0.0000001299212138
     37.0370369       0.0000001292184274
     37.1371384       0.0000001285215349
     37.2372360       0.0000001278302601
     37.3373375       0.0000001271443051
     37.4374390       0.0000001264640948
     37.5375366       0.0000001257893065
     37.6376381       0.0000001251197584
     37.7377396       0.0000001244556473
     37.8378372       0.0000001237970290
     37.9379387       0.0000001231432503
     38.0380363       0.0000001224948582
     38.1381378       0.0000001218515387
     38.2382393       0.0000001212132228
     38.3383369       0.0000001205799725
     38.4384384       0.0000001199517537
     38.5385399       0.0000001193283131
     38.6386375       0.0000001187096586
     38.7387390       0.0000001180960005
     38.8388405       0.0000001174869012
     38.9389381       0.0000001168825538
     39.0390396       0.0000001162829299
     39.1391373       0.0000001156877976
     39.2392387       0.0000001150974272
     39.3393402       0.0000001145114594
     39.4394379       0.0000001139298970
     39.5395393       0.0000001133527599
     39.6396408       0.0000001127799920
     39.7397385       0.0000001122115412
     39.8398399       0.0000001116476220
     39.9399414       0.0000001110876828
     40.0400391       0.0000001105320999
     40.1401405       0.0000001099804919
     40.2402420       0.0000001094331882
     40.3403397       0.0000001088898853
     40.4404411       0.0000001083505653
     40.5405388       0.0000001078153256
     40.6406403       0.0000001072840156
     40.7407417       0.0000001067566381
     40.8408394       0.0000001062332373
     40.9409409       0.0000001057135562
     41.0410423       0.0000001051976916
     41.1411400       0.0000001046856325
     41.2412415       0.0000001041771793
     41.3413429       0.0000001036726031
     41.4414406       0.0000001031716106
     41.5415421       0.0000001026741848
     41.6416397       0.0000001021803706
     41.7417412       0.0000001016902104
     41.8418427       0.0000001012034659
     41.9419403       0.0000001007201990
     42.0420418       0.0000001002405122
     42.1421432       0.0000000997641753
     42.2422409       0.0000000992911360
     42.3423424       0.0000000988216012
     42.4424438       0.0000000983552849
     42.5425415       0.0000000978923666
     42.6426430       0.0000000974326046
     42.7427444       0.0000000969760851
     42.8428421       0.0000000965228929
     42.9429436       0.0000000960727394
     43.0430412       0.0000000956256917
     43.1431427       0.0000000951818871
     43.2432442       0.0000000947410816
     43.3433418       0.0000000943034154
     43.4434433       0.0000000938687299
     43.5435448       0.0000000934370436
     43.6436424       0.0000000930083537
     43.7437439       0.0000000925824826
     43.8438454       0.0000000921596986
     43.9439430       0.0000000917397167
     44.0440445       0.0000000913226399
     44.1441460       0.0000000909083992
     44.2442436       0.0000000904969092
     44.3443451       0.0000000900882190
     44.4444427       0.0000000896824601
     44.5445442       0.0000000892792796
     44.6446457       0.0000000888787408
     44.7447433       0.0000000884810579
     44.8448448       0.0000000880859740
     44.9449463       0.0000000876934478
     45.0450439       0.0000000873036781
     45.1451454       0.0000000869165430
     45.2452469       0.0000000865317968
     45.3453445       0.0000000861497159
     45.4454460       0.0000000857701598
     45.5455437       0.0000000853930243
     45.6456451       0.0000000850184124
     45.7457466       0.0000000846463364
     45.8458443       0.0000000842765852
     45.9459457       0.0000000839093536
     46.0460472       0.0000000835444515
     46.1461449       0.0000000831819189
     46.2462463       0.0000000828217578
     46.3463478       0.0000000824639334
     46.4464455       0.0000000821084696
     46.5465469       0.0000000817552526
     46.6466484       0.0000000814042892
     46.7467461       0.0000000810556144
     46.8468475       0.0000000807091043
     46.9469452       0.0000000803649561
     47.0470467       0.0000000800229295
     47.1471481       0.0000000796830671
     47.2472458       0.0000000793453494
     47.3473473       0.0000000790098155
     47.4474487       0.0000000786764320
     47.5475464       0.0000000783450973
     47.6476479       0.0000000780159016
     47.7477493       0.0000000776887091
     47.8478470       0.0000000773636018
     47.9479485       0.0000000770405250
     48.0480499       0.0000000767195009
     48.1481476       0.0000000764005257
     48.2482491       0.0000000760834390
     48.3483467       0.0000000757683389
     48.4484482       0.0000000754552414
     48.5485497       0.0000000751440543
     48.6486473       0.0000000748348387
     48.7487488       0.0000000745274823
     48.8488503       0.0000000742219718
     48.9489479       0.0000000739184164
     49.0490494       0.0000000736166304
     49.1491508       0.0000000733166900
     49.2492485       0.0000000730187312
     49.3493500       0.0000000727224443
     49.4494476       0.0000000724280212
     49.5495491       0.0000000721354162
     49.6496506       0.0000000718443748
     49.7497482       0.0000000715553029
     49.8498497       0.0000000712679243
     49.9499512       0.0000000709822368
     50.0500488       0.0000000706983396
     50.1501503       0.0000000704160505
     50.2502518       0.0000000701354826
     50.3503494       0.0000000698566168
     50.4504509       0.0000000695793801
     50.5505524       0.0000000693038355
     50.6506500       0.0000000690298481
     50.7507515       0.0000000687575383
     50.8508492       0.0000000684868753
     50.9509506       0.0000000682177352
     51.0510521       0.0000000679502023
     51.1511497       0.0000000676842489
     51.2512512       0.0000000674197543
     51.3513527       0.0000000671569354
     51.4514503       0.0000000668956185
     51.5515518       0.0000000666358527
     51.6516533       0.0000000663775678
     51.7517509       0.0000000661207790
     51.8518524       0.0000000658654763
     51.9519501       0.0000000656116330
     52.0520515       0.0000000653592325
     52.1521530       0.0000000651083109
     52.2522507       0.0000000648588909
     52.3523521       0.0000000646108973
     52.4524536       0.0000000643642314
     52.5525513       0.0000000641190029
     52.6526527       0.0000000638752124
     52.7527542       0.0000000636328703
     52.8528519       0.0000000633918264
     52.9529533       0.0000000631520933
     53.0530548       0.0000000629138467
     53.1531525       0.0000000626768473
     53.2532539       0.0000000624412163
     53.3533516       0.0000000622069496
     53.4534531       0.0000000619738994
     53.5535545       0.0000000617422348
     53.6536522       0.0000000615118593
     53.7537537       0.0000000612828277
     53.8538551       0.0000000610548899
     53.9539528       0.0000000608283930
     54.0540543       0.0000000606030918
     54.1541557       0.0000000603790801
     54.2542534       0.0000000601562424
     54.3543549       0.0000000599346858
     54.4544525       0.0000000597143712
     54.5545540       0.0000000594952675
     54.6546555       0.0000000592772548
     54.7547531       0.0000000590606018
     54.8548546       0.0000000588450464
     54.9549561       0.0000000586306687
     55.0550537       0.0000000584174277
     55.1551552       0.0000000582054012
     55.2552567       0.0000000579944996
     55.3553543       0.0000000577847842
     55.4554558       0.0000000575761816
     55.5555573       0.0000000573686851
     55.6556549       0.0000000571623409
     55.7557564       0.0000000569571214
     55.8558540       0.0000000567529569
     55.9559555       0.0000000565499435
     56.0560570       0.0000000563479905
     56.1561546       0.0000000561471645
     56.2562561       0.0000000559473143
     56.3563576       0.0000000557485193
     56.4564552       0.0000000555509004
     56.5565567       0.0000000553542052
     56.6566582       0.0000000551586809
     56.7567558       0.0000000549640919
     56.8568573       0.0000000547705385
     56.9569588       0.0000000545780572
     57.0570564       0.0000000543865328
     57.1571579       0.0000000541961366
     57.2572556       0.0000000540065722
     57.3573570       0.0000000538180650
     57.4574585       0.0000000536305591
     57.5575562       0.0000000534440454
     57.6576576       0.0000000532585241
     57.7577591       0.0000000530738996
     57.8578568       0.0000000528902363
     57.9579582       0.0000000527075754
     58.0580597       0.0000000525258409
     58.1581573       0.0000000523450613
     58.2582588       0.0000000521652053
     58.3583565       0.0000000519862140
     58.4584579       0.0000000518081871
     58.5585594       0.0000000516311028
     58.6586571       0.0000000514548652
     58.7587585       0.0000000512795975
     58.8588600       0.0000000511052074
     58.9589577       0.0000000509316188
     59.0590591       0.0000000507590265
     59.1591606       0.0000000505872660
     59.2592583       0.0000000504163745
     59.3593597       0.0000000502463295
     59.4594612       0.0000000500771830
     59.5595589       0.0000000499088476
     59.6596603       0.0000000497414001
     59.7597580       0.0000000495747909
     59.8598595       0.0000000494089592
     59.9599609       0.0000000492440388
     60.0600586       0.0000000490799055
     60.1601601       0.0000000489165815
     60.2602615       0.0000000487540886
     60.3603592       0.0000000485924021
     60.4604607       0.0000000484314986
     60.5605621       0.0000000482714185
     60.6606598       0.0000000481121351
     60.7607613       0.0000000479536030
     60.8608627       0.0000000477958463
     60.9609604       0.0000000476389460
     61.0610619       0.0000000474827297
     61.1611595       0.0000000473273540
     61.2612610       0.0000000471727121
     61.3613625       0.0000000470188363
     61.4614601       0.0000000468656529
     61.5615616       0.0000000467132364
     61.6616631       0.0000000465616122
     61.7617607       0.0000000464107041
     61.8618622       0.0000000462605085
     61.9619637       0.0000000461110449
     62.0620613       0.0000000459623386
     62.1621628       0.0000000458143615
     62.2622604       0.0000000456669815
     62.3623619       0.0000000455204619
     62.4624634       0.0000000453745375
     62.5625610       0.0000000452293698
     62.6626625       0.0000000450848477
     62.7627640       0.0000000449411094
     62.8628616       0.0000000447979619
     62.9629631       0.0000000446555513
     63.0630646       0.0000000445137990
     63.1631622       0.0000000443727597
     63.2632637       0.0000000442323262
     63.3633652       0.0000000440925931
     63.4634628       0.0000000439535090
     63.5635643       0.0000000438151060
     63.6636620       0.0000000436773192
     63.7637634       0.0000000435401891
     63.8638649       0.0000000434037021
     63.9639626       0.0000000432678749
     64.0640640       0.0000000431327311
     64.1641617       0.0000000429981579
     64.2642670       0.0000000428641702
     64.3643646       0.0000000427308797
     64.4644623       0.0000000425982098
     64.5645676       0.0000000424661343
     64.6646652       0.0000000423346582
     64.7647629       0.0000000422038400
     64.8648682       0.0000000420735830
     64.9649658       0.0000000419439542
     65.0650635       0.0000000418149132
     65.1651688       0.0000000416864322
     65.2652664       0.0000000415585899
     65.3653641       0.0000000414313436
     65.4654617       0.0000000413046433
     65.5655670       0.0000000411785365
     65.6656647       0.0000000410530198
     65.7657623       0.0000000409280761
     65.8658676       0.0000000408036546
     65.9659653       0.0000000406798499
     66.0660629       0.0000000405566121
     66.1661682       0.0000000404339237
     66.2662659       0.0000000403117506
     66.3663635       0.0000000401901851
     66.4664688       0.0000000400691613
     66.5665665       0.0000000399486361
     66.6666641       0.0000000398286815
     66.7667694       0.0000000397092769
     66.8668671       0.0000000395903772
     66.9669647       0.0000000394720922
     67.0670700       0.0000000393542532
     67.1671677       0.0000000392369729
     67.2672653       0.0000000391202377
     67.3673706       0.0000000390039681
     67.4674683       0.0000000388882725
     67.5675659       0.0000000387730730
     67.6676712       0.0000000386583789
     67.7677689       0.0000000385441681
     67.8678665       0.0000000384304638
     67.9679642       0.0000000383172955
     68.0680695       0.0000000382046050
     68.1681671       0.0000000380924383
     68.2682648       0.0000000379807464
     68.3683701       0.0000000378695506
     68.4684677       0.0000000377588236
     68.5685654       0.0000000376485835
     68.6686707       0.0000000375388748
     68.7687683       0.0000000374295811
     68.8688660       0.0000000373208040
     68.9689713       0.0000000372124740
     69.0690689       0.0000000371046487
     69.1691666       0.0000000369972529
     69.2692719       0.0000000368903524
     69.3693695       0.0000000367839045
     69.4694672       0.0000000366779011
     69.5695724       0.0000000365723503
     69.6696701       0.0000000364673028
     69.7697678       0.0000000363626852
     69.8698730       0.0000000362584955
     69.9699707       0.0000000361547475
     70.0700684       0.0000000360515271
     70.1701736       0.0000000359486596
     70.2702713       0.0000000358462386
     70.3703690       0.0000000357442792
     70.4704742       0.0000000356427263
     70.5705719       0.0000000355416658
     70.6706696       0.0000000354409841
     70.7707672       0.0000000353407513
     70.8708725       0.0000000352409358
     70.9709702       0.0000000351415323
     71.0710678       0.0000000350425588
     71.1711731       0.0000000349440027
     71.2712708       0.0000000348458568
     71.3713684       0.0000000347481470
     71.4714737       0.0000000346508357
     71.5715714       0.0000000345539274
     71.6716690       0.0000000344574251
     71.7717743       0.0000000343613051
     71.8718719       0.0000000342655953
     71.9719696       0.0000000341703181
     72.0720749       0.0000000340754201
     72.1721725       0.0000000339809067
     72.2722702       0.0000000338868130
     72.3723755       0.0000000337930643
     72.4724731       0.0000000336997384
     72.5725708       0.0000000336067919
     72.6726761       0.0000000335142120
     72.7727737       0.0000000334220161
     72.8728714       0.0000000333302270
     72.9729767       0.0000000332387936
     73.0730743       0.0000000331477508
     73.1731720       0.0000000330570817
     73.2732697       0.0000000329668139
     73.3733749       0.0000000328768454
     73.4734726       0.0000000327872707
     73.5735703       0.0000000326980930
     73.6736755       0.0000000326092432
     73.7737732       0.0000000325207310
     73.8738708       0.0000000324326280
     73.9739761       0.0000000323448935
     74.0740738       0.0000000322575028
     74.1741714       0.0000000321704406
     74.2742767       0.0000000320837343
     74.3743744       0.0000000319974090
     74.4744720       0.0000000319114071
     74.5745773       0.0000000318257507
     74.6746750       0.0000000317404203
     74.7747726       0.0000000316554698
     74.8748779       0.0000000315708630
     74.9749756       0.0000000314865678
     75.0750732       0.0000000314026152
     75.1751785       0.0000000313190026
     75.2752762       0.0000000312357189
     75.3753738       0.0000000311527398
     75.4754791       0.0000000310701552
     75.5755768       0.0000000309878622
     75.6756744       0.0000000309058742
     75.7757721       0.0000000308242475
     75.8758774       0.0000000307429529
     75.9759750       0.0000000306619665
     76.0760727       0.0000000305812958
     76.1761780       0.0000000305009065
     76.2762756       0.0000000304208704
     76.3763733       0.0000000303411481
     76.4764786       0.0000000302617403
     76.5765762       0.0000000301826481
     76.6766739       0.0000000301038348
     76.7767792       0.0000000300253585
     76.8768768       0.0000000299471899
     76.9769745       0.0000000298693468
     77.0770798       0.0000000297917528
     77.1771774       0.0000000297144845
     77.2772751       0.0000000296375493
     77.3773804       0.0000000295608529
     77.4774780       0.0000000294844802
     77.5775757       0.0000000294083905
     77.6776810       0.0000000293326245
     77.7777786       0.0000000292571086
     77.8778763       0.0000000291819305
     77.9779816       0.0000000291070318
     78.0780792       0.0000000290324334
     78.1781769       0.0000000289580965
     78.2782745       0.0000000288840393
     78.3783798       0.0000000288102579
     78.4784775       0.0000000287367637
     78.5785751       0.0000000286635910
     78.6786804       0.0000000285906839
     78.7787781       0.0000000285180420
     78.8788757       0.0000000284456737
     78.9789810       0.0000000283735743
     79.0790787       0.0000000283017564
     79.1791763       0.0000000282302122
     79.2792816       0.0000000281589426
     79.3793793       0.0000000280879409
     79.4794769       0.0000000280172083
     79.5795822       0.0000000279467352
     79.6796799       0.0000000278765060
     79.7797775       0.0000000278065843
     79.8798828       0.0000000277369056
     79.9799805       0.0000000276674727
     80.0800781       0.0000000275983227
     80.1801834       0.0000000275294160
     80.2802811       0.0000000274607852
     80.3803787       0.0000000273924125
     80.4804840       0.0000000273242754
     80.5805817       0.0000000272564109
     80.6806793       0.0000000271888159
     80.7807770       0.0000000271214322
     80.8808823       0.0000000270543184
     80.9809799       0.0000000269874353
     81.0810776       0.0000000269207963
     81.1811829       0.0000000268544461
     81.2812805       0.0000000267883111
     81.3813782       0.0000000267224199
     81.4814835       0.0000000266567826
     81.5815811       0.0000000265913828
     81.6816788       0.0000000265262112
     81.7817841       0.0000000264612775
     81.8818817       0.0000000263965816
     81.9819794       0.0000000263321408
     82.0820847       0.0000000262679504
     82.1821823       0.0000000262039725
     82.2822800       0.0000000261402200
     82.3823853       0.0000000260767131
     82.4824829       0.0000000260134284
     82.5825806       0.0000000259503722
     82.6826859       0.0000000258875584
     82.7827835       0.0000000258249745
     82.8828812       0.0000000257626051
     82.9829865       0.0000000257004686
     83.0830841       0.0000000256385530
     83.1831818       0.0000000255768473
     83.2832794       0.0000000255153655
     83.3833847       0.0000000254541240
     83.4834824       0.0000000253931093
     83.5835800       0.0000000253322742
     83.6836853       0.0000000252717187
     83.7837830       0.0000000252113233
     83.8838806       0.0000000251511785
     83.9839859       0.0000000250912376
     84.0840836       0.0000000250314857
     84.1841812       0.0000000249719886
     84.2842865       0.0000000249126997
     84.3843842       0.0000000248535982
     84.4844818       0.0000000247947008
     84.5845871       0.0000000247360408
     84.6846848       0.0000000246775788
     84.7847824       0.0000000246193162
     84.8848877       0.0000000245612437
     84.9849854       0.0000000245034061
     85.0850830       0.0000000244457601
     85.1851883       0.0000000243883232
     85.2852859       0.0000000243310958
     85.3853836       0.0000000242740472
     85.4854889       0.0000000242172273
     85.5855865       0.0000000241605809
     85.6856842       0.0000000241041733
     85.7857895       0.0000000240479181
     85.8858871       0.0000000239918635
     85.9859848       0.0000000239360176
     86.0860825       0.0000000238803528
     86.1861877       0.0000000238249048
     86.2862854       0.0000000237696511
     86.3863831       0.0000000237145685
     86.4864883       0.0000000236596596
     86.5865860       0.0000000236049848
     86.6866837       0.0000000235504964
     86.7867889       0.0000000234961668
     86.8868866       0.0000000234420363
     86.9869843       0.0000000233881016
     87.0870895       0.0000000233343470
     87.1871872       0.0000000232807499
     87.2872849       0.0000000232273710
     87.3873901       0.0000000231741707
     87.4874878       0.0000000231211832
     87.5875854       0.0000000230683223
     87.6876907       0.0000000230156885
     87.7877884       0.0000000229632003
     87.8878860       0.0000000229109141
     87.9879913       0.0000000228587876
     88.0880890       0.0000000228068270
     88.1881866       0.0000000227550700
     88.2882919       0.0000000227035006
     88.3883896       0.0000000226520896
     88.4884872       0.0000000226008386
     88.5885849       0.0000000225497721
     88.6886902       0.0000000224988900
     88.7887878       0.0000000224481727
     88.8888855       0.0000000223976229
     88.9889908       0.0000000223472345
     89.0890884       0.0000000222970277
     89.1891861       0.0000000222470022
     89.2892914       0.0000000221971092
     89.3893890       0.0000000221474201
     89.4894867       0.0000000220978760
     89.5895920       0.0000000220485280
     89.6896896       0.0000000219993280
     89.7897873       0.0000000219502801
     89.8898926       0.0000000219014194
     89.9899902       0.0000000218526975
     90.0900879       0.0000000218041431
     90.1901932       0.0000000217557558
     90.2902908       0.0000000217075135
     90.3903885       0.0000000216594416
     90.4904938       0.0000000216115454
     90.5905914       0.0000000215637930
     90.6906891       0.0000000215161972
     90.7907944       0.0000000214687564
     90.8908920       0.0000000214214767
     90.9909897       0.0000000213743524
     91.0910873       0.0000000213274035
     91.1911926       0.0000000212805877
     91.2912903       0.0000000212339285
     91.3913879       0.0000000211874228
     91.4914932       0.0000000211410574
     91.5915909       0.0000000210948571
     91.6916885       0.0000000210488274
     91.7917938       0.0000000210029062
     91.8918915       0.0000000209571787
     91.9919891       0.0000000209115743
     92.0920944       0.0000000208661196
     92.1921921       0.0000000208208200
     92.2922897       0.0000000207756676
     92.3923950       0.0000000207306609
     92.4924927       0.0000000206857998
     92.5925903       0.0000000206410861
     92.6926956       0.0000000205965148
     92.7927933       0.0000000205520892
     92.8928909       0.0000000205078026
     92.9929962       0.0000000204636621
     93.0930939       0.0000000204196673
     93.1931915       0.0000000203758135
     93.2932968       0.0000000203320796
     93.3933945       0.0000000202885109
     93.4934921       0.0000000202450800
     93.5935898       0.0000000202017917
     93.6936951       0.0000000201586365
     93.7937927       0.0000000201156142
     93.8938904       0.0000000200727317
     93.9939957       0.0000000200299885
     94.0940933       0.0000000199873894
     94.1941910       0.0000000199449060
     94.2942963       0.0000000199025606
     94.3943939       0.0000000198603657
     94.4944916       0.0000000198182881
     94.5945969       0.0000000197763596
     94.6946945       0.0000000197345751
     94.7947922       0.0000000196928877
     94.8948975       0.0000000196513523
     94.9949951       0.0000000196099474
     95.0950928       0.0000000195687002
     95.1951981       0.0000000195275331
     95.2952957       0.0000000194865257
     95.3953934       0.0000000194456436
     95.4954987       0.0000000194048915
     95.5955963       0.0000000193642464
     95.6956940       0.0000000193237593
     95.7957993       0.0000000192833741
     95.8958969       0.0000000192431359
     95.9959946       0.0000000192029955
     96.0960999       0.0000000191629896
     96.1961975       0.0000000191231385
     96.2962952       0.0000000190833909
     96.3963928       0.0000000190437612
     96.4964981       0.0000000190042580
     96.5965958       0.0000000189648834
     96.6966934       0.0000000189256298
     96.7967987       0.0000000188864890
     96.8968964       0.0000000188474689
     96.9969940       0.0000000188085726
     97.0970993       0.0000000187698118
     97.1971970       0.0000000187311542
     97.2972946       0.0000000186926168
     97.3973999       0.0000000186541954
     97.4974976       0.0000000186159234
     97.5975952       0.0000000185777313
     97.6977005       0.0000000185396641
     97.7977982       0.0000000185017176
     97.8978958       0.0000000184639036
     97.9980011       0.0000000184261859
     98.0980988       0.0000000183885874
     98.1981964       0.0000000183511109
     98.2983017       0.0000000183137396
     98.3983994       0.0000000182764858
     98.4984970       0.0000000182393438
     98.5986023       0.0000000182023316
     98.6987000       0.0000000181654180
     98.7987976       0.0000000181286129
     98.8988953       0.0000000180919250
     98.9990005       0.0000000180553664
     99.0990982       0.0000000180189010
     99.1991959       0.0000000179825239
     99.2993011       0.0000000179462919
     99.3993988       0.0000000179101546
     99.4994965       0.0000000178741250
     99.5996017       0.0000000178382019
     99.6996994       0.0000000178023736
     99.7997971       0.0000000177666885
     99.8999023       0.0000000177310703
    100.0000000       0.0000000176955815
