# x		H(x,a)
      0.0000000       1.0000000000000000
      0.1001001       0.9900299906730652
      0.2002002       0.9607124924659729
      0.3003003       0.9137664437294006
      0.4004004       0.8518707156181335
      0.5005005       0.7784109115600586
      0.6006006       0.6971734166145325
      0.7007007       0.6120254397392273
      0.8008008       0.5266169309616089
      0.9009009       0.4441368877887726
      1.0010010       0.3671527552411587
      1.1011012       0.2975020704999035
      1.2012012       0.2362872434136063
      1.3013012       0.1839482786329889
      1.4014014       0.1403642979693409
      1.5015016       0.1049846095935607
      1.6016016       0.0769674468870888
      1.7017016       0.0553104959744903
      1.8018018       0.0389615946524206
      1.9019020       0.0269035546634461
      2.0020020       0.0182116413340246
      2.1021020       0.0120861788925175
      2.2022023       0.0078647086994497
      2.3023024       0.0050189923014379
      2.4024024       0.0031421564998434
      2.5025024       0.0019308219359792
      2.6026025       0.0011655612741671
      2.7027028       0.0006922087531575
      2.8028028       0.0004054324892083
      2.9029028       0.0002351738811811
      3.0030031       0.0001360412644128
      3.1031032       0.0000793651487483
      3.2032032       0.0000474825520364
      3.3033032       0.0000297736334071
      3.4034033       0.0000200039659031
      3.5035036       0.0000145977466416
      3.6036036       0.0000115501653148
      3.7037036       0.0000097614300623
      3.8038039       0.0000086405934163
      3.9039040       0.0000078760008775
      4.0040040       0.0000073058258360
      4.1041040       0.0000068468891132
      4.2042041       0.0000064564607511
      4.3043041       0.0000061122597849
      4.4044046       0.0000058022467612
      4.5045047       0.0000055194513345
      4.6046047       0.0000052594758183
      4.7047048       0.0000050192576785
      4.8048048       0.0000047964780293
      4.9049048       0.0000045892688506
      5.0050049       0.0000043960592142
      5.1051049       0.0000042155044849
      5.2052050       0.0000040464358161
      5.3053055       0.0000038878277643
      5.4054055       0.0000037387699766
      5.5055056       0.0000035984653029
      5.6056056       0.0000034662016472
      5.7057056       0.0000033413253435
      5.8058057       0.0000032232785648
      5.9059057       0.0000031115424010
      6.0060062       0.0000030056459745
      6.1061063       0.0000029051833679
      6.2062063       0.0000028097673636
      6.3063064       0.0000027190521217
      6.4064064       0.0000026327222270
      6.5065064       0.0000025504918786
      6.6066065       0.0000024720970630
      6.7067065       0.0000023972971547
      6.8068066       0.0000023258707834
      6.9069071       0.0000022576096953
      7.0070071       0.0000021923286474
      7.1071072       0.0000021298568263
      7.2072072       0.0000020700285837
      7.3073072       0.0000020126919385
      7.4074073       0.0000019577171402
      7.5075073       0.0000019049656322
      7.6076078       0.0000018543238664
      7.7077079       0.0000018056769813
      7.8078079       0.0000017589221003
      7.9079080       0.0000017139601701
      8.0080080       0.0000016707012491
      8.1081085       0.0000016290612968
      8.2082081       0.0000015889573307
      8.3083086       0.0000015503164146
      8.4084082       0.0000015130676014
      8.5085087       0.0000014771425200
      8.6086082       0.0000014424839302
      8.7087088       0.0000014090285622
      8.8088093       0.0000013767224285
      8.9089088       0.0000013455137862
      9.0090094       0.0000013153529157
      9.1091089       0.0000012861950236
      9.2092094       0.0000012579942274
      9.3093090       0.0000012307090502
      9.4094095       0.0000012043016334
      9.5095091       0.0000011787346096
      9.6096096       0.0000011539732515
      9.7097101       0.0000011299821812
      9.8098097       0.0000011067307314
      9.9099102       0.0000010841902904
     10.0100098       0.0000010623289545
     10.1101103       0.0000010411211855
     10.2102098       0.0000010205435845
     10.3103104       0.0000010005686743
     10.4104099       0.0000009811750694
     10.5105104       0.0000009623383326
     10.6106110       0.0000009440395264
     10.7107105       0.0000009262568691
     10.8108110       0.0000009089708579
     10.9109106       0.0000008921643668
     11.0110111       0.0000008758197439
     11.1111107       0.0000008599199755
     11.2112112       0.0000008444493341
     11.3113117       0.0000008293925611
     11.4114113       0.0000008147348776
     11.5115118       0.0000008004616550
     11.6116114       0.0000007865595014
     11.7117119       0.0000007730176080
     11.8118114       0.0000007598219741
     11.9119120       0.0000007469610756
     12.0120125       0.0000007344244359
     12.1121120       0.0000007221999111
     12.2122126       0.0000007102795852
     12.3123121       0.0000006986512007
     12.4124126       0.0000006873059377
     12.5125122       0.0000006762352064
     12.6126127       0.0000006654295827
     12.7127123       0.0000006548812249
     12.8128128       0.0000006445821693
     12.9129133       0.0000006345238228
     13.0130129       0.0000006246991716
     13.1131134       0.0000006151003394
     13.2132130       0.0000006057218121
     13.3133135       0.0000005965560691
     13.4134130       0.0000005875980983
     13.5135136       0.0000005788388906
     13.6136131       0.0000005702748228
     13.7137136       0.0000005618998206
     13.8138142       0.0000005537079440
     13.9139137       0.0000005456930913
     14.0140142       0.0000005378521585
     14.1141138       0.0000005301793442
     14.2142143       0.0000005226691718
     14.3143139       0.0000005153172347
     14.4144144       0.0000005081196822
     14.5145149       0.0000005010723207
     14.6146145       0.0000004941705452
     14.7147150       0.0000004874107866
     14.8148146       0.0000004807885257
     14.9149151       0.0000004743000587
     15.0150146       0.0000004679431725
     15.1151152       0.0000004617120499
     15.2152157       0.0000004556056960
     15.3153152       0.0000004496195473
     15.4154158       0.0000004437505559
     15.5155153       0.0000004379959680
     15.6156158       0.0000004323524216
     15.7157154       0.0000004268180769
     15.8158159       0.0000004213889646
     15.9159155       0.0000004160627147
     16.0160160       0.0000004108369196
     16.1161156       0.0000004057095572
     16.2162170       0.0000004006772988
     16.3163166       0.0000003957383103
     16.4164162       0.0000003908896665
     16.5165157       0.0000003861305131
     16.6166172       0.0000003814572322
     16.7167168       0.0000003768684634
     16.8168163       0.0000003723623551
     16.9169178       0.0000003679366062
     17.0170174       0.0000003635892848
     17.1171169       0.0000003593185668
     17.2172165       0.0000003551229859
     17.3173180       0.0000003509999904
     17.4174175       0.0000003469490359
     17.5175171       0.0000003429679256
     17.6176186       0.0000003390544347
     17.7177181       0.0000003352081195
     17.8178177       0.0000003314269677
     17.9179173       0.0000003277091977
     18.0180187       0.0000003240536758
     18.1181183       0.0000003204594654
     18.2182178       0.0000003169245623
     18.3183174       0.0000003134481316
     18.4184189       0.0000003100282573
     18.5185184       0.0000003066640523
     18.6186180       0.0000003033545378
     18.7187195       0.0000003000987826
     18.8188190       0.0000002968947065
     18.9189186       0.0000002937418125
     19.0190182       0.0000002906388080
     19.1191196       0.0000002875850591
     19.2192192       0.0000002845791922
     19.3193188       0.0000002816200676
     19.4194202       0.0000002787071216
     19.5195198       0.0000002758392861
     19.6196194       0.0000002730154290
     19.7197189       0.0000002702344645
     19.8198204       0.0000002674959453
     19.9199200       0.0000002647993027
     20.0200195       0.0000002621428621
     20.1201210       0.0000002595261404
     20.2202206       0.0000002569487796
     20.3203201       0.0000002544094854
     20.4204197       0.0000002519077773
     20.5205212       0.0000002494428737
     20.6206207       0.0000002470137191
     20.7207203       0.0000002446202565
     20.8208199       0.0000002422611690
     20.9209213       0.0000002399364511
     21.0210209       0.0000002376449572
     21.1211205       0.0000002353858894
     21.2212219       0.0000002331590242
     21.3213215       0.0000002309637353
     21.4214211       0.0000002287992298
     21.5215206       0.0000002266654125
     21.6216221       0.0000002245610256
     21.7217216       0.0000002224859370
     21.8218212       0.0000002204391577
     21.9219227       0.0000002184208210
     22.0220222       0.0000002164303208
     22.1221218       0.0000002144665790
     22.2222214       0.0000002125297080
     22.3223228       0.0000002106188858
     22.4224224       0.0000002087336047
     22.5225220       0.0000002068737357
     22.6226234       0.0000002050386238
     22.7227230       0.0000002032277561
     22.8228226       0.0000002014409253
     22.9229221       0.0000001996774494
     23.0230236       0.0000001979370794
     23.1231232       0.0000001962195725
     23.2232227       0.0000001945242361
     23.3233242       0.0000001928505860
     23.4234238       0.0000001911985815
     23.5235233       0.0000001895679671
     23.6236229       0.0000001879578930
     23.7237244       0.0000001863684967
     23.8238239       0.0000001847990137
     23.9239235       0.0000001832493294
     24.0240250       0.0000001817188727
     24.1241245       0.0000001802079032
     24.2242241       0.0000001787153995
     24.3243237       0.0000001772415370
     24.4244251       0.0000001757857021
     24.5245247       0.0000001743479820
     24.6246243       0.0000001729278024
     24.7247238       0.0000001715247749
     24.8248253       0.0000001701389875
     24.9249249       0.0000001687696569
     25.0250244       0.0000001674169876
     25.1251259       0.0000001660804915
     25.2252254       0.0000001647600644
     25.3253250       0.0000001634552979
     25.4254246       0.0000001621657335
     25.5255260       0.0000001608916519
     25.6256256       0.0000001596323879
     25.7257252       0.0000001583879459
     25.8258266       0.0000001571580506
     25.9259262       0.0000001559424117
     26.0260258       0.0000001547407139
     26.1261253       0.0000001535531098
     26.2262268       0.0000001523789490
     26.3263264       0.0000001512181704
     26.4264259       0.0000001500707113
     26.5265274       0.0000001489361140
     26.6266270       0.0000001478146404
     26.7267265       0.0000001467056599
     26.8268261       0.0000001456091274
     26.9269276       0.0000001445248621
     27.0270271       0.0000001434525954
     27.1271267       0.0000001423923143
     27.2272263       0.0000001413437182
     27.3273277       0.0000001403067001
     27.4274273       0.0000001392811184
     27.5275269       0.0000001382666690
     27.6276283       0.0000001372632145
     27.7277279       0.0000001362707938
     27.8278275       0.0000001352890147
     27.9279270       0.0000001343177832
     28.0280285       0.0000001333571041
     28.1281281       0.0000001324065177
     28.2282276       0.0000001314663753
     28.3283291       0.0000001305358738
     28.4284286       0.0000001296154822
     28.5285282       0.0000001287046337
     28.6286278       0.0000001278034675
     28.7287292       0.0000001269116560
     28.8288288       0.0000001260292040
     28.9289284       0.0000001251559386
     29.0290298       0.0000001242916593
     29.1291294       0.0000001234363672
     29.2292290       0.0000001225898660
     29.3293285       0.0000001217521583
     29.4294300       0.0000001209229322
     29.5295296       0.0000001201020776
     29.6296291       0.0000001192896029
     29.7297306       0.0000001184853710
     29.8298302       0.0000001176891745
     29.9299297       0.0000001169010632
     30.0300293       0.0000001161209357
     30.1301308       0.0000001153483364
     30.2302303       0.0000001145836859
     30.3303299       0.0000001138264741
     30.4304314       0.0000001130768592
     30.5305309       0.0000001123345533
     30.6306305       0.0000001115995063
     30.7307301       0.0000001108717679
     30.8308315       0.0000001101510470
     30.9309311       0.0000001094373264
     31.0310307       0.0000001087306209
     31.1311302       0.0000001080306339
     31.2312317       0.0000001073374419
     31.3313313       0.0000001066509436
     31.4314308       0.0000001059709117
     31.5315323       0.0000001052974295
     31.6316319       0.0000001046303730
     31.7317314       0.0000001039695281
     31.8318310       0.0000001033151018
     31.9319324       0.0000001026665981
     32.0320320       0.0000001020243775
     32.1321335       0.0000001013882676
     32.2322311       0.0000001007578786
     32.3323326       0.0000001001334712
     32.4324341       0.0000000995147493
     32.5325317       0.0000000989018606
     32.6326332       0.0000000982945756
     32.7327309       0.0000000976927967
     32.8328323       0.0000000970965938
     32.9329338       0.0000000965058190
     33.0330315       0.0000000959204265
     33.1331329       0.0000000953403724
     33.2332344       0.0000000947656829
     33.3333321       0.0000000941960482
     33.4334335       0.0000000936315042
     33.5335350       0.0000000930720827
     33.6336327       0.0000000925175925
     33.7337341       0.0000000919680693
     33.8338356       0.0000000914235196
     33.9339333       0.0000000908836943
     34.0340347       0.0000000903486670
     34.1341324       0.0000000898185028
     34.2342339       0.0000000892927868
     34.3343353       0.0000000887716593
     34.4344330       0.0000000882552329
     34.5345345       0.0000000877432382
     34.6346359       0.0000000872356535
     34.7347336       0.0000000867325932
     34.8348351       0.0000000862337391
     34.9349365       0.0000000857392240
     35.0350342       0.0000000852489584
     35.1351357       0.0000000847628833
     35.2352371       0.0000000842808785
     35.3353348       0.0000000838030929
     35.4354362       0.0000000833293240
     35.5355339       0.0000000828595894
     35.6356354       0.0000000823937253
     35.7357368       0.0000000819319242
     35.8358345       0.0000000814739303
     35.9359360       0.0000000810197323
     36.0360374       0.0000000805693242
     36.1361351       0.0000000801226813
     36.2362366       0.0000000796797940
     36.3363380       0.0000000792404813
     36.4364357       0.0000000788048208
     36.5365372       0.0000000783727454
     36.6366348       0.0000000779442379
     36.7367363       0.0000000775192893
     36.8368378       0.0000000770977304
     36.9369354       0.0000000766796380
     37.0370369       0.0000000762648481
     37.1371384       0.0000000758535431
     37.2372360       0.0000000754455544
     37.3373375       0.0000000750407056
     37.4374390       0.0000000746392467
     37.5375366       0.0000000742409897
     37.6376381       0.0000000738458197
     37.7377396       0.0000000734538519
     37.8378372       0.0000000730651365
     37.9379387       0.0000000726792738
     38.0380363       0.0000000722965993
     38.1381378       0.0000000719169087
     38.2382393       0.0000000715401748
     38.3383369       0.0000000711664265
     38.4384384       0.0000000707956417
     38.5385399       0.0000000704276948
     38.6386375       0.0000000700625659
     38.7387390       0.0000000697003928
     38.8388405       0.0000000693408945
     38.9389381       0.0000000689842088
     39.0390396       0.0000000686303137
     39.1391373       0.0000000682790649
     39.2392387       0.0000000679306238
     39.3393402       0.0000000675847854
     39.4394379       0.0000000672415447
     39.5395393       0.0000000669009168
     39.6396408       0.0000000665628786
     39.7397385       0.0000000662273689
     39.8398399       0.0000000658945505
     39.9399414       0.0000000655640666
     40.0400391       0.0000000652361574
     40.1401405       0.0000000649106035
     40.2402420       0.0000000645875839
     40.3403397       0.0000000642669257
     40.4404411       0.0000000639486223
     40.5405388       0.0000000636327277
     40.6406403       0.0000000633191434
     40.7407417       0.0000000630078879
     40.8408394       0.0000000626989705
     40.9409409       0.0000000623922541
     41.0410423       0.0000000620877861
     41.1411400       0.0000000617855708
     41.2412415       0.0000000614854799
     41.3413429       0.0000000611876757
     41.4414406       0.0000000608919949
     41.5415421       0.0000000605984090
     41.6416397       0.0000000603069636
     41.7417412       0.0000000600176702
     41.8418427       0.0000000597303970
     41.9419403       0.0000000594451726
     42.0420418       0.0000000591620608
     42.1421432       0.0000000588809256
     42.2422409       0.0000000586017307
     42.3423424       0.0000000583246152
     42.4424438       0.0000000580493889
     42.5425415       0.0000000577761728
     42.6426430       0.0000000575048317
     42.7427444       0.0000000572353847
     42.8428421       0.0000000569679111
     42.9429436       0.0000000567022338
     43.0430412       0.0000000564383876
     43.1431427       0.0000000561764589
     43.2432442       0.0000000559162851
     43.3433418       0.0000000556579749
     43.4434433       0.0000000554014278
     43.5435448       0.0000000551466385
     43.6436424       0.0000000548936213
     43.7437439       0.0000000546422758
     43.8438454       0.0000000543927480
     43.9439430       0.0000000541448743
     44.0440445       0.0000000538987161
     44.1441460       0.0000000536542404
     44.2442436       0.0000000534113751
     44.3443451       0.0000000531701601
     44.4444427       0.0000000529306842
     44.5445442       0.0000000526927224
     44.6446457       0.0000000524563267
     44.7447433       0.0000000522216144
     44.8448448       0.0000000519884376
     44.9449463       0.0000000517567661
     45.0450439       0.0000000515267216
     45.1451454       0.0000000512982354
     45.2452469       0.0000000510711597
     45.3453445       0.0000000508456554
     45.4454460       0.0000000506216418
     45.5455437       0.0000000503990527
     45.6456451       0.0000000501779578
     45.7457466       0.0000000499583567
     45.8458443       0.0000000497401320
     45.9459457       0.0000000495233911
     46.0460472       0.0000000493080264
     46.1461449       0.0000000490940529
     46.2462463       0.0000000488814912
     46.3463478       0.0000000486703013
     46.4464455       0.0000000484605080
     46.5465469       0.0000000482520352
     46.6466484       0.0000000480448991
     46.7467461       0.0000000478391107
     46.8468475       0.0000000476345959
     46.9469452       0.0000000474314792
     47.0470467       0.0000000472296178
     47.1471481       0.0000000470290323
     47.2472458       0.0000000468297074
     47.3473473       0.0000000466316789
     47.4474487       0.0000000464349146
     47.5475464       0.0000000462393555
     47.6476479       0.0000000460450710
     47.7477493       0.0000000458519543
     47.8478470       0.0000000456600814
     47.9479485       0.0000000454693996
     48.0480499       0.0000000452799302
     48.1481476       0.0000000450916707
     48.2482491       0.0000000449045217
     48.3483467       0.0000000447185549
     48.4484482       0.0000000445337633
     48.5485497       0.0000000443501022
     48.6486473       0.0000000441676038
     48.7487488       0.0000000439861988
     48.8488503       0.0000000438058899
     48.9489479       0.0000000436267289
     49.0490494       0.0000000434486161
     49.1491508       0.0000000432715905
     49.2492485       0.0000000430957289
     49.3493500       0.0000000429208645
     49.4494476       0.0000000427470926
     49.5495491       0.0000000425743970
     49.6496506       0.0000000424026255
     49.7497482       0.0000000422320154
     49.8498497       0.0000000420624037
     49.9499512       0.0000000418937955
     50.0500488       0.0000000417262342
     50.1501503       0.0000000415596289
     50.2502518       0.0000000413940355
     50.3503494       0.0000000412294516
     50.4504509       0.0000000410658244
     50.5505524       0.0000000409031954
     50.6506500       0.0000000407414905
     50.7507515       0.0000000405807762
     50.8508492       0.0000000404210250
     50.9509506       0.0000000402621808
     51.0510521       0.0000000401042827
     51.1511497       0.0000000399473139
     51.2512512       0.0000000397912116
     51.3513527       0.0000000396360947
     51.4514503       0.0000000394818660
     51.5515518       0.0000000393285522
     51.6516533       0.0000000391761123
     51.7517509       0.0000000390245569
     51.8518524       0.0000000388738719
     51.9519501       0.0000000387240561
     52.0520515       0.0000000385750864
     52.1521530       0.0000000384269920
     52.2522507       0.0000000382797846
     52.3523521       0.0000000381334175
     52.4524536       0.0000000379878393
     52.5525513       0.0000000378431043
     52.6526527       0.0000000376992175
     52.7527542       0.0000000375561849
     52.8528519       0.0000000374139265
     52.9529533       0.0000000372724328
     53.0530548       0.0000000371318238
     53.1531525       0.0000000369919418
     53.2532539       0.0000000368528712
     53.3533516       0.0000000367146066
     53.4534531       0.0000000365770628
     53.5535545       0.0000000364403355
     53.6536522       0.0000000363043645
     53.7537537       0.0000000361691887
     53.8538551       0.0000000360346623
     53.9539528       0.0000000359009873
     54.0540543       0.0000000357680134
     54.1541557       0.0000000356358018
     54.2542534       0.0000000355042811
     54.3543549       0.0000000353735179
     54.4544525       0.0000000352434876
     54.5545540       0.0000000351141682
     54.6546555       0.0000000349854959
     54.7547531       0.0000000348576312
     54.8548546       0.0000000347304067
     54.9549561       0.0000000346038831
     55.0550537       0.0000000344780316
     55.1551552       0.0000000343528915
     55.2552567       0.0000000342284172
     55.3553543       0.0000000341046438
     55.4554558       0.0000000339815209
     55.5555573       0.0000000338590602
     55.6556549       0.0000000337372744
     55.7557564       0.0000000336161535
     55.8558540       0.0000000334956550
     55.9559555       0.0000000333758360
     56.0560570       0.0000000332566410
     56.1561546       0.0000000331381146
     56.2562561       0.0000000330201651
     56.3563576       0.0000000329028372
     56.4564552       0.0000000327862033
     56.5565567       0.0000000326701094
     56.6566582       0.0000000325547124
     56.7567558       0.0000000324398696
     56.8568573       0.0000000323256288
     56.9569588       0.0000000322120283
     57.0570564       0.0000000320989921
     57.1571579       0.0000000319866160
     57.2572556       0.0000000318747358
     57.3573570       0.0000000317634780
     57.4574585       0.0000000316528142
     57.5575562       0.0000000315427369
     57.6576576       0.0000000314332355
     57.7577591       0.0000000313242723
     57.8578568       0.0000000312158766
     57.9579582       0.0000000311080675
     58.0580597       0.0000000310008094
     58.1581573       0.0000000308941100
     58.2582588       0.0000000307879624
     58.3583565       0.0000000306823180
     58.4584579       0.0000000305772475
     58.5585594       0.0000000304727299
     58.6586571       0.0000000303687160
     58.7587585       0.0000000302652746
     58.8588600       0.0000000301623476
     58.9589577       0.0000000300598931
     59.0590591       0.0000000299580290
     59.1591606       0.0000000298566588
     59.2592583       0.0000000297558003
     59.3593597       0.0000000296554379
     59.4594612       0.0000000295556050
     59.5595589       0.0000000294562555
     59.6596603       0.0000000293574277
     59.7597580       0.0000000292590932
     59.8598595       0.0000000291612206
     59.9599609       0.0000000290638867
     60.0600586       0.0000000289670149
     60.1601601       0.0000000288706193
     60.2602615       0.0000000287747143
     60.3603592       0.0000000286792869
     60.4604607       0.0000000285843222
     60.5605621       0.0000000284898412
     60.6606598       0.0000000283958351
     60.7607613       0.0000000283022641
     60.8608627       0.0000000282091602
     60.9609604       0.0000000281165576
     61.0610619       0.0000000280243589
     61.1611595       0.0000000279326519
     61.2612610       0.0000000278413831
     61.3613625       0.0000000277505689
     61.4614601       0.0000000276601602
     61.5615616       0.0000000275702040
     61.6616631       0.0000000274807133
     61.7617607       0.0000000273916470
     61.8618622       0.0000000273030021
     61.9619637       0.0000000272147871
     62.0620613       0.0000000271270212
     62.1621628       0.0000000270396871
     62.2622604       0.0000000269527006
     62.3623619       0.0000000268662252
     62.4624634       0.0000000267801011
     62.5625610       0.0000000266944219
     62.6626625       0.0000000266091236
     62.7627640       0.0000000265242923
     62.8628616       0.0000000264398040
     62.9629631       0.0000000263557541
     63.0630646       0.0000000262720935
     63.1631622       0.0000000261888489
     63.2632637       0.0000000261059657
     63.3633652       0.0000000260234938
     63.4634628       0.0000000259414085
     63.5635643       0.0000000258597219
     63.6636620       0.0000000257784002
     63.7637634       0.0000000256974679
     63.8638649       0.0000000256169115
     63.9639626       0.0000000255367444
     64.0640640       0.0000000254569836
     64.1641617       0.0000000253775586
     64.2642670       0.0000000252984787
     64.3643646       0.0000000252198108
     64.4644623       0.0000000251415108
     64.5645676       0.0000000250635572
     64.6646652       0.0000000249859611
     64.7647629       0.0000000249087521
     64.8648682       0.0000000248318730
     64.9649658       0.0000000247553675
     65.0650635       0.0000000246792056
     65.1651688       0.0000000246033764
     65.2652664       0.0000000245279247
     65.3653641       0.0000000244528223
     65.4654617       0.0000000243780456
     65.5655670       0.0000000243036174
     65.6656647       0.0000000242295354
     65.7657623       0.0000000241557948
     65.8658676       0.0000000240823616
     65.9659653       0.0000000240092916
     66.0660629       0.0000000239365551
     66.1661682       0.0000000238641445
     66.2662659       0.0000000237920397
     66.3663635       0.0000000237202903
     66.4664688       0.0000000236488636
     66.5665665       0.0000000235777275
     66.6666641       0.0000000235069301
     66.7667694       0.0000000234364577
     66.8668671       0.0000000233662841
     66.9669647       0.0000000232964701
     67.0670700       0.0000000232269221
     67.1671677       0.0000000231577034
     67.2672653       0.0000000230888060
     67.3673706       0.0000000230201846
     67.4674683       0.0000000229519019
     67.5675659       0.0000000228839093
     67.6676712       0.0000000228162146
     67.7677689       0.0000000227488084
     67.8678665       0.0000000226817004
     67.9679642       0.0000000226149091
     68.0680695       0.0000000225483970
     68.1681671       0.0000000224821969
     68.2682648       0.0000000224162778
     68.3683701       0.0000000223506474
     68.4684677       0.0000000222852980
     68.5685654       0.0000000222202343
     68.6686707       0.0000000221554832
     68.7687683       0.0000000220909784
     68.8688660       0.0000000220267773
     68.9689713       0.0000000219628418
     69.0690689       0.0000000218992024
     69.1691666       0.0000000218358199
     69.2692719       0.0000000217727238
     69.3693695       0.0000000217098995
     69.4694672       0.0000000216473380
     69.5695724       0.0000000215850402
     69.6696701       0.0000000215230410
     69.7697678       0.0000000214612970
     69.8698730       0.0000000213998032
     69.9699707       0.0000000213385692
     70.0700684       0.0000000212776503
     70.1701736       0.0000000212169392
     70.2702713       0.0000000211564889
     70.3703690       0.0000000210963129
     70.4704742       0.0000000210363763
     70.5705719       0.0000000209767293
     70.6706696       0.0000000209173063
     70.7707672       0.0000000208581482
     70.8708725       0.0000000207992379
     70.9709702       0.0000000207405726
     71.0710678       0.0000000206821551
     71.1711731       0.0000000206239868
     71.2712708       0.0000000205660612
     71.3713684       0.0000000205083925
     71.4714737       0.0000000204509608
     71.5715714       0.0000000203937663
     71.6716690       0.0000000203368091
     71.7717743       0.0000000202800793
     71.8718719       0.0000000202235919
     71.9719696       0.0000000201673581
     72.0720749       0.0000000201113485
     72.1721725       0.0000000200555686
     72.2722702       0.0000000200000327
     72.3723755       0.0000000199447024
     72.4724731       0.0000000198896224
     72.5725708       0.0000000198347636
     72.6726761       0.0000000197801254
     72.7727737       0.0000000197257105
     72.8728714       0.0000000196715347
     72.9729767       0.0000000196175729
     73.0730743       0.0000000195638360
     73.1731720       0.0000000195103252
     73.2732697       0.0000000194570473
     73.3733749       0.0000000194039494
     73.4734726       0.0000000193510811
     73.5735703       0.0000000192984515
     73.6736755       0.0000000192460112
     73.7737732       0.0000000191937713
     73.8738708       0.0000000191417745
     73.9739761       0.0000000190899900
     74.0740738       0.0000000190384118
     74.1741714       0.0000000189870280
     74.2742767       0.0000000189358532
     74.3743744       0.0000000188849030
     74.4744720       0.0000000188341474
     74.5745773       0.0000000187835929
     74.6746750       0.0000000187332282
     74.7747726       0.0000000186830921
     74.8748779       0.0000000186331558
     74.9749756       0.0000000185834053
     75.0750732       0.0000000185338560
     75.1751785       0.0000000184845093
     75.2752762       0.0000000184353553
     75.3753738       0.0000000183863791
     75.4754791       0.0000000183376396
     75.5755768       0.0000000182890685
     75.6756744       0.0000000182406785
     75.7757721       0.0000000181925027
     75.8758774       0.0000000181445257
     75.9759750       0.0000000180967251
     76.0760727       0.0000000180491137
     76.1761780       0.0000000180016683
     76.2762756       0.0000000179544304
     76.3763733       0.0000000179073774
     76.4764786       0.0000000178605114
     76.5765762       0.0000000178138315
     76.6766739       0.0000000177673163
     76.7767792       0.0000000177209974
     76.8768768       0.0000000176748635
     76.9769745       0.0000000176289187
     77.0770798       0.0000000175831243
     77.1771774       0.0000000175375206
     77.2772751       0.0000000174921125
     77.3773804       0.0000000174468439
     77.4774780       0.0000000174017707
     77.5775757       0.0000000173568628
     77.6776810       0.0000000173121445
     77.7777786       0.0000000172675754
     77.8778763       0.0000000172232073
     77.9779816       0.0000000171790022
     78.0780792       0.0000000171349738
     78.1781769       0.0000000170910988
     78.2782745       0.0000000170473917
     78.3783798       0.0000000170038432
     78.4784775       0.0000000169604692
     78.5785751       0.0000000169172818
     78.6786804       0.0000000168742523
     78.7787781       0.0000000168313796
     78.8788757       0.0000000167886670
     78.9789810       0.0000000167461123
     79.0790787       0.0000000167037266
     79.1791763       0.0000000166615013
     79.2792816       0.0000000166194393
     79.3793793       0.0000000165775320
     79.4794769       0.0000000165357858
     79.5795822       0.0000000164941945
     79.6796799       0.0000000164527431
     79.7797775       0.0000000164114771
     79.8798828       0.0000000163703517
     79.9799805       0.0000000163293718
     80.0800781       0.0000000162885593
     80.1801834       0.0000000162478906
     80.2802811       0.0000000162073830
     80.3803787       0.0000000161670297
     80.4804840       0.0000000161268146
     80.5805817       0.0000000160867621
     80.6806793       0.0000000160468675
     80.7807770       0.0000000160070999
     80.8808823       0.0000000159674884
     80.9809799       0.0000000159280119
     81.0810776       0.0000000158886839
     81.1811829       0.0000000158495227
     81.2812805       0.0000000158104917
     81.3813782       0.0000000157716003
     81.4814835       0.0000000157328616
     81.5815811       0.0000000156942623
     81.6816788       0.0000000156557980
     81.7817841       0.0000000156174729
     81.8818817       0.0000000155792902
     81.9819794       0.0000000155412573
     82.0820847       0.0000000155033728
     82.1821823       0.0000000154656125
     82.2822800       0.0000000154279868
     82.3823853       0.0000000153905030
     82.4824829       0.0000000153531542
     82.5825806       0.0000000153159384
     82.6826859       0.0000000152788644
     82.7827835       0.0000000152419273
     82.8828812       0.0000000152051167
     82.9829865       0.0000000151684448
     83.0830841       0.0000000151319018
     83.1831818       0.0000000150954830
     83.2832794       0.0000000150591963
     83.3833847       0.0000000150230517
     83.4834824       0.0000000149870401
     83.5835800       0.0000000149511353
     83.6836853       0.0000000149153967
     83.7837830       0.0000000148797486
     83.8838806       0.0000000148442532
     83.9839859       0.0000000148088744
     84.0840836       0.0000000147736104
     84.1841812       0.0000000147384953
     84.2842865       0.0000000147035022
     84.3843842       0.0000000146686193
     84.4844818       0.0000000146338587
     84.5845871       0.0000000145992364
     84.6846848       0.0000000145647346
     84.7847824       0.0000000145303472
     84.8848877       0.0000000144960733
     84.9849854       0.0000000144619362
     85.0850830       0.0000000144279134
     85.1851883       0.0000000143940157
     85.2852859       0.0000000143602378
     85.3853836       0.0000000143265689
     85.4854889       0.0000000142930325
     85.5855865       0.0000000142596008
     85.6856842       0.0000000142263098
     85.7857895       0.0000000141931067
     85.8858871       0.0000000141600233
     85.9859848       0.0000000141270633
     86.0860825       0.0000000140942100
     86.1861877       0.0000000140614838
     86.2862854       0.0000000140288740
     86.3863831       0.0000000139963644
     86.4864883       0.0000000139639569
     86.5865860       0.0000000139316877
     86.6866837       0.0000000138995287
     86.7867889       0.0000000138674637
     86.8868866       0.0000000138355153
     86.9869843       0.0000000138036824
     87.0870895       0.0000000137719566
     87.1871872       0.0000000137403231
     87.2872849       0.0000000137088181
     87.3873901       0.0000000136774196
     87.4874878       0.0000000136461476
     87.5875854       0.0000000136149486
     87.6876907       0.0000000135838832
     87.7877884       0.0000000135529053
     87.8878860       0.0000000135220452
     87.9879913       0.0000000134912820
     88.0880890       0.0000000134606132
     88.1881866       0.0000000134300663
     88.2882919       0.0000000133996315
     88.3883896       0.0000000133692863
     88.4884872       0.0000000133390381
     88.5885849       0.0000000133088997
     88.6886902       0.0000000132788686
     88.7887878       0.0000000132489352
     88.8888855       0.0000000132191021
     88.9889908       0.0000000131893621
     89.0890884       0.0000000131597294
     89.1891861       0.0000000131302040
     89.2892914       0.0000000131007576
     89.3893890       0.0000000130714310
     89.4894867       0.0000000130421914
     89.5895920       0.0000000130130652
     89.6896896       0.0000000129840267
     89.7897873       0.0000000129550791
     89.8898926       0.0000000129262410
     89.9899902       0.0000000128974860
     90.0900879       0.0000000128688282
     90.1901932       0.0000000128402696
     90.2902908       0.0000000128117983
     90.3903885       0.0000000127834247
     90.4904938       0.0000000127551565
     90.5905914       0.0000000127269740
     90.6906891       0.0000000126988824
     90.7907944       0.0000000126708823
     90.8908920       0.0000000126429778
     90.9909897       0.0000000126151650
     91.0910873       0.0000000125874573
     91.1911926       0.0000000125598253
     91.2912903       0.0000000125322874
     91.3913879       0.0000000125048402
     91.4914932       0.0000000124774748
     91.5915909       0.0000000124502070
     91.6916885       0.0000000124230404
     91.7917938       0.0000000123959377
     91.8918915       0.0000000123689488
     91.9919891       0.0000000123420329
     92.0920944       0.0000000123152068
     92.1921921       0.0000000122884700
     92.2922897       0.0000000122618209
     92.3923950       0.0000000122352580
     92.4924927       0.0000000122087812
     92.5925903       0.0000000121823905
     92.6926956       0.0000000121560852
     92.7927933       0.0000000121298653
     92.8928909       0.0000000121037265
     92.9929962       0.0000000120776758
     93.0930939       0.0000000120517088
     93.1931915       0.0000000120258265
     93.2932968       0.0000000120000149
     93.3933945       0.0000000119743009
     93.4934921       0.0000000119486677
     93.5935898       0.0000000119231190
     93.6936951       0.0000000118976486
     93.7937927       0.0000000118722571
     93.8938904       0.0000000118469472
     93.9939957       0.0000000118217204
     94.0940933       0.0000000117965782
     94.1941910       0.0000000117715047
     94.2942963       0.0000000117465128
     94.3943939       0.0000000117216087
     94.4944916       0.0000000116967757
     94.5945969       0.0000000116720283
     94.6946945       0.0000000116473671
     94.7947922       0.0000000116227628
     94.8948975       0.0000000115982488
     94.9949951       0.0000000115738124
     95.0950928       0.0000000115494669
     95.1951981       0.0000000115251706
     95.2952957       0.0000000115009691
     95.3953934       0.0000000114768389
     95.4954987       0.0000000114527878
     95.5955963       0.0000000114287987
     95.6956940       0.0000000114049036
     95.7957993       0.0000000113810680
     95.8958969       0.0000000113573193
     95.9959946       0.0000000113336287
     96.0960999       0.0000000113100172
     96.1961975       0.0000000112864973
     96.2962952       0.0000000112630378
     96.3963928       0.0000000112396480
     96.4964981       0.0000000112163342
     96.5965958       0.0000000111930948
     96.6966934       0.0000000111699268
     96.7967987       0.0000000111468255
     96.8968964       0.0000000111237962
     96.9969940       0.0000000111008398
     97.0970993       0.0000000110779622
     97.1971970       0.0000000110551470
     97.2972946       0.0000000110324015
     97.3973999       0.0000000110097256
     97.4974976       0.0000000109871370
     97.5975952       0.0000000109645962
     97.6977005       0.0000000109421296
     97.7977982       0.0000000109197328
     97.8978958       0.0000000108974154
     97.9980011       0.0000000108751549
     98.0980988       0.0000000108529642
     98.1981964       0.0000000108308454
     98.2983017       0.0000000108087894
     98.3983994       0.0000000107868016
     98.4984970       0.0000000107648798
     98.5986023       0.0000000107430348
     98.6987000       0.0000000107212492
     98.7987976       0.0000000106995272
     98.8988953       0.0000000106778733
     98.9990005       0.0000000106562973
     99.0990982       0.0000000106347742
     99.1991959       0.0000000106133054
     99.2993011       0.0000000105919210
     99.3993988       0.0000000105705924
     99.4994965       0.0000000105493288
     99.5996017       0.0000000105281254
     99.6996994       0.0000000105069789
     99.7997971       0.0000000104859180
     99.8999023       0.0000000104648969
    100.0000000       0.0000000104439514
