# x		H(x,a)
      0.0000000       1.0000000000000000
      0.1001001       0.9900299906730652
      0.2002002       0.9607124924659729
      0.3003003       0.9137664437294006
      0.4004004       0.8518707156181335
      0.5005005       0.7784109115600586
      0.6006006       0.6971734166145325
      0.7007007       0.6120254397392273
      0.8008008       0.5266169309616089
      0.9009009       0.4441368877887726
      1.0010010       0.3671625486577434
      1.1011012       0.2975297940304643
      1.2012012       0.2363307724632278
      1.3013012       0.1840026111070276
      1.4014014       0.1404243543667675
      1.5015016       0.1050462814678389
      1.6016016       0.0770278183521801
      1.7017016       0.0553677175735649
      1.8018018       0.0390146469186467
      1.9019020       0.0269520090438906
      2.0020020       0.0182554600627557
      2.1021020       0.0121255629711972
      2.2022023       0.0078999902717157
      2.3023024       0.0050505623223740
      2.4024024       0.0031704187494867
      2.5025024       0.0019561656873043
      2.6026025       0.0011883464570573
      2.7027028       0.0007127592718575
      2.8028028       0.0004240345229310
      2.9029028       0.0002520771778871
      3.0030031       0.0001514619237301
      3.1031032       0.0000934891557016
      3.2032032       0.0000604694332757
      3.3033032       0.0000417600302959
      3.4034033       0.0000311068796499
      3.5035036       0.0000249174363264
      3.6036036       0.0000211726980022
      3.7037036       0.0000187608405112
      3.8038039       0.0000170807695728
      3.9039040       0.0000158122346532
      4.0040040       0.0000147861399550
      4.1041040       0.0000139131579037
      4.2042041       0.0000131453318648
      4.3043041       0.0000124559290852
      4.4044046       0.0000118291295216
      4.5045047       0.0000112547056081
      4.6046047       0.0000107254731746
      4.7047048       0.0000102359636947
      4.8048048       0.0000097817854804
      4.9049048       0.0000093592666391
      5.0050049       0.0000089652608388
      5.1051049       0.0000085970476749
      5.2052050       0.0000082522537133
      5.3053055       0.0000079287909822
      5.4054055       0.0000076248054142
      5.5055056       0.0000073386696138
      5.6056056       0.0000070689328052
      5.7057056       0.0000068142621025
      5.8058057       0.0000065735184813
      5.9059057       0.0000063456445584
      6.0060062       0.0000061296811373
      6.1061063       0.0000059247988474
      6.2062063       0.0000057302082126
      6.3063064       0.0000055452045119
      6.4064064       0.0000053691435979
      6.5065064       0.0000052014444819
      6.6066065       0.0000050415673938
      6.7067065       0.0000048890214453
      6.8068066       0.0000047433548430
      6.9069071       0.0000046041438963
      7.0070071       0.0000044710101335
      7.1071072       0.0000043436065951
      7.2072072       0.0000042215932759
      7.3073072       0.0000041046615450
      7.4074073       0.0000039925462251
      7.5075073       0.0000038849658303
      7.6076078       0.0000037816872213
      7.7077079       0.0000036824775626
      7.8078079       0.0000035871259774
      7.9079080       0.0000034954312889
      8.0080080       0.0000034072097282
      8.1081085       0.0000033222894015
      8.2082081       0.0000032405019702
      8.3083086       0.0000031616979698
      8.4084082       0.0000030857334375
      8.5085087       0.0000030124681257
      8.6086082       0.0000029417856768
      8.7087088       0.0000028735572182
      8.8088093       0.0000028076725057
      8.9089088       0.0000027440257437
      9.0090094       0.0000026825160786
      9.1091089       0.0000026230517685
      9.2092094       0.0000025655393381
      9.3093090       0.0000025098944417
      9.4094095       0.0000024560394497
      9.5095091       0.0000024038981904
      9.6096096       0.0000023534002982
      9.7097101       0.0000023044732332
      9.8098097       0.0000022570540631
      9.9099102       0.0000022110855411
     10.0100098       0.0000021665016417
     10.1101103       0.0000021232509785
     10.2102098       0.0000020812851929
     10.3103104       0.0000020405485745
     10.4104099       0.0000020009975510
     10.5105104       0.0000019625819306
     10.6106110       0.0000019252636806
     10.7107105       0.0000018889978425
     10.8108110       0.0000018537449585
     10.9109106       0.0000018194701319
     11.0110111       0.0000017861371863
     11.1111107       0.0000017537111787
     11.2112112       0.0000017221604498
     11.3113117       0.0000016914538997
     11.4114113       0.0000016615611600
     11.5115118       0.0000016324525190
     11.6116114       0.0000016041007075
     11.7117119       0.0000015764835456
     11.8118114       0.0000015495724481
     11.9119120       0.0000015233440524
     12.0120125       0.0000014977770943
     12.1121120       0.0000014728465095
     12.2122126       0.0000014485361946
     12.3123121       0.0000014248214392
     12.4124126       0.0000014016840692
     12.5125122       0.0000013791065139
     12.6126127       0.0000013570697851
     12.7127123       0.0000013355575158
     12.8128128       0.0000013145535604
     12.9129133       0.0000012940408174
     13.0130129       0.0000012740045564
     13.1131134       0.0000012544288415
     13.2132130       0.0000012353023319
     13.3133135       0.0000012166097795
     13.4134130       0.0000011983409390
     13.5135136       0.0000011804775831
     13.6136131       0.0000011630120787
     13.7137136       0.0000011459321660
     13.8138142       0.0000011292258311
     13.9139137       0.0000011128804552
     14.0140142       0.0000010968896865
     14.1141138       0.0000010812419618
     14.2142143       0.0000010659257086
     14.3143139       0.0000010509321803
     14.4144144       0.0000010362536620
     14.5145149       0.0000010218812598
     14.6146145       0.0000010078058872
     14.7147150       0.0000009940201028
     14.8148146       0.0000009805147912
     14.9149151       0.0000009672822168
     15.0150146       0.0000009543181399
     15.1151152       0.0000009416104120
     15.2152157       0.0000009291571697
     15.3153152       0.0000009169490794
     15.4154158       0.0000009049799042
     15.5155153       0.0000008932440798
     15.6156158       0.0000008817346237
     15.7157154       0.0000008704480110
     15.8158159       0.0000008593758207
     15.9159155       0.0000008485137282
     16.0160160       0.0000008378561938
     16.1161156       0.0000008273995027
     16.2162170       0.0000008171368021
     16.3163166       0.0000008070642226
     16.4164162       0.0000007971760584
     16.5165157       0.0000007874702463
     16.6166172       0.0000007779396634
     16.7167168       0.0000007685813414
     16.8168163       0.0000007593916556
     16.9169178       0.0000007503657727
     17.0170174       0.0000007414999389
     17.1171169       0.0000007327902806
     17.2172165       0.0000007242338525
     17.3173180       0.0000007158255345
     17.4174175       0.0000007075640069
     17.5175171       0.0000006994449195
     17.6176186       0.0000006914638621
     17.7177181       0.0000006836197105
     17.8178177       0.0000006759084380
     17.9179173       0.0000006683264767
     18.0180187       0.0000006608714460
     18.1181183       0.0000006535414452
     18.2182178       0.0000006463323609
     18.3183174       0.0000006392425960
     18.4184189       0.0000006322681662
     18.5185184       0.0000006254072149
     18.6186180       0.0000006186578566
     18.7187195       0.0000006120181536
     18.8188190       0.0000006054837175
     18.9189186       0.0000005990537348
     19.0190182       0.0000005927254770
     19.1191196       0.0000005864978006
     19.2192192       0.0000005803676531
     19.3193188       0.0000005743328098
     19.4194202       0.0000005683922181
     19.5195198       0.0000005625435428
     19.6196194       0.0000005567846218
     19.7197189       0.0000005511131334
     19.8198204       0.0000005455282086
     19.9199200       0.0000005400287251
     20.0200195       0.0000005346112583
     20.1201210       0.0000005292746688
     20.2202206       0.0000005240185012
     20.3203201       0.0000005188398614
     20.4204197       0.0000005137378551
     20.5205212       0.0000005087109705
     20.6206207       0.0000005037569888
     20.7207203       0.0000004988758731
     20.8208199       0.0000004940647791
     20.9209213       0.0000004893237233
     21.0210209       0.0000004846504461
     21.1211205       0.0000004800433512
     21.2212219       0.0000004755019155
     21.3213215       0.0000004710248852
     21.4214211       0.0000004666106229
     21.5215206       0.0000004622588630
     21.6216221       0.0000004579672630
     21.7217216       0.0000004537353816
     21.8218212       0.0000004495611761
     21.9219227       0.0000004454449946
     22.0220222       0.0000004413855700
     22.1221218       0.0000004373807796
     22.2222214       0.0000004334307259
     22.3223228       0.0000004295338065
     22.4224224       0.0000004256889998
     22.5225220       0.0000004218960224
     22.6226234       0.0000004181534551
     22.7227230       0.0000004144604213
     22.8228226       0.0000004108163691
     22.9229221       0.0000004072199774
     23.0230236       0.0000004036706562
     23.1231232       0.0000004001680021
     23.2232227       0.0000003967105711
     23.3233242       0.0000003932973478
     23.4234238       0.0000003899282596
     23.5235233       0.0000003866028042
     23.6236229       0.0000003833192164
     23.7237244       0.0000003800778431
     23.8238239       0.0000003768770370
     23.9239235       0.0000003737166086
     24.0240250       0.0000003705954316
     24.1241245       0.0000003675139737
     24.2242241       0.0000003644701928
     24.3243237       0.0000003614644098
     24.4244251       0.0000003584954123
     24.5245247       0.0000003555633168
     24.6246243       0.0000003526670379
     24.7247238       0.0000003498056986
     24.8248253       0.0000003469795417
     24.9249249       0.0000003441869788
     25.0250244       0.0000003414283657
     25.1251259       0.0000003387027206
     25.2252254       0.0000003360098143
     25.3253250       0.0000003333489263
     25.4254246       0.0000003307190075
     25.5255260       0.0000003281206427
     25.6256256       0.0000003255525079
     25.7257252       0.0000003230146247
     25.8258266       0.0000003205063918
     25.9259262       0.0000003180272012
     26.0260258       0.0000003155765184
     26.1261253       0.0000003131544917
     26.2262268       0.0000003107599543
     26.3263264       0.0000003083926365
     26.4264259       0.0000003060525491
     26.5265274       0.0000003037386415
     26.6266270       0.0000003014515274
     26.7267265       0.0000002991898848
     26.8268261       0.0000002969536267
     26.9269276       0.0000002947424203
     27.0270271       0.0000002925556216
     27.1271267       0.0000002903932900
     27.2272263       0.0000002882548194
     27.3273277       0.0000002861399255
     27.4274273       0.0000002840483739
     27.5275269       0.0000002819794784
     27.6276283       0.0000002799330658
     27.7277279       0.0000002779091234
     27.8278275       0.0000002759069060
     27.9279270       0.0000002739261794
     28.0280285       0.0000002719669864
     28.1281281       0.0000002700283701
     28.2282276       0.0000002681110512
     28.3283291       0.0000002662134261
     28.4284286       0.0000002643363571
     28.5285282       0.0000002624787921
     28.6286278       0.0000002606409480
     28.7287292       0.0000002588222368
     28.8288288       0.0000002570225477
     28.9289284       0.0000002552416359
     29.0290298       0.0000002534790220
     29.1291294       0.0000002517347630
     29.2292290       0.0000002500084391
     29.3293285       0.0000002482999867
     29.4294300       0.0000002466088737
     29.5295296       0.0000002449348311
     29.6296291       0.0000002432778809
     29.7297306       0.0000002416377239
     29.8298302       0.0000002400139905
     29.9299297       0.0000002384067136
     30.0300293       0.0000002368157395
     30.1301308       0.0000002352400948
     30.2302303       0.0000002336806903
     30.3303299       0.0000002321364412
     30.4304314       0.0000002306076747
     30.5305309       0.0000002290938314
     30.6306305       0.0000002275947894
     30.7307301       0.0000002261106539
     30.8308315       0.0000002246408102
     30.9309311       0.0000002231852774
     31.0310307       0.0000002217439886
     31.1311302       0.0000002203164684
     31.2312317       0.0000002189027769
     31.3313313       0.0000002175027613
     31.4314308       0.0000002161158852
     31.5315323       0.0000002147423991
     31.6316319       0.0000002133820018
     31.7317314       0.0000002120343110
     31.8318310       0.0000002106996519
     31.9319324       0.0000002093771052
     32.0320320       0.0000002080673563
     32.1321335       0.0000002067700977
     32.2322311       0.0000002054844850
     32.3323326       0.0000002042110797
     32.4324341       0.0000002029492683
     32.5325317       0.0000002016993536
     32.6326332       0.0000002004608604
     32.7327309       0.0000001992336025
     32.8328323       0.0000001980177148
     32.9329338       0.0000001968128981
     33.0330315       0.0000001956190482
     33.1331329       0.0000001944360921
     33.2332344       0.0000001932640733
     33.3333321       0.0000001921023613
     33.4334335       0.0000001909510461
     33.5335350       0.0000001898101576
     33.6336327       0.0000001886793315
     33.7337341       0.0000001875586583
     33.8338356       0.0000001864481142
     33.9339333       0.0000001853471941
     34.0340347       0.0000001842560507
     34.1341324       0.0000001831748564
     34.2342339       0.0000001821027180
     34.3343353       0.0000001810399361
     34.4344330       0.0000001799867420
     34.5345345       0.0000001789425642
     34.6346359       0.0000001779074230
     34.7347336       0.0000001768814902
     34.8348351       0.0000001758641213
     34.9349365       0.0000001748556132
     35.0350342       0.0000001738557716
     35.1351357       0.0000001728644921
     35.2352371       0.0000001718814946
     35.3353348       0.0000001709070953
     35.4354362       0.0000001699408970
     35.5355339       0.0000001689829369
     35.6356354       0.0000001680328342
     35.7357368       0.0000001670910568
     35.8358345       0.0000001661570226
     35.9359360       0.0000001652307360
     36.0360374       0.0000001643121863
     36.1361351       0.0000001634013121
     36.2362366       0.0000001624980832
     36.3363380       0.0000001616021577
     36.4364357       0.0000001607136816
     36.5365372       0.0000001598324963
     36.6366348       0.0000001589586170
     36.7367363       0.0000001580919660
     36.8368378       0.0000001572322619
     36.9369354       0.0000001563795988
     37.0370369       0.0000001555336831
     37.1371384       0.0000001546948750
     37.2372360       0.0000001538628199
     37.3373375       0.0000001530371845
     37.4374390       0.0000001522184430
     37.5375366       0.0000001514062369
     37.6376381       0.0000001506003481
     37.7377396       0.0000001498009733
     37.8378372       0.0000001490082426
     37.9379387       0.0000001482213049
     38.0380363       0.0000001474408687
     38.1381378       0.0000001466665341
     38.2382393       0.0000001458982328
     38.3383369       0.0000001451360125
     38.4384384       0.0000001443798421
     38.5385399       0.0000001436294671
     38.6386375       0.0000001428848096
     38.7387390       0.0000001421461905
     38.8388405       0.0000001414130508
     38.9389381       0.0000001406856328
     39.0390396       0.0000001399638830
     39.1391373       0.0000001392475570
     39.2392387       0.0000001385369607
     39.3393402       0.0000001378316515
     39.4394379       0.0000001371316706
     39.5395393       0.0000001364369871
     39.6396408       0.0000001357475812
     39.7397385       0.0000001350633652
     39.8398399       0.0000001343846102
     39.9399414       0.0000001337106272
     40.0400391       0.0000001330418943
     40.1401405       0.0000001323779653
     40.2402420       0.0000001317191943
     40.3403397       0.0000001310652408
     40.4404411       0.0000001304161063
     40.5405388       0.0000001297718755
     40.6406403       0.0000001291323499
     40.7407417       0.0000001284975680
     40.8408394       0.0000001278675729
     40.9409409       0.0000001272420634
     41.0410423       0.0000001266211357
     41.1411400       0.0000001260048119
     41.2412415       0.0000001253928068
     41.3413429       0.0000001247854646
     41.4414406       0.0000001241824519
     41.5415421       0.0000001235837265
     41.6416397       0.0000001229893421
     41.7417412       0.0000001223993750
     41.8418427       0.0000001218134935
     41.9419403       0.0000001212318198
     42.0420418       0.0000001206544475
     42.1421432       0.0000001200810994
     42.2422409       0.0000001195117152
     42.3423424       0.0000001189465668
     42.4424438       0.0000001183852798
     42.5425415       0.0000001178280879
     42.6426430       0.0000001172747056
     42.7427444       0.0000001167252089
     42.8428421       0.0000001161797227
     42.9429436       0.0000001156378997
     43.0430412       0.0000001150998107
     43.1431427       0.0000001145656211
     43.2432442       0.0000001140350623
     43.3433418       0.0000001135082433
     43.4434433       0.0000001129850357
     43.5435448       0.0000001124654419
     43.6436424       0.0000001119494536
     43.7437439       0.0000001114368547
     43.8438454       0.0000001109279557
     43.9439430       0.0000001104224485
     44.0440445       0.0000001099204474
     44.1441460       0.0000001094218470
     44.2442436       0.0000001089265518
     44.3443451       0.0000001084346313
     44.4444427       0.0000001079462412
     44.5445442       0.0000001074609494
     44.6446457       0.0000001069788497
     44.7447433       0.0000001065001749
     44.8448448       0.0000001060246435
     44.9449463       0.0000001055521760
     45.0450439       0.0000001050830263
     45.1451454       0.0000001046170495
     45.2452469       0.0000001041539510
     45.3453445       0.0000001036940585
     45.4454460       0.0000001032372094
     45.5455437       0.0000001027832682
     45.6456451       0.0000001023323654
     45.7457466       0.0000001018845132
     45.8458443       0.0000001014394726
     45.9459457       0.0000001009974571
     46.0460472       0.0000001005582353
     46.1461449       0.0000001001218692
     46.2462463       0.0000000996883637
     46.3463478       0.0000000992576697
     46.4464455       0.0000000988298184
     46.5465469       0.0000000984046691
     46.6466484       0.0000000979822353
     46.7467461       0.0000000975625526
     46.8468475       0.0000000971454647
     46.9469452       0.0000000967312313
     47.0470467       0.0000000963195562
     47.1471481       0.0000000959104878
     47.2472458       0.0000000955039827
     47.3473473       0.0000000951001270
     47.4474487       0.0000000946988493
     47.5475464       0.0000000943000297
     47.6476479       0.0000000939037970
     47.7477493       0.0000000935099666
     47.8478470       0.0000000931186545
     47.9479485       0.0000000927297927
     48.0480499       0.0000000923433866
     48.1481476       0.0000000919594505
     48.2482491       0.0000000915777887
     48.3483467       0.0000000911985222
     48.4484482       0.0000000908216627
     48.5485497       0.0000000904471003
     48.6486473       0.0000000900749200
     48.7487488       0.0000000897049617
     48.8488503       0.0000000893372383
     48.9489479       0.0000000889718611
     49.0490494       0.0000000886086218
     49.1491508       0.0000000882475933
     49.2492485       0.0000000878889520
     49.3493500       0.0000000875323325
     49.4494476       0.0000000871779485
     49.5495491       0.0000000868257549
     49.6496506       0.0000000864754420
     49.7497482       0.0000000861274992
     49.8498497       0.0000000857816019
     49.9499512       0.0000000854377349
     50.0500488       0.0000000850960190
     50.1501503       0.0000000847562436
     50.2502518       0.0000000844185299
     50.3503494       0.0000000840828849
     50.4504509       0.0000000837491835
     50.5505524       0.0000000834175289
     50.6506500       0.0000000830877387
     50.7507515       0.0000000827599808
     50.8508492       0.0000000824341862
     50.9509506       0.0000000821102415
     51.0510521       0.0000000817882330
     51.1511497       0.0000000814681071
     51.2512512       0.0000000811497553
     51.3513527       0.0000000808334083
     51.4514503       0.0000000805188798
     51.5515518       0.0000000802062064
     51.6516533       0.0000000798953299
     51.7517509       0.0000000795862461
     51.8518524       0.0000000792789406
     51.9519501       0.0000000789734100
     52.0520515       0.0000000786695954
     52.1521530       0.0000000783675821
     52.2522507       0.0000000780673681
     52.3523521       0.0000000777688720
     52.4524536       0.0000000774719763
     52.5525513       0.0000000771768042
     52.6526527       0.0000000768833602
     52.7527542       0.0000000765916695
     52.8528519       0.0000000763015375
     52.9529533       0.0000000760129833
     53.0530548       0.0000000757262258
     53.1531525       0.0000000754409506
     53.2532539       0.0000000751573301
     53.3533516       0.0000000748753532
     53.4534531       0.0000000745948468
     53.5535545       0.0000000743160122
     53.6536522       0.0000000740387143
     53.7537537       0.0000000737630393
     53.8538551       0.0000000734886837
     53.9539528       0.0000000732160714
     54.0540543       0.0000000729448849
     54.1541557       0.0000000726752547
     54.2542534       0.0000000724070291
     54.3543549       0.0000000721403573
     54.4544525       0.0000000718751697
     54.5545540       0.0000000716114414
     54.6546555       0.0000000713490292
     54.7547531       0.0000000710882606
     54.8548546       0.0000000708288074
     54.9549561       0.0000000705707749
     55.0550537       0.0000000703141038
     55.1551552       0.0000000700589002
     55.2552567       0.0000000698050526
     55.3553543       0.0000000695526323
     55.4554558       0.0000000693015434
     55.5555573       0.0000000690517843
     55.6556549       0.0000000688034255
     55.7557564       0.0000000685564025
     55.8558540       0.0000000683106604
     55.9559555       0.0000000680663098
     56.0560570       0.0000000678232189
     56.1561546       0.0000000675814969
     56.2562561       0.0000000673409579
     56.3563576       0.0000000671016801
     56.4564552       0.0000000668638177
     56.5565567       0.0000000666270570
     56.6566582       0.0000000663917181
     56.7567558       0.0000000661575099
     56.8568573       0.0000000659245244
     56.9569588       0.0000000656928519
     57.0570564       0.0000000654623248
     57.1571579       0.0000000652331458
     57.2572556       0.0000000650049792
     57.3573570       0.0000000647780903
     57.4574585       0.0000000645523955
     57.5575562       0.0000000643279050
     57.6576576       0.0000000641045916
     57.7577591       0.0000000638823718
     57.8578568       0.0000000636613053
     57.9579582       0.0000000634414380
     58.0580597       0.0000000632227037
     58.1581573       0.0000000630051051
     58.2582588       0.0000000627886225
     58.3583565       0.0000000625731758
     58.4584579       0.0000000623588967
     58.5585594       0.0000000621457487
     58.6586571       0.0000000619336252
     58.7587585       0.0000000617226609
     58.8588600       0.0000000615127558
     58.9589577       0.0000000613038122
     59.0590591       0.0000000610960771
     59.1591606       0.0000000608893287
     59.2592583       0.0000000606836467
     59.3593597       0.0000000604789629
     59.4594612       0.0000000602753700
     59.5595589       0.0000000600727552
     59.6596603       0.0000000598712098
     59.7597580       0.0000000596706691
     59.8598595       0.0000000594710698
     59.9599609       0.0000000592725619
     60.0600586       0.0000000590750021
     60.1601601       0.0000000588784197
     60.2602615       0.0000000586828307
     60.3603592       0.0000000584882158
     60.4604607       0.0000000582945441
     60.5605621       0.0000000581018656
     60.6606598       0.0000000579101493
     60.7607613       0.0000000577193269
     60.8608627       0.0000000575294449
     60.9609604       0.0000000573405922
     61.0610619       0.0000000571525574
     61.1611595       0.0000000569655391
     61.2612610       0.0000000567794087
     61.3613625       0.0000000565942001
     61.4614601       0.0000000564098197
     61.5615616       0.0000000562263634
     61.6616631       0.0000000560438580
     61.7617607       0.0000000558622193
     61.8618622       0.0000000556814355
     61.9619637       0.0000000555015364
     62.0620613       0.0000000553225486
     62.1621628       0.0000000551444309
     62.2622604       0.0000000549670367
     62.3623619       0.0000000547906805
     62.4624634       0.0000000546150370
     62.5625610       0.0000000544403028
     62.6626625       0.0000000542663546
     62.7627640       0.0000000540933359
     62.8628616       0.0000000539210445
     62.9629631       0.0000000537496314
     63.0630646       0.0000000535790118
     63.1631622       0.0000000534092468
     63.2632637       0.0000000532402122
     63.3633652       0.0000000530720232
     63.4634628       0.0000000529046191
     63.5635643       0.0000000527380288
     63.6636620       0.0000000525721826
     63.7637634       0.0000000524071284
     63.8638649       0.0000000522428440
     63.9639626       0.0000000520793545
     64.0640640       0.0000000519166876
     64.1641617       0.0000000517547129
     64.2642670       0.0000000515934337
     64.3643646       0.0000000514330018
     64.4644623       0.0000000512733149
     64.5645676       0.0000000511143390
     64.6646652       0.0000000509560870
     64.7647629       0.0000000507986288
     64.8648682       0.0000000506418484
     64.9649658       0.0000000504858186
     65.0650635       0.0000000503304942
     65.1651688       0.0000000501758505
     65.2652664       0.0000000500219751
     65.3653641       0.0000000498688139
     65.4654617       0.0000000497163125
     65.5655670       0.0000000495645241
     65.6656647       0.0000000494134438
     65.7657623       0.0000000492630618
     65.8658676       0.0000000491133000
     65.9659653       0.0000000489642810
     66.0660629       0.0000000488159447
     66.1661682       0.0000000486682728
     66.2662659       0.0000000485212201
     66.3663635       0.0000000483748956
     66.4664688       0.0000000482292256
     66.5665665       0.0000000480841541
     66.6666641       0.0000000479397701
     66.7667694       0.0000000477960518
     66.8668671       0.0000000476529397
     66.9669647       0.0000000475105612
     67.0670700       0.0000000473687220
     67.1671677       0.0000000472275608
     67.2672653       0.0000000470870551
     67.3673706       0.0000000469471067
     67.4674683       0.0000000468078522
     67.5675659       0.0000000466691898
     67.6676712       0.0000000465311358
     67.7677689       0.0000000463936641
     67.8678665       0.0000000462568046
     67.9679642       0.0000000461205947
     68.0680695       0.0000000459849493
     68.1681671       0.0000000458499438
     68.2682648       0.0000000457155060
     68.3683701       0.0000000455816612
     68.4684677       0.0000000454483875
     68.5685654       0.0000000453157007
     68.6686707       0.0000000451836467
     68.7687683       0.0000000450520961
     68.8688660       0.0000000449211661
     68.9689713       0.0000000447907731
     69.0690689       0.0000000446609916
     69.1691666       0.0000000445317260
     69.2692719       0.0000000444030529
     69.3693695       0.0000000442749292
     69.4694672       0.0000000441473369
     69.5695724       0.0000000440202909
     69.6696701       0.0000000438938489
     69.7697678       0.0000000437679264
     69.8698730       0.0000000436425194
     69.9699707       0.0000000435176411
     70.0700684       0.0000000433934011
     70.1701736       0.0000000432695905
     70.2702713       0.0000000431463076
     70.3703690       0.0000000430235831
     70.4704742       0.0000000429013495
     70.5705719       0.0000000427797056
     70.6706696       0.0000000426585212
     70.7707672       0.0000000425378761
     70.8708725       0.0000000424177331
     70.9709702       0.0000000422980887
     71.0710678       0.0000000421789560
     71.1711731       0.0000000420603279
     71.2712708       0.0000000419421945
     71.3713684       0.0000000418245876
     71.4714737       0.0000000417074609
     71.5715714       0.0000000415908176
     71.6716690       0.0000000414746616
     71.7717743       0.0000000413589660
     71.8718719       0.0000000412437678
     71.9719696       0.0000000411290838
     72.0720749       0.0000000410148604
     72.1721725       0.0000000409011021
     72.2722702       0.0000000407878452
     72.3723755       0.0000000406750046
     72.4724731       0.0000000405626714
     72.5725708       0.0000000404507961
     72.6726761       0.0000000403393650
     72.7727737       0.0000000402283927
     72.8728714       0.0000000401179087
     72.9729767       0.0000000400078584
     73.0730743       0.0000000398982705
     73.1731720       0.0000000397891411
     73.2732697       0.0000000396804877
     73.3733749       0.0000000395721957
     73.4734726       0.0000000394643821
     73.5735703       0.0000000393570436
     73.6736755       0.0000000392500986
     73.7737732       0.0000000391435629
     73.8738708       0.0000000390375210
     73.9739761       0.0000000389319131
     74.0740738       0.0000000388267240
     74.1741714       0.0000000387219321
     74.2742767       0.0000000386175680
     74.3743744       0.0000000385136631
     74.4744720       0.0000000384101466
     74.5745773       0.0000000383070481
     74.6746750       0.0000000382043349
     74.7747726       0.0000000381020891
     74.8748779       0.0000000380002494
     74.9749756       0.0000000378987866
     75.0750732       0.0000000377977388
     75.1751785       0.0000000376971028
     75.2752762       0.0000000375968550
     75.3753738       0.0000000374969778
     75.4754791       0.0000000373975754
     75.5755768       0.0000000372985248
     75.6756744       0.0000000371998355
     75.7757721       0.0000000371015882
     75.8758774       0.0000000370037420
     75.9759750       0.0000000369062604
     76.0760727       0.0000000368091601
     76.1761780       0.0000000367124007
     76.2762756       0.0000000366160664
     76.3763733       0.0000000365201080
     76.4764786       0.0000000364245270
     76.5765762       0.0000000363293304
     76.6766739       0.0000000362344659
     76.7767792       0.0000000361400039
     76.8768768       0.0000000360459180
     76.9769745       0.0000000359522204
     77.0770798       0.0000000358588285
     77.1771774       0.0000000357658218
     77.2772751       0.0000000356732191
     77.3773804       0.0000000355809036
     77.4774780       0.0000000354889766
     77.5775757       0.0000000353973921
     77.6776810       0.0000000353061970
     77.7777786       0.0000000352153025
     77.8778763       0.0000000351248171
     77.9779816       0.0000000350346640
     78.0780792       0.0000000349448736
     78.1781769       0.0000000348553989
     78.2782745       0.0000000347662598
     78.3783798       0.0000000346774503
     78.4784775       0.0000000345889931
     78.5785751       0.0000000345009161
     78.6786804       0.0000000344131642
     78.7787781       0.0000000343257253
     78.8788757       0.0000000342386191
     78.9789810       0.0000000341518349
     79.0790787       0.0000000340653917
     79.1791763       0.0000000339792790
     79.2792816       0.0000000338934962
     79.3793793       0.0000000338080351
     79.4794769       0.0000000337228960
     79.5795822       0.0000000336380760
     79.6796799       0.0000000335535418
     79.7797775       0.0000000334693821
     79.8798828       0.0000000333855129
     79.9799805       0.0000000333019372
     80.0800781       0.0000000332187061
     80.1801834       0.0000000331357689
     80.2802811       0.0000000330531571
     80.3803787       0.0000000329708632
     80.4804840       0.0000000328888456
     80.5805817       0.0000000328071660
     80.6806793       0.0000000327258054
     80.7807770       0.0000000326446981
     80.8808823       0.0000000325639161
     80.9809799       0.0000000324834127
     81.0810776       0.0000000324032035
     81.1811829       0.0000000323233379
     81.2812805       0.0000000322437386
     81.3813782       0.0000000321644242
     81.4814835       0.0000000320854221
     81.5815811       0.0000000320067082
     81.6816788       0.0000000319282573
     81.7817841       0.0000000318501007
     81.8818817       0.0000000317722288
     81.9819794       0.0000000316946663
     82.0820847       0.0000000316174043
     82.1821823       0.0000000315403960
     82.2822800       0.0000000314636631
     82.3823853       0.0000000313872206
     82.4824829       0.0000000313110510
     82.5825806       0.0000000312351536
     82.6826859       0.0000000311595465
     82.7827835       0.0000000310842160
     82.8828812       0.0000000310091447
     82.9829865       0.0000000309343543
     83.0830841       0.0000000308598306
     83.1831818       0.0000000307855583
     83.2832794       0.0000000307115564
     83.3833847       0.0000000306378424
     83.4834824       0.0000000305644037
     83.5835800       0.0000000304911778
     83.6836853       0.0000000304182921
     83.7837830       0.0000000303455952
     83.8838806       0.0000000302732048
     83.9839859       0.0000000302010564
     84.0840836       0.0000000301291341
     84.1841812       0.0000000300575228
     84.2842865       0.0000000299861587
     84.3843842       0.0000000299150208
     84.4844818       0.0000000298441271
     84.5845871       0.0000000297735203
     84.6846848       0.0000000297031541
     84.7847824       0.0000000296330259
     84.8848877       0.0000000295631277
     84.9849854       0.0000000294935097
     85.0850830       0.0000000294241265
     85.1851883       0.0000000293549935
     85.2852859       0.0000000292861096
     85.3853836       0.0000000292174432
     85.4854889       0.0000000291490520
     85.5855865       0.0000000290808695
     85.6856842       0.0000000290129787
     85.7857895       0.0000000289452657
     85.8858871       0.0000000288777953
     85.9859848       0.0000000288105752
     86.0860825       0.0000000287435744
     86.1861877       0.0000000286768345
     86.2862854       0.0000000286103277
     86.3863831       0.0000000285440299
     86.4864883       0.0000000284779361
     86.5865860       0.0000000284121258
     86.6866837       0.0000000283465393
     86.7867889       0.0000000282811495
     86.8868866       0.0000000282159930
     86.9869843       0.0000000281510739
     87.0870895       0.0000000280863723
     87.1871872       0.0000000280218639
     87.2872849       0.0000000279576132
     87.3873901       0.0000000278935785
     87.4874878       0.0000000278298006
     87.5875854       0.0000000277661737
     87.6876907       0.0000000277028215
     87.7877884       0.0000000276396432
     87.8878860       0.0000000275767106
     87.9879913       0.0000000275139651
     88.0880890       0.0000000274514237
     88.1881866       0.0000000273891267
     88.2882919       0.0000000273270572
     88.3883896       0.0000000272651761
     88.4884872       0.0000000272034855
     88.5885849       0.0000000271420240
     88.6886902       0.0000000270807774
     88.7887878       0.0000000270197293
     88.8888855       0.0000000269588878
     88.9889908       0.0000000268982386
     89.0890884       0.0000000268378043
     89.1891861       0.0000000267775926
     89.2892914       0.0000000267175398
     89.3893890       0.0000000266577336
     89.4894867       0.0000000265981008
     89.5895920       0.0000000265387003
     89.6896896       0.0000000264794810
     89.7897873       0.0000000264204448
     89.8898926       0.0000000263616328
     89.9899902       0.0000000263029881
     90.0900879       0.0000000262445439
     90.1901932       0.0000000261863033
     90.2902908       0.0000000261282366
     90.3903885       0.0000000260703735
     90.4904938       0.0000000260127233
     90.5905914       0.0000000259552470
     90.6906891       0.0000000258979587
     90.7907944       0.0000000258408552
     90.8908920       0.0000000257839491
     90.9909897       0.0000000257272277
     91.0910873       0.0000000256707205
     91.1911926       0.0000000256143672
     91.2912903       0.0000000255582066
     91.3913879       0.0000000255022324
     91.4914932       0.0000000254464230
     91.5915909       0.0000000253908137
     91.6916885       0.0000000253354104
     91.7917938       0.0000000252801372
     91.8918915       0.0000000252250972
     91.9919891       0.0000000251702041
     92.0920944       0.0000000251154955
     92.1921921       0.0000000250609701
     92.2922897       0.0000000250066202
     92.3923950       0.0000000249524488
     92.4924927       0.0000000248984529
     92.5925903       0.0000000248446324
     92.6926956       0.0000000247909857
     92.7927933       0.0000000247375114
     92.8928909       0.0000000246842054
     92.9929962       0.0000000246310756
     93.0930939       0.0000000245781214
     93.1931915       0.0000000245253378
     93.2932968       0.0000000244726969
     93.3933945       0.0000000244202580
     93.4934921       0.0000000243679804
     93.5935898       0.0000000243158752
     93.6936951       0.0000000242639328
     93.7937927       0.0000000242121481
     93.8938904       0.0000000241605311
     93.9939957       0.0000000241090853
     94.0940933       0.0000000240578103
     94.1941910       0.0000000240066752
     94.2942963       0.0000000239557068
     94.3943939       0.0000000239049190
     94.4944916       0.0000000238542728
     94.5945969       0.0000000238038030
     94.6946945       0.0000000237535122
     94.7947922       0.0000000237033311
     94.8948975       0.0000000236533407
     94.9949951       0.0000000236035036
     95.0950928       0.0000000235538537
     95.1951981       0.0000000235043042
     95.2952957       0.0000000234549483
     95.3953934       0.0000000234057378
     95.4954987       0.0000000233566857
     95.5955963       0.0000000233077631
     95.6956940       0.0000000232590326
     95.7957993       0.0000000232104236
     95.8958969       0.0000000231619888
     95.9959946       0.0000000231136759
     96.0960999       0.0000000230655230
     96.1961975       0.0000000230175569
     96.2962952       0.0000000229697143
     96.3963928       0.0000000229220143
     96.4964981       0.0000000228744647
     96.5965958       0.0000000228270719
     96.6966934       0.0000000227798233
     96.7967987       0.0000000227327110
     96.8968964       0.0000000226857445
     96.9969940       0.0000000226389300
     97.0970993       0.0000000225922735
     97.1971970       0.0000000225457444
     97.2972946       0.0000000224993562
     97.3973999       0.0000000224531122
     97.4974976       0.0000000224070448
     97.5975952       0.0000000223610753
     97.6977005       0.0000000223152560
     97.7977982       0.0000000222695825
     97.8978958       0.0000000222240700
     97.9980011       0.0000000221786692
     98.0980988       0.0000000221334141
     98.1981964       0.0000000220883047
     98.2983017       0.0000000220433239
     98.3983994       0.0000000219984811
     98.4984970       0.0000000219537749
     98.5986023       0.0000000219092257
     98.6987000       0.0000000218647951
     98.7987976       0.0000000218204964
     98.8988953       0.0000000217763353
     98.9990005       0.0000000217323340
     99.0990982       0.0000000216884409
     99.1991959       0.0000000216446560
     99.2993011       0.0000000216010438
     99.3993988       0.0000000215575476
     99.4994965       0.0000000215141827
     99.5996017       0.0000000214709417
     99.6996994       0.0000000214278169
     99.7997971       0.0000000213848644
     99.8999023       0.0000000213419936
    100.0000000       0.0000000212992777
