# x		H(x,a)
      0.0000000       1.0000000000000000
      0.1001001       0.9900299906730652
      0.2002002       0.9607124924659729
      0.3003003       0.9137664437294006
      0.4004004       0.8518707156181335
      0.5005005       0.7784109115600586
      0.6006006       0.6971734166145325
      0.7007007       0.6120254397392273
      0.8008008       0.5266169309616089
      0.9009009       0.4441368877887726
      1.0010010       0.3671666490725324
      1.1011012       0.2975414016206328
      1.2012012       0.2363489976854093
      1.3013012       0.1840253596365567
      1.4014014       0.1404494994332521
      1.5015016       0.1050721029260843
      1.6016016       0.0770530953414193
      1.7017016       0.0553916757338752
      1.8018018       0.0390368594156235
      1.9019020       0.0269722964598441
      2.0020020       0.0182738065613410
      2.1021020       0.0121420527285952
      2.2022023       0.0079147623480856
      2.3023024       0.0050637804061801
      2.4024024       0.0031822519001269
      2.5025024       0.0019667768894618
      2.6026025       0.0011978864148926
      2.7027028       0.0007213635871628
      2.8028028       0.0004318230258007
      2.9029028       0.0002591544384463
      3.0030031       0.0001579184130270
      3.1031032       0.0000994027485256
      3.2032032       0.0000659069237223
      3.3033032       0.0000467786268037
      3.4034033       0.0000357555696076
      3.5035036       0.0000292381984766
      3.6036036       0.0000252015660089
      3.7037036       0.0000225288129995
      3.8038039       0.0000206145944537
      3.9039040       0.0000191350644201
      4.0040040       0.0000179180803480
      4.1041040       0.0000168717403332
      4.2042041       0.0000159459034681
      4.3043041       0.0000151119665807
      4.4044046       0.0000143525304878
      4.5045047       0.0000136560044447
      4.6046047       0.0000130140372865
      4.7047048       0.0000124201517612
      4.8048048       0.0000118690889554
      4.9049048       0.0000113564213163
      5.0050049       0.0000108783444415
      5.1051049       0.0000104315591014
      5.2052050       0.0000100131915600
      5.3053055       0.0000096207068271
      5.4054055       0.0000092518527398
      5.5055056       0.0000089046602523
      5.6056056       0.0000085773637221
      5.7057056       0.0000082683494129
      5.8058057       0.0000079762336369
      5.9059057       0.0000076997342522
      6.0060062       0.0000074376863899
      6.1061063       0.0000071890846847
      6.2062063       0.0000069529706654
      6.3063064       0.0000067284890594
      6.4064064       0.0000065148587729
      6.5065064       0.0000063113746228
      6.6066065       0.0000061173810354
      6.7067065       0.0000059322836013
      6.8068066       0.0000057555337953
      6.9069071       0.0000055866167708
      7.0070071       0.0000054250735670
      7.1071072       0.0000052704830981
      7.2072072       0.0000051224339722
      7.3073072       0.0000049805503486
      7.4074073       0.0000048445109082
      7.5075073       0.0000047139737380
      7.6076078       0.0000045886572048
      7.7077079       0.0000044682768673
      7.8078079       0.0000043525786642
      7.9079080       0.0000042413172066
      8.0080080       0.0000041342698513
      8.1081085       0.0000040312286203
      8.2082081       0.0000039319887230
      8.3083086       0.0000038363689390
      8.4084082       0.0000037441943121
      8.5085087       0.0000036552951403
      8.6086082       0.0000035695300179
      8.7087088       0.0000034867418688
      8.8088093       0.0000034067981707
      8.9089088       0.0000033295701011
      9.0090094       0.0000032549352259
      9.1091089       0.0000031827817862
      9.2092094       0.0000031129967199
      9.3093090       0.0000030454779145
      9.4094095       0.0000029801307674
      9.5095091       0.0000029168630291
      9.6096096       0.0000028555896342
      9.7097101       0.0000027962219932
      9.8098097       0.0000027386842453
      9.9099102       0.0000026829064982
     10.0100098       0.0000026288090908
     10.1101103       0.0000025763288691
     10.2102098       0.0000025254082341
     10.3103104       0.0000024759788904
     10.4104099       0.0000024279881231
     10.5105104       0.0000023813749160
     10.6106110       0.0000023360934461
     10.7107105       0.0000022920888194
     10.8108110       0.0000022493134899
     10.9109106       0.0000022077246010
     11.0110111       0.0000021672788469
     11.1111107       0.0000021279335317
     11.2112112       0.0000020896503605
     11.3113117       0.0000020523913028
     11.4114113       0.0000020161197359
     11.5115118       0.0000019807995439
     11.6116114       0.0000019463977689
     11.7117119       0.0000019128873105
     11.8118114       0.0000018802337069
     11.9119120       0.0000018484087207
     12.0120125       0.0000018173858797
     12.1121120       0.0000017871356217
     12.2122126       0.0000017576378023
     12.3123121       0.0000017288623149
     12.4124126       0.0000017007877332
     12.5125122       0.0000016733922822
     12.6126127       0.0000016466532675
     12.7127123       0.0000016205505239
     12.8128128       0.0000015950647054
     12.9129133       0.0000015701747299
     13.0130129       0.0000015458629651
     13.1131134       0.0000015221099125
     13.2132130       0.0000014989018987
     13.3133135       0.0000014762206734
     13.4134130       0.0000014540534751
     13.5135136       0.0000014323782110
     13.6136131       0.0000014111858540
     13.7137136       0.0000013904612645
     13.8138142       0.0000013701898578
     13.9139137       0.0000013503566518
     14.0140142       0.0000013309536374
     14.1141138       0.0000013119668177
     14.2142143       0.0000012933823443
     14.3143139       0.0000012751893416
     14.4144144       0.0000012573785502
     14.5145149       0.0000012399393143
     14.6146145       0.0000012228603797
     14.7147150       0.0000012061329197
     14.8148146       0.0000011897455787
     14.9149151       0.0000011736894412
     15.0150146       0.0000011579588678
     15.1151152       0.0000011425396029
     15.2152157       0.0000011274289371
     15.3153152       0.0000011126157314
     15.4154158       0.0000010980925708
     15.5155153       0.0000010838523355
     15.6156158       0.0000010698869811
     15.7157154       0.0000010561918692
     15.8158159       0.0000010427570367
     15.9159155       0.0000010295770759
     16.0160160       0.0000010166453595
     16.1161156       0.0000010039572735
     16.2162170       0.0000009915046656
     16.3163166       0.0000009792827276
     16.4164162       0.0000009672845579
     16.5165157       0.0000009555076919
     16.6166172       0.0000009439432213
     16.7167168       0.0000009325879695
     16.8168163       0.0000009214373240
     16.9169178       0.0000009104854324
     17.0170174       0.0000008997278003
     17.1171169       0.0000008891595979
     17.2172165       0.0000008787772200
     17.3173180       0.0000008685746434
     17.4174175       0.0000008585502092
     17.5175171       0.0000008486986552
     17.6176186       0.0000008390144364
     17.7177181       0.0000008294964470
     17.8178177       0.0000008201396823
     17.9179173       0.0000008109398577
     18.0180187       0.0000008018940125
     18.1181183       0.0000007929998518
     18.2182178       0.0000007842524903
     18.3183174       0.0000007756497893
     18.4184189       0.0000007671871437
     18.5185184       0.0000007588621717
     18.6186180       0.0000007506724939
     18.7187195       0.0000007426159616
     18.8188190       0.0000007346871691
     18.9189186       0.0000007268850789
     19.0190182       0.0000007192064943
     19.1191196       0.0000007116499089
     19.2192192       0.0000007042116477
     19.3193188       0.0000006968889883
     19.4194202       0.0000006896807819
     19.5195198       0.0000006825840491
     19.6196194       0.0000006755962085
     19.7197189       0.0000006687145376
     19.8198204       0.0000006619378289
     19.9199200       0.0000006552647838
     20.0200195       0.0000006486913420
     20.1201210       0.0000006422160051
     20.2202206       0.0000006358381433
     20.3203201       0.0000006295545435
     20.4204197       0.0000006233638356
     20.5205212       0.0000006172642079
     20.6206207       0.0000006112531257
     20.7207203       0.0000006053303319
     20.8208199       0.0000005994926051
     20.9209213       0.0000005937399746
     21.0210209       0.0000005880694656
     21.1211205       0.0000005824792780
     21.2212219       0.0000005769686824
     21.3213215       0.0000005715363190
     21.4214211       0.0000005661801233
     21.5215206       0.0000005608997825
     21.6216221       0.0000005556923352
     21.7217216       0.0000005505574283
     21.8218212       0.0000005454924538
     21.9219227       0.0000005404979788
     22.0220222       0.0000005355722739
     22.1221218       0.0000005307129082
     22.2222214       0.0000005259200016
     22.3223228       0.0000005211915287
     22.4224224       0.0000005165262596
     22.5225220       0.0000005119239188
     22.6226234       0.0000005073827173
     22.7227230       0.0000005029016637
     22.8228226       0.0000004984800142
     22.9229221       0.0000004941161598
     23.0230236       0.0000004898095039
     23.1231232       0.0000004855593733
     23.2232227       0.0000004813641649
     23.3233242       0.0000004772226421
     23.4234238       0.0000004731346068
     23.5235233       0.0000004690995302
     23.6236229       0.0000004651152438
     23.7237244       0.0000004611821796
     23.8238239       0.0000004572983858
     23.9239235       0.0000004534635772
     24.0240250       0.0000004496763569
     24.1241245       0.0000004459373408
     24.2242241       0.0000004422440520
     24.3243237       0.0000004385968495
     24.4244251       0.0000004349943404
     24.5245247       0.0000004314365673
     24.6246243       0.0000004279222602
     24.7247238       0.0000004244502963
     24.8248253       0.0000004210210676
     24.9249249       0.0000004176326429
     25.0250244       0.0000004142853361
     25.1251259       0.0000004109780777
     25.2252254       0.0000004077105560
     25.3253250       0.0000004044818366
     25.4254246       0.0000004012907424
     25.5255260       0.0000003981378932
     25.6256256       0.0000003950217660
     25.7257252       0.0000003919423026
     25.8258266       0.0000003888988585
     25.9259262       0.0000003858906730
     26.0260258       0.0000003829169901
     26.1261253       0.0000003799781751
     26.2262268       0.0000003770726416
     26.3263264       0.0000003742001691
     26.4264259       0.0000003713607403
     26.5265274       0.0000003685530767
     26.6266270       0.0000003657779156
     26.7267265       0.0000003630336382
     26.8268261       0.0000003603201913
     26.9269276       0.0000003576371391
     27.0270271       0.0000003549836983
     27.1271267       0.0000003523599579
     27.2272263       0.0000003497651577
     27.3273277       0.0000003471989785
     27.4274273       0.0000003446611094
     27.5275269       0.0000003421507684
     27.6276283       0.0000003396676412
     27.7277279       0.0000003372118317
     27.8278275       0.0000003347823598
     27.9279270       0.0000003323789515
     28.0280285       0.0000003300017182
     28.1281281       0.0000003276494142
     28.2282276       0.0000003253229365
     28.3283291       0.0000003230203846
     28.4284286       0.0000003207427802
     28.5285282       0.0000003184888286
     28.6286278       0.0000003162588140
     28.7287292       0.0000003140519960
     28.8288288       0.0000003118682982
     28.9289284       0.0000003097073301
     29.0290298       0.0000003075686116
     29.1291294       0.0000003054521361
     29.2292290       0.0000003033574079
     29.3293285       0.0000003012844184
     29.4294300       0.0000002992324160
     29.5295296       0.0000002972012063
     29.6296291       0.0000002951906711
     29.7297306       0.0000002932005354
     29.8298302       0.0000002912302586
     29.9299297       0.0000002892800536
     30.0300293       0.0000002873495677
     30.1301308       0.0000002854377076
     30.2302303       0.0000002835455115
     30.3303299       0.0000002816717510
     30.4304314       0.0000002798167718
     30.5305309       0.0000002779799020
     30.6306305       0.0000002761609722
     30.7307301       0.0000002743601330
     30.8308315       0.0000002725766310
     30.9309311       0.0000002708105072
     31.0310307       0.0000002690616978
     31.1311302       0.0000002673295337
     31.2312317       0.0000002656141709
     31.3313313       0.0000002639154115
     31.4314308       0.0000002622325814
     31.5315323       0.0000002605660180
     31.6316319       0.0000002589153273
     31.7317314       0.0000002572800630
     31.8318310       0.0000002556606126
     31.9319324       0.0000002540558531
     32.0320320       0.0000002524666022
     32.1321335       0.0000002508925252
     32.2322311       0.0000002493325986
     32.3323326       0.0000002477874425
     32.4324341       0.0000002462563783
     32.5325317       0.0000002447397207
     32.6326332       0.0000002432369757
     32.7327309       0.0000002417478336
     32.8328323       0.0000002402724611
     32.9329338       0.0000002388105712
     33.0330315       0.0000002373619844
     33.1331329       0.0000002359265651
     33.2332344       0.0000002345044720
     33.3333321       0.0000002330948418
     33.4334335       0.0000002316978659
     33.5335350       0.0000002303135131
     33.6336327       0.0000002289414211
     33.7337341       0.0000002275815789
     33.8338356       0.0000002262340428
     33.9339333       0.0000002248982067
     34.0340347       0.0000002235742329
     34.1341324       0.0000002222623117
     34.2342339       0.0000002209614019
     34.3343353       0.0000002196718440
     34.4344330       0.0000002183938807
     34.5345345       0.0000002171268998
     34.6346359       0.0000002158708523
     34.7347336       0.0000002146260078
     34.8348351       0.0000002133915522
     34.9349365       0.0000002121678563
     35.0350342       0.0000002109546452
     35.1351357       0.0000002097518392
     35.2352371       0.0000002085590806
     35.3353348       0.0000002073767528
     35.4354362       0.0000002062043838
     35.5355339       0.0000002050419918
     35.6356354       0.0000002038891601
     35.7357368       0.0000002027464108
     35.8358345       0.0000002016130698
     35.9359360       0.0000002004891289
     36.0360374       0.0000001993745537
     36.1361351       0.0000001982693229
     36.2362366       0.0000001971733491
     36.3363380       0.0000001960862513
     36.4364357       0.0000001950081869
     36.5365372       0.0000001939389606
     36.6366348       0.0000001928785884
     36.7367363       0.0000001918270236
     36.8368378       0.0000001907838600
     36.9369354       0.0000001897492624
     37.0370369       0.0000001887228291
     37.1371384       0.0000001877050299
     37.2372360       0.0000001866954336
     37.3373375       0.0000001856936092
     37.4374390       0.0000001847001558
     37.5375366       0.0000001837146385
     37.6376381       0.0000001827367622
     37.7377396       0.0000001817668209
     37.8378372       0.0000001808049285
     37.9379387       0.0000001798500667
     38.0380363       0.0000001789030968
     38.1381378       0.0000001779635361
     38.2382393       0.0000001770312894
     38.3383369       0.0000001761064207
     38.4384384       0.0000001751889028
     38.5385399       0.0000001742783734
     38.6386375       0.0000001733748403
     38.7387390       0.0000001724786048
     38.8388405       0.0000001715890143
     38.9389381       0.0000001707063699
     39.0390396       0.0000001698306243
     39.1391373       0.0000001689614331
     39.2392387       0.0000001680991939
     39.3393402       0.0000001672433875
     39.4394379       0.0000001663940219
     39.5395393       0.0000001655511060
     39.6396408       0.0000001647146093
     39.7397385       0.0000001638843776
     39.8398399       0.0000001630607812
     39.9399414       0.0000001622429896
     40.0400391       0.0000001614315563
     40.1401405       0.0000001606259281
     40.2402420       0.0000001598266030
     40.3403397       0.0000001590331004
     40.4404411       0.0000001582454336
     40.5405388       0.0000001574637401
     40.6406403       0.0000001566877458
     40.7407417       0.0000001559175154
     40.8408394       0.0000001551530904
     40.9409409       0.0000001543940956
     41.0410423       0.0000001536406671
     41.1411400       0.0000001528928122
     41.2412415       0.0000001521502337
     41.3413429       0.0000001514132897
     41.4414406       0.0000001506815977
     41.5415421       0.0000001499551135
     41.6416397       0.0000001492338946
     41.7417412       0.0000001485180270
     41.8418427       0.0000001478071287
     41.9419403       0.0000001471013381
     42.0420418       0.0000001464007599
     42.1421432       0.0000001457050658
     42.2422409       0.0000001450141852
     42.3423424       0.0000001443284389
     42.4424438       0.0000001436473810
     42.5425415       0.0000001429712893
     42.6426430       0.0000001422998219
     42.7427444       0.0000001416330783
     42.8428421       0.0000001409711679
     42.9429436       0.0000001403137478
     43.0430412       0.0000001396608263
     43.1431427       0.0000001390126532
     43.2432442       0.0000001383688641
     43.3433418       0.0000001377296401
     43.4434433       0.0000001370947909
     43.5435448       0.0000001364643094
     43.6436424       0.0000001358382087
     43.7437439       0.0000001352162275
     43.8438454       0.0000001345987577
     43.9439430       0.0000001339853727
     44.0440445       0.0000001333762453
     44.1441460       0.0000001327712596
     44.2442436       0.0000001321702583
     44.3443451       0.0000001315733736
     44.4444427       0.0000001309807667
     44.5445442       0.0000001303919169
     44.6446457       0.0000001298069407
     44.7447433       0.0000001292261259
     44.8448448       0.0000001286491112
     44.9449463       0.0000001280758287
     45.0450439       0.0000001275065660
     45.1451454       0.0000001269411583
     45.2452469       0.0000001263792432
     45.3453445       0.0000001258212087
     45.4454460       0.0000001252668657
     45.5455437       0.0000001247160597
     45.6456451       0.0000001241689450
     45.7457466       0.0000001236255212
     45.8458443       0.0000001230855187
     45.9459457       0.0000001225491873
     46.0460472       0.0000001220162265
     46.1461449       0.0000001214867539
     46.2462463       0.0000001209607487
     46.3463478       0.0000001204381467
     46.4464455       0.0000001199189931
     46.5465469       0.0000001194031184
     46.6466484       0.0000001188905486
     46.7467461       0.0000001183813097
     46.8468475       0.0000001178752155
     46.9469452       0.0000001173725981
     47.0470467       0.0000001168730766
     47.1471481       0.0000001163767070
     47.2472458       0.0000001158834599
     47.3473473       0.0000001153934224
     47.4474487       0.0000001149065206
     47.5475464       0.0000001144225993
     47.6476479       0.0000001139418201
     47.7477493       0.0000001134639497
     47.8478470       0.0000001129891358
     47.9479485       0.0000001125172970
     48.0480499       0.0000001120484346
     48.1481476       0.0000001115825765
     48.2482491       0.0000001111194655
     48.3483467       0.0000001106592634
     48.4484482       0.0000001102019926
     48.5485497       0.0000001097475023
     48.6486473       0.0000001092958933
     48.7487488       0.0000001088470018
     48.8488503       0.0000001084008064
     48.9489479       0.0000001079574616
     49.0490494       0.0000001075167058
     49.1491508       0.0000001070786422
     49.2492485       0.0000001066434776
     49.3493500       0.0000001062107517
     49.4494476       0.0000001057807462
     49.5495491       0.0000001053533920
     49.6496506       0.0000001049283359
     49.7497482       0.0000001045061465
     49.8498497       0.0000001040864335
     49.9499512       0.0000001036691916
     50.0500488       0.0000001032545519
     50.1501503       0.0000001028422790
     50.2502518       0.0000001024325028
     50.3503494       0.0000001020252240
     50.4504509       0.0000001016203253
     50.5505524       0.0000001012178857
     50.6506500       0.0000001008177365
     50.7507515       0.0000001004200330
     50.8508492       0.0000001000247155
     50.9509506       0.0000000996316452
     51.0510521       0.0000000992409223
     51.1511497       0.0000000988524892
     51.2512512       0.0000000984662019
     51.3513527       0.0000000980823547
     51.4514503       0.0000000977007011
     51.5515518       0.0000000973213139
     51.6516533       0.0000000969440998
     51.7517509       0.0000000965690598
     51.8518524       0.0000000961961838
     51.9519501       0.0000000958254518
     52.0520515       0.0000000954568135
     52.1521530       0.0000000950903494
     52.2522507       0.0000000947260711
     52.3523521       0.0000000943638766
     52.4524536       0.0000000940036246
     52.5525513       0.0000000936454696
     52.6526527       0.0000000932894086
     52.7527542       0.0000000929354712
     52.8528519       0.0000000925834350
     52.9529533       0.0000000922332960
     53.0530548       0.0000000918853450
     53.1531525       0.0000000915392042
     53.2532539       0.0000000911950683
     53.3533516       0.0000000908529249
     53.4534531       0.0000000905125571
     53.5535545       0.0000000901742188
     53.6536522       0.0000000898377438
     53.7537537       0.0000000895032421
     53.8538551       0.0000000891703445
     53.9539528       0.0000000888395561
     54.0540543       0.0000000885105076
     54.1541557       0.0000000881833394
     54.2542534       0.0000000878578828
     54.3543549       0.0000000875343052
     54.4544525       0.0000000872125286
     54.5545540       0.0000000868925217
     54.6546555       0.0000000865741185
     54.7547531       0.0000000862576996
     54.8548546       0.0000000859428779
     54.9549561       0.0000000856297883
     55.0550537       0.0000000853183502
     55.1551552       0.0000000850086851
     55.2552567       0.0000000847006679
     55.3553543       0.0000000843943825
     55.4554558       0.0000000840897080
     55.5555573       0.0000000837866661
     55.6556549       0.0000000834853050
     55.7557564       0.0000000831855718
     55.8558540       0.0000000828873985
     55.9559555       0.0000000825908905
     56.0560570       0.0000000822959401
     56.1561546       0.0000000820026326
     56.2562561       0.0000000817107671
     56.3563576       0.0000000814204294
     56.4564552       0.0000000811318020
     56.5565567       0.0000000808445218
     56.6566582       0.0000000805589649
     56.7567558       0.0000000802747779
     56.8568573       0.0000000799920818
     56.9569588       0.0000000797109734
     57.0570564       0.0000000794312505
     57.1571579       0.0000000791531650
     57.2572556       0.0000000788763126
     57.3573570       0.0000000786010058
     57.4574585       0.0000000783271543
     57.5575562       0.0000000780547628
     57.6576576       0.0000000777837906
     57.7577591       0.0000000775141543
     57.8578568       0.0000000772459194
     57.9579582       0.0000000769791331
     58.0580597       0.0000000767137220
     58.1581573       0.0000000764496902
     58.2582588       0.0000000761870098
     58.3583565       0.0000000759255950
     58.4584579       0.0000000756655846
     58.5585594       0.0000000754069543
     58.6586571       0.0000000751495659
     58.7587585       0.0000000748935922
     58.8588600       0.0000000746388890
     58.9589577       0.0000000743853642
     59.0590591       0.0000000741332916
     59.1591606       0.0000000738824358
     59.2592583       0.0000000736328581
     59.3593597       0.0000000733845020
     59.4594612       0.0000000731374676
     59.5595589       0.0000000728916099
     59.6596603       0.0000000726470589
     59.7597580       0.0000000724037178
     59.8598595       0.0000000721615295
     59.9599609       0.0000000719206632
     60.0600586       0.0000000716809437
     60.1601601       0.0000000714424133
     60.2602615       0.0000000712050951
     60.3603592       0.0000000709689493
     60.4604607       0.0000000707339463
     60.5605621       0.0000000705001479
     60.6606598       0.0000000702675242
     60.7607613       0.0000000700359810
     60.8608627       0.0000000698055838
     60.9609604       0.0000000695764328
     61.0610619       0.0000000693482755
     61.1611595       0.0000000691213515
     61.2612610       0.0000000688955027
     61.3613625       0.0000000686707687
     61.4614601       0.0000000684470386
     61.5615616       0.0000000682244379
     61.6616631       0.0000000680029988
     61.7617607       0.0000000677825881
     61.8618622       0.0000000675632330
     61.9619637       0.0000000673449494
     62.0620613       0.0000000671277572
     62.1621628       0.0000000669116394
     62.2622604       0.0000000666963865
     62.3623619       0.0000000664823978
     62.4624634       0.0000000662692738
     62.5625610       0.0000000660572580
     62.6626625       0.0000000658461844
     62.7627640       0.0000000656362503
     62.8628616       0.0000000654271895
     62.9629631       0.0000000652191988
     63.0630646       0.0000000650121762
     63.1631622       0.0000000648061818
     63.2632637       0.0000000646010829
     63.3633652       0.0000000643970019
     63.4634628       0.0000000641938748
     63.5635643       0.0000000639917359
     63.6636620       0.0000000637904918
     63.7637634       0.0000000635902257
     63.8638649       0.0000000633908831
     63.9639626       0.0000000631925059
     64.0640640       0.0000000629951304
     64.1641617       0.0000000627985867
     64.2642670       0.0000000626028996
     64.3643646       0.0000000624082228
     64.4644623       0.0000000622144648
     64.5645676       0.0000000620215648
     64.6646652       0.0000000618295429
     64.7647629       0.0000000616384907
     64.8648682       0.0000000614482522
     64.9649658       0.0000000612589287
     65.0650635       0.0000000610704613
     65.1651688       0.0000000608828190
     65.2652664       0.0000000606961019
     65.3653641       0.0000000605102604
     65.4654617       0.0000000603252189
     65.5655670       0.0000000601410358
     65.6656647       0.0000000599577223
     65.7657623       0.0000000597752418
     65.8658676       0.0000000595935274
     65.9659653       0.0000000594127149
     66.0660629       0.0000000592327230
     66.1661682       0.0000000590535382
     66.2662659       0.0000000588751019
     66.3663635       0.0000000586975577
     66.4664688       0.0000000585208028
     66.5665665       0.0000000583447776
     66.6666641       0.0000000581695826
     66.7667694       0.0000000579951918
     66.8668671       0.0000000578215441
     66.9669647       0.0000000576487841
     67.0670700       0.0000000574766775
     67.1671677       0.0000000573053974
     67.2672653       0.0000000571349091
     67.3673706       0.0000000569650989
     67.4674683       0.0000000567961233
     67.5675659       0.0000000566278755
     67.6676712       0.0000000564603639
     67.7677689       0.0000000562935567
     67.8678665       0.0000000561274891
     67.9679642       0.0000000559622117
     68.0680695       0.0000000557976188
     68.1681671       0.0000000556338078
     68.2682648       0.0000000554706816
     68.3683701       0.0000000553082793
     68.4684677       0.0000000551465622
     68.5685654       0.0000000549855567
     68.6686707       0.0000000548253354
     68.7687683       0.0000000546657080
     68.8688660       0.0000000545068385
     68.9689713       0.0000000543486232
     69.0690689       0.0000000541911457
     69.1691666       0.0000000540342966
     69.2692719       0.0000000538781640
     69.3693695       0.0000000537227081
     69.4694672       0.0000000535678882
     69.5695724       0.0000000534137238
     69.6696701       0.0000000532603037
     69.7697678       0.0000000531075166
     69.8698730       0.0000000529553440
     69.9699707       0.0000000528038206
     70.0700684       0.0000000526530696
     70.1701736       0.0000000525028324
     70.2702713       0.0000000523532479
     70.3703690       0.0000000522043349
     70.4704742       0.0000000520560150
     70.5705719       0.0000000519084163
     70.6706696       0.0000000517613736
     70.7707672       0.0000000516149803
     70.8708725       0.0000000514692019
     70.9709702       0.0000000513240298
     71.0710678       0.0000000511794729
     71.1711731       0.0000000510355307
     71.2712708       0.0000000508921916
     71.3713684       0.0000000507494891
     71.4714737       0.0000000506073672
     71.5715714       0.0000000504658333
     71.6716690       0.0000000503248896
     71.7717743       0.0000000501845089
     71.8718719       0.0000000500447250
     71.9719696       0.0000000499055730
     72.0720749       0.0000000497669747
     72.1721725       0.0000000496289369
     72.2722702       0.0000000494915118
     72.3723755       0.0000000493545936
     72.4724731       0.0000000492182911
     72.5725708       0.0000000490825428
     72.6726761       0.0000000489473350
     72.7727737       0.0000000488126819
     72.8728714       0.0000000486786253
     72.9729767       0.0000000485450888
     73.0730743       0.0000000484121147
     73.1731720       0.0000000482796965
     73.2732697       0.0000000481478587
     73.3733749       0.0000000480164599
     73.4734726       0.0000000478856372
     73.5735703       0.0000000477553977
     73.6736755       0.0000000476256310
     73.7737732       0.0000000474963595
     73.8738708       0.0000000473676905
     73.9739761       0.0000000472395471
     74.0740738       0.0000000471119153
     74.1741714       0.0000000469847571
     74.2742767       0.0000000468581277
     74.3743744       0.0000000467320487
     74.4744720       0.0000000466064445
     74.5745773       0.0000000464813430
     74.6746750       0.0000000463567160
     74.7747726       0.0000000462326492
     74.8748779       0.0000000461090792
     74.9749756       0.0000000459859654
     75.0750732       0.0000000458633545
     75.1751785       0.0000000457412437
     75.2752762       0.0000000456196048
     75.3753738       0.0000000454984131
     75.4754791       0.0000000453777994
     75.5755768       0.0000000452576077
     75.6756744       0.0000000451378635
     75.7757721       0.0000000450186534
     75.8758774       0.0000000448999268
     75.9759750       0.0000000447816417
     76.0760727       0.0000000446638223
     76.1761780       0.0000000445464171
     76.2762756       0.0000000444295261
     76.3763733       0.0000000443130920
     76.4764786       0.0000000441971106
     76.5765762       0.0000000440815982
     76.6766739       0.0000000439664974
     76.7767792       0.0000000438518790
     76.8768768       0.0000000437377143
     76.9769745       0.0000000436240233
     77.0770798       0.0000000435107016
     77.1771774       0.0000000433978504
     77.2772751       0.0000000432854852
     77.3773804       0.0000000431734681
     77.4774780       0.0000000430619276
     77.5775757       0.0000000429507980
     77.6776810       0.0000000428401435
     77.7777786       0.0000000427298534
     77.8778763       0.0000000426200588
     77.9779816       0.0000000425106710
     78.0780792       0.0000000424017209
     78.1781769       0.0000000422931517
     78.2782745       0.0000000421849897
     78.3783798       0.0000000420772292
     78.4784775       0.0000000419698961
     78.5785751       0.0000000418630252
     78.6786804       0.0000000417565450
     78.7787781       0.0000000416504527
     78.8788757       0.0000000415447582
     78.9789810       0.0000000414394546
     79.0790787       0.0000000413345639
     79.1791763       0.0000000412300791
     79.2792816       0.0000000411259899
     79.3793793       0.0000000410222908
     79.4794769       0.0000000409189826
     79.5795822       0.0000000408160622
     79.6796799       0.0000000407134931
     79.7797775       0.0000000406113742
     79.8798828       0.0000000405096079
     79.9799805       0.0000000404082002
     80.0800781       0.0000000403072035
     80.1801834       0.0000000402065659
     80.2802811       0.0000000401063324
     80.3803787       0.0000000400064766
     80.4804840       0.0000000399069589
     80.5805817       0.0000000398078483
     80.6806793       0.0000000397091226
     80.7807770       0.0000000396107121
     80.8808823       0.0000000395126931
     80.9809799       0.0000000394150085
     81.0810776       0.0000000393176870
     81.1811829       0.0000000392207753
     81.2812805       0.0000000391241889
     81.3813782       0.0000000390279531
     81.4814835       0.0000000389320925
     81.5815811       0.0000000388365761
     81.6816788       0.0000000387413947
     81.7817841       0.0000000386465544
     81.8818817       0.0000000385520677
     81.9819794       0.0000000384579563
     82.0820847       0.0000000383642076
     82.1821823       0.0000000382707629
     82.2822800       0.0000000381776561
     82.3823853       0.0000000380849024
     82.4824829       0.0000000379924778
     82.5825806       0.0000000379003818
     82.6826859       0.0000000378086419
     82.7827835       0.0000000377172376
     82.8828812       0.0000000376261524
     82.9829865       0.0000000375354011
     83.0830841       0.0000000374449730
     83.1831818       0.0000000373548525
     83.2832794       0.0000000372650584
     83.3833847       0.0000000371756152
     83.4834824       0.0000000370865036
     83.5835800       0.0000000369976549
     83.6836853       0.0000000369092148
     83.7837830       0.0000000368210047
     83.8838806       0.0000000367331635
     83.9839859       0.0000000366456239
     84.0840836       0.0000000365583539
     84.1841812       0.0000000364714609
     84.2842865       0.0000000363848683
     84.3843842       0.0000000362985516
     84.4844818       0.0000000362125297
     84.5845871       0.0000000361268571
     84.6846848       0.0000000360414780
     84.7847824       0.0000000359563843
     84.8848877       0.0000000358715677
     84.9849854       0.0000000357870964
     85.0850830       0.0000000357029042
     85.1851883       0.0000000356190213
     85.2852859       0.0000000355354378
     85.3853836       0.0000000354521187
     85.4854889       0.0000000353691342
     85.5855865       0.0000000352864027
     85.6856842       0.0000000352040182
     85.7857895       0.0000000351218596
     85.8858871       0.0000000350399901
     85.9859848       0.0000000349584306
     86.0860825       0.0000000348771341
     86.1861877       0.0000000347961485
     86.2862854       0.0000000347154519
     86.3863831       0.0000000346350059
     86.4864883       0.0000000345548106
     86.5865860       0.0000000344749551
     86.6866837       0.0000000343953760
     86.7867889       0.0000000343160290
     86.8868866       0.0000000342369744
     86.9869843       0.0000000341581980
     87.0870895       0.0000000340796920
     87.1871872       0.0000000340014147
     87.2872849       0.0000000339234535
     87.3873901       0.0000000338457553
     87.4874878       0.0000000337683669
     87.5875854       0.0000000336911619
     87.6876907       0.0000000336142930
     87.7877884       0.0000000335376365
     87.8878860       0.0000000334612689
     87.9879913       0.0000000333851388
     88.0880890       0.0000000333092514
     88.1881866       0.0000000332336603
     88.2882919       0.0000000331583469
     88.3883896       0.0000000330832565
     88.4884872       0.0000000330084040
     88.5885849       0.0000000329338242
     88.6886902       0.0000000328595125
     88.7887878       0.0000000327854399
     88.8888855       0.0000000327116115
     88.9889908       0.0000000326380201
     89.0890884       0.0000000325646928
     89.1891861       0.0000000324916285
     89.2892914       0.0000000324187619
     89.3893890       0.0000000323461911
     89.4894867       0.0000000322738350
     89.5895920       0.0000000322017599
     89.6896896       0.0000000321299045
     89.7897873       0.0000000320582705
     89.8898926       0.0000000319869096
     89.9899902       0.0000000319157530
     90.0900879       0.0000000318448375
     90.1901932       0.0000000317741659
     90.2902908       0.0000000317037134
     90.3903885       0.0000000316335028
     90.4904938       0.0000000315635479
     90.5905914       0.0000000314938071
     90.6906891       0.0000000314242950
     90.7907944       0.0000000313550053
     90.8908920       0.0000000312859525
     90.9909897       0.0000000312171296
     91.0910873       0.0000000311485651
     91.1911926       0.0000000310801870
     91.2912903       0.0000000310120406
     91.3913879       0.0000000309441230
     91.4914932       0.0000000308764036
     91.5915909       0.0000000308089308
     91.6916885       0.0000000307417036
     91.7917938       0.0000000306746337
     91.8918915       0.0000000306078512
     91.9919891       0.0000000305412427
     92.0920944       0.0000000304748600
     92.1921921       0.0000000304086998
     92.2922897       0.0000000303427558
     92.3923950       0.0000000302770216
     92.4924927       0.0000000302115036
     92.5925903       0.0000000301461986
     92.6926956       0.0000000300811035
     92.7927933       0.0000000300162214
     92.8928909       0.0000000299515380
     92.9929962       0.0000000298870695
     93.0930939       0.0000000298228140
     93.1931915       0.0000000297587684
     93.2932968       0.0000000296948980
     93.3933945       0.0000000296312660
     93.4934921       0.0000000295678344
     93.5935898       0.0000000295046097
     93.6936951       0.0000000294415823
     93.7937927       0.0000000293787507
     93.8938904       0.0000000293161211
     93.9939957       0.0000000292536952
     94.0940933       0.0000000291914762
     94.1941910       0.0000000291294297
     94.2942963       0.0000000290675884
     94.3943939       0.0000000290059583
     94.4944916       0.0000000289445074
     94.5945969       0.0000000288832690
     94.6946945       0.0000000288222418
     94.7947922       0.0000000287613600
     94.8948975       0.0000000287006981
     94.9949951       0.0000000286402276
     95.0950928       0.0000000285799847
     95.1951981       0.0000000285198583
     95.2952957       0.0000000284599703
     95.3953934       0.0000000284002598
     95.4954987       0.0000000283407446
     95.5955963       0.0000000282813800
     95.6956940       0.0000000282222495
     95.7957993       0.0000000281632682
     95.8958969       0.0000000281045019
     95.9959946       0.0000000280458770
     96.0960999       0.0000000279874475
     96.1961975       0.0000000279292443
     96.2962952       0.0000000278711948
     96.3963928       0.0000000278133137
     96.4964981       0.0000000277556213
     96.5965958       0.0000000276981171
     96.6966934       0.0000000276407835
     96.7967987       0.0000000275836171
     96.8968964       0.0000000275266293
     96.9969940       0.0000000274698233
     97.0970993       0.0000000274132129
     97.1971970       0.0000000273567532
     97.2972946       0.0000000273004676
     97.3973999       0.0000000272443543
     97.4974976       0.0000000271884572
     97.5975952       0.0000000271326789
     97.6977005       0.0000000270770828
     97.7977982       0.0000000270216624
     97.8978958       0.0000000269664354
     97.9980011       0.0000000269113471
     98.0980988       0.0000000268564376
     98.1981964       0.0000000268017023
     98.2983017       0.0000000267471218
     98.3983994       0.0000000266927107
     98.4984970       0.0000000266384642
     98.5986023       0.0000000265844076
     98.6987000       0.0000000265304980
     98.7987976       0.0000000264767467
     98.8988953       0.0000000264231600
     98.9990005       0.0000000263697710
     99.0990982       0.0000000263165103
     99.1991959       0.0000000262633843
     99.2993011       0.0000000262104668
     99.3993988       0.0000000261576873
     99.4994965       0.0000000261050677
     99.5996017       0.0000000260526000
     99.6996994       0.0000000260002722
     99.7997971       0.0000000259481570
     99.8999023       0.0000000258961349
    100.0000000       0.0000000258443069
