# x		H(x,a)
      0.0000000       1.0000000000000000
      0.1001001       0.9900299906730652
      0.2002002       0.9607124924659729
      0.3003003       0.9137664437294006
      0.4004004       0.8518707156181335
      0.5005005       0.7784109115600586
      0.6006006       0.6971734166145325
      0.7007007       0.6120254397392273
      0.8008008       0.5266169309616089
      0.9009009       0.4441368877887726
      1.0010010       0.3671606373428803
      1.1011012       0.2975243834171029
      1.2012012       0.2363222771948016
      1.3013012       0.1839920074176510
      1.4014014       0.1404126335762391
      1.5015016       0.1050342453869648
      1.6016016       0.0770160360678947
      1.7017016       0.0553565500262993
      1.8018018       0.0390042930709928
      1.9019020       0.0269425525343174
      2.0020020       0.0182469082539863
      2.1021020       0.0121178766518274
      2.2022023       0.0078931046074554
      2.3023024       0.0050444010164076
      2.4024024       0.0031649029968108
      2.5025024       0.0019512195233985
      2.6026025       0.0011838996309143
      2.7027028       0.0007087485676834
      2.8028028       0.0004204040897657
      2.9029028       0.0002487782769353
      3.0030031       0.0001484523782584
      3.1031032       0.0000907326696018
      3.2032032       0.0000579348725940
      3.3033032       0.0000394207275508
      3.4034033       0.0000289399995012
      3.5035036       0.0000229034136417
      3.6036036       0.0000192947336776
      3.7037036       0.0000170044873516
      3.8038039       0.0000154335582067
      3.9039040       0.0000142633729937
      4.0040040       0.0000133262585991
      4.1041040       0.0000125340826788
      4.2042041       0.0000118399115433
      4.3043041       0.0000112178791683
      4.4044046       0.0000106529038362
      4.5045047       0.0000101353952566
      4.6046047       0.0000096587128762
      4.7047048       0.0000092178552712
      4.8048048       0.0000088088376849
      4.9049048       0.0000084283393026
      5.0050049       0.0000080735212704
      5.1051049       0.0000077419315139
      5.2052050       0.0000074314331164
      5.3053055       0.0000071401442012
      5.4054055       0.0000068663943898
      5.5055056       0.0000066087199948
      5.6056056       0.0000063658124667
      5.7057056       0.0000061364730587
      5.8058057       0.0000059196749293
      5.9059057       0.0000057144673220
      6.0060062       0.0000055199849145
      6.1061063       0.0000053354814892
      6.2062063       0.0000051602455299
      6.3063064       0.0000049936438677
      6.4064064       0.0000048350949275
      6.5065064       0.0000046840762830
      6.6066065       0.0000045401012180
      6.7067065       0.0000044027285246
      6.8068066       0.0000042715512501
      6.9069071       0.0000041461869049
      7.0070071       0.0000040262956116
      7.1071072       0.0000039115641315
      7.2072072       0.0000038016868195
      7.3073072       0.0000036963862700
      7.4074073       0.0000035954227924
      7.5075073       0.0000034985428537
      7.6076078       0.0000034055370547
      7.7077079       0.0000033161952671
      7.8078079       0.0000032303279858
      7.9079080       0.0000031477538979
      8.0080080       0.0000030683069695
      8.1081085       0.0000029918332982
      8.2082081       0.0000029181814529
      8.3083086       0.0000028472157399
      8.4084082       0.0000027788070310
      8.5085087       0.0000027128290933
      8.6086082       0.0000026491773918
      8.7087088       0.0000025877351385
      8.8088093       0.0000025284036797
      8.9089088       0.0000024710877268
      9.0090094       0.0000024156962545
      9.1091089       0.0000023621467811
      9.2092094       0.0000023103547100
      9.3093090       0.0000022602446604
      9.4094095       0.0000022117463951
      9.5095091       0.0000021647912834
      9.6096096       0.0000021193162412
      9.7097101       0.0000020752558526
      9.8098097       0.0000020325533475
      9.9099102       0.0000019911570899
     10.0100098       0.0000019510079788
     10.1101103       0.0000019120591524
     10.2102098       0.0000018742675522
     10.3103104       0.0000018375828969
     10.4104099       0.0000018019658841
     10.5105104       0.0000017673712830
     10.6106110       0.0000017337648960
     10.7107105       0.0000017011062528
     10.8108110       0.0000016693598357
     10.9109106       0.0000016384940908
     11.0110111       0.0000016084766273
     11.1111107       0.0000015792761470
     11.2112112       0.0000015508637252
     11.3113117       0.0000015232114856
     11.4114113       0.0000014962918370
     11.5115118       0.0000014700785427
     11.6116114       0.0000014445466402
     11.7117119       0.0000014196765333
     11.8118114       0.0000013954422673
     11.9119120       0.0000013718227326
     12.0120125       0.0000013487988152
     12.1121120       0.0000013263479695
     12.2122126       0.0000013044557640
     12.3123121       0.0000012830998083
     12.4124126       0.0000012622637594
     12.5125122       0.0000012419318894
     12.6126127       0.0000012220870674
     12.7127123       0.0000012027145122
     12.8128128       0.0000011837999609
     12.9129133       0.0000011653274238
     13.0130129       0.0000011472841200
     13.1131134       0.0000011296554728
     13.2132130       0.0000011124313156
     13.3133135       0.0000010955980645
     13.4134130       0.0000010791464664
     13.5135136       0.0000010630598039
     13.6136131       0.0000010473316160
     13.7137136       0.0000010319506503
     13.8138142       0.0000010169059205
     13.9139137       0.0000010021863287
     14.0140142       0.0000009877861255
     14.1141138       0.0000009736947477
     14.2142143       0.0000009599020497
     14.3143139       0.0000009463998647
     14.4144144       0.0000009331813720
     14.5145149       0.0000009202386243
     14.6146145       0.0000009075632123
     14.7147150       0.0000008951486449
     14.8148146       0.0000008829866538
     14.9149151       0.0000008710702969
     15.0150146       0.0000008593956957
     15.1151152       0.0000008479520646
     15.2152157       0.0000008367373561
     15.3153152       0.0000008257434591
     15.4154158       0.0000008149649308
     15.5155153       0.0000008043963893
     15.6156158       0.0000007940317667
     15.7157154       0.0000007838677890
     15.8158159       0.0000007738969900
     15.9159155       0.0000007641152242
     16.0160160       0.0000007545177893
     16.1161156       0.0000007451011548
     16.2162170       0.0000007358592568
     16.3163166       0.0000007267886137
     16.4164162       0.0000007178839299
     16.5165157       0.0000007091435346
     16.6166172       0.0000007005609267
     16.7167168       0.0000006921334690
     16.8168163       0.0000006838578050
     16.9169178       0.0000006757296848
     17.0170174       0.0000006677457064
     17.1171169       0.0000006599023603
     17.2172165       0.0000006521969967
     17.3173180       0.0000006446250117
     17.4174175       0.0000006371852288
     17.5175171       0.0000006298737516
     17.6176186       0.0000006226864964
     17.7177181       0.0000006156226100
     17.8178177       0.0000006086783158
     17.9179173       0.0000006018504980
     18.0180187       0.0000005951370052
     18.1181183       0.0000005885361180
     18.2182178       0.0000005820441052
     18.3183174       0.0000005756595303
     18.4184189       0.0000005693787878
     18.5185184       0.0000005632003365
     18.6186180       0.0000005571223079
     18.7187195       0.0000005511429486
     18.8188190       0.0000005452585338
     18.9189186       0.0000005394681116
     19.0190182       0.0000005337693318
     19.1191196       0.0000005281610508
     19.2192192       0.0000005226406893
     19.3193188       0.0000005172060815
     19.4194202       0.0000005118563770
     19.5195198       0.0000005065894165
     19.6196194       0.0000005014032973
     19.7197189       0.0000004962960165
     19.8198204       0.0000004912665712
     19.9199200       0.0000004863141010
     20.0200195       0.0000004814354652
     20.1201210       0.0000004766297112
     20.2202206       0.0000004718963333
     20.3203201       0.0000004672328083
     20.4204197       0.0000004626382933
     20.5205212       0.0000004581114035
     20.6206207       0.0000004536502191
     20.7207203       0.0000004492545094
     20.8208199       0.0000004449219993
     20.9209213       0.0000004406525644
     21.0210209       0.0000004364441269
     21.1211205       0.0000004322952888
     21.2212219       0.0000004282055168
     21.3213215       0.0000004241737553
     21.4214211       0.0000004201985790
     21.5215206       0.0000004162797058
     21.6216221       0.0000004124149493
     21.7217216       0.0000004086040244
     21.8218212       0.0000004048449708
     21.9219227       0.0000004011382581
     22.0220222       0.0000003974826049
     22.1221218       0.0000003938761101
     22.2222214       0.0000003903189979
     22.3223228       0.0000003868097042
     22.4224224       0.0000003833472609
     22.5225220       0.0000003799315838
     22.6226234       0.0000003765612882
     22.7227230       0.0000003732355805
     22.8228226       0.0000003699540079
     22.9229221       0.0000003667153302
     23.0230236       0.0000003635190483
     23.1231232       0.0000003603647871
     23.2232227       0.0000003572512515
     23.3233242       0.0000003541775376
     23.4234238       0.0000003511435535
     23.5235233       0.0000003481488740
     23.6236229       0.0000003451918931
     23.7237244       0.0000003422729113
     23.8238239       0.0000003393904871
     23.9239235       0.0000003365444234
     24.0240250       0.0000003337336891
     24.1241245       0.0000003309587108
     24.2242241       0.0000003282176915
     24.3243237       0.0000003255109033
     24.4244251       0.0000003228372084
     24.5245247       0.0000003201967658
     24.6246243       0.0000003175885667
     24.7247238       0.0000003150118437
     24.8248253       0.0000003124667717
     24.9249249       0.0000003099519989
     25.0250244       0.0000003074677261
     25.1251259       0.0000003050131968
     25.2252254       0.0000003025881879
     25.3253250       0.0000003001919625
     25.4254246       0.0000002978236179
     25.5255260       0.0000002954837178
     25.6256256       0.0000002931710309
     25.7257252       0.0000002908855623
     25.8258266       0.0000002886267926
     25.9259262       0.0000002863942510
     26.0260258       0.0000002841872917
     26.1261253       0.0000002820062057
     26.2262268       0.0000002798498223
     26.3263264       0.0000002777179699
     26.4264259       0.0000002756106414
     26.5265274       0.0000002735268959
     26.6266270       0.0000002714672664
     26.7267265       0.0000002694305876
     26.8268261       0.0000002674167564
     26.9269276       0.0000002654254933
     27.0270271       0.0000002634561962
     27.1271267       0.0000002615089631
     27.2272263       0.0000002595831896
     27.3273277       0.0000002576786713
     27.4274273       0.0000002557951261
     27.5275269       0.0000002539320370
     27.6276283       0.0000002520891917
     27.7277279       0.0000002502665347
     27.8278275       0.0000002484634714
     27.9279270       0.0000002466797762
     28.0280285       0.0000002449154485
     28.1281281       0.0000002431696712
     28.2282276       0.0000002414430465
     28.3283291       0.0000002397341600
     28.4284286       0.0000002380438035
     28.5285282       0.0000002363709899
     28.6286278       0.0000002347159445
     28.7287292       0.0000002330781403
     28.8288288       0.0000002314574752
     28.9289284       0.0000002298536921
     29.0290298       0.0000002282664086
     29.1291294       0.0000002266956540
     29.2292290       0.0000002251409961
     29.3293285       0.0000002236025184
     29.4294300       0.0000002220795988
     29.5295296       0.0000002205720915
     29.6296291       0.0000002190799422
     29.7297306       0.0000002176029262
     29.8298302       0.0000002161406712
     29.9299297       0.0000002146932959
     30.0300293       0.0000002132605731
     30.1301308       0.0000002118416461
     30.2302303       0.0000002104373451
     30.3303299       0.0000002090466884
     30.4304314       0.0000002076699979
     30.5305309       0.0000002063067181
     30.6306305       0.0000002049567887
     30.7307301       0.0000002036202701
     30.8308315       0.0000002022966259
     30.9309311       0.0000002009858663
     31.0310307       0.0000001996879483
     31.1311302       0.0000001984024043
     31.2312317       0.0000001971293232
     31.3313313       0.0000001958685626
     31.4314308       0.0000001946196394
     31.5315323       0.0000001933827646
     31.6316319       0.0000001921577065
     31.7317314       0.0000001909440394
     31.8318310       0.0000001897421601
     31.9319324       0.0000001885511468
     32.0320320       0.0000001873716861
     32.1321335       0.0000001862034468
     32.2322311       0.0000001850457118
     32.3323326       0.0000001838989634
     32.4324341       0.0000001827626602
     32.5325317       0.0000001816370776
     32.6326332       0.0000001805217604
     32.7327309       0.0000001794165771
     32.8328323       0.0000001783216242
     32.9329338       0.0000001772366449
     33.0330315       0.0000001761615603
     33.1331329       0.0000001750962615
     33.2332344       0.0000001740408222
     33.3333321       0.0000001729946561
     33.4334335       0.0000001719578605
     33.5335350       0.0000001709304477
     33.6336327       0.0000001699121119
     33.7337341       0.0000001689028973
     33.8338356       0.0000001679028150
     33.9339333       0.0000001669114076
     34.0340347       0.0000001659287880
     34.1341324       0.0000001649551398
     34.2342339       0.0000001639896268
     34.3343353       0.0000001630325629
     34.4344330       0.0000001620841330
     34.5345345       0.0000001611438324
     34.6346359       0.0000001602116360
     34.7347336       0.0000001592877495
     34.8348351       0.0000001583715727
     34.9349365       0.0000001574633805
     35.0350342       0.0000001565629928
     35.1351357       0.0000001556702998
     35.2352371       0.0000001547850716
     35.3353348       0.0000001539076052
     35.4354362       0.0000001530375023
     35.5355339       0.0000001521748284
     35.6356354       0.0000001513192323
     35.7357368       0.0000001504711263
     35.8358345       0.0000001496300090
     35.9359360       0.0000001487958482
     36.0360374       0.0000001479686642
     36.1361351       0.0000001471483942
     36.2362366       0.0000001463350123
     36.3363380       0.0000001455281885
     36.4364357       0.0000001447280888
     36.5365372       0.0000001439345669
     36.6366348       0.0000001431475880
     36.7367363       0.0000001423671468
     36.8368378       0.0000001415929540
     36.9369354       0.0000001408251128
     37.0370369       0.0000001400633330
     37.1371384       0.0000001393079475
     37.2372360       0.0000001385586632
     37.3373375       0.0000001378151501
     37.4374390       0.0000001370778492
     37.5375366       0.0000001363464250
     37.6376381       0.0000001356207035
     37.7377396       0.0000001349008347
     37.8378372       0.0000001341869394
     37.9379387       0.0000001334782885
     38.0380363       0.0000001327754754
     38.1381378       0.0000001320781586
     38.2382393       0.0000001313862890
     38.3383369       0.0000001306998762
     38.4384384       0.0000001300189243
     38.5385399       0.0000001293431820
     38.6386375       0.0000001286725902
     38.7387390       0.0000001280074393
     38.8388405       0.0000001273472321
     38.9389381       0.0000001266921520
     39.0390396       0.0000001260422055
     39.1391373       0.0000001253971279
     39.2392387       0.0000001247572071
     39.3393402       0.0000001241220545
     39.4394379       0.0000001234916909
     39.5395393       0.0000001228661162
     39.6396408       0.0000001222452788
     39.7397385       0.0000001216291172
     39.8398399       0.0000001210178743
     39.9399414       0.0000001204109272
     40.0400391       0.0000001198087265
     40.1401405       0.0000001192108266
     40.2402420       0.0000001186175876
     40.3403397       0.0000001180286806
     40.4404411       0.0000001174441081
     40.5405388       0.0000001168639352
     40.6406403       0.0000001162880442
     40.7407417       0.0000001157164051
     40.8408394       0.0000001151490616
     40.9409409       0.0000001145857737
     41.0410423       0.0000001140266057
     41.1411400       0.0000001134715748
     41.2412415       0.0000001129204507
     41.3413429       0.0000001123735170
     41.4414406       0.0000001118304996
     41.5415421       0.0000001112913207
     41.6416397       0.0000001107560575
     41.7417412       0.0000001102247699
     41.8418427       0.0000001096971555
     41.9419403       0.0000001091733355
     42.0420418       0.0000001086533992
     42.1421432       0.0000001081370809
     42.2422409       0.0000001076243374
     42.3423424       0.0000001071153938
     42.4424438       0.0000001066099341
     42.5425415       0.0000001061081711
     42.6426430       0.0000001056098342
     42.7427444       0.0000001051149943
     42.8428421       0.0000001046237601
     42.9429436       0.0000001041358365
     43.0430412       0.0000001036512571
     43.1431427       0.0000001031702222
     43.2432442       0.0000001026924212
     43.3433418       0.0000001022180097
     43.4434433       0.0000001017468460
     43.5435448       0.0000001012789246
     43.6436424       0.0000001008142581
     43.7437439       0.0000001003526458
     43.8438454       0.0000000998943721
     43.9439430       0.0000000994391484
     44.0440445       0.0000000989870741
     44.1441460       0.0000000985380665
     44.2442436       0.0000000980920423
     44.3443451       0.0000000976490465
     44.4444427       0.0000000972092332
     44.5445442       0.0000000967722119
     44.6446457       0.0000000963380659
     44.7447433       0.0000000959070087
     44.8448448       0.0000000954787593
     44.9449463       0.0000000950532884
     45.0450439       0.0000000946308099
     45.1451454       0.0000000942111851
     45.2452469       0.0000000937941481
     45.3453445       0.0000000933799991
     45.4454460       0.0000000929685847
     45.5455437       0.0000000925597968
     45.6456451       0.0000000921537459
     45.7457466       0.0000000917504443
     45.8458443       0.0000000913496605
     45.9459457       0.0000000909516138
     46.0460472       0.0000000905560869
     46.1461449       0.0000000901631238
     46.2462463       0.0000000897727365
     46.3463478       0.0000000893848833
     46.4464455       0.0000000889995885
     46.5465469       0.0000000886167224
     46.6466484       0.0000000882363108
     46.7467461       0.0000000878583664
     46.8468475       0.0000000874827722
     46.9469452       0.0000000871097410
     47.0470467       0.0000000867390108
     47.1471481       0.0000000863706329
     47.2472458       0.0000000860045632
     47.3473473       0.0000000856408724
     47.4474487       0.0000000852795055
     47.5475464       0.0000000849203595
     47.6476479       0.0000000845635355
     47.7477493       0.0000000842088754
     47.8478470       0.0000000838564924
     47.9479485       0.0000000835063065
     48.0480499       0.0000000831583344
     48.1481476       0.0000000828125873
     48.2482491       0.0000000824688864
     48.3483467       0.0000000821273455
     48.4484482       0.0000000817879716
     48.5485497       0.0000000814506650
     48.6486473       0.0000000811155005
     48.7487488       0.0000000807823438
     48.8488503       0.0000000804511973
     48.9489479       0.0000000801221637
     49.0490494       0.0000000797950540
     49.1491508       0.0000000794699359
     49.2492485       0.0000000791469657
     49.3493500       0.0000000788258232
     49.4494476       0.0000000785066833
     49.5495491       0.0000000781895192
     49.6496506       0.0000000778740562
     49.7497482       0.0000000775607196
     49.8498497       0.0000000772492220
     49.9499512       0.0000000769395585
     50.0500488       0.0000000766318335
     50.1501503       0.0000000763258568
     50.2502518       0.0000000760217338
     50.3503494       0.0000000757194745
     50.4504509       0.0000000754189649
     50.5505524       0.0000000751202994
     50.6506500       0.0000000748233125
     50.7507515       0.0000000745281514
     50.8508492       0.0000000742347611
     50.9509506       0.0000000739430432
     51.0510521       0.0000000736530590
     51.1511497       0.0000000733647817
     51.2512512       0.0000000730780917
     51.3513527       0.0000000727932116
     51.4514503       0.0000000725099651
     51.5515518       0.0000000722283900
     51.6516533       0.0000000719484359
     51.7517509       0.0000000716700926
     51.8518524       0.0000000713933661
     51.9519501       0.0000000711182138
     52.0520515       0.0000000708446259
     52.1521530       0.0000000705726498
     52.2522507       0.0000000703022956
     52.3523521       0.0000000700334919
     52.4524536       0.0000000697661259
     52.5525513       0.0000000695003156
     52.6526527       0.0000000692360630
     52.7527542       0.0000000689733823
     52.8528519       0.0000000687121099
     52.9529533       0.0000000684522550
     53.0530548       0.0000000681940147
     53.1531525       0.0000000679371165
     53.2532539       0.0000000676817138
     53.3533516       0.0000000674277834
     53.4534531       0.0000000671751797
     53.5535545       0.0000000669240786
     53.6536522       0.0000000666743568
     53.7537537       0.0000000664261019
     53.8538551       0.0000000661790381
     53.9539528       0.0000000659335390
     54.0540543       0.0000000656893299
     54.1541557       0.0000000654465184
     54.2542534       0.0000000652049791
     54.3543549       0.0000000649648251
     54.4544525       0.0000000647260188
     54.5545540       0.0000000644885164
     54.6546555       0.0000000642522073
     54.7547531       0.0000000640173755
     54.8548546       0.0000000637837270
     54.9549561       0.0000000635513621
     55.0550537       0.0000000633202224
     55.1551552       0.0000000630904009
     55.2552567       0.0000000628618080
     55.3553543       0.0000000626344841
     55.4554558       0.0000000624083702
     55.5555573       0.0000000621834656
     55.6556549       0.0000000619598026
     55.7557564       0.0000000617373512
     55.8558540       0.0000000615160563
     55.9559555       0.0000000612960038
     56.0560570       0.0000000610771025
     56.1561546       0.0000000608594238
     56.2562561       0.0000000606428073
     56.3563576       0.0000000604273245
     56.4564552       0.0000000602131202
     56.5565567       0.0000000599999091
     56.6566582       0.0000000597879796
     56.7567558       0.0000000595770632
     56.8568573       0.0000000593672635
     56.9569588       0.0000000591586337
     57.0570564       0.0000000589510347
     57.1571579       0.0000000587446497
     57.2572556       0.0000000585391808
     57.3573570       0.0000000583348561
     57.4574585       0.0000000581316137
     57.5575562       0.0000000579294444
     57.6576576       0.0000000577283441
     57.7577591       0.0000000575282278
     57.8578568       0.0000000573291533
     57.9579582       0.0000000571311601
     58.0580597       0.0000000569341782
     58.1581573       0.0000000567382199
     58.2582588       0.0000000565432721
     58.3583565       0.0000000563492573
     58.4584579       0.0000000561562921
     58.5585594       0.0000000559643430
     58.6586571       0.0000000557733215
     58.7587585       0.0000000555833383
     58.8588600       0.0000000553943116
     58.9589577       0.0000000552061525
     59.0590591       0.0000000550190750
     59.1591606       0.0000000548329030
     59.2592583       0.0000000546476695
     59.3593597       0.0000000544633475
     59.4594612       0.0000000542800072
     59.5595589       0.0000000540975454
     59.6596603       0.0000000539160474
     59.7597580       0.0000000537354510
     59.8598595       0.0000000535557088
     59.9599609       0.0000000533769432
     60.0600586       0.0000000531990321
     60.1601601       0.0000000530219987
     60.2602615       0.0000000528458715
     60.3603592       0.0000000526706126
     60.4604607       0.0000000524962065
     60.5605621       0.0000000523226879
     60.6606598       0.0000000521500410
     60.7607613       0.0000000519782004
     60.8608627       0.0000000518072068
     60.9609604       0.0000000516371408
     61.0610619       0.0000000514678103
     61.1611595       0.0000000512993915
     61.2612610       0.0000000511317763
     61.3613625       0.0000000509649863
     61.4614601       0.0000000507989452
     61.5615616       0.0000000506337354
     61.6616631       0.0000000504693870
     61.7617607       0.0000000503058117
     61.8618622       0.0000000501430127
     61.9619637       0.0000000499810081
     62.0620613       0.0000000498198186
     62.1621628       0.0000000496594253
     62.2622604       0.0000000494996713
     62.3623619       0.0000000493408559
     62.4624634       0.0000000491826825
     62.5625610       0.0000000490253320
     62.6626625       0.0000000488686792
     62.7627640       0.0000000487128801
     62.8628616       0.0000000485577186
     62.9629631       0.0000000484033525
     63.0630646       0.0000000482497082
     63.1631622       0.0000000480968286
     63.2632637       0.0000000479446088
     63.3633652       0.0000000477931457
     63.4634628       0.0000000476423921
     63.5635643       0.0000000474923778
     63.6636620       0.0000000473430227
     63.7637634       0.0000000471943852
     63.8638649       0.0000000470464421
     63.9639626       0.0000000468992167
     64.0640640       0.0000000467527279
     64.1641617       0.0000000466068639
     64.2642670       0.0000000464616317
     64.3643646       0.0000000463171519
     64.4644623       0.0000000461733519
     64.5645676       0.0000000460301878
     64.6646652       0.0000000458876779
     64.7647629       0.0000000457458791
     64.8648682       0.0000000456046911
     64.9649658       0.0000000454641828
     65.0650635       0.0000000453243107
     65.1651688       0.0000000451850467
     65.2652664       0.0000000450464777
     65.3653641       0.0000000449085482
     65.4654617       0.0000000447712177
     65.5655670       0.0000000446345260
     65.6656647       0.0000000444984741
     65.7657623       0.0000000443630485
     65.8658676       0.0000000442281823
     65.9659653       0.0000000440939859
     66.0660629       0.0000000439604033
     66.1661682       0.0000000438274199
     66.2662659       0.0000000436949938
     66.3663635       0.0000000435632267
     66.4664688       0.0000000434320454
     66.5665665       0.0000000433014042
     66.6666641       0.0000000431713792
     66.7667694       0.0000000430419587
     66.8668671       0.0000000429130773
     66.9669647       0.0000000427848639
     67.0670700       0.0000000426571367
     67.1671677       0.0000000425300135
     67.2672653       0.0000000424034810
     67.3673706       0.0000000422774543
     67.4674683       0.0000000421520484
     67.5675659       0.0000000420271808
     67.6676712       0.0000000419028559
     67.7677689       0.0000000417790614
     67.8678665       0.0000000416558138
     67.9679642       0.0000000415331521
     68.0680695       0.0000000414109978
     68.1681671       0.0000000412894188
     68.2682648       0.0000000411683567
     68.3683701       0.0000000410478251
     68.4684677       0.0000000409278044
     68.5685654       0.0000000408083175
     68.6686707       0.0000000406893977
     68.7687683       0.0000000405709337
     68.8688660       0.0000000404530236
     68.9689713       0.0000000403356028
     69.0690689       0.0000000402187288
     69.1691666       0.0000000401023219
     69.2692719       0.0000000399864442
     69.3693695       0.0000000398710679
     69.4694672       0.0000000397561689
     69.5695724       0.0000000396417568
     69.6696701       0.0000000395278916
     69.7697678       0.0000000394144951
     69.8698730       0.0000000393015597
     69.9699707       0.0000000391891051
     70.0700684       0.0000000390772226
     70.1701736       0.0000000389657233
     70.2702713       0.0000000388547050
     70.3703690       0.0000000387441869
     70.4704742       0.0000000386341116
     70.5705719       0.0000000385245703
     70.6706696       0.0000000384154380
     70.7707672       0.0000000383067902
     70.8708725       0.0000000381986006
     70.9709702       0.0000000380908556
     71.0710678       0.0000000379835689
     71.1711731       0.0000000378767446
     71.2712708       0.0000000377703635
     71.3713684       0.0000000376644542
     71.4714737       0.0000000375589779
     71.5715714       0.0000000374539343
     71.6716690       0.0000000373493310
     71.7717743       0.0000000372451462
     71.8718719       0.0000000371414028
     71.9719696       0.0000000370381291
     72.0720749       0.0000000369352676
     72.1721725       0.0000000368328236
     72.2722702       0.0000000367308270
     72.3723755       0.0000000366292119
     72.4724731       0.0000000365280568
     72.5725708       0.0000000364273080
     72.6726761       0.0000000363269600
     72.7727737       0.0000000362270226
     72.8728714       0.0000000361275292
     72.9729767       0.0000000360284276
     73.0730743       0.0000000359297385
     73.1731720       0.0000000358314607
     73.2732697       0.0000000357336180
     73.3733749       0.0000000356361005
     73.4734726       0.0000000355390063
     73.5735703       0.0000000354423460
     73.6736755       0.0000000353460391
     73.7737732       0.0000000352500985
     73.8738708       0.0000000351546023
     73.9739761       0.0000000350595008
     74.0740738       0.0000000349647762
     74.1741714       0.0000000348704087
     74.2742767       0.0000000347764235
     74.3743744       0.0000000346828549
     74.4744720       0.0000000345896363
     74.5745773       0.0000000344967885
     74.6746750       0.0000000344042954
     74.7747726       0.0000000343122140
     74.8748779       0.0000000342205076
     74.9749756       0.0000000341291383
     75.0750732       0.0000000340381367
     75.1751785       0.0000000339475140
     75.2752762       0.0000000338572375
     75.3753738       0.0000000337672944
     75.4754791       0.0000000336777770
     75.5755768       0.0000000335885788
     75.6756744       0.0000000334997081
     75.7757721       0.0000000334112304
     75.8758774       0.0000000333231207
     75.9759750       0.0000000332353322
     76.0760727       0.0000000331478906
     76.1761780       0.0000000330607530
     76.2762756       0.0000000329740024
     76.3763733       0.0000000328875904
     76.4764786       0.0000000328015149
     76.5765762       0.0000000327157864
     76.6766739       0.0000000326303591
     76.7767792       0.0000000325452933
     76.8768768       0.0000000324605663
     76.9769745       0.0000000323761880
     77.0770798       0.0000000322920834
     77.1771774       0.0000000322083307
     77.2772751       0.0000000321249351
     77.3773804       0.0000000320418020
     77.4774780       0.0000000319590198
     77.5775757       0.0000000318765475
     77.6776810       0.0000000317944202
     77.7777786       0.0000000317125675
     77.8778763       0.0000000316310812
     77.9779816       0.0000000315498993
     78.0780792       0.0000000314690363
     78.1781769       0.0000000313884609
     78.2782745       0.0000000313081901
     78.3783798       0.0000000312282127
     78.4784775       0.0000000311485580
     78.5785751       0.0000000310692396
     78.6786804       0.0000000309902149
     78.7787781       0.0000000309114752
     78.8788757       0.0000000308330339
     78.9789810       0.0000000307548803
     79.0790787       0.0000000306770363
     79.1791763       0.0000000305994882
     79.2792816       0.0000000305222405
     79.3793793       0.0000000304452722
     79.4794769       0.0000000303686074
     79.5795822       0.0000000302922208
     79.6796799       0.0000000302160980
     79.7797775       0.0000000301403077
     79.8798828       0.0000000300647813
     79.9799805       0.0000000299895202
     80.0800781       0.0000000299145631
     80.1801834       0.0000000298398764
     80.2802811       0.0000000297654823
     80.3803787       0.0000000296913746
     80.4804840       0.0000000296175168
     80.5805817       0.0000000295439610
     80.6806793       0.0000000294706914
     80.7807770       0.0000000293976516
     80.8808823       0.0000000293249059
     80.9809799       0.0000000292524074
     81.0810776       0.0000000291801781
     81.1811829       0.0000000291082565
     81.2812805       0.0000000290365729
     81.3813782       0.0000000289651508
     81.4814835       0.0000000288940035
     81.5815811       0.0000000288231178
     81.6816788       0.0000000287524779
     81.7817841       0.0000000286820915
     81.8818817       0.0000000286119680
     81.9819794       0.0000000285421179
     82.0820847       0.0000000284725404
     82.1821823       0.0000000284031929
     82.2822800       0.0000000283340894
     82.3823853       0.0000000282652530
     82.4824829       0.0000000281966565
     82.5825806       0.0000000281283072
     82.6826859       0.0000000280602216
     82.7827835       0.0000000279923847
     82.8828812       0.0000000279247802
     82.9829865       0.0000000278574331
     83.0830841       0.0000000277903198
     83.1831818       0.0000000277234343
     83.2832794       0.0000000276567944
     83.3833847       0.0000000275904111
     83.4834824       0.0000000275242781
     83.5835800       0.0000000274583340
     83.6836853       0.0000000273926981
     83.7837830       0.0000000273272329
     83.8838806       0.0000000272620418
     83.9839859       0.0000000271970691
     84.0840836       0.0000000271323036
     84.1841812       0.0000000270678134
     84.2842865       0.0000000270035453
     84.3843842       0.0000000269394845
     84.4844818       0.0000000268756441
     84.5845871       0.0000000268120614
     84.6846848       0.0000000267486927
     84.7847824       0.0000000266855413
     84.8848877       0.0000000266225931
     84.9849854       0.0000000265599036
     85.0850830       0.0000000264974190
     85.1851883       0.0000000264351583
     85.2852859       0.0000000263731308
     85.3853836       0.0000000263112940
     85.4854889       0.0000000262497047
     85.5855865       0.0000000261883047
     85.6856842       0.0000000261271629
     85.7857895       0.0000000260661871
     85.8858871       0.0000000260054274
     85.9859848       0.0000000259448929
     86.0860825       0.0000000258845591
     86.1861877       0.0000000258244565
     86.2862854       0.0000000257645652
     86.3863831       0.0000000257048606
     86.4864883       0.0000000256453426
     86.5865860       0.0000000255860774
     86.6866837       0.0000000255270172
     86.7867889       0.0000000254681282
     86.8868866       0.0000000254094554
     86.9869843       0.0000000253509919
     87.0870895       0.0000000252927272
     87.1871872       0.0000000252346329
     87.2872849       0.0000000251767738
     87.3873901       0.0000000251191087
     87.4874878       0.0000000250616742
     87.5875854       0.0000000250043771
     87.6876907       0.0000000249473243
     87.7877884       0.0000000248904322
     87.8878860       0.0000000248337565
     87.9879913       0.0000000247772552
     88.0880890       0.0000000247209353
     88.1881866       0.0000000246648341
     88.2882919       0.0000000246089372
     88.3883896       0.0000000245532094
     88.4884872       0.0000000244976577
     88.5885849       0.0000000244423057
     88.6886902       0.0000000243871531
     88.7887878       0.0000000243321800
     88.8888855       0.0000000242773870
     88.9889908       0.0000000242227701
     89.0890884       0.0000000241683498
     89.1891861       0.0000000241141241
     89.2892914       0.0000000240600440
     89.3893890       0.0000000240061862
     89.4894867       0.0000000239524840
     89.5895920       0.0000000238989947
     89.6896896       0.0000000238456642
     89.7897873       0.0000000237925006
     89.8898926       0.0000000237395384
     89.9899902       0.0000000236867289
     90.0900879       0.0000000236340995
     90.1901932       0.0000000235816505
     90.2902908       0.0000000235293590
     90.3903885       0.0000000234772512
     90.4904938       0.0000000234253349
     90.5905914       0.0000000233735763
     90.6906891       0.0000000233219854
     90.7907944       0.0000000232705620
     90.8908920       0.0000000232193154
     90.9909897       0.0000000231682366
     91.0910873       0.0000000231173475
     91.1911926       0.0000000230666023
     91.2912903       0.0000000230160278
     91.3913879       0.0000000229656193
     91.4914932       0.0000000229153628
     91.5915909       0.0000000228652833
     91.6916885       0.0000000228153916
     91.7917938       0.0000000227656161
     91.8918915       0.0000000227160517
     91.9919891       0.0000000226666190
     92.0920944       0.0000000226173492
     92.1921921       0.0000000225682486
     92.2922897       0.0000000225193047
     92.3923950       0.0000000224705221
     92.4924927       0.0000000224218977
     92.5925903       0.0000000223734284
     92.6926956       0.0000000223251188
     92.7927933       0.0000000222769643
     92.8928909       0.0000000222289589
     92.9929962       0.0000000221811162
     93.0930939       0.0000000221334269
     93.1931915       0.0000000220858943
     93.2932968       0.0000000220384894
     93.3933945       0.0000000219912654
     93.4934921       0.0000000219441886
     93.5935898       0.0000000218972654
     93.6936951       0.0000000218504893
     93.7937927       0.0000000218038564
     93.8938904       0.0000000217573726
     93.9939957       0.0000000217110446
     94.0940933       0.0000000216648685
     94.1941910       0.0000000216188206
     94.2942963       0.0000000215729225
     94.3943939       0.0000000215271851
     94.4944916       0.0000000214815776
     94.5945969       0.0000000214361284
     94.6946945       0.0000000213908383
     94.7947922       0.0000000213456499
     94.8948975       0.0000000213006300
     94.9949951       0.0000000212557506
     95.0950928       0.0000000212110408
     95.1951981       0.0000000211664182
     95.2952957       0.0000000211219716
     95.3953934       0.0000000210776560
     95.4954987       0.0000000210334851
     95.5955963       0.0000000209894283
     95.6956940       0.0000000209455451
     95.7957993       0.0000000209017710
     95.8958969       0.0000000208581532
     95.9959946       0.0000000208146450
     96.0960999       0.0000000207712815
     96.1961975       0.0000000207280860
     96.2962952       0.0000000206850035
     96.3963928       0.0000000206420459
     96.4964981       0.0000000205992266
     96.5965958       0.0000000205565500
     96.6966934       0.0000000205140006
     96.7967987       0.0000000204715727
     96.8968964       0.0000000204292796
     96.9969940       0.0000000203871198
     97.0970993       0.0000000203451048
     97.1971970       0.0000000203032038
     97.2972946       0.0000000202614295
     97.3973999       0.0000000202197837
     97.4974976       0.0000000201783005
     97.5975952       0.0000000201369036
     97.6977005       0.0000000200956402
     97.7977982       0.0000000200545101
     97.8978958       0.0000000200135232
     97.9980011       0.0000000199726407
     98.0980988       0.0000000199318851
     98.1981964       0.0000000198912633
     98.2983017       0.0000000198507569
     98.3983994       0.0000000198103759
     98.4984970       0.0000000197701160
     98.5986023       0.0000000197299969
     98.6987000       0.0000000196899858
     98.7987976       0.0000000196500926
     98.8988953       0.0000000196103245
     98.9990005       0.0000000195707004
     99.0990982       0.0000000195311720
     99.1991959       0.0000000194917429
     99.2993011       0.0000000194524699
     99.3993988       0.0000000194132993
     99.4994965       0.0000000193742458
     99.5996017       0.0000000193353068
     99.6996994       0.0000000192964720
     99.7997971       0.0000000192577929
     99.8999023       0.0000000192191854
    100.0000000       0.0000000191807183
