# x		H(x,a)
      0.0000000       1.0000000000000000
      0.1001001       0.9900299906730652
      0.2002002       0.9607124924659729
      0.3003003       0.9137664437294006
      0.4004004       0.8518707156181335
      0.5005005       0.7784109115600586
      0.6006006       0.6971734166145325
      0.7007007       0.6120254397392273
      0.8008008       0.5266169309616089
      0.9009009       0.4441368877887726
      1.0010010       0.3671545701074717
      1.1011012       0.2975072080853388
      1.2012012       0.2362953099997333
      1.3013012       0.1839583472560621
      1.4014014       0.1403754273172867
      1.5015016       0.1049960383121814
      1.6016016       0.0769786346230775
      1.7017016       0.0553210999982571
      1.8018018       0.0389714260326426
      1.9019020       0.0269125339864033
      2.0020020       0.0182197616002218
      2.1021020       0.0120934773496643
      2.2022023       0.0078712469030926
      2.3023024       0.0050248426979925
      2.4024024       0.0031473939168717
      2.5025024       0.0019355185130609
      2.6026025       0.0011697837084754
      2.7027028       0.0006960170719818
      2.8028028       0.0004088797244546
      2.9029028       0.0002383063161194
      3.0030031       0.0001388989437646
      3.1031032       0.0000819825372009
      3.2032032       0.0000498892152210
      3.3033032       0.0000319948921537
      3.4034033       0.0000220615015805
      3.5035036       0.0000165101393303
      3.6036036       0.0000133333643320
      3.7037036       0.0000114291549422
      3.8038039       0.0000102046843968
      3.9039040       0.0000093467032590
      4.0040040       0.0000086920403015
      4.1041040       0.0000081563739634
      4.2042041       0.0000076960092021
      4.3043041       0.0000072878369873
      4.4044046       0.0000069191186495
      4.5045047       0.0000065822799357
      4.6046047       0.0000062724071964
      4.7047048       0.0000059859911148
      4.8048048       0.0000057203297686
      4.9049048       0.0000054732209809
      5.0050049       0.0000052428010513
      5.1051049       0.0000050274696551
      5.2052050       0.0000048258367923
      5.3053055       0.0000046366786543
      5.4054055       0.0000044589106675
      5.5055056       0.0000042915812327
      5.6056056       0.0000041338415669
      5.7057056       0.0000039849126378
      5.8058057       0.0000038441278466
      5.9059057       0.0000037108700729
      6.0060062       0.0000035845766394
      6.1061063       0.0000034647634989
      6.2062063       0.0000033509689478
      6.3063064       0.0000032427805249
      6.4064064       0.0000031398219245
      6.5065064       0.0000030417529919
      6.6066065       0.0000029482583697
      6.7067065       0.0000028590510012
      6.8068066       0.0000027738668625
      6.9069071       0.0000026924576341
      7.0070071       0.0000026146023551
      7.1071072       0.0000025400979136
      7.2072072       0.0000024687455235
      7.3073072       0.0000024003652746
      7.4074073       0.0000023348013384
      7.5075073       0.0000022718893167
      7.6076078       0.0000022114930826
      7.7077079       0.0000021534762710
      7.8078079       0.0000020977157258
      7.9079080       0.0000020440935788
      8.0080080       0.0000019925021491
      8.1081085       0.0000019428416676
      8.2082081       0.0000018950133808
      8.3083086       0.0000018489296223
      8.4084082       0.0000018045061420
      8.5085087       0.0000017616614928
      8.6086082       0.0000017203270622
      8.7087088       0.0000016804275736
      8.8088093       0.0000016418989795
      8.9089088       0.0000016046789800
      9.0090094       0.0000015687087379
      9.1091089       0.0000015339345191
      9.2092094       0.0000015003018524
      9.3093090       0.0000014677612594
      9.4094095       0.0000014362673710
      9.5095091       0.0000014057757113
      9.6096096       0.0000013762449533
      9.7097101       0.0000013476329939
      9.8098097       0.0000013199028859
      9.9099102       0.0000012930208714
     10.0100098       0.0000012669487583
     10.1101103       0.0000012416559540
     10.2102098       0.0000012171149585
     10.3103104       0.0000011932925772
     10.4104099       0.0000011701634354
     10.5105104       0.0000011476984597
     10.6106110       0.0000011258749979
     10.7107105       0.0000011046671260
     10.8108110       0.0000010840517287
     10.9109106       0.0000010640079688
     11.0110111       0.0000010445151938
     11.1111107       0.0000010255529279
     11.2112112       0.0000010071022720
     11.3113117       0.0000009891453718
     11.4114113       0.0000009716643395
     11.5115118       0.0000009546419811
     11.6116114       0.0000009380620957
     11.7117119       0.0000009219118287
     11.8118114       0.0000009061745156
     11.9119120       0.0000008908364108
     12.0120125       0.0000008758850972
     12.1121120       0.0000008613059257
     12.2122126       0.0000008470895081
     12.3123121       0.0000008332214282
     12.4124126       0.0000008196908502
     12.5125122       0.0000008064877091
     12.6126127       0.0000007936008707
     12.7127123       0.0000007810207370
     12.8128128       0.0000007687379238
     12.9129133       0.0000007567422035
     13.0130129       0.0000007450251743
     13.1131134       0.0000007335774862
     13.2132130       0.0000007223925043
     13.3133135       0.0000007114612551
     13.4134130       0.0000007007778343
     13.5135136       0.0000006903315002
     13.6136131       0.0000006801179200
     13.7137136       0.0000006701297174
     13.8138142       0.0000006603600034
     13.9139137       0.0000006508014665
     14.0140142       0.0000006414501808
     14.1141138       0.0000006322994730
     14.2142143       0.0000006233427107
     14.3143139       0.0000006145747041
     14.4144144       0.0000006059908274
     14.5145149       0.0000005975860666
     14.6146145       0.0000005893548523
     14.7147150       0.0000005812930658
     14.8148146       0.0000005733952903
     14.9149151       0.0000005656570168
     15.0150146       0.0000005580757402
     15.1151152       0.0000005506444327
     15.2152157       0.0000005433618766
     15.3153152       0.0000005362226646
     15.4154158       0.0000005292232715
     15.5155153       0.0000005223601885
     15.6156158       0.0000005156296493
     15.7157154       0.0000005090293597
     15.8158159       0.0000005025544456
     15.9159155       0.0000004962023951
     16.0160160       0.0000004899699552
     16.1161156       0.0000004838550019
     16.2162170       0.0000004778534665
     16.3163166       0.0000004719631416
     16.4164162       0.0000004661806203
     16.5165157       0.0000004605047792
     16.6166172       0.0000004549313390
     16.7167168       0.0000004494587643
     16.8168163       0.0000004440847140
     16.9169178       0.0000004388064441
     17.0170174       0.0000004336217858
     17.1171169       0.0000004285284527
     17.2172165       0.0000004235247454
     17.3173180       0.0000004186076240
     17.4174175       0.0000004137763867
     17.5175171       0.0000004090284555
     17.6176186       0.0000004043611622
     17.7177181       0.0000003997739934
     17.8178177       0.0000003952645447
     17.9179173       0.0000003908306549
     18.0180187       0.0000003864710249
     18.1181183       0.0000003821845079
     18.2182178       0.0000003779687435
     18.3183174       0.0000003738227062
     18.4184189       0.0000003697441270
     18.5185184       0.0000003657319439
     18.6186180       0.0000003617849392
     18.7187195       0.0000003579021116
     18.8188190       0.0000003540808468
     18.9189186       0.0000003503206810
     19.0190182       0.0000003466199906
     19.1191196       0.0000003429780865
     19.2192192       0.0000003393932471
     19.3193188       0.0000003358641270
     19.4194202       0.0000003323901221
     19.5195198       0.0000003289698698
     19.6196194       0.0000003256020974
     19.7197189       0.0000003222854980
     19.8198204       0.0000003190194867
     19.9199200       0.0000003158034217
     20.0200195       0.0000003126353517
     20.1201210       0.0000003095145772
     20.2202206       0.0000003064407858
     20.3203201       0.0000003034123887
     20.4204197       0.0000003004288253
     20.5205212       0.0000002974891134
     20.6206207       0.0000002945920947
     20.7207203       0.0000002917376330
     20.8208199       0.0000002889241606
     20.9209213       0.0000002861516610
     21.0210209       0.0000002834187623
     21.1211205       0.0000002807245898
     21.2212219       0.0000002780688037
     21.3213215       0.0000002754506522
     21.4214211       0.0000002728692527
     21.5215206       0.0000002703243994
     21.6216221       0.0000002678146595
     21.7217216       0.0000002653399346
     21.8218212       0.0000002628988660
     21.9219227       0.0000002604917970
     22.0220222       0.0000002581178704
     22.1221218       0.0000002557759117
     22.2222214       0.0000002534659785
     22.3223228       0.0000002511871151
     22.4224224       0.0000002489386888
     22.5225220       0.0000002467205845
     22.6226234       0.0000002445319939
     22.7227230       0.0000002423723448
     22.8228226       0.0000002402413284
     22.9229221       0.0000002381381713
     23.0230236       0.0000002360625929
     23.1231232       0.0000002340142468
     23.2232227       0.0000002319923914
     23.3233242       0.0000002299963817
     23.4234238       0.0000002280261579
     23.5235233       0.0000002260814701
     23.6236229       0.0000002241612775
     23.7237244       0.0000002222657451
     23.8238239       0.0000002203939453
     23.9239235       0.0000002185457667
     24.0240250       0.0000002167205209
     24.1241245       0.0000002149185152
     24.2242241       0.0000002131385381
     24.3243237       0.0000002113807965
     24.4244251       0.0000002096445561
     24.5245247       0.0000002079298941
     24.6246243       0.0000002062361868
     24.7247238       0.0000002045628878
     24.8248253       0.0000002029101849
     24.9249249       0.0000002012771131
     25.0250244       0.0000001996639041
     25.1251259       0.0000001980699805
     25.2252254       0.0000001964951948
     25.3253250       0.0000001949391304
     25.4254246       0.0000001934011851
     25.5255260       0.0000001918816914
     25.6256256       0.0000001903798715
     25.7257252       0.0000001888957309
     25.8258266       0.0000001874289370
     25.9259262       0.0000001859791493
     26.0260258       0.0000001845459925
     26.1261253       0.0000001831296319
     26.2262268       0.0000001817293265
     26.3263264       0.0000001803449538
     26.4264259       0.0000001789764904
     26.5265274       0.0000001776233471
     26.6266270       0.0000001762858503
     26.7267265       0.0000001749632649
     26.8268261       0.0000001736555239
     26.9269276       0.0000001723624295
     27.0270271       0.0000001710836114
     27.1271267       0.0000001698191135
     27.2272263       0.0000001685685490
     27.3273277       0.0000001673317789
     27.4274273       0.0000001661086603
     27.5275269       0.0000001648987948
     27.6276283       0.0000001637020712
     27.7277279       0.0000001625184827
     27.8278275       0.0000001613476124
     27.9279270       0.0000001601893074
     28.0280285       0.0000001590435893
     28.1281281       0.0000001579099112
     28.2282276       0.0000001567886764
     28.3283291       0.0000001556789477
     28.4284286       0.0000001545812712
     28.5285282       0.0000001534949946
     28.6286278       0.0000001524202333
     28.7287292       0.0000001513566620
     28.8288288       0.0000001503042267
     28.9289284       0.0000001492627541
     29.0290298       0.0000001482320092
     29.1291294       0.0000001472119826
     29.2292290       0.0000001462024415
     29.3293285       0.0000001452033636
     29.4294300       0.0000001442144053
     29.5295296       0.0000001432354567
     29.6296291       0.0000001422664777
     29.7297306       0.0000001413073308
     29.8298302       0.0000001403577877
     29.9299297       0.0000001394178846
     30.0300293       0.0000001384874948
     30.1301308       0.0000001375660741
     30.2302303       0.0000001366541308
     30.3303299       0.0000001357510803
     30.4304314       0.0000001348570710
     30.5305309       0.0000001339717884
     30.6306305       0.0000001330951698
     30.7307301       0.0000001322272460
     30.8308315       0.0000001313677116
     30.9309311       0.0000001305165326
     31.0310307       0.0000001296736991
     31.1311302       0.0000001288388836
     31.2312317       0.0000001280121570
     31.3313313       0.0000001271934446
     31.4314308       0.0000001263824182
     31.5315323       0.0000001255792105
     31.6316319       0.0000001247836784
     31.7317314       0.0000001239955533
     31.8318310       0.0000001232150669
     31.9319324       0.0000001224416488
     32.0320320       0.0000001216757288
     32.1321335       0.0000001209170905
     32.2322311       0.0000001201652885
     32.3323326       0.0000001194206156
     32.4324341       0.0000001186827058
     32.5325317       0.0000001179517819
     32.6326332       0.0000001172275146
     32.7327309       0.0000001165098273
     32.8328323       0.0000001157987949
     32.9329338       0.0000001150942157
     33.0330315       0.0000001143960746
     33.1331329       0.0000001137042888
     33.2332344       0.0000001130189087
     33.3333321       0.0000001123395522
     33.4334335       0.0000001116662713
     33.5335350       0.0000001109990838
     33.6336327       0.0000001103377909
     33.7337341       0.0000001096824420
     33.8338356       0.0000001090329900
     33.9339333       0.0000001083891895
     34.0340347       0.0000001077511154
     34.1341324       0.0000001071188325
     34.2342339       0.0000001064918477
     34.3343353       0.0000001058703483
     34.4344330       0.0000001052544603
     34.5345345       0.0000001046438374
     34.6346359       0.0000001040384843
     34.7347336       0.0000001034385358
     34.8348351       0.0000001028435883
     34.9349365       0.0000001022538259
     35.0350342       0.0000001016691267
     35.1351357       0.0000001010894311
     35.2352371       0.0000001005145816
     35.3353348       0.0000000999447692
     35.4354362       0.0000000993797445
     35.5355339       0.0000000988195333
     35.6356354       0.0000000982639248
     35.7357368       0.0000000977131829
     35.8358345       0.0000000971669740
     35.9359360       0.0000000966252913
     36.0360374       0.0000000960881288
     36.1361351       0.0000000955554567
     36.2362366       0.0000000950272608
     36.3363380       0.0000000945033309
     36.4364357       0.0000000939837544
     36.5365372       0.0000000934684523
     36.6366348       0.0000000929574077
     36.7367363       0.0000000924506064
     36.8368378       0.0000000919478642
     36.9369354       0.0000000914492352
     37.0370369       0.0000000909545468
     37.1371384       0.0000000904640253
     37.2372360       0.0000000899774480
     37.3373375       0.0000000894946179
     37.4374390       0.0000000890158342
     37.5375366       0.0000000885408688
     37.6376381       0.0000000880695817
     37.7377396       0.0000000876021213
     37.8378372       0.0000000871385274
     37.9379387       0.0000000866783440
     38.0380363       0.0000000862219564
     38.1381378       0.0000000857691277
     38.2382393       0.0000000853198368
     38.3383369       0.0000000848741003
     38.4384384       0.0000000844318979
     38.5385399       0.0000000839930769
     38.6386375       0.0000000835576175
     38.7387390       0.0000000831256798
     38.8388405       0.0000000826969419
     38.9389381       0.0000000822715561
     39.0390396       0.0000000818494953
     39.1391373       0.0000000814305876
     39.2392387       0.0000000810150411
     39.3393402       0.0000000806025804
     39.4394379       0.0000000801932327
     39.5395393       0.0000000797869884
     39.6396408       0.0000000793838434
     39.7397385       0.0000000789837111
     39.8398399       0.0000000785867863
     39.9399414       0.0000000781926435
     40.0400391       0.0000000778015789
     40.1401405       0.0000000774133182
     40.2402420       0.0000000770280758
     40.3403397       0.0000000766456506
     40.4404411       0.0000000762660341
     40.5405388       0.0000000758892936
     40.6406403       0.0000000755153059
     40.7407417       0.0000000751441019
     40.8408394       0.0000000747756839
     40.9409409       0.0000000744098978
     41.0410423       0.0000000740467852
     41.1411400       0.0000000736863550
     41.2412415       0.0000000733284687
     41.3413429       0.0000000729732974
     41.4414406       0.0000000726206637
     41.5415421       0.0000000722705307
     41.6416397       0.0000000719229454
     41.7417412       0.0000000715779287
     41.8418427       0.0000000712353209
     41.9419403       0.0000000708951633
     42.0420418       0.0000000705575170
     42.1421432       0.0000000702222293
     42.2422409       0.0000000698892661
     42.3423424       0.0000000695587738
     42.4424438       0.0000000692305370
     42.5425415       0.0000000689046961
     42.6426430       0.0000000685810835
     42.7427444       0.0000000682597416
     42.8428421       0.0000000679407464
     42.9429436       0.0000000676238951
     43.0430412       0.0000000673092217
     43.1431427       0.0000000669968388
     43.2432442       0.0000000666865652
     43.3433418       0.0000000663784991
     43.4434433       0.0000000660725291
     43.5435448       0.0000000657686702
     43.6436424       0.0000000654669279
     43.7437439       0.0000000651671625
     43.8438454       0.0000000648695690
     43.9439430       0.0000000645739538
     44.0440445       0.0000000642803860
     44.1441460       0.0000000639888100
     44.2442436       0.0000000636991670
     44.3443451       0.0000000634114958
     44.4444427       0.0000000631258861
     44.5445442       0.0000000628420980
     44.6446457       0.0000000625601624
     44.7447433       0.0000000622802425
     44.8448448       0.0000000620021508
     44.9449463       0.0000000617258597
     45.0450439       0.0000000614515083
     45.1451454       0.0000000611790093
     45.2452469       0.0000000609081941
     45.3453445       0.0000000606392492
     45.4454460       0.0000000603720883
     45.5455437       0.0000000601066313
     45.6456451       0.0000000598429509
     45.7457466       0.0000000595810469
     45.8458443       0.0000000593207890
     45.9459457       0.0000000590623026
     46.0460472       0.0000000588054544
     46.1461449       0.0000000585502710
     46.2462463       0.0000000582967656
     46.3463478       0.0000000580449001
     46.4464455       0.0000000577946908
     46.5465469       0.0000000575460664
     46.6466484       0.0000000572990336
     46.7467461       0.0000000570536109
     46.8468475       0.0000000568097006
     46.9469452       0.0000000565674639
     47.0470467       0.0000000563267152
     47.1471481       0.0000000560875005
     47.2472458       0.0000000558497862
     47.3473473       0.0000000556136075
     47.4474487       0.0000000553789409
     47.5475464       0.0000000551457237
     47.6476479       0.0000000549140082
     47.7477493       0.0000000546836996
     47.8478470       0.0000000544548699
     47.9479485       0.0000000542274596
     48.0480499       0.0000000540014942
     48.1481476       0.0000000537769744
     48.2482491       0.0000000535537816
     48.3483467       0.0000000533319938
     48.4484482       0.0000000531116085
     48.5485497       0.0000000528925652
     48.6486473       0.0000000526749120
     48.7487488       0.0000000524585699
     48.8488503       0.0000000522435336
     48.9489479       0.0000000520298596
     49.0490494       0.0000000518174387
     49.1491508       0.0000000516063153
     49.2492485       0.0000000513965820
     49.3493500       0.0000000511880377
     49.4494476       0.0000000509807938
     49.5495491       0.0000000507748345
     49.6496506       0.0000000505699802
     49.7497482       0.0000000503665050
     49.8498497       0.0000000501642288
     49.9499512       0.0000000499631372
     50.0500488       0.0000000497633047
     50.1501503       0.0000000495646055
     50.2502518       0.0000000493671199
     50.3503494       0.0000000491708302
     50.4504509       0.0000000489756913
     50.5505524       0.0000000487817406
     50.6506500       0.0000000485888852
     50.7507515       0.0000000483972106
     50.8508492       0.0000000482066917
     50.9509506       0.0000000480172487
     51.0510521       0.0000000478289445
     51.1511497       0.0000000476417394
     51.2512512       0.0000000474555696
     51.3513527       0.0000000472705730
     51.4514503       0.0000000470866377
     51.5515518       0.0000000469037913
     51.6516533       0.0000000467219920
     51.7517509       0.0000000465412436
     51.8518524       0.0000000463615366
     51.9519501       0.0000000461828654
     52.0520515       0.0000000460051984
     52.1521530       0.0000000458285836
     52.2522507       0.0000000456530206
     52.3523521       0.0000000454784623
     52.4524536       0.0000000453048372
     52.5525513       0.0000000451322297
     52.6526527       0.0000000449606250
     52.7527542       0.0000000447900463
     52.8528519       0.0000000446203835
     52.9529533       0.0000000444516335
     53.0530548       0.0000000442839434
     53.1531525       0.0000000441171182
     53.2532539       0.0000000439512603
     53.3533516       0.0000000437863639
     53.4534531       0.0000000436223266
     53.5535545       0.0000000434592652
     53.6536522       0.0000000432971053
     53.7537537       0.0000000431358932
     53.8538551       0.0000000429754536
     53.9539528       0.0000000428160275
     54.0540543       0.0000000426574418
     54.1541557       0.0000000424997646
     54.2542534       0.0000000423429112
     54.3543549       0.0000000421869649
     54.4544525       0.0000000420318848
     54.5545540       0.0000000418776585
     54.6546555       0.0000000417242029
     54.7547531       0.0000000415717079
     54.8548546       0.0000000414199795
     54.9549561       0.0000000412690860
     55.0550537       0.0000000411189887
     55.1551552       0.0000000409697486
     55.2552567       0.0000000408213020
     55.3553543       0.0000000406736865
     55.4554558       0.0000000405268491
     55.5555573       0.0000000403807978
     55.6556549       0.0000000402355581
     55.7557564       0.0000000400911014
     55.8558540       0.0000000399473980
     55.9559555       0.0000000398044979
     56.0560570       0.0000000396623463
     56.1561546       0.0000000395209874
     56.2562561       0.0000000393803206
     56.3563576       0.0000000392403967
     56.4564552       0.0000000391012939
     56.5565567       0.0000000389628404
     56.6566582       0.0000000388252169
     56.7567558       0.0000000386882502
     56.8568573       0.0000000385520041
     56.9569588       0.0000000384165286
     57.0570564       0.0000000382817170
     57.1571579       0.0000000381476956
     57.2572556       0.0000000380142645
     57.3573570       0.0000000378815825
     57.4574585       0.0000000377496001
     57.5575562       0.0000000376183165
     57.6576576       0.0000000374877265
     57.7577591       0.0000000373577753
     57.8578568       0.0000000372284999
     57.9579582       0.0000000370999227
     58.0580597       0.0000000369720088
     58.1581573       0.0000000368447596
     58.2582588       0.0000000367181613
     58.3583565       0.0000000365921729
     58.4584579       0.0000000364668636
     58.5585594       0.0000000363422157
     58.6586571       0.0000000362181658
     58.7587585       0.0000000360947995
     58.8588600       0.0000000359720474
     58.9589577       0.0000000358498591
     59.0590591       0.0000000357283749
     59.1591606       0.0000000356074787
     59.2592583       0.0000000354871910
     59.3593597       0.0000000353674987
     59.4594612       0.0000000352484384
     59.5595589       0.0000000351299524
     59.6596603       0.0000000350120871
     59.7597580       0.0000000348948120
     59.8598595       0.0000000347780896
     59.9599609       0.0000000346620076
     60.0600586       0.0000000345464755
     60.1601601       0.0000000344315129
     60.2602615       0.0000000343171378
     60.3603592       0.0000000342033302
     60.4604607       0.0000000340900697
     60.5605621       0.0000000339773954
     60.6606598       0.0000000338652771
     60.7607613       0.0000000337536880
     60.8608627       0.0000000336426470
     60.9609604       0.0000000335322086
     61.0610619       0.0000000334222476
     61.1611595       0.0000000333128828
     61.2612610       0.0000000332040344
     61.3613625       0.0000000330957248
     61.4614601       0.0000000329879001
     61.5615616       0.0000000328806178
     61.6616631       0.0000000327738933
     61.7617607       0.0000000326676681
     61.8618622       0.0000000325619525
     61.9619637       0.0000000324567477
     62.0620613       0.0000000323520725
     62.1621628       0.0000000322479184
     62.2622604       0.0000000321441752
     62.3623619       0.0000000320410445
     62.4624634       0.0000000319383304
     62.5625610       0.0000000318361505
     62.6626625       0.0000000317344211
     62.7627640       0.0000000316332467
     62.8628616       0.0000000315324900
     62.9629631       0.0000000314322478
     63.0630646       0.0000000313324717
     63.1631622       0.0000000312331967
     63.2632637       0.0000000311343492
     63.3633652       0.0000000310359908
     63.4634628       0.0000000309380945
     63.5635643       0.0000000308406760
     63.6636620       0.0000000307436874
     63.7637634       0.0000000306471686
     63.8638649       0.0000000305510964
     63.9639626       0.0000000304554877
     64.0640640       0.0000000303603632
     64.1641617       0.0000000302656406
     64.2642670       0.0000000301713256
     64.3643646       0.0000000300775078
     64.4644623       0.0000000299841246
     64.5645676       0.0000000298911585
     64.6646652       0.0000000297986132
     64.7647629       0.0000000297065329
     64.8648682       0.0000000296148482
     64.9649658       0.0000000295236047
     65.0650635       0.0000000294327743
     65.1651688       0.0000000293423383
     65.2652664       0.0000000292523544
     65.3653641       0.0000000291627835
     65.4654617       0.0000000290736074
     65.5655670       0.0000000289848411
     65.6656647       0.0000000288964911
     65.7657623       0.0000000288085481
     65.8658676       0.0000000287209705
     65.9659653       0.0000000286338273
     66.0660629       0.0000000285470787
     66.1661682       0.0000000284607213
     66.2662659       0.0000000283747271
     66.3663635       0.0000000282891588
     66.4664688       0.0000000282039725
     66.5665665       0.0000000281191372
     66.6666641       0.0000000280347007
     66.7667694       0.0000000279506534
     66.8668671       0.0000000278669663
     66.9669647       0.0000000277837053
     67.0670700       0.0000000277007606
     67.1671677       0.0000000276182067
     67.2672653       0.0000000275360421
     67.3673706       0.0000000274542019
     67.4674683       0.0000000273727656
     67.5675659       0.0000000272916780
     67.6676712       0.0000000272109460
     67.7677689       0.0000000271305547
     67.8678665       0.0000000270505177
     67.9679642       0.0000000269708654
     68.0680695       0.0000000268915402
     68.1681671       0.0000000268125899
     68.2682648       0.0000000267339731
     68.3683701       0.0000000266557027
     68.4684677       0.0000000265777660
     68.5685654       0.0000000265001695
     68.6686707       0.0000000264229480
     68.7687683       0.0000000263460161
     68.8688660       0.0000000262694497
     68.9689713       0.0000000261931999
     69.0690689       0.0000000261173029
     69.1691666       0.0000000260417102
     69.2692719       0.0000000259664639
     69.3693695       0.0000000258915376
     69.4694672       0.0000000258169235
     69.5695724       0.0000000257426295
     69.6696701       0.0000000256686863
     69.7697678       0.0000000255950492
     69.8698730       0.0000000255217104
     69.9699707       0.0000000254486841
     70.0700684       0.0000000253760278
     70.1701736       0.0000000253036244
     70.2702713       0.0000000252315317
     70.3703690       0.0000000251597635
     70.4704742       0.0000000250882829
     70.5705719       0.0000000250171474
     70.6706696       0.0000000249462788
     70.7707672       0.0000000248757266
     70.8708725       0.0000000248054679
     70.9709702       0.0000000247355018
     71.0710678       0.0000000246658340
     71.1711731       0.0000000245964621
     71.2712708       0.0000000245273797
     71.3713684       0.0000000244586043
     71.4714737       0.0000000243901082
     71.5715714       0.0000000243218972
     71.6716690       0.0000000242539704
     71.7717743       0.0000000241863130
     71.8718719       0.0000000241189447
     71.9719696       0.0000000240518805
     72.0720749       0.0000000239850826
     72.1721725       0.0000000239185577
     72.2722702       0.0000000238523241
     72.3723755       0.0000000237863375
     72.4724731       0.0000000237206486
     72.5725708       0.0000000236552230
     72.6726761       0.0000000235900599
     72.7727737       0.0000000235251637
     72.8728714       0.0000000234605539
     72.9729767       0.0000000233961984
     73.0730743       0.0000000233321116
     73.1731720       0.0000000232682933
     73.2732697       0.0000000232047535
     73.3733749       0.0000000231414255
     73.4734726       0.0000000230783773
     73.5735703       0.0000000230156089
     73.6736755       0.0000000229530668
     73.7737732       0.0000000228907654
     73.8738708       0.0000000228287530
     73.9739761       0.0000000227669952
     74.0740738       0.0000000227054827
     74.1741714       0.0000000226442016
     74.2742767       0.0000000225831703
     74.3743744       0.0000000225224061
     74.4744720       0.0000000224618719
     74.5745773       0.0000000224015812
     74.6746750       0.0000000223415176
     74.7747726       0.0000000222817219
     74.8748779       0.0000000222221684
     74.9749756       0.0000000221628345
     75.0750732       0.0000000221037411
     75.1751785       0.0000000220448895
     75.2752762       0.0000000219862680
     75.3753738       0.0000000219278583
     75.4754791       0.0000000218697311
     75.5755768       0.0000000218118050
     75.6756744       0.0000000217540941
     75.7757721       0.0000000216966398
     75.8758774       0.0000000216394205
     75.9759750       0.0000000215824134
     76.0760727       0.0000000215256297
     76.1761780       0.0000000214690477
     76.2762756       0.0000000214127111
     76.3763733       0.0000000213565951
     76.4764786       0.0000000213007008
     76.5765762       0.0000000212450284
     76.6766739       0.0000000211895548
     76.7767792       0.0000000211343154
     76.8768768       0.0000000210792951
     76.9769745       0.0000000210245018
     77.0770798       0.0000000209698865
     77.1771774       0.0000000209154983
     77.2772751       0.0000000208613445
     77.3773804       0.0000000208073568
     77.4774780       0.0000000207536005
     77.5775757       0.0000000207000421
     77.6776810       0.0000000206467128
     77.7777786       0.0000000205935574
     77.8778763       0.0000000205406423
     77.9779816       0.0000000204879244
     78.0780792       0.0000000204354161
     78.1781769       0.0000000203830894
     78.2782745       0.0000000203309633
     78.3783798       0.0000000202790273
     78.4784775       0.0000000202273000
     78.5785751       0.0000000201757937
     78.6786804       0.0000000201244750
     78.7787781       0.0000000200733430
     78.8788757       0.0000000200224053
     78.9789810       0.0000000199716536
     79.0790787       0.0000000199211022
     79.1791763       0.0000000198707458
     79.2792816       0.0000000198205807
     79.3793793       0.0000000197706000
     79.4794769       0.0000000197208148
     79.5795822       0.0000000196712109
     79.6796799       0.0000000196217772
     79.7797775       0.0000000195725612
     79.8798828       0.0000000195235157
     79.9799805       0.0000000194746423
     80.0800781       0.0000000194259675
     80.1801834       0.0000000193774663
     80.2802811       0.0000000193291574
     80.3803787       0.0000000192810327
     80.4804840       0.0000000192330711
     80.5805817       0.0000000191853034
     80.6806793       0.0000000191377262
     80.7807770       0.0000000190902951
     80.8808823       0.0000000190430543
     80.9809799       0.0000000189959753
     81.0810776       0.0000000189490715
     81.1811829       0.0000000189023669
     81.2812805       0.0000000188558178
     81.3813782       0.0000000188094365
     81.4814835       0.0000000187632359
     81.5815811       0.0000000187172015
     81.6816788       0.0000000186713286
     81.7817841       0.0000000186256216
     81.8818817       0.0000000185800852
     81.9819794       0.0000000185347250
     82.0820847       0.0000000184895441
     82.1821823       0.0000000184445099
     82.2822800       0.0000000183996368
     82.3823853       0.0000000183549336
     82.4824829       0.0000000183103907
     82.5825806       0.0000000182660074
     82.6826859       0.0000000182217923
     82.7827835       0.0000000181777389
     82.8828812       0.0000000181338406
     82.9829865       0.0000000180901042
     83.0830841       0.0000000180465220
     83.1831818       0.0000000180030876
     83.2832794       0.0000000179598133
     83.3833847       0.0000000179167059
     83.4834824       0.0000000178737581
     83.5835800       0.0000000178309381
     83.6836853       0.0000000177883145
     83.7837830       0.0000000177458011
     83.8838806       0.0000000177034682
     83.9839859       0.0000000176612770
     84.0840836       0.0000000176192181
     84.1841812       0.0000000175773390
     84.2842865       0.0000000175356068
     84.3843842       0.0000000174940071
     84.4844818       0.0000000174525488
     84.5845871       0.0000000174112594
     84.6846848       0.0000000173701094
     84.7847824       0.0000000173290992
     84.8848877       0.0000000172882232
     84.9849854       0.0000000172475113
     85.0850830       0.0000000172069363
     85.1851883       0.0000000171665077
     85.2852859       0.0000000171262257
     85.3853836       0.0000000170860702
     85.4854889       0.0000000170460749
     85.5855865       0.0000000170062039
     85.6856842       0.0000000169664989
     85.7857895       0.0000000169269017
     85.8858871       0.0000000168874476
     85.9859848       0.0000000168481372
     86.0860825       0.0000000168089571
     86.1861877       0.0000000167699271
     86.2862854       0.0000000167310353
     86.3863831       0.0000000166922632
     86.4864883       0.0000000166536152
     86.5865860       0.0000000166151283
     86.6866837       0.0000000165767750
     86.7867889       0.0000000165385351
     86.8868866       0.0000000165004336
     86.9869843       0.0000000164624694
     87.0870895       0.0000000164246325
     87.1871872       0.0000000163869062
     87.2872849       0.0000000163493340
     87.3873901       0.0000000163118869
     87.4874878       0.0000000162745910
     87.5875854       0.0000000162373821
     87.6876907       0.0000000162003350
     87.7877884       0.0000000161633891
     87.8878860       0.0000000161265854
     87.9879913       0.0000000160898946
     88.0880890       0.0000000160533193
     88.1881866       0.0000000160168898
     88.2882919       0.0000000159805910
     88.3883896       0.0000000159444028
     88.4884872       0.0000000159083276
     88.5885849       0.0000000158723852
     88.6886902       0.0000000158365687
     88.7887878       0.0000000158008691
     88.8888855       0.0000000157652884
     88.9889908       0.0000000157298216
     89.0890884       0.0000000156944821
     89.1891861       0.0000000156592690
     89.2892914       0.0000000156241510
     89.3893890       0.0000000155891753
     89.4894867       0.0000000155543043
     89.5895920       0.0000000155195668
     89.6896896       0.0000000154849366
     89.7897873       0.0000000154504142
     89.8898926       0.0000000154160199
     89.9899902       0.0000000153817252
     90.0900879       0.0000000153475496
     90.1901932       0.0000000153134893
     90.2902908       0.0000000152795328
     90.3903885       0.0000000152456955
     90.4904938       0.0000000152119824
     90.5905914       0.0000000151783706
     90.6906891       0.0000000151448684
     90.7907944       0.0000000151114743
     90.8908920       0.0000000150781970
     90.9909897       0.0000000150450269
     91.0910873       0.0000000150119808
     91.1911926       0.0000000149790284
     91.2912903       0.0000000149461856
     91.3913879       0.0000000149134525
     91.4914932       0.0000000148808156
     91.5915909       0.0000000148482939
     91.6916885       0.0000000148158961
     91.7917938       0.0000000147835717
     91.8918915       0.0000000147513853
     91.9919891       0.0000000147192850
     92.0920944       0.0000000146872912
     92.1921921       0.0000000146554054
     92.2922897       0.0000000146236231
     92.3923950       0.0000000145919441
     92.4924927       0.0000000145603669
     92.5925903       0.0000000145288931
     92.6926956       0.0000000144975211
     92.7927933       0.0000000144662509
     92.8928909       0.0000000144350773
     92.9929962       0.0000000144040076
     93.0930939       0.0000000143730413
     93.1931915       0.0000000143421721
     93.2932968       0.0000000143113911
     93.3933945       0.0000000142807225
     93.4934921       0.0000000142501525
     93.5935898       0.0000000142196812
     93.6936951       0.0000000141893071
     93.7937927       0.0000000141590248
     93.8938904       0.0000000141288389
     93.9939957       0.0000000140987529
     94.0940933       0.0000000140687688
     94.1941910       0.0000000140388637
     94.2942963       0.0000000140090594
     94.3943939       0.0000000139793588
     94.4944916       0.0000000139497421
     94.5945969       0.0000000139202279
     94.6946945       0.0000000138908176
     94.7947922       0.0000000138614731
     94.8948975       0.0000000138322394
     94.9949951       0.0000000138030954
     95.0950928       0.0000000137740597
     95.1951981       0.0000000137450820
     95.2952957       0.0000000137162195
     95.3953934       0.0000000136874430
     95.4954987       0.0000000136587576
     95.5955963       0.0000000136301482
     95.6956940       0.0000000136016502
     95.7957993       0.0000000135732259
     95.8958969       0.0000000135449024
     95.9959946       0.0000000135166488
     96.0960999       0.0000000134884879
     96.1961975       0.0000000134604379
     96.2962952       0.0000000134324605
     96.3963928       0.0000000134045644
     96.4964981       0.0000000133767593
     96.5965958       0.0000000133490451
     96.6966934       0.0000000133214148
     96.7967987       0.0000000132938635
     96.8968964       0.0000000132663984
     96.9969940       0.0000000132390195
     97.0970993       0.0000000132117378
     97.1971970       0.0000000131845274
     97.2972946       0.0000000131574001
     97.3973999       0.0000000131303558
     97.4974976       0.0000000131034173
     97.5975952       0.0000000130765344
     97.6977005       0.0000000130497393
     97.7977982       0.0000000130230305
     97.8978958       0.0000000129964139
     97.9980011       0.0000000129698649
     98.0980988       0.0000000129434005
     98.1981964       0.0000000129170207
     98.2983017       0.0000000128907170
     98.3983994       0.0000000128644932
     98.4984970       0.0000000128383493
     98.5986023       0.0000000128122969
     98.6987000       0.0000000127863144
     98.7987976       0.0000000127604096
     98.8988953       0.0000000127345847
     98.9990005       0.0000000127088525
     99.0990982       0.0000000126831835
     99.1991959       0.0000000126575800
     99.2993011       0.0000000126320768
     99.3993988       0.0000000126066390
     99.4994965       0.0000000125812796
     99.5996017       0.0000000125559939
     99.6996994       0.0000000125307738
     99.7997971       0.0000000125056568
     99.8999023       0.0000000124805856
    100.0000000       0.0000000124556064
