# x		H(x,a)
      0.0000000       1.0000000000000000
      0.1001001       0.9900299906730652
      0.2002002       0.9607124924659729
      0.3003003       0.9137664437294006
      0.4004004       0.8518707156181335
      0.5005005       0.7784109115600586
      0.6006006       0.6971734166145325
      0.7007007       0.6120254397392273
      0.8008008       0.5266169309616089
      0.9009009       0.4441368877887726
      1.0010010       0.3671528643458496
      1.1011012       0.2975023793583997
      1.2012012       0.2362877283564777
      1.3013012       0.1839488839327445
      1.4014014       0.1403649670397119
      1.5015016       0.1049852966580087
      1.6016016       0.0769681194619520
      1.7017016       0.0553111334598465
      1.8018018       0.0389621856870511
      1.9019020       0.0269040944728239
      2.0020020       0.0182121295033719
      2.1021020       0.0120866176522638
      2.2022023       0.0078651017615133
      2.3023024       0.0050193440104472
      2.4024024       0.0031424713585745
      2.5025024       0.0019311042795042
      2.6026025       0.0011658151146717
      2.7027028       0.0006924376976603
      2.8028028       0.0004056397275171
      2.9029028       0.0002353621947324
      3.0030031       0.0001362130603936
      3.1031032       0.0000795224984762
      3.2032032       0.0000476272341466
      3.3033032       0.0000299071690447
      3.4034033       0.0000201276590844
      3.5035036       0.0000147127144865
      3.6036036       0.0000116573661824
      3.7037036       0.0000098616880546
      3.8038039       0.0000087346218893
      3.9039040       0.0000079644145112
      4.0040040       0.0000073891609938
      4.1041040       0.0000069256111698
      4.2042041       0.0000065309794146
      4.3043041       0.0000061829324904
      4.4044046       0.0000058693900017
      4.5045047       0.0000055833453260
      4.6046047       0.0000053203704436
      4.7047048       0.0000050773745147
      4.8048048       0.0000048520169537
      4.9049048       0.0000046424093927
      5.0050049       0.0000044469634417
      5.1051049       0.0000042643173793
      5.2052050       0.0000040932908847
      5.3053055       0.0000039328465530
      5.4054055       0.0000037820625636
      5.5055056       0.0000036401334458
      5.6056056       0.0000035063383251
      5.7057056       0.0000033800160217
      5.8058057       0.0000032606020846
      5.9059057       0.0000031475722107
      6.0060062       0.0000030404497632
      6.1061063       0.0000029388237863
      6.2062063       0.0000028423026821
      6.3063064       0.0000027505375123
      6.4064064       0.0000026632073998
      6.5065064       0.0000025800249473
      6.6066065       0.0000025007225080
      6.7067065       0.0000024250565122
      6.8068066       0.0000023528031147
      6.9069071       0.0000022837514236
      7.0070071       0.0000022177142833
      7.1071072       0.0000021545193922
      7.2072072       0.0000020939982777
      7.3073072       0.0000020359977967
      7.4074073       0.0000019803862523
      7.5075073       0.0000019270241775
      7.6076078       0.0000018757957864
      7.7077079       0.0000018265857542
      7.8078079       0.0000017792893049
      7.9079080       0.0000017338069131
      8.0080080       0.0000016900470142
      8.1081085       0.0000016479248159
      8.2082081       0.0000016073566111
      8.3083086       0.0000015682682760
      8.4084082       0.0000015305881972
      8.5085087       0.0000014942471331
      8.6086082       0.0000014591871388
      8.7087088       0.0000014253442666
      8.8088093       0.0000013926640343
      8.9089088       0.0000013610941468
      9.0090094       0.0000013305839741
      9.1091089       0.0000013010884475
      9.2092094       0.0000012725610152
      9.3093090       0.0000012449599428
      9.4094095       0.0000012182467751
      9.5095091       0.0000011923836580
      9.6096096       0.0000011673355508
      9.7097101       0.0000011430667900
      9.8098097       0.0000011195460042
      9.9099102       0.0000010967445692
     10.0100098       0.0000010746300489
     10.1101103       0.0000010531767739
     10.2102098       0.0000010323608559
     10.3103104       0.0000010121546915
     10.4104099       0.0000009925365479
     10.5105104       0.0000009734815899
     10.6106110       0.0000009549710380
     10.7107105       0.0000009369823417
     10.8108110       0.0000009194962087
     10.9109106       0.0000009024951074
     11.0110111       0.0000008859612271
     11.1111107       0.0000008698773834
     11.2112112       0.0000008542275919
     11.3113117       0.0000008389964167
     11.4114113       0.0000008241689758
     11.5115118       0.0000008097305387
     11.6116114       0.0000007956674242
     11.7117119       0.0000007819687418
     11.8118114       0.0000007686202612
     11.9119120       0.0000007556104344
     12.0120125       0.0000007429286720
     12.1121120       0.0000007305625966
     12.2122126       0.0000007185041911
     12.3123121       0.0000007067412203
     12.4124126       0.0000006952645581
     12.5125122       0.0000006840656140
     12.6126127       0.0000006731349121
     12.7127123       0.0000006624643777
     12.8128128       0.0000006520459988
     12.9129133       0.0000006418712072
     13.0130129       0.0000006319328415
     13.1131134       0.0000006222228696
     13.2132130       0.0000006127356824
     13.3133135       0.0000006034638250
     13.4134130       0.0000005944021451
     13.5135136       0.0000005855414882
     13.6136131       0.0000005768782794
     13.7137136       0.0000005684062821
     13.8138142       0.0000005601195247
     13.9139137       0.0000005520119191
     14.0140142       0.0000005440801697
     14.1141138       0.0000005363185328
     14.2142143       0.0000005287214016
     14.3143139       0.0000005212842498
     14.4144144       0.0000005140034357
     14.5145149       0.0000005068744555
     14.6146145       0.0000004998927598
     14.7147150       0.0000004930547530
     14.8148146       0.0000004863557810
     14.9149151       0.0000004797921533
     15.0150146       0.0000004733616841
     15.1151152       0.0000004670584490
     15.2152157       0.0000004608813501
     15.3153152       0.0000004548258648
     15.4154158       0.0000004488889120
     15.5155153       0.0000004430676551
     15.6156158       0.0000004373587857
     15.7157154       0.0000004317603882
     15.8158159       0.0000004262683955
     15.9159155       0.0000004208804960
     16.0160160       0.0000004155941966
     16.1161156       0.0000004104073945
     16.2162170       0.0000004053169005
     16.3163166       0.0000004003207258
     16.4164162       0.0000003954159693
     16.5165157       0.0000003906017033
     16.6166172       0.0000003858743013
     16.7167168       0.0000003812324135
     16.8168163       0.0000003766741264
     16.9169178       0.0000003721970934
     17.0170174       0.0000003677994581
     17.1171169       0.0000003634792574
     17.2172165       0.0000003592351066
     17.3173180       0.0000003550644017
     17.4174175       0.0000003509664951
     17.5175171       0.0000003469393079
     17.6176186       0.0000003429804701
     17.7177181       0.0000003390896476
     17.8178177       0.0000003352646846
     17.9179173       0.0000003315038695
     18.0180187       0.0000003278060298
     18.1181183       0.0000003241701871
     18.2182178       0.0000003205943583
     18.3183174       0.0000003170776919
     18.4184189       0.0000003136181975
     18.5185184       0.0000003102150399
     18.6186180       0.0000003068671994
     18.7187195       0.0000003035737749
     18.8188190       0.0000003003325557
     18.9189186       0.0000002971431514
     19.0190182       0.0000002940042217
     19.1191196       0.0000002909151649
     19.2192192       0.0000002878744584
     19.3193188       0.0000002848810605
     19.4194202       0.0000002819344154
     19.5195198       0.0000002790333327
     19.6196194       0.0000002761767784
     19.7197189       0.0000002733636168
     19.8198204       0.0000002705933841
     19.9199200       0.0000002678654919
     20.0200195       0.0000002651783300
     20.1201210       0.0000002625313004
     20.2202206       0.0000002599240991
     20.3203201       0.0000002573554272
     20.4204197       0.0000002548247130
     20.5205212       0.0000002523312723
     20.6206207       0.0000002498739981
     20.7207203       0.0000002474528177
     20.8208199       0.0000002450664333
     20.9209213       0.0000002427147992
     21.0210209       0.0000002403967648
     21.1211205       0.0000002381115320
     21.2212219       0.0000002358588593
     21.3213215       0.0000002336381684
     21.4214211       0.0000002314485928
     21.5215206       0.0000002292900681
     21.6216221       0.0000002271612816
     21.7217216       0.0000002250622276
     21.8218212       0.0000002229917183
     21.9219227       0.0000002209500178
     22.0220222       0.0000002189364456
     22.1221218       0.0000002169499919
     22.2222214       0.0000002149906788
     22.3223228       0.0000002130577308
     22.4224224       0.0000002111506142
     22.5225220       0.0000002092692311
     22.6226234       0.0000002074128499
     22.7227230       0.0000002055810075
     22.8228226       0.0000002037734990
     22.9229221       0.0000002019896044
     23.0230236       0.0000002002290760
     23.1231232       0.0000001984916739
     23.2232227       0.0000001967767146
     23.3233242       0.0000001950837023
     23.4234238       0.0000001934125624
     23.5235233       0.0000001917630661
     23.6236229       0.0000001901343468
     23.7237244       0.0000001885265362
     23.8238239       0.0000001869388640
     23.9239235       0.0000001853712443
     24.0240250       0.0000001838230671
     24.1241245       0.0000001822945983
     24.2242241       0.0000001807848217
     24.3243237       0.0000001792938816
     24.4244251       0.0000001778211984
     24.5245247       0.0000001763668270
     24.6246243       0.0000001749302146
     24.7247238       0.0000001735109232
     24.8248253       0.0000001721090950
     24.9249249       0.0000001707239158
     25.0250244       0.0000001693555960
     25.1251259       0.0000001680036092
     25.2252254       0.0000001666678769
     25.3253250       0.0000001653480267
     25.4254246       0.0000001640435361
     25.5255260       0.0000001627546805
     25.6256256       0.0000001614808506
     25.7257252       0.0000001602219933
     25.8258266       0.0000001589778573
     25.9259262       0.0000001577481392
     26.0260258       0.0000001565325355
     26.1261253       0.0000001553311661
     26.2262268       0.0000001541434260
     26.3263264       0.0000001529691803
     26.4264259       0.0000001518084439
     26.5265274       0.0000001506607064
     26.6266270       0.0000001495262467
     26.7267265       0.0000001484044309
     26.8268261       0.0000001472951900
     26.9269276       0.0000001461983816
     27.0270271       0.0000001451136975
     27.1271267       0.0000001440411405
     27.2272263       0.0000001429804087
     27.3273277       0.0000001419313713
     27.4274273       0.0000001408939236
     27.5275269       0.0000001398677111
     27.6276283       0.0000001388526341
     27.7277279       0.0000001378487217
     27.8278275       0.0000001368555910
     27.9279270       0.0000001358730995
     28.0280285       0.0000001349013040
     28.1281281       0.0000001339397164
     28.2282276       0.0000001329886807
     28.3283291       0.0000001320474122
     28.4284286       0.0000001311163497
     28.5285282       0.0000001301949582
     28.6286278       0.0000001292833437
     28.7287292       0.0000001283812258
     28.8288288       0.0000001274885486
     28.9289284       0.0000001266051769
     29.0290298       0.0000001257308717
     29.1291294       0.0000001248656977
     29.2292290       0.0000001240093960
     29.3293285       0.0000001231619707
     29.4294300       0.0000001223231449
     29.5295296       0.0000001214927964
     29.6296291       0.0000001206709103
     29.7297306       0.0000001198573619
     29.8298302       0.0000001190519424
     29.9299297       0.0000001182547163
     30.0300293       0.0000001174655574
     30.1301308       0.0000001166839938
     30.2302303       0.0000001159105016
     30.3303299       0.0000001151445291
     30.4304314       0.0000001143862131
     30.5305309       0.0000001136353249
     30.6306305       0.0000001128917782
     30.7307301       0.0000001121555998
     30.8308315       0.0000001114265333
     30.9309311       0.0000001107045505
     31.0310307       0.0000001099896542
     31.1311302       0.0000001092815588
     31.2312317       0.0000001085803424
     31.3313313       0.0000001078859038
     31.4314308       0.0000001071979888
     31.5315323       0.0000001065167082
     31.6316319       0.0000001058419370
     31.7317314       0.0000001051734352
     31.8318310       0.0000001045114377
     31.9319324       0.0000001038554194
     32.0320320       0.0000001032057575
     32.1321335       0.0000001025622857
     32.2322311       0.0000001019245974
     32.3323326       0.0000001012929579
     32.4324341       0.0000001006670744
     32.5325317       0.0000001000470847
     32.6326332       0.0000000994327703
     32.7327309       0.0000000988240266
     32.8328323       0.0000000982209194
     32.9329338       0.0000000976233060
     33.0330315       0.0000000970311343
     33.1331329       0.0000000964443614
     33.2332344       0.0000000958630141
     33.3333321       0.0000000952867859
     33.4334335       0.0000000947157081
     33.5335350       0.0000000941497949
     33.6336327       0.0000000935888904
     33.7337341       0.0000000930330074
     33.8338356       0.0000000924821588
     33.9339333       0.0000000919360748
     34.0340347       0.0000000913948493
     34.1341324       0.0000000908585487
     34.2342339       0.0000000903267480
     34.3343353       0.0000000897995897
     34.4344330       0.0000000892771758
     34.5345345       0.0000000887592532
     34.6346359       0.0000000882457944
     34.7347336       0.0000000877369091
     34.8348351       0.0000000872322768
     34.9349365       0.0000000867320383
     35.0350342       0.0000000862360910
     35.1351357       0.0000000857443885
     35.2352371       0.0000000852568099
     35.3353348       0.0000000847734811
     35.4354362       0.0000000842942293
     35.5355339       0.0000000838190539
     35.6356354       0.0000000833477965
     35.7357368       0.0000000828806457
     35.8358345       0.0000000824173557
     35.9359360       0.0000000819578910
     36.0360374       0.0000000815022708
     36.1361351       0.0000000810504581
     36.2362366       0.0000000806024437
     36.3363380       0.0000000801580453
     36.4364357       0.0000000797173351
     36.5365372       0.0000000792802524
     36.6366348       0.0000000788467863
     36.7367363       0.0000000784169097
     36.8368378       0.0000000779904830
     36.9369354       0.0000000775675466
     37.0370369       0.0000000771479480
     37.1371384       0.0000000767318843
     37.2372360       0.0000000763191730
     37.3373375       0.0000000759096362
     37.4374390       0.0000000755035273
     37.5375366       0.0000000751006561
     37.6376381       0.0000000747009136
     37.7377396       0.0000000743044037
     37.8378372       0.0000000739111968
     37.9379387       0.0000000735208576
     38.0380363       0.0000000731337504
     38.1381378       0.0000000727496636
     38.2382393       0.0000000723685695
     38.3383369       0.0000000719904914
     38.4384384       0.0000000716154199
     38.5385399       0.0000000712432097
     38.6386375       0.0000000708738533
     38.7387390       0.0000000705074783
     38.8388405       0.0000000701438257
     38.9389381       0.0000000697830097
     39.0390396       0.0000000694250092
     39.1391373       0.0000000690696968
     39.2392387       0.0000000687172302
     39.3393402       0.0000000683673771
     39.4394379       0.0000000680201641
     39.5395393       0.0000000676755880
     39.6396408       0.0000000673336385
     39.7397385       0.0000000669942474
     39.8398399       0.0000000666575736
     39.9399414       0.0000000663232628
     40.0400391       0.0000000659915582
     40.1401405       0.0000000656622318
     40.2402420       0.0000000653354716
     40.3403397       0.0000000650111024
     40.4404411       0.0000000646891122
     40.5405388       0.0000000643695554
     40.6406403       0.0000000640523392
     40.7407417       0.0000000637374827
     40.8408394       0.0000000634249887
     40.9409409       0.0000000631147196
     41.0410423       0.0000000628067293
     41.1411400       0.0000000625010164
     41.2412415       0.0000000621974513
     41.3413429       0.0000000618961986
     41.4414406       0.0000000615970865
     41.5415421       0.0000000613001062
     41.6416397       0.0000000610052843
     41.7417412       0.0000000607126397
     41.8418427       0.0000000604220389
     41.9419403       0.0000000601335112
     42.0420418       0.0000000598471277
     42.1421432       0.0000000595627321
     42.2422409       0.0000000592803069
     42.3423424       0.0000000589999804
     42.4424438       0.0000000587215730
     42.5425415       0.0000000584451944
     42.6426430       0.0000000581707025
     42.7427444       0.0000000578981415
     42.8428421       0.0000000576275667
     42.9429436       0.0000000573588182
     43.0430412       0.0000000570919061
     43.1431427       0.0000000568269432
     43.2432442       0.0000000565637654
     43.3433418       0.0000000563024637
     43.4434433       0.0000000560429369
     43.5435448       0.0000000557852049
     43.6436424       0.0000000555292696
     43.7437439       0.0000000552750048
     43.8438454       0.0000000550225896
     43.9439430       0.0000000547718461
     44.0440445       0.0000000545228431
     44.1441460       0.0000000542755221
     44.2442436       0.0000000540298481
     44.3443451       0.0000000537858428
     44.4444427       0.0000000535435899
     44.5445442       0.0000000533028745
     44.6446457       0.0000000530637433
     44.7447433       0.0000000528263116
     44.8448448       0.0000000525904335
     44.9449463       0.0000000523560815
     45.0450439       0.0000000521233727
     45.1451454       0.0000000518922409
     45.2452469       0.0000000516625306
     45.3453445       0.0000000514344168
     45.4454460       0.0000000512078093
     45.5455437       0.0000000509826470
     45.6456451       0.0000000507589884
     45.7457466       0.0000000505368455
     45.8458443       0.0000000503160936
     45.9459457       0.0000000500968446
     46.0460472       0.0000000498789836
     46.1461449       0.0000000496625352
     46.2462463       0.0000000494475109
     46.3463478       0.0000000492338769
     46.4464455       0.0000000490216519
     46.5465469       0.0000000488107688
     46.6466484       0.0000000486012313
     46.7467461       0.0000000483930601
     46.8468475       0.0000000481861774
     46.9469452       0.0000000479807091
     47.0470467       0.0000000477765109
     47.1471481       0.0000000475736040
     47.2472458       0.0000000473719696
     47.3473473       0.0000000471716442
     47.4474487       0.0000000469726048
     47.5475464       0.0000000467747824
     47.6476479       0.0000000465782440
     47.7477493       0.0000000463828979
     47.8478470       0.0000000461887985
     47.9479485       0.0000000459959119
     48.0480499       0.0000000458042470
     48.1481476       0.0000000456138076
     48.2482491       0.0000000454244935
     48.3483467       0.0000000452363678
     48.4484482       0.0000000450494423
     48.5485497       0.0000000448636501
     48.6486473       0.0000000446790395
     48.7487488       0.0000000444955340
     48.8488503       0.0000000443131369
     48.9489479       0.0000000441319003
     49.0490494       0.0000000439517268
     49.1491508       0.0000000437726496
     49.2492485       0.0000000435947560
     49.3493500       0.0000000434178647
     49.4494476       0.0000000432420817
     49.5495491       0.0000000430673845
     49.6496506       0.0000000428936255
     49.7497482       0.0000000427210384
     49.8498497       0.0000000425494649
     49.9499512       0.0000000423789006
     50.0500488       0.0000000422093992
     50.1501503       0.0000000420408654
     50.2502518       0.0000000418733562
     50.3503494       0.0000000417068627
     50.4504509       0.0000000415413442
     50.5505524       0.0000000413768335
     50.6506500       0.0000000412132524
     50.7507515       0.0000000410506747
     50.8508492       0.0000000408890787
     50.9509506       0.0000000407283924
     51.0510521       0.0000000405686710
     51.1511497       0.0000000404098818
     51.2512512       0.0000000402519707
     51.3513527       0.0000000400950552
     51.4514503       0.0000000399390400
     51.5515518       0.0000000397839523
     51.6516533       0.0000000396297507
     51.7517509       0.0000000394764362
     51.8518524       0.0000000393240110
     51.9519501       0.0000000391724579
     52.0520515       0.0000000390217629
     52.1521530       0.0000000388719560
     52.2522507       0.0000000387230455
     52.3523521       0.0000000385749847
     52.4524536       0.0000000384277151
     52.5525513       0.0000000382813074
     52.6526527       0.0000000381357512
     52.7527542       0.0000000379910651
     52.8528519       0.0000000378471557
     52.9529533       0.0000000377040231
     53.0530548       0.0000000375617852
     53.1531525       0.0000000374202859
     53.2532539       0.0000000372796076
     53.3533516       0.0000000371397416
     53.4534531       0.0000000370006021
     53.5535545       0.0000000368622918
     53.6536522       0.0000000367247471
     53.7537537       0.0000000365880072
     53.8538551       0.0000000364519248
     53.9539528       0.0000000363166978
     54.0540543       0.0000000361821841
     54.1541557       0.0000000360484421
     54.2542534       0.0000000359153998
     54.3543549       0.0000000357831216
     54.4544525       0.0000000356515855
     54.5545540       0.0000000355207698
     54.6546555       0.0000000353906096
     54.7547531       0.0000000352612611
     54.8548546       0.0000000351325677
     54.9549561       0.0000000350045752
     55.0550537       0.0000000348772638
     55.1551552       0.0000000347506766
     55.2552567       0.0000000346247612
     55.3553543       0.0000000344995563
     55.4554558       0.0000000343750079
     55.5555573       0.0000000342511276
     55.6556549       0.0000000341279349
     55.7557564       0.0000000340054070
     55.8558540       0.0000000338835168
     55.9559555       0.0000000337623063
     56.0560570       0.0000000336417354
     56.1561546       0.0000000335218331
     56.2562561       0.0000000334025196
     56.3563576       0.0000000332838338
     56.4564552       0.0000000331658458
     56.5565567       0.0000000330484093
     56.6566582       0.0000000329316737
     56.7567558       0.0000000328155040
     56.8568573       0.0000000326999426
     56.9569588       0.0000000325850249
     57.0570564       0.0000000324706772
     57.1571579       0.0000000323569999
     57.2572556       0.0000000322438265
     57.3573570       0.0000000321312822
     57.4574585       0.0000000320193382
     57.5575562       0.0000000319079837
     57.6576576       0.0000000317972147
     57.7577591       0.0000000316869897
     57.8578568       0.0000000315773351
     57.9579582       0.0000000314682800
     58.0580597       0.0000000313597820
     58.1581573       0.0000000312518457
     58.2582588       0.0000000311444674
     58.3583565       0.0000000310376012
     58.4584579       0.0000000309313124
     58.5585594       0.0000000308255889
     58.6586571       0.0000000307203688
     58.7587585       0.0000000306157279
     58.8588600       0.0000000305116105
     58.9589577       0.0000000304079711
     59.0590591       0.0000000303049262
     59.1591606       0.0000000302023810
     59.2592583       0.0000000301003567
     59.3593597       0.0000000299988284
     59.4594612       0.0000000298978423
     59.5595589       0.0000000297973424
     59.6596603       0.0000000296973676
     59.7597580       0.0000000295978984
     59.8598595       0.0000000294988908
     59.9599609       0.0000000294004254
     60.0600586       0.0000000293024312
     60.1601601       0.0000000292049225
     60.2602615       0.0000000291079076
     60.3603592       0.0000000290113764
     60.4604607       0.0000000289153109
     60.5605621       0.0000000288197386
     60.6606598       0.0000000287246413
     60.7607613       0.0000000286299911
     60.8608627       0.0000000285358080
     60.9609604       0.0000000284421298
     61.0610619       0.0000000283488643
     61.1611595       0.0000000282561003
     61.2612610       0.0000000281637711
     61.3613625       0.0000000280719059
     61.4614601       0.0000000279804458
     61.5615616       0.0000000278894476
     61.6616631       0.0000000277989247
     61.7617607       0.0000000277088259
     61.8618622       0.0000000276191546
     61.9619637       0.0000000275299226
     62.0620613       0.0000000274411368
     62.1621628       0.0000000273527890
     62.2622604       0.0000000272647974
     62.3623619       0.0000000271773209
     62.4624634       0.0000000270902014
     62.5625610       0.0000000270035269
     62.6626625       0.0000000269172424
     62.7627640       0.0000000268314255
     62.8628616       0.0000000267459634
     62.9629631       0.0000000266609401
     63.0630646       0.0000000265763106
     63.1631622       0.0000000264921020
     63.2632637       0.0000000264082558
     63.3633652       0.0000000263248322
     63.4634628       0.0000000262417949
     63.5635643       0.0000000261591628
     63.6636620       0.0000000260769000
     63.7637634       0.0000000259950283
     63.8638649       0.0000000259135416
     63.9639626       0.0000000258324476
     64.0640640       0.0000000257517600
     64.1641617       0.0000000256714173
     64.2642670       0.0000000255914209
     64.3643646       0.0000000255118417
     64.4644623       0.0000000254326334
     64.5645676       0.0000000253537776
     64.6646652       0.0000000252752839
     64.7647629       0.0000000251971806
     64.8648682       0.0000000251194117
     64.9649658       0.0000000250420212
     65.0650635       0.0000000249649772
     65.1651688       0.0000000248882690
     65.2652664       0.0000000248119447
     65.3653641       0.0000000247359729
     65.4654617       0.0000000246603296
     65.5655670       0.0000000245850380
     65.6656647       0.0000000245100989
     65.7657623       0.0000000244355074
     65.8658676       0.0000000243612215
     65.9659653       0.0000000242873053
     66.0660629       0.0000000242137257
     66.1661682       0.0000000241404784
     66.2662659       0.0000000240675378
     66.3663635       0.0000000239949579
     66.4664688       0.0000000239227021
     66.5665665       0.0000000238507459
     66.6666641       0.0000000237791271
     66.7667694       0.0000000237078379
     66.8668671       0.0000000236368536
     66.9669647       0.0000000235662310
     67.0670700       0.0000000234958769
     67.1671677       0.0000000234258570
     67.2672653       0.0000000233561616
     67.3673706       0.0000000232867451
     67.4674683       0.0000000232176707
     67.5675659       0.0000000231488908
     67.6676712       0.0000000230804136
     67.7677689       0.0000000230122262
     67.8678665       0.0000000229443402
     67.9679642       0.0000000228767772
     68.0680695       0.0000000228094950
     68.1681671       0.0000000227425280
     68.2682648       0.0000000226758465
     68.3683701       0.0000000226094568
     68.4684677       0.0000000225433497
     68.5685654       0.0000000224775312
     68.6686707       0.0000000224120321
     68.7687683       0.0000000223467788
     68.8688660       0.0000000222818356
     68.9689713       0.0000000222171594
     69.0690689       0.0000000221527827
     69.1691666       0.0000000220886640
     69.2692719       0.0000000220248399
     69.3693695       0.0000000219612890
     69.4694672       0.0000000218980008
     69.5695724       0.0000000218349841
     69.6696701       0.0000000217722662
     69.7697678       0.0000000217098050
     69.8698730       0.0000000216476000
     69.9699707       0.0000000215856579
     70.0700684       0.0000000215240331
     70.1701736       0.0000000214626186
     70.2702713       0.0000000214014696
     70.3703690       0.0000000213405949
     70.4704742       0.0000000212799643
     70.5705719       0.0000000212196267
     70.6706696       0.0000000211595159
     70.7707672       0.0000000210996732
     70.8708725       0.0000000210400815
     70.9709702       0.0000000209807346
     71.0710678       0.0000000209216419
     71.1711731       0.0000000208628014
     71.2712708       0.0000000208042037
     71.3713684       0.0000000207458691
     71.4714737       0.0000000206877715
     71.5715714       0.0000000206299142
     71.6716690       0.0000000205722974
     71.7717743       0.0000000205149108
     71.8718719       0.0000000204577683
     71.9719696       0.0000000204008843
     72.0720749       0.0000000203442275
     72.1721725       0.0000000202877987
     72.2722702       0.0000000202316219
     72.3723755       0.0000000201756504
     72.4724731       0.0000000201199310
     72.5725708       0.0000000200644389
     72.6726761       0.0000000200091675
     72.7727737       0.0000000199541223
     72.8728714       0.0000000198993196
     72.9729767       0.0000000198447339
     73.0730743       0.0000000197903746
     73.1731720       0.0000000197362431
     73.2732697       0.0000000196823509
     73.3733749       0.0000000196286351
     73.4734726       0.0000000195751568
     73.5735703       0.0000000195219144
     73.6736755       0.0000000194688688
     73.7737732       0.0000000194160250
     73.8738708       0.0000000193634231
     73.9739761       0.0000000193110413
     74.0740738       0.0000000192588658
     74.1741714       0.0000000192068875
     74.2742767       0.0000000191551200
     74.3743744       0.0000000191035819
     74.4744720       0.0000000190522350
     74.5745773       0.0000000190010955
     74.6746750       0.0000000189501489
     74.7747726       0.0000000188994310
     74.8748779       0.0000000188489177
     74.9749756       0.0000000187985915
     75.0750732       0.0000000187484681
     75.1751785       0.0000000186985489
     75.2752762       0.0000000186488255
     75.3753738       0.0000000185992844
     75.4754791       0.0000000185499788
     75.5755768       0.0000000185008461
     75.6756744       0.0000000184518958
     75.7757721       0.0000000184031632
     75.8758774       0.0000000183546279
     75.9759750       0.0000000183062751
     76.0760727       0.0000000182581114
     76.1761780       0.0000000182101183
     76.2762756       0.0000000181623328
     76.3763733       0.0000000181147369
     76.4764786       0.0000000180673250
     76.5765762       0.0000000180201053
     76.6766739       0.0000000179730518
     76.7767792       0.0000000179261978
     76.8768768       0.0000000178795288
     76.9769745       0.0000000178330507
     77.0770798       0.0000000177867272
     77.1771774       0.0000000177405963
     77.2772751       0.0000000176946610
     77.3773804       0.0000000176488695
     77.4774780       0.0000000176032737
     77.5775757       0.0000000175578462
     77.6776810       0.0000000175126100
     77.7777786       0.0000000174675244
     77.8778763       0.0000000174226431
     77.9779816       0.0000000173779264
     78.0780792       0.0000000173333879
     78.1781769       0.0000000172890043
     78.2782745       0.0000000172447901
     78.3783798       0.0000000172007375
     78.4784775       0.0000000171568626
     78.5785751       0.0000000171131746
     78.6786804       0.0000000170696475
     78.7787781       0.0000000170262772
     78.8788757       0.0000000169830699
     78.9789810       0.0000000169400238
     79.0790787       0.0000000168971450
     79.1791763       0.0000000168544329
     79.2792816       0.0000000168118827
     79.3793793       0.0000000167694902
     79.4794769       0.0000000167272603
     79.5795822       0.0000000166851868
     79.6796799       0.0000000166432564
     79.7797775       0.0000000166015115
     79.8798828       0.0000000165599118
     79.9799805       0.0000000165184559
     80.0800781       0.0000000164771706
     80.1801834       0.0000000164360323
     80.2802811       0.0000000163950552
     80.3803787       0.0000000163542354
     80.4804840       0.0000000163135553
     80.5805817       0.0000000162730395
     80.6806793       0.0000000162326816
     80.7807770       0.0000000161924506
     80.8808823       0.0000000161523820
     80.9809799       0.0000000161124498
     81.0810776       0.0000000160726646
     81.1811829       0.0000000160330511
     81.2812805       0.0000000159935677
     81.3813782       0.0000000159542252
     81.4814835       0.0000000159150388
     81.5815811       0.0000000158759934
     81.6816788       0.0000000158370843
     81.7817841       0.0000000157983160
     81.8818817       0.0000000157596902
     81.9819794       0.0000000157212158
     82.0820847       0.0000000156828931
     82.1821823       0.0000000156446943
     82.2822800       0.0000000156066317
     82.3823853       0.0000000155687173
     82.4824829       0.0000000155309331
     82.5825806       0.0000000154932882
     82.6826859       0.0000000154557853
     82.7827835       0.0000000154184207
     82.8828812       0.0000000153811842
     82.9829865       0.0000000153440864
     83.0830841       0.0000000153071206
     83.1831818       0.0000000152702789
     83.2832794       0.0000000152335740
     83.3833847       0.0000000151970097
     83.4834824       0.0000000151605832
     83.5835800       0.0000000151242601
     83.6836853       0.0000000150881083
     83.7837830       0.0000000150520497
     83.8838806       0.0000000150161395
     83.9839859       0.0000000149803535
     84.0840836       0.0000000149446790
     84.1841812       0.0000000149091583
     84.2842865       0.0000000148737597
     84.3843842       0.0000000148384743
     84.4844818       0.0000000148033094
     84.5845871       0.0000000147682879
     84.6846848       0.0000000147333851
     84.7847824       0.0000000146985998
     84.8848877       0.0000000146639280
     84.9849854       0.0000000146293962
     85.0850830       0.0000000145949803
     85.1851883       0.0000000145606895
     85.2852859       0.0000000145265216
     85.3853836       0.0000000144924625
     85.4854889       0.0000000144585379
     85.5855865       0.0000000144247176
     85.6856842       0.0000000143910415
     85.7857895       0.0000000143574545
     85.8858871       0.0000000143239888
     85.9859848       0.0000000142906466
     86.0860825       0.0000000142574126
     86.1861877       0.0000000142243073
     86.2862854       0.0000000141913201
     86.3863831       0.0000000141584345
     86.4864883       0.0000000141256508
     86.5865860       0.0000000140930089
     86.6866837       0.0000000140604756
     86.7867889       0.0000000140280392
     86.8868866       0.0000000139957226
     86.9869843       0.0000000139635216
     87.0870895       0.0000000139314261
     87.1871872       0.0000000138994274
     87.2872849       0.0000000138675589
     87.3873901       0.0000000138357969
     87.4874878       0.0000000138041617
     87.5875854       0.0000000137726022
     87.6876907       0.0000000137411766
     87.7877884       0.0000000137098398
     87.8878860       0.0000000136786226
     87.9879913       0.0000000136475021
     88.0880890       0.0000000136164806
     88.1881866       0.0000000135855796
     88.2882919       0.0000000135547908
     88.3883896       0.0000000135240947
     88.4884872       0.0000000134934970
     88.5885849       0.0000000134630091
     88.6886902       0.0000000134326318
     88.7887878       0.0000000134023506
     88.8888855       0.0000000133721712
     88.9889908       0.0000000133420880
     89.0890884       0.0000000133121121
     89.1891861       0.0000000132822444
     89.2892914       0.0000000132524562
     89.3893890       0.0000000132227913
     89.4894867       0.0000000131932115
     89.5895920       0.0000000131637493
     89.6896896       0.0000000131343748
     89.7897873       0.0000000131050910
     89.8898926       0.0000000130759192
     89.9899902       0.0000000130468311
     90.0900879       0.0000000130178418
     90.1901932       0.0000000129889526
     90.2902908       0.0000000129601513
     90.3903885       0.0000000129314494
     90.4904938       0.0000000129028538
     90.5905914       0.0000000128743452
     90.6906891       0.0000000128459284
     90.7907944       0.0000000128176039
     90.8908920       0.0000000127893765
     90.9909897       0.0000000127612415
     91.0910873       0.0000000127332120
     91.1911926       0.0000000127052610
     91.2912903       0.0000000126774033
     91.3913879       0.0000000126496387
     91.4914932       0.0000000126219566
     91.5915909       0.0000000125943738
     91.6916885       0.0000000125668923
     91.7917938       0.0000000125394752
     91.8918915       0.0000000125121753
     91.9919891       0.0000000124849475
     92.0920944       0.0000000124578095
     92.1921921       0.0000000124307639
     92.2922897       0.0000000124038060
     92.3923950       0.0000000123769358
     92.4924927       0.0000000123501518
     92.5925903       0.0000000123234563
     92.6926956       0.0000000122968453
     92.7927933       0.0000000122703221
     92.8928909       0.0000000122438816
     92.9929962       0.0000000122175283
     93.0930939       0.0000000121912612
     93.1931915       0.0000000121650794
     93.2932968       0.0000000121389683
     93.3933945       0.0000000121129566
     93.4934921       0.0000000120870271
     93.5935898       0.0000000120611813
     93.6936951       0.0000000120354163
     93.7937927       0.0000000120097308
     93.8938904       0.0000000119841277
     93.9939957       0.0000000119586086
     94.0940933       0.0000000119331765
     94.1941910       0.0000000119078112
     94.2942963       0.0000000118825308
     94.3943939       0.0000000118573383
     94.4944916       0.0000000118322176
     94.5945969       0.0000000118071841
     94.6946945       0.0000000117822369
     94.7947922       0.0000000117573471
     94.8948975       0.0000000117325502
     94.9949951       0.0000000117078300
     95.0950928       0.0000000116832033
     95.1951981       0.0000000116586254
     95.2952957       0.0000000116341441
     95.3953934       0.0000000116097340
     95.4954987       0.0000000115854039
     95.5955963       0.0000000115611380
     95.6956940       0.0000000115369654
     95.7957993       0.0000000115128554
     95.8958969       0.0000000114888300
     95.9959946       0.0000000114648658
     96.0960999       0.0000000114409806
     96.1961975       0.0000000114171888
     96.2962952       0.0000000113934572
     96.3963928       0.0000000113697970
     96.4964981       0.0000000113462127
     96.5965958       0.0000000113227044
     96.6966934       0.0000000112992683
     96.7967987       0.0000000112758995
     96.8968964       0.0000000112526037
     96.9969940       0.0000000112293815
     97.0970993       0.0000000112062390
     97.1971970       0.0000000111831595
     97.2972946       0.0000000111601505
     97.3973999       0.0000000111372119
     97.4974976       0.0000000111143624
     97.5975952       0.0000000110915596
     97.6977005       0.0000000110688327
     97.7977982       0.0000000110461778
     97.8978958       0.0000000110236018
     97.9980011       0.0000000110010826
     98.0980988       0.0000000109786354
     98.1981964       0.0000000109562602
     98.2983017       0.0000000109339494
     98.3983994       0.0000000109117060
     98.4984970       0.0000000108895309
     98.5986023       0.0000000108674327
     98.6987000       0.0000000108453954
     98.7987976       0.0000000108234217
     98.8988953       0.0000000108015168
     98.9990005       0.0000000107796909
     99.0990982       0.0000000107579184
     99.1991959       0.0000000107362017
     99.2993011       0.0000000107145696
     99.3993988       0.0000000106929932
     99.4994965       0.0000000106714833
     99.5996017       0.0000000106500353
     99.6996994       0.0000000106286440
     99.7997971       0.0000000106073394
     99.8999023       0.0000000105860742
    100.0000000       0.0000000105648865
