# x		H(x,a)
      0.0000000       1.0000000000000000
      0.1001001       0.9900299906730652
      0.2002002       0.9607124924659729
      0.3003003       0.9137664437294006
      0.4004004       0.8518707156181335
      0.5005005       0.7784109115600586
      0.6006006       0.6971734166145325
      0.7007007       0.6120254397392273
      0.8008008       0.5266169309616089
      0.9009009       0.4441368877887726
      1.0010010       0.3671538927697259
      1.1011012       0.2975052906550631
      1.2012012       0.2362922994158855
      1.3013012       0.1839545894835707
      1.4014014       0.1403712736627394
      1.5015016       0.1049917729248046
      1.6016016       0.0769744591747445
      1.7017016       0.0553171424002290
      1.8018018       0.0389677567916402
      1.9019020       0.0269091827528388
      2.0020020       0.0182167309835114
      2.1021020       0.0120907534418556
      2.2022023       0.0078688067369843
      2.3023024       0.0050226592313516
      2.4024024       0.0031454392248745
      2.5025024       0.0019337656716770
      2.6026025       0.0011682078261635
      2.7027028       0.0006945957439476
      2.8028028       0.0004075931580262
      2.9029028       0.0002371372390742
      3.0030031       0.0001378324101885
      3.1031032       0.0000810056857333
      3.2032032       0.0000489910089057
      3.3033032       0.0000311658806670
      3.4034033       0.0000212935959436
      3.5035036       0.0000157964030764
      3.6036036       0.0000126678446073
      3.7037036       0.0000108067317905
      3.8038039       0.0000096209395843
      3.9039040       0.0000087978127152
      4.0040040       0.0000081746815141
      4.1041040       0.0000076676525154
      4.2042041       0.0000072333890308
      4.3043041       0.0000068490919854
      4.4044046       0.0000065022832681
      4.5045047       0.0000061856143172
      4.6046047       0.0000058943643630
      4.7047048       0.0000056251899907
      4.8048048       0.0000053755331416
      4.9049048       0.0000051433155683
      5.0050049       0.0000049267828385
      5.1051049       0.0000047244303095
      5.2052050       0.0000045349514873
      5.3053055       0.0000043571949065
      5.4054055       0.0000041901422293
      5.5055056       0.0000040328986600
      5.6056056       0.0000038846671104
      5.7057056       0.0000037447151115
      5.8058057       0.0000036124168460
      5.9059057       0.0000034871906511
      6.0060062       0.0000033685100929
      6.1061063       0.0000032559190200
      6.2062063       0.0000031489832933
      6.3063064       0.0000030473165862
      6.4064064       0.0000029505640363
      6.5065064       0.0000028584058838
      6.6066065       0.0000027705468938
      6.7067065       0.0000026867168463
      6.8068066       0.0000026066672038
      6.9069071       0.0000025301652998
      7.0070071       0.0000024570026731
      7.1071072       0.0000023869892121
      7.2072072       0.0000023199376761
      7.3073072       0.0000022556791415
      7.4074073       0.0000021940673234
      7.5075073       0.0000021349473018
      7.6076078       0.0000020781915108
      7.7077079       0.0000020236718370
      7.8078079       0.0000019712721196
      7.9079080       0.0000019208822754
      8.0080080       0.0000018724008944
      8.1081085       0.0000018257336344
      8.2082081       0.0000017807881704
      8.3083086       0.0000017374822236
      8.4084082       0.0000016957363700
      8.5085087       0.0000016554742646
      8.6086082       0.0000016166313957
      8.7087088       0.0000015791369416
      8.8088093       0.0000015429305384
      8.9089088       0.0000015079541044
      9.0090094       0.0000014741522044
      9.1091089       0.0000014414739925
      9.2092094       0.0000014098686110
      9.3093090       0.0000013792894777
      9.4094095       0.0000013496939872
      9.5095091       0.0000013210402738
      9.6096096       0.0000012932895039
      9.7097101       0.0000012664020920
      9.8098097       0.0000012403433994
      9.9099102       0.0000012150818186
     10.0100098       0.0000011905812110
     10.1101103       0.0000011668130137
     10.2102098       0.0000011437512494
     10.3103104       0.0000011213647417
     10.4104099       0.0000010996298224
     10.5105104       0.0000010785189112
     10.6106110       0.0000010580109816
     10.7107105       0.0000010380814814
     10.8108110       0.0000010187085328
     10.9109106       0.0000009998730110
     11.0110111       0.0000009815552831
     11.1111107       0.0000009637359653
     11.2112112       0.0000009463975930
     11.3113117       0.0000009295230005
     11.4114113       0.0000009130956117
     11.5115118       0.0000008970992745
     11.6116114       0.0000008815187100
     11.7117119       0.0000008663419787
     11.8118114       0.0000008515533382
     11.9119120       0.0000008371397999
     12.0120125       0.0000008230896984
     12.1121120       0.0000008093893307
     12.2122126       0.0000007960298066
     12.3123121       0.0000007829975651
     12.4124126       0.0000007702826013
     12.5125122       0.0000007578753429
     12.6126127       0.0000007457652300
     12.7127123       0.0000007339433755
     12.8128128       0.0000007224008550
     12.9129133       0.0000007111282425
     13.0130129       0.0000007001175155
     13.1131134       0.0000006893598432
     13.2132130       0.0000006788490578
     13.3133135       0.0000006685767485
     13.4134130       0.0000006585372951
     13.5135136       0.0000006487205999
     13.6136131       0.0000006391226260
     13.7137136       0.0000006297365554
     13.8138142       0.0000006205556825
     13.9139137       0.0000006115732594
     14.0140142       0.0000006027856694
     14.1141138       0.0000005941865842
     14.2142143       0.0000005857696893
     14.3143139       0.0000005775301352
     14.4144144       0.0000005694636630
     14.5145149       0.0000005615654914
     14.6146145       0.0000005538305058
     14.7147150       0.0000005462546491
     14.8148146       0.0000005388328932
     14.9149151       0.0000005315610666
     15.0150146       0.0000005244367746
     15.1151152       0.0000005174534020
     15.2152157       0.0000005106097806
     15.3153152       0.0000005039009130
     15.4154158       0.0000004973234242
     15.5155153       0.0000004908740655
     15.6156158       0.0000004845492163
     15.7157154       0.0000004783467065
     15.8158159       0.0000004722621068
     15.9159155       0.0000004662929297
     16.0160160       0.0000004604361982
     16.1161156       0.0000004546897974
     16.2162170       0.0000004490500481
     16.3163166       0.0000004435147740
     16.4164162       0.0000004380807990
     16.5165157       0.0000004327470601
     16.6166172       0.0000004275095668
     16.7167168       0.0000004223668588
     16.8168163       0.0000004173167284
     16.9169178       0.0000004123566571
     17.0170174       0.0000004074844968
     17.1171169       0.0000004026981761
     17.2172165       0.0000003979960743
     17.3173180       0.0000003933753258
     17.4174175       0.0000003888352939
     17.5175171       0.0000003843735526
     17.6176186       0.0000003799875910
     17.7177181       0.0000003756769492
     17.8178177       0.0000003714392981
     17.9179173       0.0000003672726754
     18.0180187       0.0000003631758236
     18.1181183       0.0000003591477255
     18.2182178       0.0000003551860378
     18.3183174       0.0000003512899053
     18.4184189       0.0000003474571704
     18.5185184       0.0000003436868188
     18.6186180       0.0000003399777554
     18.7187195       0.0000003363289667
     18.8188190       0.0000003327380232
     18.9189186       0.0000003292044910
     19.0190182       0.0000003257268645
     19.1191196       0.0000003223044758
     19.2192192       0.0000003189357546
     19.3193188       0.0000003156193183
     19.4194202       0.0000003123547558
     19.5195198       0.0000003091406194
     19.6196194       0.0000003059758905
     19.7197189       0.0000003028591768
     19.8198204       0.0000002997900383
     19.9199200       0.0000002967678308
     20.0200195       0.0000002937907246
     20.1201210       0.0000002908580321
     20.2202206       0.0000002879695508
     20.3203201       0.0000002851236964
     20.4204197       0.0000002823199477
     20.5205212       0.0000002795574369
     20.6206207       0.0000002768350744
     20.7207203       0.0000002741526241
     20.8208199       0.0000002715087662
     20.9209213       0.0000002689033616
     21.0210209       0.0000002663352140
     21.1211205       0.0000002638034259
     21.2212219       0.0000002613077166
     21.3213215       0.0000002588474084
     21.4214211       0.0000002564215767
     21.5215206       0.0000002540301210
     21.6216221       0.0000002516716951
     21.7217216       0.0000002493461215
     21.8218212       0.0000002470521921
     21.9219227       0.0000002447902384
     22.0220222       0.0000002425593912
     22.1221218       0.0000002403585756
     22.2222214       0.0000002381879036
     22.3223228       0.0000002360463844
     22.4224224       0.0000002339334684
     22.5225220       0.0000002318490966
     22.6226234       0.0000002297924084
     22.7227230       0.0000002277629240
     22.8228226       0.0000002257603665
     22.9229221       0.0000002237840227
     23.0230236       0.0000002218335280
     23.1231232       0.0000002199086417
     23.2232227       0.0000002180086408
     23.3233242       0.0000002161329496
     23.4234238       0.0000002142815171
     23.5235233       0.0000002124540288
     23.6236229       0.0000002106495719
     23.7237244       0.0000002088682936
     23.8238239       0.0000002071093044
     23.9239235       0.0000002053725377
     24.0240250       0.0000002036573214
     24.1241245       0.0000002019639345
     24.2242241       0.0000002002912579
     24.3243237       0.0000001986394518
     24.4244251       0.0000001970078607
     24.5245247       0.0000001953965580
     24.6246243       0.0000001938049384
     24.7247238       0.0000001922325086
     24.8248253       0.0000001906794361
     24.9249249       0.0000001891447962
     25.0250244       0.0000001876288197
     25.1251259       0.0000001861309643
     25.2252254       0.0000001846511248
     25.3253250       0.0000001831888508
     25.4254246       0.0000001817436061
     25.5255260       0.0000001803156812
     25.6256256       0.0000001789043923
     25.7257252       0.0000001775097218
     25.8258266       0.0000001761313400
     25.9259262       0.0000001747689482
     26.0260258       0.0000001734221753
     26.1261253       0.0000001720911834
     26.2262268       0.0000001707752808
     26.3263264       0.0000001694743449
     26.4264259       0.0000001681883776
     26.5265274       0.0000001669167867
     26.6266270       0.0000001656599192
     26.7267265       0.0000001644170606
     26.8268261       0.0000001631881382
     26.9269276       0.0000001619729838
     27.0270271       0.0000001607712544
     27.1271267       0.0000001595829725
     27.2272263       0.0000001584077853
     27.3273277       0.0000001572455719
     27.4274273       0.0000001560961777
     27.5275269       0.0000001549592363
     27.6276283       0.0000001538346439
     27.7277279       0.0000001527224153
     27.8278275       0.0000001516221153
     27.9279270       0.0000001505336221
     28.0280285       0.0000001494569667
     28.1281281       0.0000001483916254
     28.2282276       0.0000001473379560
     28.3283291       0.0000001462951484
     28.4284286       0.0000001452636199
     28.5285282       0.0000001442428118
     28.6286278       0.0000001432328529
     28.7287292       0.0000001422333819
     28.8288288       0.0000001412443882
     28.9289284       0.0000001402656941
     29.0290298       0.0000001392970729
     29.1291294       0.0000001383385300
     29.2292290       0.0000001373898245
     29.3293285       0.0000001364509870
     29.4294300       0.0000001355216360
     29.5295296       0.0000001346016865
     29.6296291       0.0000001336911258
     29.7297306       0.0000001327898041
     29.8298302       0.0000001318974763
     29.9299297       0.0000001310142270
     30.0300293       0.0000001301399297
     30.1301308       0.0000001292740394
     30.2302303       0.0000001284170763
     30.3303299       0.0000001275684591
     30.4304314       0.0000001267283290
     30.5305309       0.0000001258964108
     30.6306305       0.0000001250726373
     30.7307301       0.0000001242570403
     30.8308315       0.0000001234492918
     30.9309311       0.0000001226494121
     31.0310307       0.0000001218573866
     31.1311302       0.0000001210728871
     31.2312317       0.0000001202959974
     31.3313313       0.0000001195266420
     31.4314308       0.0000001187644951
     31.5315323       0.0000001180097080
     31.6316319       0.0000001172621199
     31.7317314       0.0000001165215058
     31.8318310       0.0000001157880792
     31.9319324       0.0000001150612825
     32.0320320       0.0000001143415198
     32.1321335       0.0000001136286119
     32.2322311       0.0000001129221165
     32.3323326       0.0000001122223230
     32.4324341       0.0000001115289069
     32.5325317       0.0000001108420275
     32.6326332       0.0000001101614244
     32.7327309       0.0000001094870023
     32.8328323       0.0000001088188104
     32.9329338       0.0000001081567151
     33.0330315       0.0000001075006518
     33.1331329       0.0000001068505709
     33.2332344       0.0000001062065038
     33.3333321       0.0000001055680883
     33.4334335       0.0000001049354030
     33.5335350       0.0000001043084346
     33.6336327       0.0000001036870026
     33.7337341       0.0000001030711381
     33.8338356       0.0000001024608490
     33.9339333       0.0000001018558527
     34.0340347       0.0000001012562270
     34.1341324       0.0000001006620645
     34.2342339       0.0000001000728782
     34.3343353       0.0000000994888363
     34.4344330       0.0000000989100589
     34.5345345       0.0000000983362519
     34.6346359       0.0000000977673922
     34.7347336       0.0000000972035985
     34.8348351       0.0000000966445139
     34.9349365       0.0000000960902978
     35.0350342       0.0000000955408460
     35.1351357       0.0000000949960904
     35.2352371       0.0000000944558969
     35.3353348       0.0000000939204269
     35.4354362       0.0000000933894639
     35.5355339       0.0000000928630244
     35.6356354       0.0000000923409038
     35.7357368       0.0000000918233569
     35.8358345       0.0000000913100716
     35.9359360       0.0000000908010369
     36.0360374       0.0000000902962509
     36.1361351       0.0000000897956896
     36.2362366       0.0000000892993295
     36.3363380       0.0000000888069815
     36.4364357       0.0000000883187271
     36.5365372       0.0000000878344870
     36.6366348       0.0000000873542442
     36.7367363       0.0000000868779919
     36.8368378       0.0000000864055437
     36.9369354       0.0000000859369794
     37.0370369       0.0000000854721071
     37.1371384       0.0000000850111513
     37.2372360       0.0000000845539105
     37.3373375       0.0000000841001789
     37.4374390       0.0000000836502538
     37.5375366       0.0000000832039135
     37.6376381       0.0000000827610390
     37.7377396       0.0000000823217523
     37.8378372       0.0000000818861104
     37.9379387       0.0000000814536581
     38.0380363       0.0000000810247760
     38.1381378       0.0000000805992473
     38.2382393       0.0000000801770346
     38.3383369       0.0000000797581684
     38.4384384       0.0000000793426216
     38.5385399       0.0000000789302530
     38.6386375       0.0000000785210391
     38.7387390       0.0000000781151369
     38.8388405       0.0000000777122486
     38.9389381       0.0000000773124999
     39.0390396       0.0000000769158711
     39.1391373       0.0000000765222193
     39.2392387       0.0000000761317188
     39.3393402       0.0000000757441214
     39.4394379       0.0000000753594515
     39.5395393       0.0000000749776971
     39.6396408       0.0000000745988455
     39.7397385       0.0000000742228334
     39.8398399       0.0000000738498292
     39.9399414       0.0000000734794553
     40.0400391       0.0000000731119522
     40.1401405       0.0000000727470964
     40.2402420       0.0000000723850805
     40.3403397       0.0000000720257038
     40.4404411       0.0000000716689727
     40.5405388       0.0000000713149392
     40.6406403       0.0000000709635011
     40.7407417       0.0000000706146683
     40.8408394       0.0000000702684496
     40.9409409       0.0000000699247137
     41.0410423       0.0000000695834872
     41.1411400       0.0000000692447835
     41.2412415       0.0000000689084702
     41.3413429       0.0000000685747059
     41.4414406       0.0000000682433316
     41.5415421       0.0000000679143003
     41.6416397       0.0000000675876711
     41.7417412       0.0000000672634527
     41.8418427       0.0000000669414895
     41.9419403       0.0000000666218370
     42.0420418       0.0000000663045439
     42.1421432       0.0000000659894661
     42.2422409       0.0000000656765711
     42.3423424       0.0000000653659994
     42.4424438       0.0000000650575473
     42.5425415       0.0000000647513481
     42.6426430       0.0000000644472392
     42.7427444       0.0000000641452737
     42.8428421       0.0000000638455034
     42.9429436       0.0000000635477535
     43.0430412       0.0000000632520437
     43.1431427       0.0000000629584892
     43.2432442       0.0000000626669204
     43.3433418       0.0000000623774215
     43.4434433       0.0000000620898916
     43.5435448       0.0000000618043574
     43.6436424       0.0000000615207919
     43.7437439       0.0000000612390981
     43.8438454       0.0000000609594474
     43.9439430       0.0000000606816447
     44.0440445       0.0000000604057767
     44.1441460       0.0000000601317728
     44.2442436       0.0000000598595887
     44.3443451       0.0000000595892589
     44.4444427       0.0000000593208745
     44.5445442       0.0000000590541768
     44.6446457       0.0000000587892491
     44.7447433       0.0000000585262020
     44.8448448       0.0000000582648632
     44.9449463       0.0000000580052302
     45.0450439       0.0000000577474096
     45.1451454       0.0000000574913411
     45.2452469       0.0000000572368477
     45.3453445       0.0000000569841164
     45.4454460       0.0000000567330643
     45.5455437       0.0000000564836038
     45.6456451       0.0000000562358131
     45.7457466       0.0000000559896984
     45.8458443       0.0000000557451302
     45.9459457       0.0000000555022248
     46.0460472       0.0000000552608563
     46.1461449       0.0000000550210554
     46.2462463       0.0000000547828271
     46.3463478       0.0000000545461465
     46.4464455       0.0000000543110168
     46.5465469       0.0000000540773874
     46.6466484       0.0000000538452400
     46.7467461       0.0000000536146038
     46.8468475       0.0000000533853967
     46.9469452       0.0000000531577657
     47.0470467       0.0000000529315269
     47.1471481       0.0000000527067312
     47.2472458       0.0000000524833384
     47.3473473       0.0000000522614025
     47.4474487       0.0000000520408827
     47.5475464       0.0000000518217198
     47.6476479       0.0000000516039704
     47.7477493       0.0000000513875476
     47.8478470       0.0000000511725045
     47.9479485       0.0000000509588070
     48.0480499       0.0000000507464613
     48.1481476       0.0000000505354732
     48.2482491       0.0000000503257332
     48.3483467       0.0000000501173116
     48.4484482       0.0000000499102134
     48.5485497       0.0000000497043757
     48.6486473       0.0000000494998427
     48.7487488       0.0000000492965404
     48.8488503       0.0000000490944648
     48.9489479       0.0000000488936695
     49.0490494       0.0000000486940564
     49.1491508       0.0000000484956584
     49.2492485       0.0000000482985672
     49.3493500       0.0000000481025904
     49.4494476       0.0000000479078415
     49.5495491       0.0000000477142952
     49.6496506       0.0000000475217852
     49.7497482       0.0000000473305790
     49.8498497       0.0000000471404925
     49.9499512       0.0000000469515225
     50.0500488       0.0000000467637342
     50.1501503       0.0000000465770155
     50.2502518       0.0000000463914317
     50.3503494       0.0000000462069785
     50.4504509       0.0000000460235970
     50.5505524       0.0000000458413373
     50.6506500       0.0000000456601058
     50.7507515       0.0000000454799874
     50.8508492       0.0000000453009532
     50.9509506       0.0000000451229265
     51.0510521       0.0000000449459722
     51.1511497       0.0000000447700533
     51.2512512       0.0000000445951024
     51.3513527       0.0000000444212576
     51.4514503       0.0000000442484082
     51.5515518       0.0000000440765845
     51.6516533       0.0000000439057441
     51.7517509       0.0000000437358879
     51.8518524       0.0000000435670172
     51.9519501       0.0000000433991124
     52.0520515       0.0000000432321571
     52.1521530       0.0000000430661877
     52.2522507       0.0000000429012068
     52.3523521       0.0000000427371716
     52.4524536       0.0000000425740117
     52.5525513       0.0000000424118070
     52.6526527       0.0000000422505452
     52.7527542       0.0000000420902477
     52.8528519       0.0000000419308110
     52.9529533       0.0000000417722371
     53.0530548       0.0000000416146526
     53.1531525       0.0000000414578825
     53.2532539       0.0000000413020225
     53.3533516       0.0000000411470667
     53.4534531       0.0000000409929151
     53.5535545       0.0000000408396839
     53.6536522       0.0000000406872966
     53.7537537       0.0000000405358019
     53.8538551       0.0000000403850342
     53.9539528       0.0000000402352213
     54.0540543       0.0000000400861922
     54.1541557       0.0000000399380206
     54.2542534       0.0000000397906207
     54.3543549       0.0000000396440694
     54.4544525       0.0000000394983410
     54.5545540       0.0000000393534105
     54.6546555       0.0000000392092059
     54.7547531       0.0000000390659028
     54.8548546       0.0000000389233206
     54.9549561       0.0000000387815235
     55.0550537       0.0000000386404752
     55.1551552       0.0000000385002258
     55.2552567       0.0000000383607245
     55.3553543       0.0000000382220097
     55.4554558       0.0000000380840244
     55.5555573       0.0000000379467768
     55.6556549       0.0000000378102930
     55.7557564       0.0000000376745425
     55.8558540       0.0000000375395008
     55.9559555       0.0000000374052137
     56.0560570       0.0000000372716296
     56.1561546       0.0000000371387936
     56.2562561       0.0000000370066034
     56.3563576       0.0000000368751136
     56.4564552       0.0000000367443970
     56.5565567       0.0000000366142886
     56.6566582       0.0000000364849580
     56.7567558       0.0000000363562516
     56.8568573       0.0000000362282189
     56.9569588       0.0000000361009049
     57.0570564       0.0000000359742209
     57.1571579       0.0000000358482780
     57.2572556       0.0000000357228926
     57.3573570       0.0000000355982034
     57.4574585       0.0000000354741797
     57.5575562       0.0000000353508111
     57.6576576       0.0000000352280884
     57.7577591       0.0000000351059734
     57.8578568       0.0000000349844847
     57.9579582       0.0000000348636640
     58.0580597       0.0000000347434579
     58.1581573       0.0000000346238790
     58.2582588       0.0000000345049107
     58.3583565       0.0000000343865183
     58.4584579       0.0000000342687623
     58.5585594       0.0000000341516262
     58.6586571       0.0000000340350571
     58.7587585       0.0000000339191249
     58.8588600       0.0000000338037706
     58.9589577       0.0000000336889470
     59.0590591       0.0000000335747880
     59.1591606       0.0000000334611755
     59.2592583       0.0000000333481383
     59.3593597       0.0000000332356592
     59.4594612       0.0000000331237800
     59.5595589       0.0000000330124304
     59.6596603       0.0000000329016746
     59.7597580       0.0000000327914694
     59.8598595       0.0000000326817818
     59.9599609       0.0000000325726910
     60.0600586       0.0000000324641241
     60.1601601       0.0000000323560927
     60.2602615       0.0000000322486110
     60.3603592       0.0000000321416629
     60.4604607       0.0000000320352349
     60.5605621       0.0000000319293484
     60.6606598       0.0000000318239899
     60.7607613       0.0000000317191283
     60.8608627       0.0000000316147805
     60.9609604       0.0000000315109951
     61.0610619       0.0000000314076661
     61.1611595       0.0000000313048930
     61.2612610       0.0000000312026062
     61.3613625       0.0000000311008206
     61.4614601       0.0000000309994981
     61.5615616       0.0000000308986826
     61.6616631       0.0000000307983889
     61.7617607       0.0000000306985705
     61.8618622       0.0000000305992221
     61.9619637       0.0000000305003628
     62.0620613       0.0000000304019978
     62.1621628       0.0000000303041188
     62.2622604       0.0000000302066313
     62.3623619       0.0000000301097155
     62.4624634       0.0000000300131931
     62.5625610       0.0000000299171717
     62.6626625       0.0000000298215747
     62.7627640       0.0000000297265008
     62.8628616       0.0000000296318151
     62.9629631       0.0000000295376162
     63.0630646       0.0000000294438563
     63.1631622       0.0000000293505623
     63.2632637       0.0000000292576704
     63.3633652       0.0000000291652441
     63.4634628       0.0000000290732464
     63.5635643       0.0000000289817007
     63.6636620       0.0000000288905618
     63.7637634       0.0000000287998544
     63.8638649       0.0000000287095759
     63.9639626       0.0000000286197318
     64.0640640       0.0000000285303390
     64.1641617       0.0000000284413260
     64.2642670       0.0000000283526972
     64.3643646       0.0000000282645349
     64.4644623       0.0000000281767792
     64.5645676       0.0000000280894166
     64.6646652       0.0000000280024507
     64.7647629       0.0000000279159232
     64.8648682       0.0000000278297617
     64.9649658       0.0000000277440188
     65.0650635       0.0000000276586618
     65.1651688       0.0000000275736781
     65.2652664       0.0000000274891169
     65.3653641       0.0000000274049500
     65.4654617       0.0000000273211452
     65.5655670       0.0000000272377307
     65.6656647       0.0000000271547076
     65.7657623       0.0000000270720634
     65.8658676       0.0000000269897643
     65.9659653       0.0000000269078732
     66.0660629       0.0000000268263547
     66.1661682       0.0000000267452026
     66.2662659       0.0000000266643943
     66.3663635       0.0000000265839814
     66.4664688       0.0000000265039286
     66.5665665       0.0000000264242074
     66.6666641       0.0000000263448624
     66.7667694       0.0000000262658809
     66.8668671       0.0000000261872361
     66.9669647       0.0000000261089940
     67.0670700       0.0000000260310480
     67.1671677       0.0000000259534734
     67.2672653       0.0000000258762589
     67.3673706       0.0000000257993535
     67.4674683       0.0000000257228254
     67.5675659       0.0000000256466250
     67.6676712       0.0000000255707600
     67.7677689       0.0000000254952137
     67.8678665       0.0000000254200029
     67.9679642       0.0000000253451489
     68.0680695       0.0000000252706087
     68.1681671       0.0000000251964162
     68.2682648       0.0000000251225376
     68.3683701       0.0000000250489835
     68.4684677       0.0000000249757452
     68.5685654       0.0000000249028268
     68.6686707       0.0000000248302593
     68.7687683       0.0000000247579657
     68.8688660       0.0000000246860141
     68.9689713       0.0000000246143597
     69.0690689       0.0000000245430386
     69.1691666       0.0000000244720015
     69.2692719       0.0000000244012891
     69.3693695       0.0000000243308817
     69.4694672       0.0000000242607639
     69.5695724       0.0000000241909473
     69.6696701       0.0000000241214630
     69.7697678       0.0000000240522638
     69.8698730       0.0000000239833463
     69.9699707       0.0000000239147203
     70.0700684       0.0000000238464466
     70.1701736       0.0000000237784043
     70.2702713       0.0000000237106572
     70.3703690       0.0000000236432152
     70.4704742       0.0000000235760426
     70.5705719       0.0000000235091945
     70.6706696       0.0000000234425996
     70.7707672       0.0000000233762987
     70.8708725       0.0000000233102771
     70.9709702       0.0000000232445271
     71.0710678       0.0000000231790580
     71.1711731       0.0000000231138672
     71.2712708       0.0000000230489492
     71.3713684       0.0000000229843189
     71.4714737       0.0000000229199538
     71.5715714       0.0000000228558542
     71.6716690       0.0000000227920202
     71.7717743       0.0000000227284420
     71.8718719       0.0000000226651343
     71.9719696       0.0000000226021122
     72.0720749       0.0000000225393413
     72.1721725       0.0000000224768254
     72.2722702       0.0000000224145856
     72.3723755       0.0000000223525759
     72.4724731       0.0000000222908453
     72.5725708       0.0000000222293647
     72.6726761       0.0000000221681295
     72.7727737       0.0000000221071447
     72.8728714       0.0000000220464308
     72.9729767       0.0000000219859516
     73.0730743       0.0000000219257286
     73.1731720       0.0000000218657569
     73.2732697       0.0000000218060483
     73.3733749       0.0000000217465386
     73.4734726       0.0000000216872893
     73.5735703       0.0000000216283028
     73.6736755       0.0000000215695315
     73.7737732       0.0000000215109849
     73.8738708       0.0000000214527099
     73.9739761       0.0000000213946762
     74.0740738       0.0000000213368713
     74.1741714       0.0000000212792819
     74.2742767       0.0000000212219308
     74.3743744       0.0000000211648320
     74.4744720       0.0000000211079452
     74.5745773       0.0000000210512878
     74.6746750       0.0000000209948431
     74.7747726       0.0000000209386535
     74.8748779       0.0000000208826905
     74.9749756       0.0000000208269312
     75.0750732       0.0000000207714013
     75.1751785       0.0000000207160970
     75.2752762       0.0000000206610063
     75.3753738       0.0000000206061209
     75.4754791       0.0000000205514945
     75.5755768       0.0000000204970617
     75.6756744       0.0000000204428297
     75.7757721       0.0000000203888384
     75.8758774       0.0000000203350674
     75.9759750       0.0000000202814973
     76.0760727       0.0000000202281350
     76.1761780       0.0000000201749632
     76.2762756       0.0000000201220229
     76.3763733       0.0000000200692909
     76.4764786       0.0000000200167648
     76.5765762       0.0000000199644481
     76.6766739       0.0000000199123176
     76.7767792       0.0000000198604073
     76.8768768       0.0000000198087053
     76.9769745       0.0000000197572140
     77.0770798       0.0000000197058885
     77.1771774       0.0000000196547800
     77.2772751       0.0000000196038908
     77.3773804       0.0000000195531591
     77.4774780       0.0000000195026419
     77.5775757       0.0000000194523140
     77.6776810       0.0000000194021950
     77.7777786       0.0000000193522471
     77.8778763       0.0000000193025205
     77.9779816       0.0000000192529803
     78.0780792       0.0000000192036355
     78.1781769       0.0000000191544641
     78.2782745       0.0000000191054793
     78.3783798       0.0000000190566741
     78.4784775       0.0000000190080646
     78.5785751       0.0000000189596625
     78.6786804       0.0000000189114369
     78.7787781       0.0000000188633883
     78.8788757       0.0000000188155199
     78.9789810       0.0000000187678282
     79.0790787       0.0000000187203227
     79.1791763       0.0000000186730028
     79.2792816       0.0000000186258611
     79.3793793       0.0000000185788934
     79.4794769       0.0000000185321072
     79.5795822       0.0000000184854945
     79.6796799       0.0000000184390405
     79.7797775       0.0000000183927916
     79.8798828       0.0000000183467013
     79.9799805       0.0000000183007749
     80.0800781       0.0000000182550349
     80.1801834       0.0000000182094566
     80.2802811       0.0000000181640592
     80.3803787       0.0000000181188348
     80.4804840       0.0000000180737649
     80.5805817       0.0000000180288772
     80.6806793       0.0000000179841655
     80.7807770       0.0000000179395953
     80.8808823       0.0000000178952003
     80.9809799       0.0000000178509618
     81.0810776       0.0000000178068829
     81.1811829       0.0000000177629953
     81.2812805       0.0000000177192519
     81.3813782       0.0000000176756657
     81.4814835       0.0000000176322498
     81.5815811       0.0000000175889913
     81.6816788       0.0000000175458823
     81.7817841       0.0000000175029314
     81.8818817       0.0000000174601385
     81.9819794       0.0000000174175136
     82.0820847       0.0000000173750559
     82.1821823       0.0000000173327355
     82.2822800       0.0000000172905669
     82.3823853       0.0000000172485582
     82.4824829       0.0000000172066994
     82.5825806       0.0000000171649923
     82.6826859       0.0000000171234421
     82.7827835       0.0000000170820457
     82.8828812       0.0000000170407924
     82.9829865       0.0000000169996911
     83.0830841       0.0000000169587366
     83.1831818       0.0000000169179211
     83.2832794       0.0000000168772549
     83.3833847       0.0000000168367466
     83.4834824       0.0000000167963885
     83.5835800       0.0000000167561472
     83.6836853       0.0000000167160935
     83.7837830       0.0000000166761433
     83.8838806       0.0000000166363610
     83.9839859       0.0000000165967131
     84.0840836       0.0000000165571891
     84.1841812       0.0000000165178355
     84.2842865       0.0000000164786180
     84.3843842       0.0000000164395246
     84.4844818       0.0000000164005667
     84.5845871       0.0000000163617654
     84.6846848       0.0000000163230977
     84.7847824       0.0000000162845593
     84.8848877       0.0000000162461461
     84.9849854       0.0000000162078884
     85.0850830       0.0000000161697586
     85.1851883       0.0000000161317669
     85.2852859       0.0000000160939124
     85.3853836       0.0000000160561776
     85.4854889       0.0000000160185937
     85.5855865       0.0000000159811260
     85.6856842       0.0000000159438147
     85.7857895       0.0000000159066038
     85.8858871       0.0000000158695265
     85.9859848       0.0000000158325862
     86.0860825       0.0000000157957673
     86.1861877       0.0000000157590912
     86.2862854       0.0000000157225425
     86.3863831       0.0000000156861096
     86.4864883       0.0000000156497888
     86.5865860       0.0000000156136245
     86.6866837       0.0000000155775829
     86.7867889       0.0000000155416463
     86.8868866       0.0000000155058419
     86.9869843       0.0000000154701663
     87.0870895       0.0000000154346088
     87.1871872       0.0000000153991584
     87.2872849       0.0000000153638498
     87.3873901       0.0000000153286602
     87.4874878       0.0000000152936129
     87.5875854       0.0000000152586471
     87.6876907       0.0000000152238314
     87.7877884       0.0000000151891125
     87.8878860       0.0000000151545271
     87.9879913       0.0000000151200472
     88.0880890       0.0000000150856791
     88.1881866       0.0000000150514444
     88.2882919       0.0000000150173336
     88.3883896       0.0000000149833265
     88.4884872       0.0000000149494266
     88.5885849       0.0000000149156498
     88.6886902       0.0000000148819920
     88.7887878       0.0000000148484453
     88.8888855       0.0000000148150082
     88.9889908       0.0000000147816792
     89.0890884       0.0000000147484692
     89.1891861       0.0000000147153805
     89.2892914       0.0000000146823787
     89.3893890       0.0000000146495116
     89.4894867       0.0000000146167409
     89.5895920       0.0000000145840991
     89.6896896       0.0000000145515560
     89.7897873       0.0000000145191134
     89.8898926       0.0000000144867934
     89.9899902       0.0000000144545660
     90.0900879       0.0000000144224499
     90.1901932       0.0000000143904424
     90.2902908       0.0000000143585332
     90.3903885       0.0000000143267350
     90.4904938       0.0000000142950538
     90.5905914       0.0000000142634686
     90.6906891       0.0000000142319868
     90.7907944       0.0000000142006052
     90.8908920       0.0000000141693325
     90.9909897       0.0000000141381623
     91.0910873       0.0000000141071075
     91.1911926       0.0000000140761409
     91.2912903       0.0000000140452777
     91.3913879       0.0000000140145179
     91.4914932       0.0000000139838485
     91.5915909       0.0000000139532877
     91.6916885       0.0000000139228419
     91.7917938       0.0000000138924682
     91.8918915       0.0000000138622214
     91.9919891       0.0000000138320557
     92.0920944       0.0000000138019897
     92.1921921       0.0000000137720256
     92.2922897       0.0000000137421586
     92.3923950       0.0000000137123903
     92.4924927       0.0000000136827176
     92.5925903       0.0000000136531388
     92.6926956       0.0000000136236587
     92.7927933       0.0000000135942725
     92.8928909       0.0000000135649786
     92.9929962       0.0000000135357820
     93.0930939       0.0000000135066810
     93.1931915       0.0000000134776740
     93.2932968       0.0000000134487465
     93.3933945       0.0000000134199290
     93.4934921       0.0000000133911992
     93.5935898       0.0000000133625666
     93.6936951       0.0000000133340216
     93.7937927       0.0000000133055643
     93.8938904       0.0000000132771986
     93.9939957       0.0000000132489263
     94.0940933       0.0000000132207495
     94.1941910       0.0000000131926477
     94.2942963       0.0000000131646393
     94.3943939       0.0000000131367288
     94.4944916       0.0000000131088975
     94.5945969       0.0000000130811624
     94.6946945       0.0000000130535237
     94.7947922       0.0000000130259486
     94.8948975       0.0000000129984759
     94.9949951       0.0000000129710895
     95.0950928       0.0000000129438047
     95.1951981       0.0000000129165752
     95.2952957       0.0000000128894511
     95.3953934       0.0000000128624086
     95.4954987       0.0000000128354529
     95.5955963       0.0000000128085682
     95.6956940       0.0000000127817886
     95.7957993       0.0000000127550761
     95.8958969       0.0000000127284588
     95.9959946       0.0000000127019087
     96.0960999       0.0000000126754470
     96.1961975       0.0000000126490873
     96.2962952       0.0000000126227961
     96.3963928       0.0000000125965827
     96.4964981       0.0000000125704530
     96.5965958       0.0000000125444086
     96.6966934       0.0000000125184434
     96.7967987       0.0000000124925529
     96.8968964       0.0000000124667431
     96.9969940       0.0000000124410164
     97.0970993       0.0000000124153775
     97.1971970       0.0000000123898068
     97.2972946       0.0000000123643151
     97.3973999       0.0000000123389019
     97.4974976       0.0000000123135870
     97.5975952       0.0000000122883238
     97.6977005       0.0000000122631449
     97.7977982       0.0000000122380443
     97.8978958       0.0000000122130330
     97.9980011       0.0000000121880844
     98.0980988       0.0000000121632142
     98.1981964       0.0000000121384251
     98.2983017       0.0000000121137069
     98.3983994       0.0000000120890640
     98.4984970       0.0000000120644964
     98.5986023       0.0000000120400139
     98.6987000       0.0000000120155974
     98.7987976       0.0000000119912539
     98.8988953       0.0000000119669856
     98.9990005       0.0000000119428049
     99.0990982       0.0000000119186838
     99.1991959       0.0000000118946220
     99.2993011       0.0000000118706566
     99.3993988       0.0000000118467535
     99.4994965       0.0000000118229217
     99.5996017       0.0000000117991588
     99.6996994       0.0000000117754608
     99.7997971       0.0000000117518565
     99.8999023       0.0000000117282973
    100.0000000       0.0000000117048236
