# x		H(x,a)
      0.0000000       1.0000000000000000
      0.1001001       0.9900299906730652
      0.2002002       0.9607124924659729
      0.3003003       0.9137664437294006
      0.4004004       0.8518707156181335
      0.5005005       0.7784109115600586
      0.6006006       0.6971734166145325
      0.7007007       0.6120254397392273
      0.8008008       0.5266169309616089
      0.9009009       0.4441368877887726
      1.0010010       0.3671569053427987
      1.1011012       0.2975138187443893
      1.2012012       0.2363056894807870
      1.3013012       0.1839713028138993
      1.4014014       0.1403897477380971
      1.5015016       0.1050107439426765
      1.6016016       0.0769930301655313
      1.7017016       0.0553347444557912
      1.8018018       0.0389840763116661
      1.9019020       0.0269240879074233
      2.0020020       0.0182302101531817
      2.1021020       0.0121028684628026
      2.2022023       0.0078796597776528
      2.3023024       0.0050323705547393
      2.4024024       0.0031541330372224
      2.5025024       0.0019415617162876
      2.6026025       0.0011752168251524
      2.7027028       0.0007009173324976
      2.8028028       0.0004133153701540
      2.9029028       0.0002423368974933
      3.0030031       0.0001425759900270
      3.1031032       0.0000853504000174
      3.2032032       0.0000529859307139
      3.3033032       0.0000348530415581
      3.4034033       0.0000247089864400
      3.5035036       0.0000189708643887
      3.6036036       0.0000156278523453
      3.7037036       0.0000135750595667
      3.8038039       0.0000122172391839
      3.9039040       0.0000112390938808
      4.0040040       0.0000104757168816
      4.1041040       0.0000098413228216
      4.2042041       0.0000092909671704
      4.3043041       0.0000088004816308
      4.4044046       0.0000083562255994
      4.5045047       0.0000079498475729
      4.6046047       0.0000075757712832
      4.7047048       0.0000072299119400
      4.8048048       0.0000069090739639
      4.9049048       0.0000066106242837
      5.0050049       0.0000063323250689
      5.1051049       0.0000060722461847
      5.2052050       0.0000058287121515
      5.3053055       0.0000056002445531
      5.4054055       0.0000053855337060
      5.5055056       0.0000051834308643
      5.6056056       0.0000049929113639
      5.7057056       0.0000048130325339
      5.8058057       0.0000046429912845
      5.9059057       0.0000044820400818
      6.0060062       0.0000043295011472
      6.1061063       0.0000041847890318
      6.2062063       0.0000040473466524
      6.3063064       0.0000039166752114
      6.4064064       0.0000037923202918
      6.5065064       0.0000036738713835
      6.6066065       0.0000035609471562
      6.7067065       0.0000034532010826
      6.8068066       0.0000033503147174
      6.9069071       0.0000032519874565
      7.0070071       0.0000031579527432
      7.1071072       0.0000030679651841
      7.2072072       0.0000029817850597
      7.3073072       0.0000028991944778
      7.4074073       0.0000028200053751
      7.5075073       0.0000027440193232
      7.6076078       0.0000026710721072
      7.7077079       0.0000026009983669
      7.8078079       0.0000025336498820
      7.9079080       0.0000024688842781
      8.0080080       0.0000024065718951
      8.1081085       0.0000023465910878
      8.2082081       0.0000022888232134
      8.3083086       0.0000022331627970
      8.4084082       0.0000021795075382
      8.5085087       0.0000021277590690
      8.6086082       0.0000020778347202
      8.7087088       0.0000020296437196
      8.8088093       0.0000019831082283
      8.9089088       0.0000019381535042
      9.0090094       0.0000018947081845
      9.1091089       0.0000018527074711
      9.2092094       0.0000018120852978
      9.3093090       0.0000017727823185
      9.4094095       0.0000017347436827
      9.5095091       0.0000016979153963
      9.6096096       0.0000016622478197
      9.7097101       0.0000016276897953
      9.8098097       0.0000015941968984
      9.9099102       0.0000015617284073
     10.0100098       0.0000015302381691
     10.1101103       0.0000014996892319
     10.2102098       0.0000014700481013
     10.3103104       0.0000014412752052
     10.4104099       0.0000014133396629
     10.5105104       0.0000013862060077
     10.6106110       0.0000013598474970
     10.7107105       0.0000013342321981
     10.8108110       0.0000013093325764
     10.9109106       0.0000012851236013
     11.0110111       0.0000012615799248
     11.1111107       0.0000012386769976
     11.2112112       0.0000012163920592
     11.3113117       0.0000011947035789
     11.4114113       0.0000011735897617
     11.5115118       0.0000011530297859
     11.6116114       0.0000011330043345
     11.7117119       0.0000011134979004
     11.8118114       0.0000010944901778
     11.9119120       0.0000010759646172
     12.0120125       0.0000010579061024
     12.1121120       0.0000010402972449
     12.2122126       0.0000010231264829
     12.3123121       0.0000010063763545
     12.4124126       0.0000009900339548
     12.5125122       0.0000009740870975
     12.6126127       0.0000009585222172
     12.7127123       0.0000009433276459
     12.8128128       0.0000009284922842
     12.9129133       0.0000009140036607
     13.0130129       0.0000008998517392
     13.1131134       0.0000008860250476
     13.2132130       0.0000008725156213
     13.3133135       0.0000008593127633
     13.4134130       0.0000008464092395
     13.5135136       0.0000008337919887
     13.6136131       0.0000008214558318
     13.7137136       0.0000008093919162
     13.8138142       0.0000007975918763
     13.9139137       0.0000007860469306
     14.0140142       0.0000007747523816
     14.1141138       0.0000007637000456
     14.2142143       0.0000007528819890
     14.3143139       0.0000007422917775
     14.4144144       0.0000007319240733
     14.5145149       0.0000007217726954
     14.6146145       0.0000007118309679
     14.7147150       0.0000007020938528
     14.8148146       0.0000006925547327
     14.9149151       0.0000006832083565
     15.0150146       0.0000006740515910
     15.1151152       0.0000006650759916
     15.2152157       0.0000006562799680
     15.3153152       0.0000006476571487
     15.4154158       0.0000006392031266
     15.5155153       0.0000006309138786
     15.6156158       0.0000006227846088
     15.7157154       0.0000006148127006
     15.8158159       0.0000006069922648
     15.9159155       0.0000005993200890
     16.0160160       0.0000005917924932
     16.1161156       0.0000005844067511
     16.2162170       0.0000005771579975
     16.3163166       0.0000005700435824
     16.4164162       0.0000005630594087
     16.5165157       0.0000005562040412
     16.6166172       0.0000005494724040
     16.7167168       0.0000005428624359
     16.8168163       0.0000005363716098
     16.9169178       0.0000005299965114
     17.0170174       0.0000005237343989
     17.1171169       0.0000005175825887
     17.2172165       0.0000005115390781
     17.3173180       0.0000005056001014
     17.4174175       0.0000004997648291
     17.5175171       0.0000004940302238
     17.6176186       0.0000004883929959
     17.7177181       0.0000004828526080
     17.8178177       0.0000004774059737
     17.9179173       0.0000004720506416
     18.0180187       0.0000004667850696
     18.1181183       0.0000004616077621
     18.2182178       0.0000004565158460
     18.3183174       0.0000004515082116
     18.4184189       0.0000004465820573
     18.5185184       0.0000004417360927
     18.6186180       0.0000004369688720
     18.7187195       0.0000004322791601
     18.8188190       0.0000004276637826
     18.9189186       0.0000004231221434
     19.0190182       0.0000004186524096
     19.1191196       0.0000004142536843
     19.2192192       0.0000004099238492
     19.3193188       0.0000004056613398
     19.4194202       0.0000004014654036
     19.5195198       0.0000003973343512
     19.6196194       0.0000003932667046
     19.7197189       0.0000003892608559
     19.8198204       0.0000003853161429
     19.9199200       0.0000003814317268
     20.0200195       0.0000003776052932
     20.1201210       0.0000003738359786
     20.2202206       0.0000003701234465
     20.3203201       0.0000003664656947
     20.4204197       0.0000003628620597
     20.5205212       0.0000003593114844
     20.6206207       0.0000003558124265
     20.7207203       0.0000003523647340
     20.8208199       0.0000003489665893
     20.9209213       0.0000003456179309
     21.0210209       0.0000003423171378
     21.1211205       0.0000003390630629
     21.2212219       0.0000003358553520
     21.3213215       0.0000003326931271
     21.4214211       0.0000003295752406
     21.5215206       0.0000003265015530
     21.6216221       0.0000003234702817
     21.7217216       0.0000003204812396
     21.8218212       0.0000003175329189
     21.9219227       0.0000003146256033
     22.0220222       0.0000003117583451
     22.1221218       0.0000003089296830
     22.2222214       0.0000003061397255
     22.3223228       0.0000003033872757
     22.4224224       0.0000003006715677
     22.5225220       0.0000002979925324
     22.6226234       0.0000002953491190
     22.7227230       0.0000002927406516
     22.8228226       0.0000002901668052
     22.9229221       0.0000002876265970
     23.0230236       0.0000002851196624
     23.1231232       0.0000002826456606
     23.2232227       0.0000002802036168
     23.3233242       0.0000002777928257
     23.4234238       0.0000002754131588
     23.5235233       0.0000002730643233
     23.6236229       0.0000002707450759
     23.7237244       0.0000002684556302
     23.8238239       0.0000002661948532
     23.9239235       0.0000002639625857
     24.0240250       0.0000002617580336
     24.1241245       0.0000002595815465
     24.2242241       0.0000002574316896
     24.3243237       0.0000002553086422
     24.4244251       0.0000002532115843
     24.5245247       0.0000002511406172
     24.6246243       0.0000002490949314
     24.7247238       0.0000002470739048
     24.8248253       0.0000002450777280
     24.9249249       0.0000002431052964
     25.0250244       0.0000002411568244
     25.1251259       0.0000002392316619
     25.2252254       0.0000002373296227
     25.3253250       0.0000002354501823
     25.4254246       0.0000002335926304
     25.5255260       0.0000002317573470
     25.6256256       0.0000002299434288
     25.7257252       0.0000002281508756
     25.8258266       0.0000002263792585
     25.9259262       0.0000002246281829
     26.0260258       0.0000002228971979
     26.1261253       0.0000002211865153
     26.2262268       0.0000002194951986
     26.3263264       0.0000002178231007
     26.4264259       0.0000002161702800
     26.5265274       0.0000002145359384
     26.6266270       0.0000002129204762
     26.7267265       0.0000002113230626
     26.8268261       0.0000002097435394
     26.9269276       0.0000002081817339
     27.0270271       0.0000002066371509
     27.1271267       0.0000002051098700
     27.2272263       0.0000002035994238
     27.3273277       0.0000002021056462
     27.4274273       0.0000002006283435
     27.5275269       0.0000001991670661
     27.6276283       0.0000001977216345
     27.7277279       0.0000001962920820
     27.8278275       0.0000001948778787
     27.9279270       0.0000001934788543
     28.0280285       0.0000001920950587
     28.1281281       0.0000001907257785
     28.2282276       0.0000001893715316
     28.3283291       0.0000001880312028
     28.4284286       0.0000001867053986
     28.5285282       0.0000001853933569
     28.6286278       0.0000001840952733
     28.7287292       0.0000001828106672
     28.8288288       0.0000001815395287
     28.9289284       0.0000001802816256
     29.0290298       0.0000001790366578
     29.1291294       0.0000001778046744
     29.2292290       0.0000001765853288
     29.3293285       0.0000001753786425
     29.4294300       0.0000001741841569
     29.5295296       0.0000001730017626
     29.6296291       0.0000001718314275
     29.7297306       0.0000001706729642
     29.8298302       0.0000001695260683
     29.9299297       0.0000001683908466
     30.0300293       0.0000001672671100
     30.1301308       0.0000001661542074
     30.2302303       0.0000001650527633
     30.3303299       0.0000001639620357
     30.4304314       0.0000001628822273
     30.5305309       0.0000001618129737
     30.6306305       0.0000001607541902
     30.7307301       0.0000001597059107
     30.8308315       0.0000001586677417
     30.9309311       0.0000001576396757
     31.0310307       0.0000001566216692
     31.1311302       0.0000001556133675
     31.2312317       0.0000001546148569
     31.3313313       0.0000001536260034
     31.4314308       0.0000001526464412
     31.5315323       0.0000001516763168
     31.6316319       0.0000001507154502
     31.7317314       0.0000001497635504
     31.8318310       0.0000001488208632
     31.9319324       0.0000001478867306
     32.0320320       0.0000001469616223
     32.1321335       0.0000001460453451
     32.2322311       0.0000001451372968
     32.3323326       0.0000001442378546
     32.4324341       0.0000001433466193
     32.5325317       0.0000001424637757
     32.6326332       0.0000001415890073
     32.7327309       0.0000001407221913
     32.8328323       0.0000001398633750
     32.9329338       0.0000001390123849
     33.0330315       0.0000001381691680
     33.1331329       0.0000001373336181
     33.2332344       0.0000001365058090
     33.3333321       0.0000001356852772
     33.4334335       0.0000001348720615
     33.5335350       0.0000001340662385
     33.6336327       0.0000001332675190
     33.7337341       0.0000001324759558
     33.8338356       0.0000001316915674
     33.9339333       0.0000001309139655
     34.0340347       0.0000001301432713
     34.1341324       0.0000001293796057
     34.2342339       0.0000001286223418
     34.3343353       0.0000001278716736
     34.4344330       0.0000001271277812
     34.5345345       0.0000001263902670
     34.6346359       0.0000001256591269
     34.7347336       0.0000001249344869
     34.8348351       0.0000001242159079
     34.9349365       0.0000001235035849
     35.0350342       0.0000001227973785
     35.1351357       0.0000001220972174
     35.2352371       0.0000001214029095
     35.3353348       0.0000001207146782
     35.4354362       0.0000001200322204
     35.5355339       0.0000001193556097
     35.6356354       0.0000001186845278
     35.7357368       0.0000001180193284
     35.8358345       0.0000001173596188
     35.9359360       0.0000001167053567
     36.0360374       0.0000001160565624
     36.1361351       0.0000001154131956
     36.2362366       0.0000001147752392
     36.3363380       0.0000001141424352
     36.4364357       0.0000001135148916
     36.5365372       0.0000001128924863
     36.6366348       0.0000001122752462
     36.7367363       0.0000001116631252
     36.8368378       0.0000001110558909
     36.9369354       0.0000001104536537
     37.0370369       0.0000001098561536
     37.1371384       0.0000001092636963
     37.2372360       0.0000001086760108
     37.3373375       0.0000001080928472
     37.4374390       0.0000001075145448
     37.5375366       0.0000001069408752
     37.6376381       0.0000001063716531
     37.7377396       0.0000001058070473
     37.8378372       0.0000001052471242
     37.9379387       0.0000001046912958
     38.0380363       0.0000001041400711
     38.1381378       0.0000001035931438
     38.2382393       0.0000001030504781
     38.3383369       0.0000001025121071
     38.4384384       0.0000001019780189
     38.5385399       0.0000001014480047
     38.6386375       0.0000001009220493
     38.7387390       0.0000001004003402
     38.8388405       0.0000000998825142
     38.9389381       0.0000000993687185
     39.0390396       0.0000000988589502
     39.1391373       0.0000000983529892
     39.2392387       0.0000000978510834
     39.3393402       0.0000000973529127
     39.4394379       0.0000000968584954
     39.5395393       0.0000000963678303
     39.6396408       0.0000000958808963
     39.7397385       0.0000000953976151
     39.8398399       0.0000000949182064
     39.9399414       0.0000000944421637
     40.0400391       0.0000000939698288
     40.1401405       0.0000000935008683
     40.2402420       0.0000000930355752
     40.3403397       0.0000000925736789
     40.4404411       0.0000000921151787
     40.5405388       0.0000000916601380
     40.6406403       0.0000000912084325
     40.7407417       0.0000000907600884
     40.8408394       0.0000000903151069
     40.9409409       0.0000000898732954
     41.0410423       0.0000000894347290
     41.1411400       0.0000000889993974
     41.2412415       0.0000000885671347
     41.3413429       0.0000000881381679
     41.4414406       0.0000000877122403
     41.5415421       0.0000000872893466
     41.6416397       0.0000000868695296
     41.7417412       0.0000000864528175
     41.8418427       0.0000000860390025
     41.9419403       0.0000000856281609
     42.0420418       0.0000000852203493
     42.1421432       0.0000000848153861
     42.2422409       0.0000000844132248
     42.3423424       0.0000000840140480
     42.4424438       0.0000000836175991
     42.5425415       0.0000000832240441
     42.6426430       0.0000000828331847
     42.7427444       0.0000000824450633
     42.8428421       0.0000000820597696
     42.9429436       0.0000000816770737
     43.0430412       0.0000000812970168
     43.1431427       0.0000000809197077
     43.2432442       0.0000000805449563
     43.3433418       0.0000000801728689
     43.4434433       0.0000000798033139
     43.5435448       0.0000000794363141
     43.6436424       0.0000000790718553
     43.7437439       0.0000000787098040
     43.8438454       0.0000000783503634
     43.9439430       0.0000000779933194
     44.0440445       0.0000000776387424
     44.1441460       0.0000000772865700
     44.2442436       0.0000000769367367
     44.3443451       0.0000000765892829
     44.4444427       0.0000000762443222
     44.5445442       0.0000000759015526
     44.6446457       0.0000000755610302
     44.7447433       0.0000000752229435
     44.8448448       0.0000000748870550
     44.9449463       0.0000000745533490
     45.0450439       0.0000000742219785
     45.1451454       0.0000000738928546
     45.2452469       0.0000000735657549
     45.3453445       0.0000000732409261
     45.4454460       0.0000000729182518
     45.5455437       0.0000000725976212
     45.6456451       0.0000000722791439
     45.7457466       0.0000000719628196
     45.8458443       0.0000000716484746
     45.9459457       0.0000000713362658
     46.0460472       0.0000000710260474
     46.1461449       0.0000000707178274
     46.2462463       0.0000000704116384
     46.3463478       0.0000000701074285
     46.4464455       0.0000000698052332
     46.5465469       0.0000000695049383
     46.6466484       0.0000000692065693
     46.7467461       0.0000000689101371
     46.8468475       0.0000000686155405
     46.9469452       0.0000000683229616
     47.0470467       0.0000000680321876
     47.1471481       0.0000000677432566
     47.2472458       0.0000000674561357
     47.3473473       0.0000000671708838
     47.4474487       0.0000000668874540
     47.5475464       0.0000000666057639
     47.6476479       0.0000000663258973
     47.7477493       0.0000000660477298
     47.8478470       0.0000000657713380
     47.9479485       0.0000000654966744
     48.0480499       0.0000000652237533
     48.1481476       0.0000000649525733
     48.2482491       0.0000000646829949
     48.3483467       0.0000000644151124
     48.4484482       0.0000000641489293
     48.5485497       0.0000000638843725
     48.6486473       0.0000000636214965
     48.7487488       0.0000000633601870
     48.8488503       0.0000000631004566
     48.9489479       0.0000000628423849
     49.0490494       0.0000000625858215
     49.1491508       0.0000000623308234
     49.2492485       0.0000000620775078
     49.3493500       0.0000000618256245
     49.4494476       0.0000000615753093
     49.5495491       0.0000000613265469
     49.6496506       0.0000000610791193
     49.7497482       0.0000000608333625
     49.8498497       0.0000000605890441
     49.9499512       0.0000000603461669
     50.0500488       0.0000000601048096
     50.1501503       0.0000000598648154
     50.2502518       0.0000000596262839
     50.3503494       0.0000000593892123
     50.4504509       0.0000000591535151
     50.5505524       0.0000000589192628
     50.6506500       0.0000000586863291
     50.7507515       0.0000000584548214
     50.8508492       0.0000000582247118
     50.9509506       0.0000000579958940
     51.0510521       0.0000000577684553
     51.1511497       0.0000000575423467
     51.2512512       0.0000000573174947
     51.3513527       0.0000000570940513
     51.4514503       0.0000000568718897
     51.5515518       0.0000000566510450
     51.6516533       0.0000000564314690
     51.7517509       0.0000000562131587
     51.8518524       0.0000000559961045
     51.9519501       0.0000000557802979
     52.0520515       0.0000000555657148
     52.1521530       0.0000000553523896
     52.2522507       0.0000000551403440
     52.3523521       0.0000000549295141
     52.4524536       0.0000000547198085
     52.5525513       0.0000000545113289
     52.6526527       0.0000000543040603
     52.7527542       0.0000000540980319
     52.8528519       0.0000000538931169
     52.9529533       0.0000000536892984
     53.0530548       0.0000000534867559
     53.1531525       0.0000000532852619
     53.2532539       0.0000000530849388
     53.3533516       0.0000000528857770
     53.4534531       0.0000000526876470
     53.5535545       0.0000000524907007
     53.6536522       0.0000000522948405
     53.7537537       0.0000000521001228
     53.8538551       0.0000000519063481
     53.9539528       0.0000000517137909
     54.0540543       0.0000000515222456
     54.1541557       0.0000000513318024
     54.2542534       0.0000000511423536
     54.3543549       0.0000000509539972
     54.4544525       0.0000000507666934
     54.5545540       0.0000000505804142
     54.6546555       0.0000000503950723
     54.7547531       0.0000000502108824
     54.8548546       0.0000000500276264
     54.9549561       0.0000000498453705
     55.0550537       0.0000000496640889
     55.1551552       0.0000000494838275
     55.2552567       0.0000000493045300
     55.3553543       0.0000000491262411
     55.4554558       0.0000000489488884
     55.5555573       0.0000000487724849
     55.6556549       0.0000000485970618
     55.7557564       0.0000000484225895
     55.8558540       0.0000000482490213
     55.9559555       0.0000000480764226
     56.0560570       0.0000000479047298
     56.1561546       0.0000000477339985
     56.2562561       0.0000000475640965
     56.3563576       0.0000000473950921
     56.4564552       0.0000000472270831
     56.5565567       0.0000000470598560
     56.6566582       0.0000000468936308
     56.7567558       0.0000000467282049
     56.8568573       0.0000000465636462
     56.9569588       0.0000000464000150
     57.0570564       0.0000000462371850
     57.1571579       0.0000000460753140
     57.2572556       0.0000000459141559
     57.3573570       0.0000000457538945
     57.4574585       0.0000000455944884
     57.5575562       0.0000000454359246
     57.6576576       0.0000000452781944
     57.7577591       0.0000000451212384
     57.8578568       0.0000000449650947
     57.9579582       0.0000000448098027
     58.0580597       0.0000000446553009
     58.1581573       0.0000000445016105
     58.2582588       0.0000000443487012
     58.3583565       0.0000000441965308
     58.4584579       0.0000000440451837
     58.5585594       0.0000000438946323
     58.6586571       0.0000000437448018
     58.7587585       0.0000000435957964
     58.8588600       0.0000000434475353
     58.9589577       0.0000000432999571
     59.0590591       0.0000000431532258
     59.1591606       0.0000000430072029
     59.2592583       0.0000000428619219
     59.3593597       0.0000000427173540
     59.4594612       0.0000000425735529
     59.5595589       0.0000000424304399
     59.6596603       0.0000000422880859
     59.7597580       0.0000000421464399
     59.8598595       0.0000000420054606
     59.9599609       0.0000000418652477
     60.0600586       0.0000000417257050
     60.1601601       0.0000000415868595
     60.2602615       0.0000000414487107
     60.3603592       0.0000000413112505
     60.4604607       0.0000000411744586
     60.5605621       0.0000000410383651
     60.6606598       0.0000000409029496
     60.7607613       0.0000000407681681
     60.8608627       0.0000000406340562
     60.9609604       0.0000000405006627
     61.0610619       0.0000000403678548
     61.1611595       0.0000000402357621
     61.2612610       0.0000000401042914
     61.3613625       0.0000000399734746
     61.4614601       0.0000000398432421
     61.5615616       0.0000000397136641
     61.6616631       0.0000000395847595
     61.7617607       0.0000000394564658
     61.8618622       0.0000000393287722
     61.9619637       0.0000000392017079
     62.0620613       0.0000000390752822
     62.1621628       0.0000000389494802
     62.2622604       0.0000000388241824
     62.3623619       0.0000000386996160
     62.4624634       0.0000000385755590
     62.5625610       0.0000000384521425
     62.6626625       0.0000000383292727
     62.7627640       0.0000000382070736
     62.8628616       0.0000000380853759
     62.9629631       0.0000000379643054
     63.0630646       0.0000000378437939
     63.1631622       0.0000000377238895
     63.2632637       0.0000000376044971
     63.3633652       0.0000000374856995
     63.4634628       0.0000000373674573
     63.5635643       0.0000000372497931
     63.6636620       0.0000000371326520
     63.7637634       0.0000000370160710
     63.8638649       0.0000000369000365
     63.9639626       0.0000000367845589
     64.0640640       0.0000000366696649
     64.1641617       0.0000000365552574
     64.2642670       0.0000000364413450
     64.3643646       0.0000000363280296
     64.4644623       0.0000000362152418
     64.5645676       0.0000000361029551
     64.6646652       0.0000000359911802
     64.7647629       0.0000000358799603
     64.8648682       0.0000000357692236
     64.9649658       0.0000000356590185
     65.0650635       0.0000000355493107
     65.1651688       0.0000000354400817
     65.2652664       0.0000000353313981
     65.3653641       0.0000000352232174
     65.4654617       0.0000000351155009
     65.5655670       0.0000000350082908
     65.6656647       0.0000000349015806
     65.7657623       0.0000000347953621
     65.8658676       0.0000000346895843
     65.9659653       0.0000000345843274
     66.0660629       0.0000000344795559
     66.1661682       0.0000000343752500
     66.2662659       0.0000000342713897
     66.3663635       0.0000000341680351
     66.4664688       0.0000000340651472
     66.5665665       0.0000000339626824
     66.6666641       0.0000000338606977
     66.7667694       0.0000000337591858
     66.8668671       0.0000000336581063
     66.9669647       0.0000000335575425
     67.0670700       0.0000000334573584
     67.1671677       0.0000000333576522
     67.2672653       0.0000000332584131
     67.3673706       0.0000000331595644
     67.4674683       0.0000000330612030
     67.5675659       0.0000000329632656
     67.6676712       0.0000000328657556
     67.7677689       0.0000000327686593
     67.8678665       0.0000000326719917
     67.9679642       0.0000000325757829
     68.0680695       0.0000000324799766
     68.1681671       0.0000000323846196
     68.2682648       0.0000000322896621
     68.3683701       0.0000000321951258
     68.4684677       0.0000000321009924
     68.5685654       0.0000000320072741
     68.6686707       0.0000000319140011
     68.7687683       0.0000000318210821
     68.8688660       0.0000000317286056
     68.9689713       0.0000000316365102
     69.0690689       0.0000000315448420
     69.1691666       0.0000000314535369
     69.2692719       0.0000000313626501
     69.3693695       0.0000000312721560
     69.4694672       0.0000000311820372
     69.5695724       0.0000000310923023
     69.6696701       0.0000000310029937
     69.7697678       0.0000000309140522
     69.8698730       0.0000000308254755
     69.9699707       0.0000000307372745
     70.0700684       0.0000000306495196
     70.1701736       0.0000000305620678
     70.2702713       0.0000000304749939
     70.3703690       0.0000000303883105
     70.4704742       0.0000000303019735
     70.5705719       0.0000000302160560
     70.6706696       0.0000000301304591
     70.7707672       0.0000000300452463
     70.8708725       0.0000000299603882
     70.9709702       0.0000000298758824
     71.0710678       0.0000000297917344
     71.1711731       0.0000000297079455
     71.2712708       0.0000000296245096
     71.3713684       0.0000000295414389
     71.4714737       0.0000000294587103
     71.5715714       0.0000000293763249
     71.6716690       0.0000000292942800
     71.7717743       0.0000000292125633
     71.8718719       0.0000000291311978
     71.9719696       0.0000000290501944
     72.0720749       0.0000000289695160
     72.1721725       0.0000000288891625
     72.2722702       0.0000000288091678
     72.3723755       0.0000000287294658
     72.4724731       0.0000000286501257
     72.5725708       0.0000000285711047
     72.6726761       0.0000000284924005
     72.7727737       0.0000000284140171
     72.8728714       0.0000000283359794
     72.9729767       0.0000000282582531
     73.0730743       0.0000000281808486
     73.1731720       0.0000000281037675
     73.2732697       0.0000000280270239
     73.3733749       0.0000000279505359
     73.4734726       0.0000000278743833
     73.5735703       0.0000000277985728
     73.6736755       0.0000000277230325
     73.7737732       0.0000000276477845
     73.8738708       0.0000000275728824
     73.9739761       0.0000000274982934
     74.0740738       0.0000000274239973
     74.1741714       0.0000000273499782
     74.2742767       0.0000000272762658
     74.3743744       0.0000000272028759
     74.4744720       0.0000000271297587
     74.5745773       0.0000000270569401
     74.6746750       0.0000000269843924
     74.7747726       0.0000000269121711
     74.8748779       0.0000000268402434
     74.9749756       0.0000000267685790
     75.0750732       0.0000000266972038
     75.1751785       0.0000000266261258
     75.2752762       0.0000000265553194
     75.3753738       0.0000000264847722
     75.4754791       0.0000000264145617
     75.5755768       0.0000000263445992
     75.6756744       0.0000000262748961
     75.7757721       0.0000000262055026
     75.8758774       0.0000000261363919
     75.9759750       0.0000000260675375
     76.0760727       0.0000000259989534
     76.1761780       0.0000000259306133
     76.2762756       0.0000000258625685
     76.3763733       0.0000000257947910
     76.4764786       0.0000000257272807
     76.5765762       0.0000000256600392
     76.6766739       0.0000000255930374
     76.7767792       0.0000000255263180
     76.8768768       0.0000000254598643
     76.9769745       0.0000000253936822
     77.0770798       0.0000000253277169
     77.1771774       0.0000000252620279
     77.2772751       0.0000000251966195
     77.3773804       0.0000000251314129
     77.4774780       0.0000000250664868
     77.5775757       0.0000000250017974
     77.6776810       0.0000000249373851
     77.7777786       0.0000000248731841
     77.8778763       0.0000000248092720
     77.9779816       0.0000000247455991
     78.0780792       0.0000000246821778
     78.1781769       0.0000000246189768
     78.2782745       0.0000000245560182
     78.3783798       0.0000000244932902
     78.4784775       0.0000000244308117
     78.5785751       0.0000000243686005
     78.6786804       0.0000000243066190
     78.7787781       0.0000000242448627
     78.8788757       0.0000000241833365
     78.9789810       0.0000000241220401
     79.0790787       0.0000000240609830
     79.1791763       0.0000000240001619
     79.2792816       0.0000000239395696
     79.3793793       0.0000000238792053
     79.4794769       0.0000000238190708
     79.5795822       0.0000000237591599
     79.6796799       0.0000000236994545
     79.7797775       0.0000000236400100
     79.8798828       0.0000000235807731
     79.9799805       0.0000000235217405
     80.0800781       0.0000000234629526
     80.1801834       0.0000000234043723
     80.2802811       0.0000000233460222
     80.3803787       0.0000000232878972
     80.4804840       0.0000000232299692
     80.5805817       0.0000000231722759
     80.6806793       0.0000000231148096
     80.7807770       0.0000000230575212
     80.8808823       0.0000000230004644
     80.9809799       0.0000000229436031
     81.0810776       0.0000000228869515
     81.1811829       0.0000000228305392
     81.2812805       0.0000000227743177
     81.3813782       0.0000000227182965
     81.4814835       0.0000000226624957
     81.5815811       0.0000000226068953
     81.6816788       0.0000000225514889
     81.7817841       0.0000000224962844
     81.8818817       0.0000000224412834
     81.9819794       0.0000000223864980
     82.0820847       0.0000000223319266
     82.1821823       0.0000000222775341
     82.2822800       0.0000000222233356
     82.3823853       0.0000000221693448
     82.4824829       0.0000000221155438
     82.5825806       0.0000000220619352
     82.6826859       0.0000000220085327
     82.7827835       0.0000000219553260
     82.8828812       0.0000000219023041
     82.9829865       0.0000000218494773
     83.0830841       0.0000000217968387
     83.1831818       0.0000000217443791
     83.2832794       0.0000000216921108
     83.3833847       0.0000000216400443
     83.4834824       0.0000000215881735
     83.5835800       0.0000000215364532
     83.6836853       0.0000000214849724
     83.7837830       0.0000000214336262
     83.8838806       0.0000000213824938
     83.9839859       0.0000000213315342
     84.0840836       0.0000000212807361
     84.1841812       0.0000000212301529
     84.2842865       0.0000000211797465
     84.3843842       0.0000000211295032
     84.4844818       0.0000000210794311
     84.5845871       0.0000000210295582
     84.6846848       0.0000000209798587
     84.7847824       0.0000000209303256
     84.8848877       0.0000000208809564
     84.9849854       0.0000000208317842
     85.0850830       0.0000000207827755
     85.1851883       0.0000000207339461
     85.2852859       0.0000000206852917
     85.3853836       0.0000000206367931
     85.4854889       0.0000000205884849
     85.5855865       0.0000000205403272
     85.6856842       0.0000000204923734
     85.7857895       0.0000000204445460
     85.8858871       0.0000000203968911
     85.9859848       0.0000000203494132
     86.0860825       0.0000000203020903
     86.1861877       0.0000000202549492
     86.2862854       0.0000000202079743
     86.3863831       0.0000000201611472
     86.4864883       0.0000000201144659
     86.5865860       0.0000000200679822
     86.6866837       0.0000000200216584
     86.7867889       0.0000000199754701
     86.8868866       0.0000000199294512
     86.9869843       0.0000000198835981
     87.0870895       0.0000000198378971
     87.1871872       0.0000000197923334
     87.2872849       0.0000000197469518
     87.3873901       0.0000000197017237
     87.4874878       0.0000000196566752
     87.5875854       0.0000000196117351
     87.6876907       0.0000000195669870
     87.7877884       0.0000000195223648
     87.8878860       0.0000000194779115
     87.9879913       0.0000000194335961
     88.0880890       0.0000000193894230
     88.1881866       0.0000000193454206
     88.2882919       0.0000000193015789
     88.3883896       0.0000000192578694
     88.4884872       0.0000000192142979
     88.5885849       0.0000000191708859
     88.6886902       0.0000000191276267
     88.7887878       0.0000000190845091
     88.8888855       0.0000000190415340
     88.9889908       0.0000000189986950
     89.0890884       0.0000000189560127
     89.1891861       0.0000000189134819
     89.2892914       0.0000000188710665
     89.3893890       0.0000000188288219
     89.4894867       0.0000000187867021
     89.5895920       0.0000000187447471
     89.6896896       0.0000000187029213
     89.7897873       0.0000000186612223
     89.8898926       0.0000000186196826
     89.9899902       0.0000000185782628
     90.0900879       0.0000000185369809
     90.1901932       0.0000000184958457
     90.2902908       0.0000000184548317
     90.3903885       0.0000000184139633
     90.4904938       0.0000000183732424
     90.5905914       0.0000000183326465
     90.6906891       0.0000000182921822
     90.7907944       0.0000000182518478
     90.8908920       0.0000000182116555
     90.9909897       0.0000000181715906
     91.0910873       0.0000000181316777
     91.1911926       0.0000000180918774
     91.2912903       0.0000000180522087
     91.3913879       0.0000000180126732
     91.4914932       0.0000000179732527
     91.5915909       0.0000000179339757
     91.6916885       0.0000000178948441
     91.7917938       0.0000000178558036
     91.8918915       0.0000000178169273
     91.9919891       0.0000000177781565
     92.0920944       0.0000000177395138
     92.1921921       0.0000000177010010
     92.2922897       0.0000000176626152
     92.3923950       0.0000000176243515
     92.4924927       0.0000000175862131
     92.5925903       0.0000000175481984
     92.6926956       0.0000000175103060
     92.7927933       0.0000000174725373
     92.8928909       0.0000000174348871
     92.9929962       0.0000000173973596
     93.0930939       0.0000000173599574
     93.1931915       0.0000000173226758
     93.2932968       0.0000000172854937
     93.3933945       0.0000000172484549
     93.4934921       0.0000000172115321
     93.5935898       0.0000000171747299
     93.6936951       0.0000000171380404
     93.7937927       0.0000000171014650
     93.8938904       0.0000000170650060
     93.9939957       0.0000000170286691
     94.0940933       0.0000000169924527
     94.1941910       0.0000000169563345
     94.2942963       0.0000000169203356
     94.3943939       0.0000000168844624
     94.4944916       0.0000000168486905
     94.5945969       0.0000000168130444
     94.6946945       0.0000000167775206
     94.7947922       0.0000000167420792
     94.8948975       0.0000000167067683
     94.9949951       0.0000000166715676
     95.0950928       0.0000000166364998
     95.1951981       0.0000000166015019
     95.2952957       0.0000000165666406
     95.3953934       0.0000000165318826
     95.4954987       0.0000000164972375
     95.5955963       0.0000000164626832
     95.6956940       0.0000000164282612
     95.7957993       0.0000000163939294
     95.8958969       0.0000000163597183
     95.9959946       0.0000000163255934
     96.0960999       0.0000000162915829
     96.1961975       0.0000000162577030
     96.2962952       0.0000000162239118
     96.3963928       0.0000000161902194
     96.4964981       0.0000000161566351
     96.5965958       0.0000000161231604
     96.6966934       0.0000000160897882
     96.7967987       0.0000000160565128
     96.8968964       0.0000000160233392
     96.9969940       0.0000000159902721
     97.0970993       0.0000000159573191
     97.1971970       0.0000000159244549
     97.2972946       0.0000000158916888
     97.3973999       0.0000000158590261
     97.4974976       0.0000000158264886
     97.5975952       0.0000000157940190
     97.6977005       0.0000000157616557
     97.7977982       0.0000000157293958
     97.8978958       0.0000000156972488
     97.9980011       0.0000000156651817
     98.0980988       0.0000000156332180
     98.1981964       0.0000000156013565
     98.2983017       0.0000000155695857
     98.3983994       0.0000000155379135
     98.4984970       0.0000000155063361
     98.5986023       0.0000000154748700
     98.6987000       0.0000000154434878
     98.7987976       0.0000000154121988
     98.8988953       0.0000000153810063
     98.9990005       0.0000000153499282
     99.0990982       0.0000000153189253
     99.1991959       0.0000000152879994
     99.2993011       0.0000000152571976
     99.3993988       0.0000000152264744
     99.4994965       0.0000000151958445
     99.5996017       0.0000000151653025
     99.6996994       0.0000000151348422
     99.7997971       0.0000000151045043
     99.8999023       0.0000000150742244
    100.0000000       0.0000000150440538
