# x		H(x,a)
      0.0000000       1.0000000000000000
      0.1001001       0.9900299906730652
      0.2002002       0.9607124924659729
      0.3003003       0.9137664437294006
      0.4004004       0.8518707156181335
      0.5005005       0.7784109115600586
      0.6006006       0.6971734166145325
      0.7007007       0.6120254397392273
      0.8008008       0.5266169309616089
      0.9009009       0.4441368877887726
      1.0010010       0.3671658575095946
      1.1011012       0.2975391608434049
      1.2012012       0.2363454794082115
      1.3013012       0.1840209681543984
      1.4014014       0.1404446453201152
      1.5015016       0.1050671182355332
      1.6016016       0.0770482157669228
      1.7017016       0.0553870507525189
      1.8018018       0.0390325714249957
      1.9019020       0.0269683800905152
      2.0020020       0.0182702648747185
      2.1021020       0.0121388694737236
      2.2022023       0.0079119106833782
      2.3023024       0.0050612287287666
      2.4024024       0.0031799675789079
      2.5025024       0.0019647284592227
      2.6026025       0.0011960447812347
      2.7027028       0.0007197025727146
      2.8028028       0.0004303195004827
      2.9029028       0.0002577882118009
      3.0030031       0.0001566720241369
      3.1031032       0.0000982611615522
      3.2032032       0.0000648572481776
      3.3033032       0.0000458098164694
      3.4034033       0.0000348581656650
      3.5035036       0.0000284040989051
      3.6036036       0.0000244238154482
      3.7037036       0.0000218014263487
      3.8038039       0.0000199324103211
      3.9039040       0.0000184936102067
      4.0040040       0.0000173134778148
      4.1041040       0.0000163006016539
      4.2042041       0.0000154052692925
      4.3043041       0.0000145992345611
      4.4044046       0.0000138654025130
      4.5045047       0.0000131924473256
      4.6046047       0.0000125722433056
      4.7047048       0.0000119985070810
      4.8048048       0.0000114661473106
      4.9049048       0.0000109708828809
      5.0050049       0.0000105090341153
      5.1051049       0.0000100774173324
      5.2052050       0.0000096732535307
      5.3053055       0.0000092940930449
      5.4054055       0.0000089377609993
      5.5055056       0.0000086023543360
      5.6056056       0.0000082861698610
      5.7057056       0.0000079876458077
      5.8058057       0.0000077054471496
      5.9059057       0.0000074383347453
      6.0060062       0.0000071851833702
      6.1061063       0.0000069450211597
      6.2062063       0.0000067169233126
      6.3063064       0.0000065000633538
      6.4064064       0.0000062936852406
      6.5065064       0.0000060971090010
      6.6066065       0.0000059097012769
      6.7067065       0.0000057308874488
      6.8068066       0.0000055601382858
      6.9069071       0.0000053969558210
      7.0070071       0.0000052408973188
      7.1071072       0.0000050915550651
      7.2072072       0.0000049485316515
      7.3073072       0.0000048114649643
      7.4074073       0.0000046800440481
      7.5075073       0.0000045539385402
      7.6076078       0.0000044328758570
      7.7077079       0.0000043165831535
      7.8078079       0.0000042048124271
      7.9079080       0.0000040973280528
      8.0080080       0.0000039939150845
      8.1081085       0.0000038943718419
      8.2082081       0.0000037985014539
      8.3083086       0.0000037061276459
      8.4084082       0.0000036170822025
      8.5085087       0.0000035312012087
      8.6086082       0.0000034483473858
      8.7087088       0.0000033683700692
      8.8088093       0.0000032911404067
      8.9089088       0.0000032165343266
      9.0090094       0.0000031444326945
      9.1091089       0.0000030747292129
      9.2092094       0.0000030073130978
      9.3093090       0.0000029420865398
      9.4094095       0.0000028789579486
      9.5095091       0.0000028178381588
      9.6096096       0.0000027586446441
      9.7097101       0.0000027012926238
      9.8098097       0.0000026457083081
      9.9099102       0.0000025918242948
     10.0100098       0.0000025395632445
     10.1101103       0.0000024888647537
     10.2102098       0.0000024396728838
     10.3103104       0.0000023919214769
     10.4104099       0.0000023455598633
     10.5105104       0.0000023005294331
     10.6106110       0.0000022567851290
     10.7107105       0.0000022142742779
     10.8108110       0.0000021729514044
     10.9109106       0.0000021327741893
     11.0110111       0.0000020937015511
     11.1111107       0.0000020556920533
     11.2112112       0.0000020187084710
     11.3113117       0.0000019827144300
     11.4114113       0.0000019476741883
     11.5115118       0.0000019135530365
     11.6116114       0.0000018803193148
     11.7117119       0.0000018479466473
     11.8118114       0.0000018164015430
     11.9119120       0.0000017856567196
     12.0120125       0.0000017556871946
     12.1121120       0.0000017264636863
     12.2122126       0.0000016979674550
     12.3123121       0.0000016701689571
     12.4124126       0.0000016430474487
     12.5125122       0.0000016165820976
     12.6126127       0.0000015907508342
     12.7127123       0.0000015655342992
     12.8128128       0.0000015409135617
     12.9129133       0.0000015168685419
     13.0130129       0.0000014933820879
     13.1131134       0.0000014704356036
     13.2132130       0.0000014480155643
     13.3133135       0.0000014261042150
     13.4134130       0.0000014046896755
     13.5135136       0.0000013837502753
     13.6136131       0.0000013632772786
     13.7137136       0.0000013432563114
     13.8138142       0.0000013236731415
     13.9139137       0.0000013045132442
     14.0140142       0.0000012857689708
     14.1141138       0.0000012674266104
     14.2142143       0.0000012494730870
     14.3143139       0.0000012318977520
     14.4144144       0.0000012146916426
     14.5145149       0.0000011978444591
     14.6146145       0.0000011813453461
     14.7147150       0.0000011651857032
     14.8148146       0.0000011493548853
     14.9149151       0.0000011338436005
     15.0150146       0.0000011186472247
     15.1151152       0.0000011037514158
     15.2152157       0.0000010891536617
     15.3153152       0.0000010748433326
     15.4154158       0.0000010608131969
     15.5155153       0.0000010470565236
     15.6156158       0.0000010335653138
     15.7157154       0.0000010203350810
     15.8158159       0.0000010073564517
     15.9159155       0.0000009946237483
     16.0160160       0.0000009821311284
     16.1161156       0.0000009698737846
     16.2162170       0.0000009578439559
     16.3163166       0.0000009460369491
     16.4164162       0.0000009344460452
     16.5165157       0.0000009230689125
     16.6166172       0.0000009118972722
     16.7167168       0.0000009009274904
     16.8168163       0.0000008901553628
     16.9169178       0.0000008795753077
     17.0170174       0.0000008691827995
     17.1171169       0.0000008589733620
     17.2172165       0.0000008489435060
     17.3173180       0.0000008390873399
     17.4174175       0.0000008294031817
     17.5175171       0.0000008198861608
     17.6176186       0.0000008105306535
     17.7177181       0.0000008013358307
     17.8178177       0.0000007922966922
     17.9179173       0.0000007834091060
     18.0180187       0.0000007746704303
     18.1181183       0.0000007660782309
     18.2182178       0.0000007576277856
     18.3183174       0.0000007493171904
     18.4184189       0.0000007411418104
     18.5185184       0.0000007330994274
     18.6186180       0.0000007251878010
     18.7187195       0.0000007174047879
     18.8188190       0.0000007097451543
     18.9189186       0.0000007022079776
     19.0190182       0.0000006947900586
     19.1191196       0.0000006874899753
     19.2192192       0.0000006803042336
     19.3193188       0.0000006732302401
     19.4194202       0.0000006662666939
     19.5195198       0.0000006594108692
     19.6196194       0.0000006526603171
     19.7197189       0.0000006460122310
     19.8198204       0.0000006394656369
     19.9199200       0.0000006330191569
     20.0200195       0.0000006266688366
     20.1201210       0.0000006204133279
     20.2202206       0.0000006142520086
     20.3203201       0.0000006081816506
     20.4204197       0.0000006022011353
     20.5205212       0.0000005963086436
     20.6206207       0.0000005905016642
     20.7207203       0.0000005847798800
     20.8208199       0.0000005791403951
     20.9209213       0.0000005735829869
     21.0210209       0.0000005681050063
     21.1211205       0.0000005627046066
     21.2212219       0.0000005573811111
     21.3213215       0.0000005521331616
     21.4214211       0.0000005469587498
     21.5215206       0.0000005418576612
     21.6216221       0.0000005368270762
     21.7217216       0.0000005318664600
     21.8218212       0.0000005269734333
     21.9219227       0.0000005221485898
     22.0220222       0.0000005173901171
     22.1221218       0.0000005126957128
     22.2222214       0.0000005080654953
     22.3223228       0.0000005034975523
     22.4224224       0.0000004989905685
     22.5225220       0.0000004945445121
     22.6226234       0.0000004901575211
     22.7227230       0.0000004858285492
     22.8228226       0.0000004815570284
     22.9229221       0.0000004773413626
     23.0230236       0.0000004731808452
     23.1231232       0.0000004690750280
     23.2232227       0.0000004650222318
     23.3233242       0.0000004610213131
     23.4234238       0.0000004570720558
     23.5235233       0.0000004531739612
     23.6236229       0.0000004493249941
     23.7237244       0.0000004455254395
     23.8238239       0.0000004417734387
     23.9239235       0.0000004380688689
     24.0240250       0.0000004344102546
     24.1241245       0.0000004307981641
     24.2242241       0.0000004272302204
     24.3243237       0.0000004237068887
     24.4244251       0.0000004202266501
     24.5245247       0.0000004167896611
     24.6246243       0.0000004133946730
     24.7247238       0.0000004100406171
     24.8248253       0.0000004067277980
     24.9249249       0.0000004034543563
     25.0250244       0.0000004002207335
     25.1251259       0.0000003970257251
     25.2252254       0.0000003938691345
     25.3253250       0.0000003907500550
     25.4254246       0.0000003876672806
     25.5255260       0.0000003846214798
     25.6256256       0.0000003816111434
     25.7257252       0.0000003786362105
     25.8258266       0.0000003756960648
     25.9259262       0.0000003727900251
     26.0260258       0.0000003699172910
     26.1261253       0.0000003670782446
     26.2262268       0.0000003642713530
     26.3263264       0.0000003614963955
     26.4264259       0.0000003587533516
     26.5265274       0.0000003560410416
     26.6266270       0.0000003533600712
     26.7267265       0.0000003507089685
     26.8268261       0.0000003480876492
     26.9269276       0.0000003454956690
     27.0270271       0.0000003429323110
     27.1271267       0.0000003403976642
     27.2272263       0.0000003378909547
     27.3273277       0.0000003354119047
     27.4274273       0.0000003329601794
     27.5275269       0.0000003305350549
     27.6276283       0.0000003281362356
     27.7277279       0.0000003257637830
     27.8278275       0.0000003234167878
     27.9279270       0.0000003210949940
     28.0280285       0.0000003187984458
     28.1281281       0.0000003165260233
     28.2282276       0.0000003142785107
     28.3283291       0.0000003120541293
     28.4284286       0.0000003098538263
     28.5285282       0.0000003076764183
     28.6286278       0.0000003055221129
     28.7287292       0.0000003033901848
     28.8288288       0.0000003012806251
     28.9289284       0.0000002991930380
     29.0290298       0.0000002971269283
     29.1291294       0.0000002950823273
     29.2292290       0.0000002930587197
     29.3293285       0.0000002910560864
     29.4294300       0.0000002890737389
     29.5295296       0.0000002871114579
     29.6296291       0.0000002851691884
     29.7297306       0.0000002832466058
     29.8298302       0.0000002813432531
     29.9299297       0.0000002794592532
     30.0300293       0.0000002775943032
     30.1301308       0.0000002757473377
     30.2302303       0.0000002739194005
     30.3303299       0.0000002721092465
     30.4304314       0.0000002703172233
     30.5305309       0.0000002685427007
     30.6306305       0.0000002667855536
     30.7307301       0.0000002650458448
     30.8308315       0.0000002633228878
     30.9309311       0.0000002616167392
     31.0310307       0.0000002599272802
     31.1311302       0.0000002582539050
     31.2312317       0.0000002565967805
     31.3313313       0.0000002549557077
     31.4314308       0.0000002533300299
     31.5315323       0.0000002517200380
     31.6316319       0.0000002501253711
     31.7317314       0.0000002485456153
     31.8318310       0.0000002469811613
     31.9319324       0.0000002454308910
     32.0320320       0.0000002438955918
     32.1321335       0.0000002423749543
     32.2322311       0.0000002408679624
     32.3323326       0.0000002393752528
     32.4324341       0.0000002378961668
     32.5325317       0.0000002364310271
     32.6326332       0.0000002349792739
     32.7327309       0.0000002335407037
     32.8328323       0.0000002321154426
     32.9329338       0.0000002307031613
     33.0330315       0.0000002293037301
     33.1331329       0.0000002279170583
     33.2332344       0.0000002265432471
     33.3333321       0.0000002251814814
     33.4334335       0.0000002238319402
     33.5335350       0.0000002224945602
     33.6336327       0.0000002211690426
     33.7337341       0.0000002198553626
     33.8338356       0.0000002185536001
     33.9339333       0.0000002172631141
     34.0340347       0.0000002159840803
     34.1341324       0.0000002147167032
     34.2342339       0.0000002134599453
     34.3343353       0.0000002122141572
     34.4344330       0.0000002109796167
     34.5345345       0.0000002097556549
     34.6346359       0.0000002085422441
     34.7347336       0.0000002073396424
     34.8348351       0.0000002061471033
     34.9349365       0.0000002049649340
     35.0350342       0.0000002037929152
     35.1351357       0.0000002026309400
     35.2352371       0.0000002014786684
     35.3353348       0.0000002003364957
     35.4354362       0.0000001992039224
     35.5355339       0.0000001980809878
     35.6356354       0.0000001969673072
     35.7357368       0.0000001958633477
     35.8358345       0.0000001947684902
     35.9359360       0.0000001936826844
     36.0360374       0.0000001926059680
     36.1361351       0.0000001915382444
     36.2362366       0.0000001904794852
     36.3363380       0.0000001894292943
     36.4364357       0.0000001883878222
     36.5365372       0.0000001873549108
     36.6366348       0.0000001863305261
     36.7367363       0.0000001853146653
     36.8368378       0.0000001843069217
     36.9369354       0.0000001833074413
     37.0370369       0.0000001823158537
     37.1371384       0.0000001813326125
     37.2372360       0.0000001803572839
     37.3373375       0.0000001793894608
     37.4374390       0.0000001784297435
     37.5375366       0.0000001774776868
     37.6376381       0.0000001765330232
     37.7377396       0.0000001755960002
     37.8378372       0.0000001746667480
     37.9379387       0.0000001737443151
     38.0380363       0.0000001728294987
     38.1381378       0.0000001719218247
     38.2382393       0.0000001710212257
     38.3383369       0.0000001701277599
     38.4384384       0.0000001692413748
     38.5385399       0.0000001683617765
     38.6386375       0.0000001674889133
     38.7387390       0.0000001666231061
     38.8388405       0.0000001657637101
     38.9389381       0.0000001649110426
     39.0390396       0.0000001640650252
     39.1391373       0.0000001632253381
     39.2392387       0.0000001623923737
     39.3393402       0.0000001615656175
     39.4394379       0.0000001607450868
     39.5395393       0.0000001599307875
     39.6396408       0.0000001591226865
     39.7397385       0.0000001583206476
     39.8398399       0.0000001575250119
     39.9399414       0.0000001567349762
     40.0400391       0.0000001559510972
     40.1401405       0.0000001551728251
     40.2402420       0.0000001544006272
     40.3403397       0.0000001536340754
     40.4404411       0.0000001528731533
     40.5405388       0.0000001521179830
     40.6406403       0.0000001513683303
     40.7407417       0.0000001506242574
     40.8408394       0.0000001498857686
     40.9409409       0.0000001491525557
     41.0410423       0.0000001484247020
     41.1411400       0.0000001477022378
     41.2412415       0.0000001469848608
     41.3413429       0.0000001462729389
     41.4414406       0.0000001455660917
     41.5415421       0.0000001448642705
     41.6416397       0.0000001441675445
     41.7417412       0.0000001434759682
     41.8418427       0.0000001427892090
     41.9419403       0.0000001421073749
     42.0420418       0.0000001414305635
     42.1421432       0.0000001407585065
     42.2422409       0.0000001400910727
     42.3423424       0.0000001394286187
     42.4424438       0.0000001387706748
     42.5425415       0.0000001381175354
     42.6426430       0.0000001374688646
     42.7427444       0.0000001368247598
     42.8428421       0.0000001361853237
     42.9429436       0.0000001355502122
     43.0430412       0.0000001349194561
     43.1431427       0.0000001342932937
     43.2432442       0.0000001336713619
     43.3433418       0.0000001330538452
     43.4434433       0.0000001324405453
     43.5435448       0.0000001318314674
     43.6436424       0.0000001312266225
     43.7437439       0.0000001306257682
     43.8438454       0.0000001300292333
     43.9439430       0.0000001294366793
     44.0440445       0.0000001288482450
     44.1441460       0.0000001282637817
     44.2442436       0.0000001276831966
     44.3443451       0.0000001271065672
     44.4444427       0.0000001265340738
     44.5445442       0.0000001259652229
     44.6446457       0.0000001254001014
     44.7447433       0.0000001248390119
     44.8448448       0.0000001242815784
     44.9449463       0.0000001237277581
     45.0450439       0.0000001231778299
     45.1451454       0.0000001226316065
     45.2452469       0.0000001220887749
     45.3453445       0.0000001215496840
     45.4454460       0.0000001210141738
     45.5455437       0.0000001204820707
     45.6456451       0.0000001199535209
     45.7457466       0.0000001194285488
     45.8458443       0.0000001189068684
     45.9459457       0.0000001183887313
     46.0460472       0.0000001178738829
     46.1461449       0.0000001173623886
     46.2462463       0.0000001168542378
     46.3463478       0.0000001163493793
     46.4464455       0.0000001158478580
     46.5465469       0.0000001153494938
     46.6466484       0.0000001148543128
     46.7467461       0.0000001143623517
     46.8468475       0.0000001138734526
     46.9469452       0.0000001133879011
     47.0470467       0.0000001129053377
     47.1471481       0.0000001124258296
     47.2472458       0.0000001119493221
     47.3473473       0.0000001114759233
     47.4474487       0.0000001110055363
     47.5475464       0.0000001105380475
     47.6476479       0.0000001100735873
     47.7477493       0.0000001096119532
     47.8478470       0.0000001091532641
     47.9479485       0.0000001086974265
     48.0480499       0.0000001082444910
     48.1481476       0.0000001077944467
     48.2482491       0.0000001073470436
     48.3483467       0.0000001069024753
     48.4484482       0.0000001064607247
     48.5485497       0.0000001060216703
     48.6486473       0.0000001055853962
     48.7487488       0.0000001051517316
     48.8488503       0.0000001047206970
     48.9489479       0.0000001042923997
     49.0490494       0.0000001038666084
     49.1491508       0.0000001034434180
     49.2492485       0.0000001030230144
     49.3493500       0.0000001026049884
     49.4494476       0.0000001021895821
     49.5495491       0.0000001017767387
     49.6496506       0.0000001013661045
     49.7497482       0.0000001009582542
     49.8498497       0.0000001005527890
     49.9499512       0.0000001001497117
     50.0500488       0.0000000997491526
     50.1501503       0.0000000993508724
     50.2502518       0.0000000989550070
     50.3503494       0.0000000985615581
     50.4504509       0.0000000981704045
     50.5505524       0.0000000977816337
     50.6506500       0.0000000973950593
     50.7507515       0.0000000970108592
     50.8508492       0.0000000966289643
     50.9509506       0.0000000962492332
     51.0510521       0.0000000958717861
     51.1511497       0.0000000954965310
     51.2512512       0.0000000951233584
     51.3513527       0.0000000947525391
     51.4514503       0.0000000943838482
     51.5515518       0.0000000940173415
     51.6516533       0.0000000936529288
     51.7517509       0.0000000932906239
     51.8518524       0.0000000929304083
     51.9519501       0.0000000925722640
     52.0520515       0.0000000922161341
     52.1521530       0.0000000918621151
     52.2522507       0.0000000915101996
     52.3523521       0.0000000911603060
     52.4524536       0.0000000908122850
     52.5525513       0.0000000904662864
     52.6526527       0.0000000901223122
     52.7527542       0.0000000897803966
     52.8528519       0.0000000894403122
     52.9529533       0.0000000891020597
     53.0530548       0.0000000887659209
     53.1531525       0.0000000884315303
     53.2532539       0.0000000880990745
     53.3533516       0.0000000877685415
     53.4534531       0.0000000874397329
     53.5535545       0.0000000871128823
     53.6536522       0.0000000867878347
     53.7537537       0.0000000864646891
     53.8538551       0.0000000861430941
     53.9539528       0.0000000858235329
     54.0540543       0.0000000855056461
     54.1541557       0.0000000851895887
     54.2542534       0.0000000848751849
     54.3543549       0.0000000845625891
     54.4544525       0.0000000842517383
     54.5545540       0.0000000839425951
     54.6546555       0.0000000836349991
     54.7547531       0.0000000833293246
     54.8548546       0.0000000830251895
     54.9549561       0.0000000827227304
     55.0550537       0.0000000824218697
     55.1551552       0.0000000821227109
     55.2552567       0.0000000818251579
     55.3553543       0.0000000815292671
     55.4554558       0.0000000812349325
     55.5555573       0.0000000809421760
     55.6556549       0.0000000806510556
     55.7557564       0.0000000803614947
     55.8558540       0.0000000800734464
     55.9559555       0.0000000797869988
     56.0560570       0.0000000795020667
     56.1561546       0.0000000792187202
     56.2562561       0.0000000789367513
     56.3563576       0.0000000786562743
     56.4564552       0.0000000783774525
     56.5565567       0.0000000780999223
     56.6566582       0.0000000778240591
     56.7567558       0.0000000775495152
     56.8568573       0.0000000772764186
     56.9569588       0.0000000770048574
     57.0570564       0.0000000767346298
     57.1571579       0.0000000764659893
     57.2572556       0.0000000761985288
     57.3573570       0.0000000759325667
     57.4574585       0.0000000756680163
     57.5575562       0.0000000754048637
     57.6576576       0.0000000751430981
     57.7577591       0.0000000748826160
     57.8578568       0.0000000746234795
     57.9579582       0.0000000743657644
     58.0580597       0.0000000741093571
     58.1581573       0.0000000738542854
     58.2582588       0.0000000736005280
     58.3583565       0.0000000733479839
     58.4584579       0.0000000730968107
     58.5585594       0.0000000728469603
     58.6586571       0.0000000725983057
     58.7587585       0.0000000723510186
     58.8588600       0.0000000721049659
     58.9589577       0.0000000718600405
     59.0590591       0.0000000716165363
     59.1591606       0.0000000713741953
     59.2592583       0.0000000711330838
     59.3593597       0.0000000708931566
     59.4594612       0.0000000706545063
     59.5595589       0.0000000704169979
     59.6596603       0.0000000701807500
     59.7597580       0.0000000699456823
     59.8598595       0.0000000697117075
     59.9599609       0.0000000694790198
     60.0600586       0.0000000692474380
     60.1601601       0.0000000690170078
     60.2602615       0.0000000687877399
     60.3603592       0.0000000685596134
     60.4604607       0.0000000683325936
     60.5605621       0.0000000681067335
     60.6606598       0.0000000678820044
     60.7607613       0.0000000676583209
     60.8608627       0.0000000674357461
     60.9609604       0.0000000672143766
     61.0610619       0.0000000669939681
     61.1611595       0.0000000667747396
     61.2612610       0.0000000665565563
     61.3613625       0.0000000663394567
     61.4614601       0.0000000661233207
     61.5615616       0.0000000659082818
     61.6616631       0.0000000656943526
     61.7617607       0.0000000654814343
     61.8618622       0.0000000652695226
     61.9619637       0.0000000650586389
     62.0620613       0.0000000648488268
     62.1621628       0.0000000646400446
     62.2622604       0.0000000644321024
     62.3623619       0.0000000642253796
     62.4624634       0.0000000640194895
     62.5625610       0.0000000638146679
     62.6626625       0.0000000636107660
     62.7627640       0.0000000634079617
     62.8628616       0.0000000632059926
     62.9629631       0.0000000630050653
     63.0630646       0.0000000628050700
     63.1631622       0.0000000626060706
     63.2632637       0.0000000624079324
     63.3633652       0.0000000622107788
     63.4634628       0.0000000620145429
     63.5635643       0.0000000618192691
     63.6636620       0.0000000616248674
     63.7637634       0.0000000614313865
     63.8638649       0.0000000612388176
     63.9639626       0.0000000610471758
     64.0640640       0.0000000608564961
     64.1641617       0.0000000606666265
     64.2642670       0.0000000604775780
     64.3643646       0.0000000602895242
     64.4644623       0.0000000601023395
     64.5645676       0.0000000599159889
     64.6646652       0.0000000597304863
     64.7647629       0.0000000595459137
     64.8648682       0.0000000593621321
     64.9649658       0.0000000591792394
     65.0650635       0.0000000589971664
     65.1651688       0.0000000588158946
     65.2652664       0.0000000586355274
     65.3653641       0.0000000584559921
     65.4654617       0.0000000582772276
     65.5655670       0.0000000580993017
     65.6656647       0.0000000579222082
     65.7657623       0.0000000577459226
     65.8658676       0.0000000575703801
     65.9659653       0.0000000573957002
     66.0660629       0.0000000572218158
     66.1661682       0.0000000570487200
     66.2662659       0.0000000568763443
     66.3663635       0.0000000567048267
     66.4664688       0.0000000565340733
     66.5665665       0.0000000563640214
     66.6666641       0.0000000561947737
     66.7667694       0.0000000560263106
     66.8668671       0.0000000558585551
     66.9669647       0.0000000556916585
     67.0670700       0.0000000555254005
     67.1671677       0.0000000553599241
     67.2672653       0.0000000551952263
     67.3673706       0.0000000550311773
     67.4674683       0.0000000548679423
     67.5675659       0.0000000547054047
     67.6676712       0.0000000545435784
     67.7677689       0.0000000543824397
     67.8678665       0.0000000542220093
     67.9679642       0.0000000540623486
     68.0680695       0.0000000539033483
     68.1681671       0.0000000537450854
     68.2682648       0.0000000535875082
     68.3683701       0.0000000534306112
     68.4684677       0.0000000532743877
     68.5685654       0.0000000531188510
     68.6686707       0.0000000529640582
     68.7687683       0.0000000528098568
     68.8688660       0.0000000526563802
     68.9689713       0.0000000525035369
     69.0690689       0.0000000523514054
     69.1691666       0.0000000521998793
     69.2692719       0.0000000520490492
     69.3693695       0.0000000518988622
     69.4694672       0.0000000517493028
     69.5695724       0.0000000516003771
     69.6696701       0.0000000514521658
     69.7697678       0.0000000513045603
     69.8698730       0.0000000511575576
     69.9699707       0.0000000510111769
     70.0700684       0.0000000508655394
     70.1701736       0.0000000507204075
     70.2702713       0.0000000505759001
     70.3703690       0.0000000504320416
     70.4704742       0.0000000502887583
     70.5705719       0.0000000501461718
     70.6706696       0.0000000500041188
     70.7707672       0.0000000498626988
     70.8708725       0.0000000497218688
     70.9709702       0.0000000495816209
     71.0710678       0.0000000494419725
     71.1711731       0.0000000493029224
     71.2712708       0.0000000491644481
     71.3713684       0.0000000490265878
     71.4714737       0.0000000488892924
     71.5715714       0.0000000487525609
     71.6716690       0.0000000486164072
     71.7717743       0.0000000484807890
     71.8718719       0.0000000483457490
     71.9719696       0.0000000482113206
     72.0720749       0.0000000480774278
     72.1721725       0.0000000479440776
     72.2722702       0.0000000478113198
     72.3723755       0.0000000476790463
     72.4724731       0.0000000475473745
     72.5725708       0.0000000474162357
     72.6726761       0.0000000472856156
     72.7727737       0.0000000471555354
     72.8728714       0.0000000470260251
     72.9729767       0.0000000468970264
     73.0730743       0.0000000467685681
     73.1731720       0.0000000466406438
     73.2732697       0.0000000465132829
     73.3733749       0.0000000463863452
     73.4734726       0.0000000462599610
     73.5735703       0.0000000461341429
     73.6736755       0.0000000460087835
     73.7737732       0.0000000458838989
     73.8738708       0.0000000457595959
     73.9739761       0.0000000456358051
     74.0740738       0.0000000455125049
     74.1741714       0.0000000453896673
     74.2742767       0.0000000452673326
     74.3743744       0.0000000451455352
     74.4744720       0.0000000450241947
     74.5745773       0.0000000449033411
     74.6746750       0.0000000447829448
     74.7747726       0.0000000446630908
     74.8748779       0.0000000445437148
     74.9749756       0.0000000444247842
     75.0750732       0.0000000443063314
     75.1751785       0.0000000441883685
     75.2752762       0.0000000440708595
     75.3753738       0.0000000439537805
     75.4754791       0.0000000438372602
     75.5755768       0.0000000437211546
     75.6756744       0.0000000436054731
     75.7757721       0.0000000434903079
     75.8758774       0.0000000433756129
     75.9759750       0.0000000432613452
     76.0760727       0.0000000431475244
     76.1761780       0.0000000430341038
     76.2762756       0.0000000429211802
     76.3763733       0.0000000428087011
     76.4764786       0.0000000426966590
     76.5765762       0.0000000425850670
     76.6766739       0.0000000424738726
     76.7767792       0.0000000423631434
     76.8768768       0.0000000422528587
     76.9769745       0.0000000421430218
     77.0770798       0.0000000420335502
     77.1771774       0.0000000419245296
     77.2772751       0.0000000418159812
     77.3773804       0.0000000417077648
     77.4774780       0.0000000416000111
     77.5775757       0.0000000414926597
     77.6776810       0.0000000413857569
     77.7777786       0.0000000412792145
     77.8778763       0.0000000411731433
     77.9779816       0.0000000410674729
     78.0780792       0.0000000409622215
     78.1781769       0.0000000408573366
     78.2782745       0.0000000407528465
     78.3783798       0.0000000406487428
     78.4784775       0.0000000405450565
     78.5785751       0.0000000404418124
     78.6786804       0.0000000403389495
     78.7787781       0.0000000402364571
     78.8788757       0.0000000401343500
     78.9789810       0.0000000400326244
     79.0790787       0.0000000399312930
     79.1791763       0.0000000398303518
     79.2792816       0.0000000397297993
     79.3793793       0.0000000396296188
     79.4794769       0.0000000395298198
     79.5795822       0.0000000394303899
     79.6796799       0.0000000393313063
     79.7797775       0.0000000392326521
     79.8798828       0.0000000391343419
     79.9799805       0.0000000390363760
     80.0800781       0.0000000389388103
     80.1801834       0.0000000388415920
     80.2802811       0.0000000387447550
     80.3803787       0.0000000386482895
     80.4804840       0.0000000385521535
     80.5805817       0.0000000384564051
     80.6806793       0.0000000383610347
     80.7807770       0.0000000382659628
     80.8808823       0.0000000381712684
     80.9809799       0.0000000380769036
     81.0810776       0.0000000379828830
     81.1811829       0.0000000378892672
     81.2812805       0.0000000377959593
     81.3813782       0.0000000377029869
     81.4814835       0.0000000376103821
     81.5815811       0.0000000375181097
     81.6816788       0.0000000374261573
     81.7817841       0.0000000373345398
     81.8818817       0.0000000372432633
     81.9819794       0.0000000371523395
     82.0820847       0.0000000370617742
     82.1821823       0.0000000369715053
     82.2822800       0.0000000368815555
     82.3823853       0.0000000367919520
     82.4824829       0.0000000367026656
     82.5825806       0.0000000366136985
     82.6826859       0.0000000365250711
     82.7827835       0.0000000364367733
     82.8828812       0.0000000363487793
     82.9829865       0.0000000362611062
     83.0830841       0.0000000361737475
     83.1831818       0.0000000360866876
     83.2832794       0.0000000359999417
     83.3833847       0.0000000359135360
     83.4834824       0.0000000358274494
     83.5835800       0.0000000357416149
     83.6836853       0.0000000356561799
     83.7837830       0.0000000355709653
     83.8838806       0.0000000354861084
     83.9839859       0.0000000354015318
     84.0840836       0.0000000353172323
     84.1841812       0.0000000352332861
     84.2842865       0.0000000351496339
     84.3843842       0.0000000350662465
     84.4844818       0.0000000349831481
     84.5845871       0.0000000349003815
     84.6846848       0.0000000348178998
     84.7847824       0.0000000347356945
     84.8848877       0.0000000346537576
     84.9849854       0.0000000345721554
     85.0850830       0.0000000344908204
     85.1851883       0.0000000344097847
     85.2852859       0.0000000343290390
     85.3853836       0.0000000342485496
     85.4854889       0.0000000341683836
     85.5855865       0.0000000340884597
     85.6856842       0.0000000340088744
     85.7857895       0.0000000339295014
     85.8858871       0.0000000338504146
     85.9859848       0.0000000337716184
     86.0860825       0.0000000336930826
     86.1861877       0.0000000336148503
     86.2862854       0.0000000335368914
     86.3863831       0.0000000334591780
     86.4864883       0.0000000333817033
     86.5865860       0.0000000333045603
     86.6866837       0.0000000332276845
     86.7867889       0.0000000331510293
     86.8868866       0.0000000330746572
     86.9869843       0.0000000329985564
     87.0870895       0.0000000329227135
     87.1871872       0.0000000328470947
     87.2872849       0.0000000327717809
     87.3873901       0.0000000326967208
     87.4874878       0.0000000326219599
     87.5875854       0.0000000325473790
     87.6876907       0.0000000324731189
     87.7877884       0.0000000323990609
     87.8878860       0.0000000323252875
     87.9879913       0.0000000322517429
     88.0880890       0.0000000321784325
     88.1881866       0.0000000321054075
     88.2882919       0.0000000320326501
     88.3883896       0.0000000319601107
     88.4884872       0.0000000318878003
     88.5885849       0.0000000318157495
     88.6886902       0.0000000317439599
     88.7887878       0.0000000316724007
     88.8888855       0.0000000316010795
     88.9889908       0.0000000315299862
     89.0890884       0.0000000314591504
     89.1891861       0.0000000313885677
     89.2892914       0.0000000313181716
     89.3893890       0.0000000312480699
     89.4894867       0.0000000311781649
     89.5895920       0.0000000311085395
     89.6896896       0.0000000310391224
     89.7897873       0.0000000309699208
     89.8898926       0.0000000309009819
     89.9899902       0.0000000308322421
     90.0900879       0.0000000307637310
     90.1901932       0.0000000306954632
     90.2902908       0.0000000306273965
     90.3903885       0.0000000305595714
     90.4904938       0.0000000304919948
     90.5905914       0.0000000304246207
     90.6906891       0.0000000303574659
     90.7907944       0.0000000302905304
     90.8908920       0.0000000302238222
     90.9909897       0.0000000301573378
     91.0910873       0.0000000300910983
     91.1911926       0.0000000300250430
     91.2912903       0.0000000299592070
     91.3913879       0.0000000298935965
     91.4914932       0.0000000298281785
     91.5915909       0.0000000297629910
     91.6916885       0.0000000296980511
     91.7917938       0.0000000296332581
     91.8918915       0.0000000295687411
     91.9919891       0.0000000295043964
     92.0920944       0.0000000294402676
     92.1921921       0.0000000293763488
     92.2922897       0.0000000293126430
     92.3923950       0.0000000292491439
     92.4924927       0.0000000291858517
     92.5925903       0.0000000291227599
     92.6926956       0.0000000290598780
     92.7927933       0.0000000289971965
     92.8928909       0.0000000289347081
     92.9929962       0.0000000288724308
     93.0930939       0.0000000288103572
     93.1931915       0.0000000287484872
     93.2932968       0.0000000286867808
     93.3933945       0.0000000286253119
     93.4934921       0.0000000285640340
     93.5935898       0.0000000285029567
     93.6936951       0.0000000284420673
     93.7937927       0.0000000283813679
     93.8938904       0.0000000283208612
     93.9939957       0.0000000282605546
     94.0940933       0.0000000282004516
     94.1941910       0.0000000281405096
     94.2942963       0.0000000280807660
     94.3943939       0.0000000280212333
     94.4944916       0.0000000279618649
     94.5945969       0.0000000279027081
     94.6946945       0.0000000278437558
     94.7947922       0.0000000277849351
     94.8948975       0.0000000277263329
     94.9949951       0.0000000276679163
     95.0950928       0.0000000276097164
     95.1951981       0.0000000275516355
     95.2952957       0.0000000274937789
     95.3953934       0.0000000274360973
     95.4954987       0.0000000273785979
     95.5955963       0.0000000273212536
     95.6956940       0.0000000272641291
     95.7957993       0.0000000272071520
     95.8958969       0.0000000271503765
     95.9959946       0.0000000270937438
     96.0960999       0.0000000270372996
     96.1961975       0.0000000269810711
     96.2962952       0.0000000269249908
     96.3963928       0.0000000268690763
     96.4964981       0.0000000268133407
     96.5965958       0.0000000267577869
     96.6966934       0.0000000267024008
     96.7967987       0.0000000266471790
     96.8968964       0.0000000265921233
     96.9969940       0.0000000265372463
     97.0970993       0.0000000264825577
     97.1971970       0.0000000264280176
     97.2972946       0.0000000263736390
     97.3973999       0.0000000263194328
     97.4974976       0.0000000262654336
     97.5975952       0.0000000262115471
     97.6977005       0.0000000261578393
     97.7977982       0.0000000261042992
     97.8978958       0.0000000260509502
     97.9980011       0.0000000259977314
     98.0980988       0.0000000259446834
     98.1981964       0.0000000258918077
     98.2983017       0.0000000258390795
     98.3983994       0.0000000257865174
     98.4984970       0.0000000257341121
     98.5986023       0.0000000256818912
     98.6987000       0.0000000256298103
     98.7987976       0.0000000255778846
     98.8988953       0.0000000255261171
     98.9990005       0.0000000254745398
     99.0990982       0.0000000254230874
     99.1991959       0.0000000253717659
     99.2993011       0.0000000253206434
     99.3993988       0.0000000252696565
     99.4994965       0.0000000252188232
     99.5996017       0.0000000251681372
     99.6996994       0.0000000251175856
     99.7997971       0.0000000250672387
     99.8999023       0.0000000250169835
    100.0000000       0.0000000249669136
