# x		H(x,a)
      0.0000000       1.0000000000000000
      0.1001001       0.9900299906730652
      0.2002002       0.9607124924659729
      0.3003003       0.9137664437294006
      0.4004004       0.8518707156181335
      0.5005005       0.7784109115600586
      0.6006006       0.6971734166145325
      0.7007007       0.6120254397392273
      0.8008008       0.5266169309616089
      0.9009009       0.4441368877887726
      1.0010010       0.3671569836973276
      1.1011012       0.2975140405528320
      1.2012012       0.2363060377453588
      1.3013012       0.1839717375088939
      1.4014014       0.1403902282332012
      1.5015016       0.1050112373574687
      1.6016016       0.0769935131820963
      1.7017016       0.0553352022644768
      1.8018018       0.0389845007732283
      1.9019020       0.0269244755788338
      2.0020020       0.0182305607311223
      2.1021020       0.0121031835620179
      2.2022023       0.0078799420526050
      2.3023024       0.0050326231388713
      2.4024024       0.0031543591553742
      2.5025024       0.0019417644848627
      2.6026025       0.0011753991236324
      2.7027028       0.0007010817496651
      2.8028028       0.0004134641997327
      2.9029028       0.0002424721351207
      3.0030031       0.0001426993679825
      3.1031032       0.0000854634014367
      3.2032032       0.0000530898345111
      3.3033032       0.0000349489421117
      3.4034033       0.0000247978178982
      3.5035036       0.0000190534293803
      3.6036036       0.0000157048390396
      3.7037036       0.0000136470619812
      3.8038039       0.0000122847669836
      3.9039040       0.0000113025895914
      4.0040040       0.0000105355652918
      4.1041040       0.0000098978579955
      4.2042041       0.0000093444824222
      4.3043041       0.0000088512352686
      4.4044046       0.0000084044446696
      4.5045047       0.0000079957342334
      4.6046047       0.0000076195036876
      4.7047048       0.0000072716496051
      4.8048048       0.0000069489599867
      4.9049048       0.0000066487876702
      5.0050049       0.0000063688817895
      5.1051049       0.0000061073019158
      5.2052050       0.0000058623617629
      5.3053055       0.0000056325745827
      5.4054055       0.0000054166244996
      5.5055056       0.0000052133554759
      5.6056056       0.0000050217353051
      5.7057056       0.0000048408187104
      5.8058057       0.0000046697955551
      5.9059057       0.0000045079147943
      6.0060062       0.0000043544957851
      6.1061063       0.0000042089483496
      6.2062063       0.0000040707117696
      6.3063064       0.0000039392866677
      6.4064064       0.0000038142135953
      6.5065064       0.0000036950806645
      6.6066065       0.0000035815049363
      6.7067065       0.0000034731366248
      6.8068066       0.0000033696561391
      6.9069071       0.0000032707615272
      7.0070071       0.0000031761838919
      7.1071072       0.0000030856768400
      7.2072072       0.0000029989991516
      7.3073072       0.0000029159316391
      7.4074073       0.0000028362855266
      7.5075073       0.0000027598608276
      7.6076078       0.0000026864921009
      7.7077079       0.0000026160141473
      7.8078079       0.0000025482768656
      7.9079080       0.0000024831374563
      8.0080080       0.0000024204651686
      8.1081085       0.0000023601380039
      8.2082081       0.0000023020367147
      8.3083086       0.0000022460547514
      8.4084082       0.0000021920899364
      8.5085087       0.0000021400427089
      8.6086082       0.0000020898301753
      8.7087088       0.0000020413609186
      8.8088093       0.0000019945567949
      8.9089088       0.0000019493425515
      9.0090094       0.0000019056462936
      9.1091089       0.0000018634031705
      9.2092094       0.0000018225465221
      9.3093090       0.0000017830167359
      9.4094095       0.0000017447585242
      9.5095091       0.0000017077175817
      9.6096096       0.0000016718441308
      9.7097101       0.0000016370864957
      9.8098097       0.0000016034002465
      9.9099102       0.0000015707443263
     10.0100098       0.0000015390723490
     10.1101103       0.0000015083470002
     10.2102098       0.0000014785349276
     10.3103104       0.0000014495957930
     10.4104099       0.0000014214989233
     10.5105104       0.0000013942086807
     10.6106110       0.0000013676979144
     10.7107105       0.0000013419348524
     10.8108110       0.0000013168914379
     10.9109106       0.0000012925426376
     11.0110111       0.0000012688630911
     11.1111107       0.0000012458279646
     11.2112112       0.0000012234144782
     11.3113117       0.0000012016006340
     11.4114113       0.0000011803648664
     11.5115118       0.0000011596863201
     11.6116114       0.0000011395452813
     11.7117119       0.0000011199262226
     11.8118114       0.0000011008087767
     11.9119120       0.0000010821762622
     12.0120125       0.0000010640135210
     12.1121120       0.0000010463030107
     12.2122126       0.0000010290330462
     12.3123121       0.0000010121861810
     12.4124126       0.0000009957495506
     12.5125122       0.0000009797104577
     12.6126127       0.0000009640557266
     12.7127123       0.0000009487735367
     12.8128128       0.0000009338524556
     12.9129133       0.0000009192803030
     13.0130129       0.0000009050467028
     13.1131134       0.0000008911401106
     13.2132130       0.0000008775527751
     13.3133135       0.0000008642736475
     13.4134130       0.0000008512956161
     13.5135136       0.0000008386055223
     13.6136131       0.0000008261981302
     13.7137136       0.0000008140646024
     13.8138142       0.0000008021964920
     13.9139137       0.0000007905848425
     14.0140142       0.0000007792250767
     14.1141138       0.0000007681089734
     14.2142143       0.0000007572284197
     14.3143139       0.0000007465770881
     14.4144144       0.0000007361495649
     14.5145149       0.0000007259395402
     14.6146145       0.0000007159403911
     14.7147150       0.0000007061470477
     14.8148146       0.0000006965528960
     14.9149151       0.0000006871525546
     15.0150146       0.0000006779429098
     15.1151152       0.0000006689155073
     15.2152157       0.0000006600686898
     15.3153152       0.0000006513961285
     15.4154158       0.0000006428933327
     15.5155153       0.0000006345561931
     15.6156158       0.0000006263800124
     15.7157154       0.0000006183620461
     15.8158159       0.0000006104964494
     15.9159155       0.0000006027800179
     16.0160160       0.0000005952089368
     16.1161156       0.0000005877805837
     16.2162170       0.0000005804899506
     16.3163166       0.0000005733345363
     16.4164162       0.0000005663100083
     16.5165157       0.0000005594149934
     16.6166172       0.0000005526445515
     16.7167168       0.0000005459964401
     16.8168163       0.0000005394681384
     16.9169178       0.0000005330561859
     17.0170174       0.0000005267578915
     17.1171169       0.0000005205706692
     17.2172165       0.0000005144921910
     17.3173180       0.0000005085189251
     17.4174175       0.0000005026500065
     17.5175171       0.0000004968822537
     17.6176186       0.0000004912125184
     17.7177181       0.0000004856400828
     17.8178177       0.0000004801620988
     17.9179173       0.0000004747758275
     18.0180187       0.0000004694798286
     18.1181183       0.0000004642726586
     18.2182178       0.0000004591513948
     18.3183174       0.0000004541148368
     18.4184189       0.0000004491602292
     18.5185184       0.0000004442862363
     18.6186180       0.0000004394915134
     18.7187195       0.0000004347746859
     18.8188190       0.0000004301326677
     18.9189186       0.0000004255648705
     19.0190182       0.0000004210693174
     19.1191196       0.0000004166451657
     19.2192192       0.0000004122903893
     19.3193188       0.0000004080032330
     19.4194202       0.0000004037830702
     19.5195198       0.0000003996281860
     19.6196194       0.0000003955370796
     19.7197189       0.0000003915080937
     19.8198204       0.0000003875405957
     19.9199200       0.0000003836337739
     20.0200195       0.0000003797852360
     20.1201210       0.0000003759941708
     20.2202206       0.0000003722601735
     20.3203201       0.0000003685813353
     20.4204197       0.0000003649568997
     20.5205212       0.0000003613858105
     20.6206207       0.0000003578665229
     20.7207203       0.0000003543989634
     20.8208199       0.0000003509811902
     20.9209213       0.0000003476131957
     21.0210209       0.0000003442933556
     21.1211205       0.0000003410204741
     21.2212219       0.0000003377942498
     21.3213215       0.0000003346137802
     21.4214211       0.0000003314778931
     21.5215206       0.0000003283864532
     21.6216221       0.0000003253376738
     21.7217216       0.0000003223313955
     21.8218212       0.0000003193660586
     21.9219227       0.0000003164419779
     22.0220222       0.0000003135581316
     22.1221218       0.0000003107131524
     22.2222214       0.0000003079070810
     22.3223228       0.0000003051387430
     22.4224224       0.0000003024073715
     22.5225220       0.0000002997128778
     22.6226234       0.0000002970541844
     22.7227230       0.0000002944306646
     22.8228226       0.0000002918419466
     22.9229221       0.0000002892870707
     23.0230236       0.0000002867656736
     23.1231232       0.0000002842773920
     23.2232227       0.0000002818212244
     23.3233242       0.0000002793965149
     23.4234238       0.0000002770031368
     23.5235233       0.0000002746407502
     23.6236229       0.0000002723081084
     23.7237244       0.0000002700054542
     23.8238239       0.0000002677316015
     23.9239235       0.0000002654864674
     24.0240250       0.0000002632691830
     24.1241245       0.0000002610801268
     24.2242241       0.0000002589178589
     24.3243237       0.0000002567825382
     24.4244251       0.0000002546733917
     24.5245247       0.0000002525904504
     24.6246243       0.0000002505329517
     24.7247238       0.0000002485002486
     24.8248253       0.0000002464925843
     24.9249249       0.0000002445087517
     25.0250244       0.0000002425490429
     25.1251259       0.0000002406127332
     25.2252254       0.0000002386997352
     25.3253250       0.0000002368094505
     25.4254246       0.0000002349411667
     25.5255260       0.0000002330952934
     25.6256256       0.0000002312709234
     25.7257252       0.0000002294680102
     25.8258266       0.0000002276861734
     25.9259262       0.0000002259249691
     26.0260258       0.0000002241839947
     26.1261253       0.0000002224634407
     26.2262268       0.0000002207623433
     26.3263264       0.0000002190806291
     26.4264259       0.0000002174182363
     26.5265274       0.0000002157744382
     26.6266270       0.0000002141497119
     26.7267265       0.0000002125430278
     26.8268261       0.0000002109544002
     26.9269276       0.0000002093835592
     27.0270271       0.0000002078300813
     27.1271267       0.0000002062939752
     27.2272263       0.0000002047748089
     27.3273277       0.0000002032724049
     27.4274273       0.0000002017865696
     27.5275269       0.0000002003168523
     27.6276283       0.0000001988630865
     27.7277279       0.0000001974252826
     27.8278275       0.0000001960029210
     27.9279270       0.0000001945958318
     28.0280285       0.0000001932040300
     28.1281281       0.0000001918268487
     28.2282276       0.0000001904647848
     28.3283291       0.0000001891167187
     28.4284286       0.0000001877832615
     28.5285282       0.0000001864636601
     28.6286278       0.0000001851580631
     28.7287292       0.0000001838660379
     28.8288288       0.0000001825875630
     28.9289284       0.0000001813223944
     29.0290298       0.0000001800702555
     29.1291294       0.0000001788311596
     29.2292290       0.0000001776047598
     29.3293285       0.0000001763911154
     29.4294300       0.0000001751897296
     29.5295296       0.0000001740005177
     29.6296291       0.0000001728234238
     29.7297306       0.0000001716582607
     29.8298302       0.0000001705047600
     29.9299297       0.0000001693629684
     30.0300293       0.0000001682327585
     30.1301308       0.0000001671134270
     30.2302303       0.0000001660056151
     30.3303299       0.0000001649085899
     30.4304314       0.0000001638225564
     30.5305309       0.0000001627471361
     30.6306305       0.0000001616822326
     30.7307301       0.0000001606279057
     30.8308315       0.0000001595837354
     30.9309311       0.0000001585497278
     31.0310307       0.0000001575258520
     31.1311302       0.0000001565117520
     31.2312317       0.0000001555074536
     31.3313313       0.0000001545128849
     31.4314308       0.0000001535276658
     31.5315323       0.0000001525519451
     31.6316319       0.0000001515855420
     31.7317314       0.0000001506281399
     31.8318310       0.0000001496800240
     31.9319324       0.0000001487404837
     32.0320320       0.0000001478100411
     32.1321335       0.0000001468884661
     32.2322311       0.0000001459751780
     32.3323326       0.0000001450705448
     32.4324341       0.0000001441741653
     32.5325317       0.0000001432862385
     32.6326332       0.0000001424064097
     32.7327309       0.0000001415345803
     32.8328323       0.0000001406708239
     32.9329338       0.0000001398149291
     33.0330315       0.0000001389668182
     33.1331329       0.0000001381264474
     33.2332344       0.0000001372938540
     33.3333321       0.0000001364685845
     33.4334335       0.0000001356506915
     33.5335350       0.0000001348402028
     33.6336327       0.0000001340368896
     33.7337341       0.0000001332407567
     33.8338356       0.0000001324518224
     33.9339333       0.0000001316697469
     34.0340347       0.0000001308945902
     34.1341324       0.0000001301265242
     34.2342339       0.0000001293648817
     34.3343353       0.0000001286098830
     34.4344330       0.0000001278616973
     34.5345345       0.0000001271199252
     34.6346359       0.0000001263845631
     34.7347336       0.0000001256557379
     34.8348351       0.0000001249330212
     34.9349365       0.0000001242165723
     35.0350342       0.0000001235063008
     35.1351357       0.0000001228020734
     35.2352371       0.0000001221037721
     35.3353348       0.0000001214115719
     35.4354362       0.0000001207251812
     35.5355339       0.0000001200446491
     35.6356354       0.0000001193697062
     35.7357368       0.0000001187006707
     35.8358345       0.0000001180371358
     35.9359360       0.0000001173791094
     36.0360374       0.0000001167265623
     36.1361351       0.0000001160794915
     36.2362366       0.0000001154378430
     36.3363380       0.0000001148013826
     36.4364357       0.0000001141702191
     36.5365372       0.0000001135442303
     36.6366348       0.0000001129234183
     36.7367363       0.0000001123077625
     36.8368378       0.0000001116970293
     36.9369354       0.0000001110913048
     37.0370369       0.0000001104903781
     37.1371384       0.0000001098944944
     37.2372360       0.0000001093033942
     37.3373375       0.0000001087168760
     37.4374390       0.0000001081352443
     37.5375366       0.0000001075582569
     37.6376381       0.0000001069857404
     37.7377396       0.0000001064178773
     37.8378372       0.0000001058547221
     37.9379387       0.0000001052956841
     38.0380363       0.0000001047412809
     38.1381378       0.0000001041911931
     38.2382393       0.0000001036453910
     38.3383369       0.0000001031039203
     38.4384384       0.0000001025667384
     38.5385399       0.0000001020336668
     38.6386375       0.0000001015046776
     38.7387390       0.0000001009799665
     38.8388405       0.0000001004591431
     38.9389381       0.0000000999423805
     39.0390396       0.0000000994296640
     39.1391373       0.0000000989207846
     39.2392387       0.0000000984159858
     39.3393402       0.0000000979149334
     39.4394379       0.0000000974176647
     39.5395393       0.0000000969241662
     39.6396408       0.0000000964344235
     39.7397385       0.0000000959483576
     39.8398399       0.0000000954661711
     39.9399414       0.0000000949873799
     40.0400391       0.0000000945123155
     40.1401405       0.0000000940406553
     40.2402420       0.0000000935726752
     40.3403397       0.0000000931081160
     40.4404411       0.0000000926469584
     40.5405388       0.0000000921893038
     40.6406403       0.0000000917349900
     40.7407417       0.0000000912840498
     40.8408394       0.0000000908365031
     40.9409409       0.0000000903921381
     41.0410423       0.0000000899510364
     41.1411400       0.0000000895132003
     41.2412415       0.0000000890784447
     41.3413429       0.0000000886469916
     41.4414406       0.0000000882186141
     41.5415421       0.0000000877932763
     41.6416397       0.0000000873710335
     41.7417412       0.0000000869519207
     41.8418427       0.0000000865357102
     41.9419403       0.0000000861224915
     42.0420418       0.0000000857123279
     42.1421432       0.0000000853050244
     42.2422409       0.0000000849005469
     42.3423424       0.0000000844990669
     42.4424438       0.0000000841003263
     42.5425415       0.0000000837044983
     42.6426430       0.0000000833113777
     42.7427444       0.0000000829210259
     42.8428421       0.0000000825335083
     42.9429436       0.0000000821486062
     43.0430412       0.0000000817663425
     43.1431427       0.0000000813868646
     43.2432442       0.0000000810099497
     43.3433418       0.0000000806357052
     43.4434433       0.0000000802640237
     43.5435448       0.0000000798949033
     43.6436424       0.0000000795283425
     43.7437439       0.0000000791641945
     43.8438454       0.0000000788026889
     43.9439430       0.0000000784435729
     44.0440445       0.0000000780869550
     44.1441460       0.0000000777327477
     44.2442436       0.0000000773808913
     44.3443451       0.0000000770314392
     44.4444427       0.0000000766844870
     44.5445442       0.0000000763397373
     44.6446457       0.0000000759972530
     44.7447433       0.0000000756572111
     44.8448448       0.0000000753193855
     44.9449463       0.0000000749837543
     45.0450439       0.0000000746504652
     45.1451454       0.0000000743194414
     45.2452469       0.0000000739904595
     45.3453445       0.0000000736637548
     45.4454460       0.0000000733392046
     45.5455437       0.0000000730167348
     45.6456451       0.0000000726964058
     45.7457466       0.0000000723782611
     45.8458443       0.0000000720621013
     45.9459457       0.0000000717480967
     46.0460472       0.0000000714360818
     46.1461449       0.0000000711260901
     46.2462463       0.0000000708181293
     46.3463478       0.0000000705121661
     46.4464455       0.0000000702082237
     46.5465469       0.0000000699062000
     46.6466484       0.0000000696061020
     46.7467461       0.0000000693079594
     46.8468475       0.0000000690116644
     46.9469452       0.0000000687173937
     47.0470467       0.0000000684249400
     47.1471481       0.0000000681343414
     47.2472458       0.0000000678455652
     47.3473473       0.0000000675586644
     47.4474487       0.0000000672735979
     47.5475464       0.0000000669902832
     47.6476479       0.0000000667088046
     47.7477493       0.0000000664290246
     47.8478470       0.0000000661510451
     47.9479485       0.0000000658747938
     48.0480499       0.0000000656002912
     48.1481476       0.0000000653275421
     48.2482491       0.0000000650564128
     48.3483467       0.0000000647869856
     48.4484482       0.0000000645192704
     48.5485497       0.0000000642531748
     48.6486473       0.0000000639887852
     48.7487488       0.0000000637259679
     48.8488503       0.0000000634647419
     48.9489479       0.0000000632051747
     49.0490494       0.0000000629471341
     49.1491508       0.0000000626906586
     49.2492485       0.0000000624358850
     49.3493500       0.0000000621825429
     49.4494476       0.0000000619307876
     49.5495491       0.0000000616805916
     49.6496506       0.0000000614317291
     49.7497482       0.0000000611845571
     49.8498497       0.0000000609388295
     49.9499512       0.0000000606945488
     50.0500488       0.0000000604517946
     50.1501503       0.0000000602104217
     50.2502518       0.0000000599705115
     50.3503494       0.0000000597320674
     50.4504509       0.0000000594950101
     50.5505524       0.0000000592594039
     50.6506500       0.0000000590251282
     50.7507515       0.0000000587922789
     50.8508492       0.0000000585608463
     50.9509506       0.0000000583307113
     51.0510521       0.0000000581019619
     51.1511497       0.0000000578745423
     51.2512512       0.0000000576483912
     51.3513527       0.0000000574236556
     51.4514503       0.0000000572002139
     51.5515518       0.0000000569780954
     51.6516533       0.0000000567572517
     51.7517509       0.0000000565376735
     51.8518524       0.0000000563193763
     51.9519501       0.0000000561023265
     52.0520515       0.0000000558864937
     52.1521530       0.0000000556719501
     52.2522507       0.0000000554586801
     52.3523521       0.0000000552466256
     52.4524536       0.0000000550357076
     52.5525513       0.0000000548260279
     52.6526527       0.0000000546175655
     52.7527542       0.0000000544103436
     52.8528519       0.0000000542042472
     52.9529533       0.0000000539992530
     53.0530548       0.0000000537955417
     53.1531525       0.0000000535928845
     53.2532539       0.0000000533913984
     53.3533516       0.0000000531910924
     53.4534531       0.0000000529918239
     53.5535545       0.0000000527937332
     53.6536522       0.0000000525967376
     53.7537537       0.0000000524009005
     53.8538551       0.0000000522060023
     53.9539528       0.0000000520123380
     54.0540543       0.0000000518196915
     54.1541557       0.0000000516281472
     54.2542534       0.0000000514376031
     54.3543549       0.0000000512481578
     54.4544525       0.0000000510597714
     54.5545540       0.0000000508724158
     54.6546555       0.0000000506860062
     54.7547531       0.0000000505007524
     54.8548546       0.0000000503164353
     54.9549561       0.0000000501331337
     55.0550537       0.0000000499508000
     55.1551552       0.0000000497694991
     55.2552567       0.0000000495891683
     55.3553543       0.0000000494098462
     55.4554558       0.0000000492314757
     55.5555573       0.0000000490540511
     55.6556549       0.0000000488776164
     55.7557564       0.0000000487021355
     55.8558540       0.0000000485275649
     55.9559555       0.0000000483539732
     56.0560570       0.0000000481812873
     56.1561546       0.0000000480095661
     56.2562561       0.0000000478386863
     56.3563576       0.0000000476687070
     56.4564552       0.0000000474997267
     56.5565567       0.0000000473315371
     56.6566582       0.0000000471643500
     56.7567558       0.0000000469979679
     56.8568573       0.0000000468324623
     56.9569588       0.0000000466678846
     57.0570564       0.0000000465041168
     57.1571579       0.0000000463413088
     57.2572556       0.0000000461792190
     57.3573570       0.0000000460180356
     57.4574585       0.0000000458577075
     57.5575562       0.0000000456982279
     57.6576576       0.0000000455395851
     57.7577591       0.0000000453817255
     57.8578568       0.0000000452246813
     57.9579582       0.0000000450684922
     58.0580597       0.0000000449130994
     58.1581573       0.0000000447585211
     58.2582588       0.0000000446047300
     58.3583565       0.0000000444516807
     58.4584579       0.0000000442994548
     58.5585594       0.0000000441480373
     58.6586571       0.0000000439973465
     58.7587585       0.0000000438474780
     58.8588600       0.0000000436983631
     58.9589577       0.0000000435499306
     59.0590591       0.0000000434023518
     59.1591606       0.0000000432554874
     59.2592583       0.0000000431093647
     59.3593597       0.0000000429639614
     59.4594612       0.0000000428193313
     59.5595589       0.0000000426753921
     59.6596603       0.0000000425322152
     59.7597580       0.0000000423897525
     59.8598595       0.0000000422479594
     59.9599609       0.0000000421069392
     60.0600586       0.0000000419665952
     60.1601601       0.0000000418269422
     60.2602615       0.0000000416879983
     60.3603592       0.0000000415497462
     60.4604607       0.0000000414121622
     60.5605621       0.0000000412752830
     60.6606598       0.0000000411390880
     60.7607613       0.0000000410035267
     60.8608627       0.0000000408686382
     60.9609604       0.0000000407344778
     61.0610619       0.0000000406008994
     61.1611595       0.0000000404680459
     61.2612610       0.0000000403358174
     61.3613625       0.0000000402042428
     61.4614601       0.0000000400732583
     61.5615616       0.0000000399429347
     61.6616631       0.0000000398132847
     61.7617607       0.0000000396842486
     61.8618622       0.0000000395558220
     61.9619637       0.0000000394280214
     62.0620613       0.0000000393008659
     62.1621628       0.0000000391743371
     62.2622604       0.0000000390483151
     62.3623619       0.0000000389230315
     62.4624634       0.0000000387982535
     62.5625610       0.0000000386741289
     62.6626625       0.0000000385505507
     62.7627640       0.0000000384276468
     62.8628616       0.0000000383052436
     62.9629631       0.0000000381834742
     63.0630646       0.0000000380622669
     63.1631622       0.0000000379416667
     63.2632637       0.0000000378215876
     63.3633652       0.0000000377021066
     63.4634628       0.0000000375831810
     63.5635643       0.0000000374648396
     63.6636620       0.0000000373470211
     63.7637634       0.0000000372297691
     63.8638649       0.0000000371130603
     63.9639626       0.0000000369969179
     64.0640640       0.0000000368813625
     64.1641617       0.0000000367662963
     64.2642670       0.0000000366517250
     64.3643646       0.0000000365377510
     64.4644623       0.0000000364243141
     64.5645676       0.0000000363113780
     64.6646652       0.0000000361989568
     64.7647629       0.0000000360870971
     64.8648682       0.0000000359757203
     64.9649658       0.0000000358648784
     65.0650635       0.0000000357545399
     65.1651688       0.0000000356446801
     65.2652664       0.0000000355353658
     65.3653641       0.0000000354265639
     65.4654617       0.0000000353182291
     65.5655670       0.0000000352103976
     65.6656647       0.0000000351030692
     65.7657623       0.0000000349962387
     65.8658676       0.0000000348898456
     65.9659653       0.0000000347839860
     66.0660629       0.0000000346786087
     66.1661682       0.0000000345737033
     66.2662659       0.0000000344692370
     66.3663635       0.0000000343652891
     66.4664688       0.0000000342618047
     66.5665665       0.0000000341587495
     66.6666641       0.0000000340561807
     66.7667694       0.0000000339540816
     66.8668671       0.0000000338524180
     66.9669647       0.0000000337512703
     67.0670700       0.0000000336505082
     67.1671677       0.0000000335502303
     67.2672653       0.0000000334504135
     67.3673706       0.0000000333509961
     67.4674683       0.0000000332520694
     67.5675659       0.0000000331535635
     67.6676712       0.0000000330554912
     67.7677689       0.0000000329578356
     67.8678665       0.0000000328606086
     67.9679642       0.0000000327638438
     68.0680695       0.0000000326674845
     68.1681671       0.0000000325715777
     68.2682648       0.0000000324760702
     68.3683701       0.0000000323809903
     68.4684677       0.0000000322863100
     68.5685654       0.0000000321920511
     68.6686707       0.0000000320982409
     68.7687683       0.0000000320047874
     68.8688660       0.0000000319117766
     68.9689713       0.0000000318191500
     69.0690689       0.0000000317269506
     69.1691666       0.0000000316351204
     69.2692719       0.0000000315437118
     69.3693695       0.0000000314526927
     69.4694672       0.0000000313620518
     69.5695724       0.0000000312717981
     69.6696701       0.0000000311819770
     69.7697678       0.0000000310925231
     69.8698730       0.0000000310034338
     69.9699707       0.0000000309147200
     70.0700684       0.0000000308264591
     70.1701736       0.0000000307385039
     70.2702713       0.0000000306509266
     70.3703690       0.0000000305637432
     70.4704742       0.0000000304769060
     70.5705719       0.0000000303904947
     70.6706696       0.0000000303044038
     70.7707672       0.0000000302187003
     70.8708725       0.0000000301333483
     70.9709702       0.0000000300483548
     71.0710678       0.0000000299637222
     71.1711731       0.0000000298794519
     71.2712708       0.0000000297955313
     71.3713684       0.0000000297119824
     71.4714737       0.0000000296287786
     71.5715714       0.0000000295459118
     71.6716690       0.0000000294633979
     71.7717743       0.0000000293812089
     71.8718719       0.0000000292993713
     71.9719696       0.0000000292178989
     72.0720749       0.0000000291367578
     72.1721725       0.0000000290559415
     72.2722702       0.0000000289754841
     72.3723755       0.0000000288953224
     72.4724731       0.0000000288155257
     72.5725708       0.0000000287360481
     72.6726761       0.0000000286568905
     72.7727737       0.0000000285780535
     72.8728714       0.0000000284995688
     72.9729767       0.0000000284213890
     73.0730743       0.0000000283435372
     73.1731720       0.0000000282660121
     73.2732697       0.0000000281888246
     73.3733749       0.0000000281118955
     73.4734726       0.0000000280353018
     73.5735703       0.0000000279590504
     73.6736755       0.0000000278830785
     73.7737732       0.0000000278073955
     73.8738708       0.0000000277320650
     73.9739761       0.0000000276570413
     74.0740738       0.0000000275823168
     74.1741714       0.0000000275078722
     74.2742767       0.0000000274337313
     74.3743744       0.0000000273599191
     74.4744720       0.0000000272863828
     74.5745773       0.0000000272131418
     74.6746750       0.0000000271401749
     74.7747726       0.0000000270675376
     74.8748779       0.0000000269951908
     74.9749756       0.0000000269231134
     75.0750732       0.0000000268513315
     75.1751785       0.0000000267798374
     75.2752762       0.0000000267086212
     75.3753738       0.0000000266376702
     75.4754791       0.0000000265670563
     75.5755768       0.0000000264966871
     75.6756744       0.0000000264265833
     75.7757721       0.0000000263567878
     75.8758774       0.0000000262872768
     75.9759750       0.0000000262180266
     76.0760727       0.0000000261490483
     76.1761780       0.0000000260803123
     76.2762756       0.0000000260118748
     76.3763733       0.0000000259437077
     76.4764786       0.0000000258758063
     76.5765762       0.0000000258081768
     76.6766739       0.0000000257407885
     76.7767792       0.0000000256736826
     76.8768768       0.0000000256068457
     76.9769745       0.0000000255402819
     77.0770798       0.0000000254739362
     77.1771774       0.0000000254078670
     77.2772751       0.0000000253420800
     77.3773804       0.0000000252764993
     77.4774780       0.0000000252111961
     77.5775757       0.0000000251461358
     77.6776810       0.0000000250813495
     77.7777786       0.0000000250167791
     77.8778763       0.0000000249524978
     77.9779816       0.0000000248884556
     78.0780792       0.0000000248246683
     78.1781769       0.0000000247611057
     78.2782745       0.0000000246977809
     78.3783798       0.0000000246346912
     78.4784775       0.0000000245718527
     78.5785751       0.0000000245092832
     78.6786804       0.0000000244469419
     78.7787781       0.0000000243848288
     78.8788757       0.0000000243229472
     78.9789810       0.0000000242612987
     79.0790787       0.0000000241998894
     79.1791763       0.0000000241387145
     79.2792816       0.0000000240777749
     79.3793793       0.0000000240170615
     79.4794769       0.0000000239565811
     79.5795822       0.0000000238963243
     79.6796799       0.0000000238362713
     79.7797775       0.0000000237764856
     79.8798828       0.0000000237169060
     79.9799805       0.0000000236575352
     80.0800781       0.0000000235984060
     80.1801834       0.0000000235394860
     80.2802811       0.0000000234808009
     80.3803787       0.0000000234223409
     80.4804840       0.0000000233640763
     80.5805817       0.0000000233060512
     80.6806793       0.0000000232482515
     80.7807770       0.0000000231906343
     80.8808823       0.0000000231332473
     80.9809799       0.0000000230760571
     81.0810776       0.0000000230190798
     81.1811829       0.0000000229623419
     81.2812805       0.0000000229057948
     81.3813782       0.0000000228494511
     81.4814835       0.0000000227933278
     81.5815811       0.0000000227374079
     81.6816788       0.0000000226816806
     81.7817841       0.0000000226261566
     81.8818817       0.0000000225708392
     81.9819794       0.0000000225157360
     82.0820847       0.0000000224608500
     82.1821823       0.0000000224061428
     82.2822800       0.0000000223516327
     82.3823853       0.0000000222973288
     82.4824829       0.0000000222432177
     82.5825806       0.0000000221892990
     82.6826859       0.0000000221355896
     82.7827835       0.0000000220820760
     82.8828812       0.0000000220287457
     82.9829865       0.0000000219756151
     83.0830841       0.0000000219226743
     83.1831818       0.0000000218699108
     83.2832794       0.0000000218173402
     83.3833847       0.0000000217649747
     83.4834824       0.0000000217128032
     83.5835800       0.0000000216607837
     83.6836853       0.0000000216090055
     83.7837830       0.0000000215573632
     83.8838806       0.0000000215059349
     83.9839859       0.0000000214546825
     84.0840836       0.0000000214035914
     84.1841812       0.0000000213527170
     84.2842865       0.0000000213020193
     84.3843842       0.0000000212514846
     84.4844818       0.0000000212011227
     84.5845871       0.0000000211509649
     84.6846848       0.0000000211009771
     84.7847824       0.0000000210511575
     84.8848877       0.0000000210015030
     84.9849854       0.0000000209520474
     85.0850830       0.0000000209027552
     85.1851883       0.0000000208536439
     85.2852859       0.0000000208047091
     85.3853836       0.0000000207559285
     85.4854889       0.0000000207073447
     85.5855865       0.0000000206589081
     85.6856842       0.0000000206106773
     85.7857895       0.0000000205625741
     85.8858871       0.0000000205146435
     85.9859848       0.0000000204668914
     86.0860825       0.0000000204192958
     86.1861877       0.0000000203718822
     86.2862854       0.0000000203246364
     86.3863831       0.0000000202775383
     86.4864883       0.0000000202305890
     86.5865860       0.0000000201838358
     86.6866837       0.0000000201372458
     86.7867889       0.0000000200907896
     86.8868866       0.0000000200445044
     86.9869843       0.0000000199983865
     87.0870895       0.0000000199524223
     87.1871872       0.0000000199065952
     87.2872849       0.0000000198609505
     87.3873901       0.0000000198154623
     87.4874878       0.0000000197701554
     87.5875854       0.0000000197249536
     87.6876907       0.0000000196799487
     87.7877884       0.0000000196350679
     87.8878860       0.0000000195903608
     87.9879913       0.0000000195457884
     88.0880890       0.0000000195013582
     88.1881866       0.0000000194571021
     88.2882919       0.0000000194130082
     88.3883896       0.0000000193690480
     88.4884872       0.0000000193252242
     88.5885849       0.0000000192815599
     88.6886902       0.0000000192380517
     88.7887878       0.0000000191946849
     88.8888855       0.0000000191514606
     88.9889908       0.0000000191083756
     89.0890884       0.0000000190654473
     89.1891861       0.0000000190226705
     89.2892914       0.0000000189800090
     89.3893890       0.0000000189375215
     89.4894867       0.0000000188951588
     89.5895920       0.0000000188529626
     89.6896896       0.0000000188108939
     89.7897873       0.0000000187689536
     89.8898926       0.0000000187271741
     89.9899902       0.0000000186855146
     90.0900879       0.0000000186439960
     90.1901932       0.0000000186026226
     90.2902908       0.0000000185613735
     90.3903885       0.0000000185202668
     90.4904938       0.0000000184793125
     90.5905914       0.0000000184384815
     90.6906891       0.0000000183977836
     90.7907944       0.0000000183572173
     90.8908920       0.0000000183167899
     90.9909897       0.0000000182764962
     91.0910873       0.0000000182363545
     91.1911926       0.0000000181963223
     91.2912903       0.0000000181564247
     91.3913879       0.0000000181166619
     91.4914932       0.0000000180770158
     91.5915909       0.0000000180375098
     91.6916885       0.0000000179981527
     91.7917938       0.0000000179588864
     91.8918915       0.0000000179197861
     91.9919891       0.0000000178807911
     92.0920944       0.0000000178419242
     92.1921921       0.0000000178031889
     92.2922897       0.0000000177645804
     92.3923950       0.0000000177260989
     92.4924927       0.0000000176877395
     92.5925903       0.0000000176495054
     92.6926956       0.0000000176113951
     92.7927933       0.0000000175734085
     92.8928909       0.0000000175355404
     92.9929962       0.0000000174977966
     93.0930939       0.0000000174601765
     93.1931915       0.0000000174226802
     93.2932968       0.0000000173852847
     93.3933945       0.0000000173480313
     93.4934921       0.0000000173108937
     93.5935898       0.0000000172738799
     93.6936951       0.0000000172369788
     93.7937927       0.0000000172001917
     93.8938904       0.0000000171635243
     93.9939957       0.0000000171269757
     94.0940933       0.0000000170905509
     94.1941910       0.0000000170542241
     94.2942963       0.0000000170180167
     94.3943939       0.0000000169819381
     94.4944916       0.0000000169459592
     94.5945969       0.0000000169101062
     94.6946945       0.0000000168743772
     94.7947922       0.0000000168387318
     94.8948975       0.0000000168032172
     94.9949951       0.0000000167678141
     95.0950928       0.0000000167325426
     95.1951981       0.0000000166973440
     95.2952957       0.0000000166622805
     95.3953934       0.0000000166273218
     95.4954987       0.0000000165924761
     95.5955963       0.0000000165577226
     95.6956940       0.0000000165231031
     95.7957993       0.0000000164885721
     95.8958969       0.0000000164541635
     95.9959946       0.0000000164198426
     96.0960999       0.0000000163856361
     96.1961975       0.0000000163515586
     96.2962952       0.0000000163175730
     96.3963928       0.0000000162836862
     96.4964981       0.0000000162499074
     96.5965958       0.0000000162162399
     96.6966934       0.0000000161826765
     96.7967987       0.0000000161492065
     96.8968964       0.0000000161158431
     96.9969940       0.0000000160825848
     97.0970993       0.0000000160494405
     97.1971970       0.0000000160163865
     97.2972946       0.0000000159834338
     97.3973999       0.0000000159505814
     97.4974976       0.0000000159178558
     97.5975952       0.0000000158851980
     97.6977005       0.0000000158526496
     97.7977982       0.0000000158202015
     97.8978958       0.0000000157878695
     97.9980011       0.0000000157556189
     98.0980988       0.0000000157234702
     98.1981964       0.0000000156914237
     98.2983017       0.0000000156594693
     98.3983994       0.0000000156276153
     98.4984970       0.0000000155958543
     98.5986023       0.0000000155642064
     98.6987000       0.0000000155326454
     98.7987976       0.0000000155011744
     98.8988953       0.0000000154698016
     98.9990005       0.0000000154385433
     99.0990982       0.0000000154073632
     99.1991959       0.0000000153762584
     99.2993011       0.0000000153452779
     99.3993988       0.0000000153143759
     99.4994965       0.0000000152835704
     99.5996017       0.0000000152528526
     99.6996994       0.0000000152222151
     99.7997971       0.0000000151917031
     99.8999023       0.0000000151612474
    100.0000000       0.0000000151309028
