# x		H(x,a)
      0.0000000       1.0000000000000000
      0.1001001       0.9900299906730652
      0.2002002       0.9607124924659729
      0.3003003       0.9137664437294006
      0.4004004       0.8518707156181335
      0.5005005       0.7784109115600586
      0.6006006       0.6971734166145325
      0.7007007       0.6120254397392273
      0.8008008       0.5266169309616089
      0.9009009       0.4441368877887726
      1.0010010       0.3671525195860922
      1.1011012       0.2975014034009336
      1.2012012       0.2362861959917118
      1.3013012       0.1839469712529741
      1.4014014       0.1403628528561900
      1.5015016       0.1049831256088817
      1.6016016       0.0769659941968592
      1.7017016       0.0553091190727462
      1.8018018       0.0389603180748120
      1.9019020       0.0269023887240855
      2.0020020       0.0182105869387067
      2.1021020       0.0120852312060199
      2.2022023       0.0078638597333238
      2.3023024       0.0050182326440766
      2.4024024       0.0031414764347851
      2.5025024       0.0019302120982758
      2.6026025       0.0011650130021292
      2.7027028       0.0006917142524433
      2.8028028       0.0004049848763055
      2.9029028       0.0002347671451061
      3.0030031       0.0001356702029027
      3.1031032       0.0000790252880263
      3.2032032       0.0000471700537325
      3.3033032       0.0000294852089288
      3.4034033       0.0000197368003731
      3.5035036       0.0000143494280732
      3.6036036       0.0000113186225896
      3.7037036       0.0000095448803838
      3.8038039       0.0000084375006778
      3.9039040       0.0000076850340289
      4.0040040       0.0000071258292993
      4.1041040       0.0000066768560713
      4.2042041       0.0000062955093394
      4.3043041       0.0000059596147595
      4.4044046       0.0000056572244275
      4.5045047       0.0000053814460690
      4.6046047       0.0000051279503992
      4.7047048       0.0000048937301678
      4.8048048       0.0000046765183600
      4.9049048       0.0000044744901131
      5.0050049       0.0000042861126212
      5.1051049       0.0000041100730403
      5.2052050       0.0000039452326932
      5.3053055       0.0000037905912675
      5.4054055       0.0000036452617020
      5.5055056       0.0000035084664903
      5.6056056       0.0000033795104363
      5.7057056       0.0000032577574761
      5.8058057       0.0000031426628155
      5.9059057       0.0000030337214324
      6.0060062       0.0000029304737367
      6.1061063       0.0000028325236663
      6.2062063       0.0000027394937263
      6.3063064       0.0000026510475522
      6.4064064       0.0000025668764688
      6.5065064       0.0000024867026852
      6.6066065       0.0000024102690233
      6.7067065       0.0000023373397495
      6.8068066       0.0000022676997775
      6.9069071       0.0000022011459250
      7.0070071       0.0000021374974668
      7.1071072       0.0000020765883453
      7.2072072       0.0000020182562130
      7.3073072       0.0000019623537107
      7.4074073       0.0000019087538298
      7.5075073       0.0000018573216196
      7.6076078       0.0000018079464233
      7.7077079       0.0000017605162893
      7.8078079       0.0000017149307338
      7.9079080       0.0000016710933694
      8.0080080       0.0000016289164209
      8.1081085       0.0000015883176855
      8.2082081       0.0000015492169497
      8.3083086       0.0000015115424240
      8.4084082       0.0000014752251930
      8.5085087       0.0000014401986959
      8.6086082       0.0000014064068433
      8.7087088       0.0000013737881328
      8.8088093       0.0000013422900616
      8.9089088       0.0000013118620088
      9.0090094       0.0000012824555159
      9.1091089       0.0000012540267714
      9.2092094       0.0000012265312612
      9.3093090       0.0000011999285565
      9.4094095       0.0000011741816070
      9.5095091       0.0000011492539745
      9.6096096       0.0000011251119346
      9.7097101       0.0000011017209007
      9.8098097       0.0000010790509828
      9.9099102       0.0000010570743203
     10.0100098       0.0000010357597087
     10.1101103       0.0000010150823528
     10.2102098       0.0000009950193720
     10.3103104       0.0000009755440359
     10.4104099       0.0000009566355418
     10.5105104       0.0000009382698811
     10.6106110       0.0000009204287305
     10.7107105       0.0000009030907853
     10.8108110       0.0000008862372357
     10.9109106       0.0000008698510490
     11.0110111       0.0000008539152248
     11.1111107       0.0000008384130756
     11.2112112       0.0000008233292843
     11.3113117       0.0000008086491086
     11.4114113       0.0000007943579643
     11.5115118       0.0000007804416814
     11.6116114       0.0000007668872585
     11.7117119       0.0000007536841240
     11.8118114       0.0000007408185065
     11.9119120       0.0000007282792770
     12.0120125       0.0000007160562187
     12.1121120       0.0000007041374700
     12.2122126       0.0000006925151685
     12.3123121       0.0000006811776853
     12.4124126       0.0000006701161718
     12.5125122       0.0000006593222583
     12.6126127       0.0000006487869352
     12.7127123       0.0000006385023676
     12.8128128       0.0000006284608622
     12.9129133       0.0000006186541363
     13.0130129       0.0000006090751933
     13.1131134       0.0000005997164644
     13.2132130       0.0000005905724807
     13.3133135       0.0000005816359529
     13.4134130       0.0000005729020516
     13.5135136       0.0000005643618758
     13.6136131       0.0000005560120192
     13.7137136       0.0000005478464538
     13.8138142       0.0000005398594834
     13.9139137       0.0000005320451164
     14.0140142       0.0000005244002557
     14.1141138       0.0000005169193525
     14.2142143       0.0000005095970047
     14.3143139       0.0000005024289017
     14.4144144       0.0000004954114215
     14.5145149       0.0000004885402919
     14.6146145       0.0000004818111205
     14.7147150       0.0000004752204345
     14.8148146       0.0000004687638439
     14.9149151       0.0000004624376164
     15.0150146       0.0000004562397598
     15.1151152       0.0000004501644867
     15.2152157       0.0000004442107685
     15.3153152       0.0000004383743347
     15.4154158       0.0000004326521554
     15.5155153       0.0000004270414997
     15.6156158       0.0000004215390850
     15.7157154       0.0000004161431739
     15.8158159       0.0000004108498516
     15.9159155       0.0000004056568651
     16.0160160       0.0000004005617409
     16.1161156       0.0000003955625687
     16.2162170       0.0000003906561890
     16.3163166       0.0000003858407223
     16.4164162       0.0000003811133831
     16.5165157       0.0000003764732488
     16.6166172       0.0000003719168379
     16.7167168       0.0000003674428376
     16.8168163       0.0000003630494244
     16.9169178       0.0000003587343402
     17.0170174       0.0000003544957629
     17.1171169       0.0000003503318840
     17.2172165       0.0000003462412151
     17.3173180       0.0000003422213583
     17.4174175       0.0000003382717098
     17.5175171       0.0000003343901477
     17.6176186       0.0000003305745474
     17.7177181       0.0000003268244338
     17.8178177       0.0000003231378201
     17.9179173       0.0000003195130467
     18.0180187       0.0000003159489372
     18.1181183       0.0000003124446376
     18.2182178       0.0000003089981255
     18.3183174       0.0000003056086463
     18.4184189       0.0000003022743132
     18.5185184       0.0000002989942787
     18.6186180       0.0000002957675244
     18.7187195       0.0000002925932022
     18.8188190       0.0000002894692307
     18.9189186       0.0000002863951858
     19.0190182       0.0000002833697981
     19.1191196       0.0000002803924641
     19.2192192       0.0000002774617733
     19.3193188       0.0000002745766289
     19.4194202       0.0000002717365474
     19.5195198       0.0000002689404161
     19.6196194       0.0000002661871957
     19.7197189       0.0000002634758042
     19.8198204       0.0000002608057774
     19.9199200       0.0000002581765618
     20.0200195       0.0000002555865721
     20.1201210       0.0000002530352643
     20.2202206       0.0000002505223889
     20.3203201       0.0000002480466134
     20.4204197       0.0000002456074459
     20.5205212       0.0000002432041989
     20.6206207       0.0000002408358241
     20.7207203       0.0000002385021984
     20.8208199       0.0000002362021119
     20.9209213       0.0000002339355662
     21.0210209       0.0000002317013532
     21.1211205       0.0000002294987969
     21.2212219       0.0000002273276365
     21.3213215       0.0000002251872459
     21.4214211       0.0000002230768589
     21.5215206       0.0000002209963906
     21.6216221       0.0000002189446447
     21.7217216       0.0000002169215030
     21.8218212       0.0000002149258894
     21.9219227       0.0000002129580376
     22.0220222       0.0000002110172975
     22.1221218       0.0000002091026971
     22.2222214       0.0000002072142611
     22.3223228       0.0000002053512454
     22.4224224       0.0000002035130847
     22.5225220       0.0000002016997453
     22.6226234       0.0000001999105184
     22.7227230       0.0000001981449504
     22.8228226       0.0000001964028038
     22.9229221       0.0000001946834371
     23.0230236       0.0000001929865974
     23.1231232       0.0000001913120365
     23.2232227       0.0000001896591168
     23.3233242       0.0000001880273284
     23.4234238       0.0000001864166375
     23.5235233       0.0000001848267953
     23.6236229       0.0000001832569869
     23.7237244       0.0000001817073473
     23.8238239       0.0000001801771009
     23.9239235       0.0000001786661842
     24.0240250       0.0000001771739952
     24.1241245       0.0000001757008160
     24.2242241       0.0000001742456525
     24.3243237       0.0000001728086560
     24.4244251       0.0000001713892435
     24.5245247       0.0000001699874678
     24.6246243       0.0000001686028223
     24.7247238       0.0000001672348588
     24.8248253       0.0000001658837395
     24.9249249       0.0000001645486709
     25.0250244       0.0000001632298320
     25.1251259       0.0000001619267507
     25.2252254       0.0000001606393450
     25.3253250       0.0000001593672197
     25.4254246       0.0000001581099099
     25.5255260       0.0000001568676941
     25.6256256       0.0000001556399184
     25.7257252       0.0000001544265914
     25.8258266       0.0000001532274634
     25.9259262       0.0000001520422336
     26.0260258       0.0000001508706004
     26.1261253       0.0000001497126820
     26.2262268       0.0000001485678983
     26.3263264       0.0000001474361266
     26.4264259       0.0000001463173943
     26.5265274       0.0000001452111650
     26.6266270       0.0000001441177399
     26.7267265       0.0000001430364957
     26.8268261       0.0000001419673851
     26.9269276       0.0000001409102496
     27.0270271       0.0000001398647887
     27.1271267       0.0000001388310312
     27.2272263       0.0000001378086553
     27.3273277       0.0000001367975886
     27.4274273       0.0000001357976403
     27.5275269       0.0000001348085706
     27.6276283       0.0000001338302035
     27.7277279       0.0000001328626095
     27.8278275       0.0000001319053780
     27.9279270       0.0000001309584378
     28.0280285       0.0000001300217884
     28.1281281       0.0000001290949782
     28.2282276       0.0000001281783345
     28.3283291       0.0000001272711178
     28.4284286       0.0000001263737330
     28.5285282       0.0000001254856737
     28.6286278       0.0000001246070463
     28.7287292       0.0000001237375524
     28.8288288       0.0000001228771702
     28.9289284       0.0000001220257375
     29.0290298       0.0000001211830813
     29.1291294       0.0000001203491871
     29.2292290       0.0000001195238476
     29.3293285       0.0000001187070871
     29.4294300       0.0000001178985976
     29.5295296       0.0000001170982691
     29.6296291       0.0000001163061191
     29.7297306       0.0000001155219981
     29.8298302       0.0000001147457137
     29.9299297       0.0000001139773236
     30.0300293       0.0000001132167016
     30.1301308       0.0000001124634253
     30.2302303       0.0000001117178896
     30.3303299       0.0000001109796314
     30.4304314       0.0000001102487528
     30.5305309       0.0000001095250201
     30.6306305       0.0000001088083572
     30.7307301       0.0000001080988220
     30.8308315       0.0000001073961162
     30.9309311       0.0000001067002694
     31.0310307       0.0000001060112205
     31.1311302       0.0000001053287390
     31.2312317       0.0000001046528847
     31.3313313       0.0000001039835561
     31.4314308       0.0000001033205312
     31.5315323       0.0000001026638927
     31.6316319       0.0000001020135255
     31.7317314       0.0000001013692114
     31.8318310       0.0000001007311513
     31.9319324       0.0000001000988701
     32.0320320       0.0000000994727009
     32.1321335       0.0000000988525023
     32.2322311       0.0000000982378817
     32.3323326       0.0000000976290901
     32.4324341       0.0000000970258435
     32.5325317       0.0000000964282845
     32.6326332       0.0000000958361862
     32.7327309       0.0000000952494654
     32.8328323       0.0000000946681689
     32.9329338       0.0000000940921756
     33.0330315       0.0000000935214212
     33.1331329       0.0000000929558729
     33.2332344       0.0000000923955544
     33.3333321       0.0000000918401630
     33.4334335       0.0000000912897432
     33.5335350       0.0000000907443122
     33.6336327       0.0000000902036893
     33.7337341       0.0000000896679122
     33.8338356       0.0000000891369808
     33.9339333       0.0000000886106566
     34.0340347       0.0000000880890036
     34.1341324       0.0000000875721087
     34.2342339       0.0000000870595342
     34.3343353       0.0000000865514473
     34.4344330       0.0000000860479313
     34.5345345       0.0000000855487407
     34.6346359       0.0000000850538591
     34.7347336       0.0000000845633786
     34.8348351       0.0000000840769990
     34.9349365       0.0000000835948552
     35.0350342       0.0000000831168467
     35.1351357       0.0000000826429265
     35.2352371       0.0000000821729822
     35.3353348       0.0000000817071463
     35.4354362       0.0000000812452254
     35.5355339       0.0000000807872423
     35.6356354       0.0000000803330229
     35.7357368       0.0000000798827730
     35.8358345       0.0000000794362359
     35.9359360       0.0000000789933926
     36.0360374       0.0000000785542488
     36.1361351       0.0000000781187797
     36.2362366       0.0000000776869684
     36.3363380       0.0000000772586494
     36.4364357       0.0000000768338793
     36.5365372       0.0000000764126100
     36.6366348       0.0000000759948178
     36.7367363       0.0000000755804919
     36.8368378       0.0000000751694916
     36.9369354       0.0000000747618484
     37.0370369       0.0000000743574311
     37.1371384       0.0000000739564174
     37.2372360       0.0000000735586354
     37.3373375       0.0000000731639121
     37.4374390       0.0000000727724904
     37.5375366       0.0000000723841929
     37.6376381       0.0000000719989055
     37.7377396       0.0000000716167469
     37.8378372       0.0000000712377523
     37.9379387       0.0000000708615371
     38.0380363       0.0000000704884224
     38.1381378       0.0000000701182315
     38.2382393       0.0000000697509256
     38.3383369       0.0000000693865256
     38.4384384       0.0000000690250217
     38.5385399       0.0000000686662715
     38.6386375       0.0000000683102747
     38.7387390       0.0000000679571513
     38.8388405       0.0000000676066511
     38.9389381       0.0000000672588908
     39.0390396       0.0000000669138401
     39.1391373       0.0000000665713774
     39.2392387       0.0000000662316522
     39.3393402       0.0000000658944586
     39.4394379       0.0000000655598094
     39.5395393       0.0000000652276937
     39.6396408       0.0000000648981126
     39.7397385       0.0000000645710005
     39.8398399       0.0000000642464963
     39.9399414       0.0000000639242825
     40.0400391       0.0000000636045805
     40.1401405       0.0000000632871631
     40.2402420       0.0000000629722225
     40.3403397       0.0000000626595842
     40.4404411       0.0000000623492400
     40.5405388       0.0000000620412432
     40.6406403       0.0000000617355022
     40.7407417       0.0000000614320348
     40.8408394       0.0000000611308378
     40.9409409       0.0000000608318005
     41.0410423       0.0000000605349445
     41.1411400       0.0000000602402922
     41.2412415       0.0000000599477112
     41.3413429       0.0000000596573531
     41.4414406       0.0000000593690652
     41.5415421       0.0000000590828240
     41.6416397       0.0000000587986621
     41.7417412       0.0000000585166081
     41.8418427       0.0000000582365085
     41.9419403       0.0000000579584280
     42.0420418       0.0000000576823969
     42.1421432       0.0000000574082885
     42.2422409       0.0000000571360796
     42.3423424       0.0000000568658986
     42.4424438       0.0000000565975534
     42.5425415       0.0000000563311686
     42.6426430       0.0000000560666109
     42.7427444       0.0000000558039111
     42.8428421       0.0000000555431217
     42.9429436       0.0000000552840875
     43.0430412       0.0000000550268365
     43.1431427       0.0000000547714516
     43.2432442       0.0000000545177993
     43.3433418       0.0000000542659481
     43.4434433       0.0000000540158113
     43.5435448       0.0000000537674024
     43.6436424       0.0000000535207162
     43.7437439       0.0000000532756543
     43.8438454       0.0000000530323649
     43.9439430       0.0000000527906885
     44.0440445       0.0000000525506900
     44.1441460       0.0000000523123221
     44.2442436       0.0000000520755322
     44.3443451       0.0000000518403555
     44.4444427       0.0000000516068666
     44.5445442       0.0000000513748574
     44.6446457       0.0000000511443756
     44.7447433       0.0000000509155319
     44.8448448       0.0000000506881849
     44.9449463       0.0000000504623075
     45.0450439       0.0000000502380157
     45.1451454       0.0000000500152445
     45.2452469       0.0000000497938469
     45.3453445       0.0000000495739823
     45.4454460       0.0000000493555714
     45.5455437       0.0000000491385530
     45.6456451       0.0000000489229848
     45.7457466       0.0000000487088759
     45.8458443       0.0000000484961113
     45.9459457       0.0000000482847922
     46.0460472       0.0000000480748135
     46.1461449       0.0000000478661926
     46.2462463       0.0000000476589463
     46.3463478       0.0000000474530379
     46.4464455       0.0000000472484890
     46.5465469       0.0000000470452335
     46.6466484       0.0000000468432781
     46.7467461       0.0000000466426334
     46.8468475       0.0000000464432387
     46.9469452       0.0000000462452002
     47.0470467       0.0000000460483872
     47.1471481       0.0000000458528199
     47.2472458       0.0000000456584765
     47.3473473       0.0000000454654012
     47.4474487       0.0000000452735591
     47.5475464       0.0000000450828926
     47.6476479       0.0000000448934628
     47.7477493       0.0000000447051805
     47.8478470       0.0000000445181047
     47.9479485       0.0000000443321923
     48.0480499       0.0000000441474643
     48.1481476       0.0000000439639117
     48.2482491       0.0000000437814435
     48.3483467       0.0000000436001265
     48.4484482       0.0000000434199562
     48.5485497       0.0000000432408862
     48.6486473       0.0000000430629535
     48.7487488       0.0000000428860843
     48.8488503       0.0000000427102902
     48.9489479       0.0000000425356030
     49.0490494       0.0000000423619498
     49.1491508       0.0000000421893470
     49.2492485       0.0000000420178909
     49.3493500       0.0000000418473966
     49.4494476       0.0000000416779697
     49.5495491       0.0000000415095969
     49.6496506       0.0000000413421204
     49.7497482       0.0000000411757747
     49.8498497       0.0000000410104063
     49.9499512       0.0000000408460115
     50.0500488       0.0000000406826440
     50.1501503       0.0000000405202060
     50.2502518       0.0000000403587548
     50.3503494       0.0000000401982851
     50.4504509       0.0000000400387541
     50.5505524       0.0000000398801897
     50.6506500       0.0000000397225294
     50.7507515       0.0000000395658306
     50.8508492       0.0000000394100764
     50.9509506       0.0000000392552055
     51.0510521       0.0000000391012584
     51.1511497       0.0000000389482163
     51.2512512       0.0000000387960172
     51.3513527       0.0000000386447802
     51.4514503       0.0000000384944105
     51.5515518       0.0000000383449272
     51.6516533       0.0000000381963030
     51.7517509       0.0000000380485357
     51.8518524       0.0000000379016234
     51.9519501       0.0000000377555497
     52.0520515       0.0000000376103070
     52.1521530       0.0000000374659176
     52.2522507       0.0000000373223929
     52.3523521       0.0000000371796869
     52.4524536       0.0000000370377463
     52.5525513       0.0000000368966332
     52.6526527       0.0000000367563433
     52.7527542       0.0000000366168911
     52.8528519       0.0000000364781897
     52.9529533       0.0000000363402352
     53.0530548       0.0000000362031387
     53.1531525       0.0000000360667587
     53.2532539       0.0000000359311648
     53.3533516       0.0000000357963609
     53.4534531       0.0000000356622544
     53.5535545       0.0000000355289479
     53.6536522       0.0000000353963766
     53.7537537       0.0000000352645809
     53.8538551       0.0000000351334185
     53.9539528       0.0000000350030867
     54.0540543       0.0000000348734383
     54.1541557       0.0000000347445363
     54.2542534       0.0000000346163016
     54.3543549       0.0000000344888112
     54.4544525       0.0000000343620318
     54.5545540       0.0000000342359480
     54.6546555       0.0000000341104941
     54.7547531       0.0000000339858272
     54.8548546       0.0000000338617831
     54.9549561       0.0000000337384245
     55.0550537       0.0000000336157200
     55.1551552       0.0000000334937106
     55.2552567       0.0000000333723520
     55.3553543       0.0000000332516721
     55.4554558       0.0000000331316306
     55.5555573       0.0000000330122300
     55.6556549       0.0000000328934915
     55.7557564       0.0000000327753961
     55.8558540       0.0000000326579146
     55.9559555       0.0000000325410900
     56.0560570       0.0000000324248806
     56.1561546       0.0000000323093145
     56.2562561       0.0000000321943172
     56.3563576       0.0000000320799263
     56.4564552       0.0000000319662061
     56.5565567       0.0000000318530185
     56.6566582       0.0000000317405072
     56.7567558       0.0000000316285330
     56.8568573       0.0000000315171515
     56.9569588       0.0000000314063940
     57.0570564       0.0000000312961833
     57.1571579       0.0000000311866183
     57.2572556       0.0000000310775364
     57.3573570       0.0000000309690633
     57.4574585       0.0000000308611655
     57.5575562       0.0000000307538386
     57.6576576       0.0000000306470780
     57.7577591       0.0000000305408413
     57.8578568       0.0000000304351532
     57.9579582       0.0000000303300386
     58.0580597       0.0000000302254662
     58.1581573       0.0000000301214368
     58.2582588       0.0000000300179404
     58.3583565       0.0000000299149392
     58.4584579       0.0000000298124956
     58.5585594       0.0000000297105951
     58.6586571       0.0000000296091839
     58.7587585       0.0000000295083285
     58.8588600       0.0000000294079755
     58.9589577       0.0000000293080840
     59.0590591       0.0000000292087686
     59.1591606       0.0000000291099323
     59.2592583       0.0000000290115955
     59.3593597       0.0000000289137425
     59.4594612       0.0000000288164092
     59.5595589       0.0000000287195414
     59.6596603       0.0000000286231853
     59.7597580       0.0000000285273134
     59.8598595       0.0000000284318855
     59.9599609       0.0000000283369859
     60.0600586       0.0000000282425367
     60.1601601       0.0000000281485544
     60.2602615       0.0000000280550470
     60.3603592       0.0000000279620079
     60.4604607       0.0000000278694163
     60.5605621       0.0000000277772987
     60.6606598       0.0000000276856436
     60.7607613       0.0000000275944148
     60.8608627       0.0000000275036377
     60.9609604       0.0000000274133515
     61.0610619       0.0000000273234581
     61.1611595       0.0000000272340461
     61.2612610       0.0000000271450632
     61.3613625       0.0000000270565162
     61.4614601       0.0000000269683663
     61.5615616       0.0000000268806594
     61.6616631       0.0000000267934111
     61.7617607       0.0000000267065718
     61.8618622       0.0000000266201419
     61.9619637       0.0000000265341356
     62.0620613       0.0000000264485626
     62.1621628       0.0000000263634116
     62.2622604       0.0000000262786025
     62.3623619       0.0000000261942896
     62.4624634       0.0000000261103189
     62.5625610       0.0000000260267830
     62.6626625       0.0000000259436193
     62.7627640       0.0000000258609073
     62.8628616       0.0000000257785353
     62.9629631       0.0000000256965851
     63.0630646       0.0000000256150167
     63.1631622       0.0000000255338563
     63.2632637       0.0000000254530441
     63.3633652       0.0000000253726365
     63.4634628       0.0000000252926016
     63.5635643       0.0000000252129605
     63.6636620       0.0000000251336709
     63.7637634       0.0000000250547627
     63.8638649       0.0000000249762227
     63.9639626       0.0000000248980610
     64.0640640       0.0000000248202924
     64.1641617       0.0000000247428558
     64.2642670       0.0000000246657541
     64.3643646       0.0000000245890542
     64.4644623       0.0000000245127096
     64.5645676       0.0000000244367071
     64.6646652       0.0000000243610514
     64.7647629       0.0000000242857729
     64.8648682       0.0000000242108187
     64.9649658       0.0000000241362252
     65.0650635       0.0000000240619695
     65.1651688       0.0000000239880358
     65.2652664       0.0000000239144713
     65.3653641       0.0000000238412483
     65.4654617       0.0000000237683406
     65.5655670       0.0000000236957718
     65.6656647       0.0000000236235445
     65.7657623       0.0000000235516493
     65.8658676       0.0000000234800511
     65.9659653       0.0000000234088108
     66.0660629       0.0000000233378916
     66.1661682       0.0000000232672938
     66.2662659       0.0000000231969914
     66.3663635       0.0000000231270376
     66.4664688       0.0000000230573954
     66.5665665       0.0000000229880400
     66.6666641       0.0000000229190122
     66.7667694       0.0000000228503027
     66.8668671       0.0000000227818834
     66.9669647       0.0000000227138163
     67.0670700       0.0000000226460068
     67.1671677       0.0000000225785202
     67.2672653       0.0000000225113469
     67.3673706       0.0000000224444407
     67.4674683       0.0000000223778649
     67.5675659       0.0000000223115731
     67.6676712       0.0000000222455731
     67.7677689       0.0000000221798511
     67.8678665       0.0000000221144212
     67.9679642       0.0000000220493011
     68.0680695       0.0000000219844544
     68.1681671       0.0000000219199084
     68.2682648       0.0000000218556374
     68.3683701       0.0000000217916489
     68.4684677       0.0000000217279323
     68.5685654       0.0000000216644983
     68.6686707       0.0000000216013667
     68.7687683       0.0000000215384747
     68.8688660       0.0000000214758780
     68.9689713       0.0000000214135426
     69.0690689       0.0000000213514951
     69.1691666       0.0000000212896973
     69.2692719       0.0000000212281807
     69.3693695       0.0000000211669268
     69.4694672       0.0000000211059281
     69.5695724       0.0000000210451900
     69.6696701       0.0000000209847406
     69.7697678       0.0000000209245405
     69.8698730       0.0000000208645845
     69.9699707       0.0000000208048840
     70.0700684       0.0000000207454863
     70.1701736       0.0000000206862946
     70.2702713       0.0000000206273559
     70.3703690       0.0000000205686850
     70.4704742       0.0000000205102475
     70.5705719       0.0000000204520910
     70.6706696       0.0000000203941562
     70.7707672       0.0000000203364766
     70.8708725       0.0000000202790418
     70.9709702       0.0000000202218412
     71.0710678       0.0000000201648854
     71.1711731       0.0000000201081722
     71.2712708       0.0000000200516957
     71.3713684       0.0000000199954697
     71.4714737       0.0000000199394743
     71.5715714       0.0000000198837102
     71.6716690       0.0000000198281772
     71.7717743       0.0000000197728655
     71.8718719       0.0000000197177916
     71.9719696       0.0000000196629646
     72.0720749       0.0000000196083557
     72.1721725       0.0000000195539705
     72.2722702       0.0000000194998242
     72.3723755       0.0000000194458764
     72.4724731       0.0000000193921752
     72.5725708       0.0000000193386877
     72.6726761       0.0000000192854161
     72.7727737       0.0000000192323603
     72.8728714       0.0000000191795431
     72.9729767       0.0000000191269291
     73.0730743       0.0000000190745369
     73.1731720       0.0000000190223630
     73.2732697       0.0000000189704201
     73.3733749       0.0000000189186486
     73.4734726       0.0000000188671034
     73.5735703       0.0000000188157887
     73.6736755       0.0000000187646606
     73.7737732       0.0000000187137270
     73.8738708       0.0000000186630298
     73.9739761       0.0000000186125429
     74.0740738       0.0000000185622548
     74.1741714       0.0000000185121552
     74.2742767       0.0000000184622598
     74.3743744       0.0000000184125857
     74.4744720       0.0000000183630969
     74.5745773       0.0000000183138077
     74.6746750       0.0000000182647042
     74.7747726       0.0000000182158206
     74.8748779       0.0000000181671338
     74.9749756       0.0000000181186270
     75.0750732       0.0000000180703166
     75.1751785       0.0000000180222040
     75.2752762       0.0000000179742796
     75.3753738       0.0000000179265287
     75.4754791       0.0000000178790072
     75.5755768       0.0000000178316517
     75.6756744       0.0000000177844729
     75.7757721       0.0000000177375015
     75.8758774       0.0000000176907224
     75.9759750       0.0000000176441186
     76.0760727       0.0000000175976977
     76.1761780       0.0000000175514402
     76.2762756       0.0000000175053834
     76.3763733       0.0000000174595084
     76.4764786       0.0000000174138127
     76.5765762       0.0000000173682998
     76.6766739       0.0000000173229475
     76.7767792       0.0000000172777894
     76.8768768       0.0000000172328069
     76.9769745       0.0000000171880135
     77.0770798       0.0000000171433631
     77.1771774       0.0000000170989002
     77.2772751       0.0000000170546277
     77.3773804       0.0000000170104939
     77.4774780       0.0000000169665459
     77.5775757       0.0000000169227617
     77.6776810       0.0000000168791605
     77.7777786       0.0000000168357060
     77.8778763       0.0000000167924471
     77.9779816       0.0000000167493481
     78.0780792       0.0000000167064212
     78.1781769       0.0000000166636449
     78.2782745       0.0000000166210303
     78.3783798       0.0000000165785713
     78.4784775       0.0000000165362820
     78.5785751       0.0000000164941742
     78.6786804       0.0000000164522211
     78.7787781       0.0000000164104190
     78.8788757       0.0000000163687754
     78.9789810       0.0000000163272866
     79.0790787       0.0000000162859589
     79.1791763       0.0000000162447917
     79.2792816       0.0000000162037798
     79.3793793       0.0000000161629212
     79.4794769       0.0000000161222190
     79.5795822       0.0000000160816669
     79.6796799       0.0000000160412537
     79.7797775       0.0000000160010190
     79.8798828       0.0000000159609220
     79.9799805       0.0000000159209677
     80.0800781       0.0000000158811757
     80.1801834       0.0000000158415247
     80.2802811       0.0000000158020298
     80.3803787       0.0000000157626876
     80.4804840       0.0000000157234777
     80.5805817       0.0000000156844270
     80.6806793       0.0000000156455292
     80.7807770       0.0000000156067544
     80.8808823       0.0000000155681338
     80.9809799       0.0000000155296469
     81.0810776       0.0000000154913008
     81.1811829       0.0000000154531177
     81.2812805       0.0000000154150636
     81.3813782       0.0000000153771462
     81.4814835       0.0000000153393764
     81.5815811       0.0000000153017432
     81.6816788       0.0000000152642403
     81.7817841       0.0000000152268736
     81.8818817       0.0000000151896461
     81.9819794       0.0000000151525636
     82.0820847       0.0000000151156276
     82.1821823       0.0000000150788116
     82.2822800       0.0000000150421270
     82.3823853       0.0000000150055810
     82.4824829       0.0000000149691639
     82.5825806       0.0000000149328799
     82.6826859       0.0000000148967329
     82.7827835       0.0000000148607195
     82.8828812       0.0000000148248313
     82.9829865       0.0000000147890753
     83.0830841       0.0000000147534469
     83.1831818       0.0000000147179381
     83.2832794       0.0000000146825599
     83.3833847       0.0000000146473187
     83.4834824       0.0000000146122090
     83.5835800       0.0000000145772018
     83.6836853       0.0000000145423554
     83.7837830       0.0000000145076003
     83.8838806       0.0000000144729927
     83.9839859       0.0000000144384987
     84.0840836       0.0000000144041168
     84.1841812       0.0000000143698785
     84.2842865       0.0000000143357622
     84.3843842       0.0000000143017519
     84.4844818       0.0000000142678592
     84.5845871       0.0000000142341043
     84.6846848       0.0000000142004639
     84.7847824       0.0000000141669380
     84.8848877       0.0000000141335196
     84.9849854       0.0000000141002375
     85.0850830       0.0000000140670654
     85.1851883       0.0000000140340149
     85.2852859       0.0000000140010827
     85.3853836       0.0000000139682568
     85.4854889       0.0000000139355596
     85.5855865       0.0000000139029615
     85.6856842       0.0000000138705034
     85.7857895       0.0000000138381322
     85.8858871       0.0000000138058760
     85.9859848       0.0000000137737385
     86.0860825       0.0000000137417094
     86.1861877       0.0000000137098006
     86.2862854       0.0000000136780053
     86.3863831       0.0000000136463089
     86.4864883       0.0000000136147116
     86.5865860       0.0000000135832505
     86.6866837       0.0000000135518950
     86.7867889       0.0000000135206322
     86.8868866       0.0000000134894845
     86.9869843       0.0000000134584473
     87.0870895       0.0000000134275142
     87.1871872       0.0000000133966723
     87.2872849       0.0000000133659553
     87.3873901       0.0000000133353431
     87.4874878       0.0000000133048510
     87.5875854       0.0000000132744327
     87.6876907       0.0000000132441455
     87.7877884       0.0000000132139418
     87.8878860       0.0000000131838540
     87.9879913       0.0000000131538586
     88.0880890       0.0000000131239579
     88.1881866       0.0000000130941755
     88.2882919       0.0000000130645002
     88.3883896       0.0000000130349151
     88.4884872       0.0000000130054239
     88.5885849       0.0000000129760383
     88.6886902       0.0000000129467592
     88.7887878       0.0000000129175741
     88.8888855       0.0000000128884860
     88.9889908       0.0000000128594905
     89.0890884       0.0000000128305997
     89.1891861       0.0000000128018130
     89.2892914       0.0000000127731026
     89.3893890       0.0000000127445100
     89.4894867       0.0000000127159999
     89.5895920       0.0000000126876028
     89.6896896       0.0000000126592906
     89.7897873       0.0000000126310671
     89.8898926       0.0000000126029504
     89.9899902       0.0000000125749149
     90.0900879       0.0000000125469741
     90.1901932       0.0000000125191293
     90.2902908       0.0000000124913697
     90.3903885       0.0000000124637061
     90.4904938       0.0000000124361453
     90.5905914       0.0000000124086665
     90.6906891       0.0000000123812786
     90.7907944       0.0000000123539784
     90.8908920       0.0000000123267721
     90.9909897       0.0000000122996551
     91.0910873       0.0000000122726400
     91.1911926       0.0000000122456992
     91.2912903       0.0000000122188501
     91.3913879       0.0000000121920887
     91.4914932       0.0000000121654076
     91.5915909       0.0000000121388224
     91.6916885       0.0000000121123349
     91.7917938       0.0000000120859096
     91.8918915       0.0000000120595968
     91.9919891       0.0000000120333542
     92.0920944       0.0000000120071982
     92.1921921       0.0000000119811299
     92.2922897       0.0000000119551485
     92.3923950       0.0000000119292493
     92.4924927       0.0000000119034348
     92.5925903       0.0000000118777040
     92.6926956       0.0000000118520562
     92.7927933       0.0000000118264923
     92.8928909       0.0000000118010081
     92.9929962       0.0000000117756078
     93.0930939       0.0000000117502906
     93.1931915       0.0000000117250563
     93.2932968       0.0000000116998900
     93.3933945       0.0000000116748187
     93.4934921       0.0000000116498273
     93.5935898       0.0000000116249174
     93.6936951       0.0000000116000834
     93.7937927       0.0000000115753277
     93.8938904       0.0000000115506504
     93.9939957       0.0000000115260545
     94.0940933       0.0000000115015409
     94.1941910       0.0000000114770938
     94.2942963       0.0000000114527282
     94.3943939       0.0000000114284464
     94.4944916       0.0000000114042344
     94.5945969       0.0000000113801054
     94.6946945       0.0000000113560625
     94.7947922       0.0000000113320730
     94.8948975       0.0000000113081727
     94.9949951       0.0000000112843462
     95.0950928       0.0000000112606102
     95.1951981       0.0000000112369217
     95.2952957       0.0000000112133253
     95.3953934       0.0000000111897987
     95.4954987       0.0000000111663488
     95.5955963       0.0000000111429596
     95.6956940       0.0000000111196624
     95.7957993       0.0000000110964235
     95.8958969       0.0000000110732681
     95.9959946       0.0000000110501705
     96.0960999       0.0000000110271487
     96.1961975       0.0000000110042172
     96.2962952       0.0000000109813456
     96.3963928       0.0000000109585401
     96.4964981       0.0000000109358087
     96.5965958       0.0000000109131510
     96.6966934       0.0000000108905624
     96.7967987       0.0000000108680389
     96.8968964       0.0000000108455852
     96.9969940       0.0000000108232036
     97.0970993       0.0000000108008990
     97.1971970       0.0000000107786539
     97.2972946       0.0000000107564768
     97.3973999       0.0000000107343679
     97.4974976       0.0000000107123451
     97.5975952       0.0000000106903674
     97.6977005       0.0000000106684622
     97.7977982       0.0000000106466268
     97.8978958       0.0000000106248676
     97.9980011       0.0000000106031623
     98.0980988       0.0000000105815275
     98.1981964       0.0000000105599614
     98.2983017       0.0000000105384575
     98.3983994       0.0000000105170194
     98.4984970       0.0000000104956457
     98.5986023       0.0000000104743477
     98.6987000       0.0000000104531056
     98.7987976       0.0000000104319278
     98.8988953       0.0000000104108158
     98.9990005       0.0000000103897789
     99.0990982       0.0000000103687938
     99.1991959       0.0000000103478624
     99.2993011       0.0000000103270125
     99.3993988       0.0000000103062172
     99.4994965       0.0000000102854852
     99.5996017       0.0000000102648128
     99.6996994       0.0000000102441958
     99.7997971       0.0000000102236617
     99.8999023       0.0000000102031654
    100.0000000       0.0000000101827446
