# x		H(x,a)
      0.0000000       1.0000000000000000
      0.1001001       0.9900299906730652
      0.2002002       0.9607124924659729
      0.3003003       0.9137664437294006
      0.4004004       0.8518707156181335
      0.5005005       0.7784109115600586
      0.6006006       0.6971734166145325
      0.7007007       0.6120254397392273
      0.8008008       0.5266169309616089
      0.9009009       0.4441368877887726
      1.0010010       0.3671525619901889
      1.1011012       0.2975015234401844
      1.2012012       0.2362863844669026
      1.3013012       0.1839472065077964
      1.4014014       0.1403631128958983
      1.5015016       0.1049833926405917
      1.6016016       0.0769662555972680
      1.7017016       0.0553093668414384
      1.8018018       0.0389605477824524
      1.9019020       0.0269025985249825
      2.0020020       0.0182107766737093
      2.1021020       0.0120854017356420
      2.2022023       0.0078640124994332
      2.3023024       0.0050183693372539
      2.4024024       0.0031415988065979
      2.5025024       0.0019303218356101
      2.6026025       0.0011651116591507
      2.7027028       0.0006918032342389
      2.8028028       0.0004050654207349
      2.9029028       0.0002348403338832
      3.0030031       0.0001357369725546
      3.1031032       0.0000790864432197
      3.2032032       0.0000472262851799
      3.3033032       0.0000295371082396
      3.4034033       0.0000197848750048
      3.5035036       0.0000143941106924
      3.6036036       0.0000113602864891
      3.7037036       0.0000095838463324
      3.8038039       0.0000084740449852
      3.9039040       0.0000077193965838
      4.0040040       0.0000071582184867
      4.1041040       0.0000067074521017
      4.2042041       0.0000063244711579
      4.3043041       0.0000059870819920
      4.4044046       0.0000056833195672
      4.5045047       0.0000054062793270
      4.6046047       0.0000051516169800
      4.7047048       0.0000049163177994
      4.8048048       0.0000046981038359
      4.9049048       0.0000044951435855
      5.0050049       0.0000043058964505
      5.1051049       0.0000041290440501
      5.2052050       0.0000039634436061
      5.3053055       0.0000038080882377
      5.4054055       0.0000036620877735
      5.5055056       0.0000035246610374
      5.6056056       0.0000033951098011
      5.7057056       0.0000032727948217
      5.8058057       0.0000031571690065
      5.9059057       0.0000030477246893
      6.0060062       0.0000029440004513
      6.1061063       0.0000028455982724
      6.2062063       0.0000027521392490
      6.3063064       0.0000026632843437
      6.4064064       0.0000025787248289
      6.5065064       0.0000024981810683
      6.6066065       0.0000024213944474
      6.7067065       0.0000023481286842
      6.8068066       0.0000022781671853
      6.9069071       0.0000022113060068
      7.0070071       0.0000021473639031
      7.1071072       0.0000020861736369
      7.2072072       0.0000020275721560
      7.3073072       0.0000019714118021
      7.4074073       0.0000019175643473
      7.5075073       0.0000018658948570
      7.6076078       0.0000018162917974
      7.7077079       0.0000017686427105
      7.8078079       0.0000017228465867
      7.9079080       0.0000016788069336
      8.0080080       0.0000016364352229
      8.1081085       0.0000015956490999
      8.2082081       0.0000015563678308
      8.3083086       0.0000015185194297
      8.4084082       0.0000014820347415
      8.5085087       0.0000014468464635
      8.6086082       0.0000014128985723
      8.7087088       0.0000013801294208
      8.8088093       0.0000013484858783
      8.9089088       0.0000013179172434
      9.0090094       0.0000012883750518
      9.1091089       0.0000012598151477
      9.2092094       0.0000012321927288
      9.3093090       0.0000012054673263
      9.4094095       0.0000011796014293
      9.5095091       0.0000011545587035
      9.6096096       0.0000011303052801
      9.7097101       0.0000011068064057
      9.8098097       0.0000010840316844
      9.9099102       0.0000010619535195
     10.0100098       0.0000010405405953
     10.1101103       0.0000010197677707
     10.2102098       0.0000009996122417
     10.3103104       0.0000009800469850
     10.4104099       0.0000009610512640
     10.5105104       0.0000009426006842
     10.6106110       0.0000009246773312
     10.7107105       0.0000009072593310
     10.8108110       0.0000008903279209
     10.9109106       0.0000008738661148
     11.0110111       0.0000008578567776
     11.1111107       0.0000008422829940
     11.2112112       0.0000008271296605
     11.3113117       0.0000008123817159
     11.4114113       0.0000007980246044
     11.5115118       0.0000007840441855
     11.6116114       0.0000007704272171
     11.7117119       0.0000007571629860
     11.8118114       0.0000007442380483
     11.9119120       0.0000007316408985
     12.0120125       0.0000007193614348
     12.1121120       0.0000007073876301
     12.2122126       0.0000006957117427
     12.3123121       0.0000006843218820
     12.4124126       0.0000006732093108
     12.5125122       0.0000006623655866
     12.6126127       0.0000006517816695
     12.7127123       0.0000006414496036
     12.8128128       0.0000006313617578
     12.9129133       0.0000006215097224
     13.0130129       0.0000006118866053
     13.1131134       0.0000006024847114
     13.2132130       0.0000005932984967
     13.3133135       0.0000005843206796
     13.4134130       0.0000005755464473
     13.5135136       0.0000005669668962
     13.6136131       0.0000005585784547
     13.7137136       0.0000005503752412
     13.8138142       0.0000005423514272
     13.9139137       0.0000005345009802
     14.0140142       0.0000005268208182
     14.1141138       0.0000005193053969
     14.2142143       0.0000005119492714
     14.3143139       0.0000005047480923
     14.4144144       0.0000004976982002
     14.5145149       0.0000004907953286
     14.6146145       0.0000004840351351
     14.7147150       0.0000004774139687
     14.8148146       0.0000004709275811
     14.9149151       0.0000004645721516
     15.0150146       0.0000004583456521
     15.1151152       0.0000004522423367
     15.2152157       0.0000004462612380
     15.3153152       0.0000004403978025
     15.4154158       0.0000004346491926
     15.5155153       0.0000004290126821
     15.6156158       0.0000004234848500
     15.7157154       0.0000004180640128
     15.8158159       0.0000004127462543
     15.9159155       0.0000004075292790
     16.0160160       0.0000004024106637
     16.1161156       0.0000003973884092
     16.2162170       0.0000003924593789
     16.3163166       0.0000003876216971
     16.4164162       0.0000003828725553
     16.5165157       0.0000003782109915
     16.6166172       0.0000003736335446
     16.7167168       0.0000003691389059
     16.8168163       0.0000003647252319
     16.9169178       0.0000003603902415
     17.0170174       0.0000003561320903
     17.1171169       0.0000003519489477
     17.2172165       0.0000003478394005
     17.3173180       0.0000003438010012
     17.4174175       0.0000003398331050
     17.5175171       0.0000003359336367
     17.6176186       0.0000003321004473
     17.7177181       0.0000003283330195
     17.8178177       0.0000003246293901
     17.9179173       0.0000003209878751
     18.0180187       0.0000003174073254
     18.1181183       0.0000003138868416
     18.2182178       0.0000003104244242
     18.3183174       0.0000003070192973
     18.4184189       0.0000003036695732
     18.5185184       0.0000003003743821
     18.6186180       0.0000002971327321
     18.7187195       0.0000002939437777
     18.8188190       0.0000002908053852
     18.9189186       0.0000002877171588
     19.0190182       0.0000002846778052
     19.1191196       0.0000002816866999
     19.2192192       0.0000002787424786
     19.3193188       0.0000002758440456
     19.4194202       0.0000002729908718
     19.5195198       0.0000002701818202
     19.6196194       0.0000002674158758
     19.7197189       0.0000002646919561
     19.8198204       0.0000002620096001
     19.9199200       0.0000002593682797
     20.0200195       0.0000002567663345
     20.1201210       0.0000002542032709
     20.2202206       0.0000002516787450
     20.3203201       0.0000002491915674
     20.4204197       0.0000002467411274
     20.5205212       0.0000002443267865
     20.6206207       0.0000002419474707
     20.7207203       0.0000002396030843
     20.8208199       0.0000002372924158
     20.9209213       0.0000002350153728
     21.0210209       0.0000002327708666
     21.1211205       0.0000002305581240
     21.2212219       0.0000002283769352
     21.3213215       0.0000002262266740
     21.4214211       0.0000002241065494
     21.5215206       0.0000002220165033
     21.6216221       0.0000002199552645
     21.7217216       0.0000002179227649
     21.8218212       0.0000002159179268
     21.9219227       0.0000002139410120
     22.0220222       0.0000002119913207
     22.1221218       0.0000002100678797
     22.2222214       0.0000002081707404
     22.3223228       0.0000002062991092
     22.4224224       0.0000002044524567
     22.5225220       0.0000002026307640
     22.6226234       0.0000002008332846
     22.7227230       0.0000001990595529
     22.8228226       0.0000001973093688
     22.9229221       0.0000001955820783
     23.0230236       0.0000001938773923
     23.1231232       0.0000001921951125
     23.2232227       0.0000001905345392
     23.3233242       0.0000001888952358
     23.4234238       0.0000001872771087
     23.5235233       0.0000001856799342
     23.6236229       0.0000001841028714
     23.7237244       0.0000001825460820
     23.8238239       0.0000001810087762
     23.9239235       0.0000001794908797
     24.0240250       0.0000001779918143
     24.1241245       0.0000001765118398
     24.2242241       0.0000001750499597
     24.3243237       0.0000001736063150
     24.4244251       0.0000001721803462
     24.5245247       0.0000001707721078
     24.6246243       0.0000001693810675
     24.7247238       0.0000001680067893
     24.8248253       0.0000001666494372
     24.9249249       0.0000001653082031
     25.0250244       0.0000001639832683
     25.1251259       0.0000001626741845
     25.2252254       0.0000001613808335
     25.3253250       0.0000001601028442
     25.4254246       0.0000001588397264
     25.5255260       0.0000001575917610
     25.6256256       0.0000001563583288
     25.7257252       0.0000001551394156
     25.8258266       0.0000001539347467
     25.9259262       0.0000001527440457
     26.0260258       0.0000001515669983
     26.1261253       0.0000001504037370
     26.2262268       0.0000001492536676
     26.3263264       0.0000001481166920
     26.4264259       0.0000001469927778
     26.5265274       0.0000001458814363
     26.6266270       0.0000001447829583
     26.7267265       0.0000001436967313
     26.8268261       0.0000001426226840
     26.9269276       0.0000001415606582
     27.0270271       0.0000001405103772
     27.1271267       0.0000001394718464
     27.2272263       0.0000001384447558
     27.3273277       0.0000001374290210
     27.4274273       0.0000001364244758
     27.5275269       0.0000001354308186
     27.6276283       0.0000001344479473
     27.7277279       0.0000001334758841
     27.8278275       0.0000001325142422
     27.9279270       0.0000001315629259
     28.0280285       0.0000001306219602
     28.1281281       0.0000001296908675
     28.2282276       0.0000001287699896
     28.3283291       0.0000001278585843
     28.4284286       0.0000001269570716
     28.5285282       0.0000001260648937
     28.6286278       0.0000001251822078
     28.7287292       0.0000001243087024
     28.8288288       0.0000001234443437
     28.9289284       0.0000001225889944
     29.0290298       0.0000001217424317
     29.1291294       0.0000001209046910
     29.2292290       0.0000001200755525
     29.3293285       0.0000001192550286
     29.4294300       0.0000001184427860
     29.5295296       0.0000001176387887
     29.6296291       0.0000001168429684
     29.7297306       0.0000001160552249
     29.8298302       0.0000001152753655
     29.9299297       0.0000001145034362
     30.0300293       0.0000001137392985
     30.1301308       0.0000001129825407
     30.2302303       0.0000001122335605
     30.3303299       0.0000001114918926
     30.4304314       0.0000001107576527
     30.5305309       0.0000001100305694
     30.6306305       0.0000001093106038
     30.7307301       0.0000001085978022
     30.8308315       0.0000001078918529
     30.9309311       0.0000001071927737
     31.0310307       0.0000001065005533
     31.1311302       0.0000001058149232
     31.2312317       0.0000001051359442
     31.3313313       0.0000001044635394
     31.4314308       0.0000001037974425
     31.5315323       0.0000001031377748
     31.6316319       0.0000001024844018
     31.7317314       0.0000001018371238
     31.8318310       0.0000001011961117
     31.9319324       0.0000001005609075
     32.0320320       0.0000000999318582
     32.1321335       0.0000000993087914
     32.2322311       0.0000000986913377
     32.3323326       0.0000000980797312
     32.4324341       0.0000000974736991
     32.5325317       0.0000000968733851
     32.6326332       0.0000000962785555
     32.7327309       0.0000000956891207
     32.8328323       0.0000000951051405
     32.9329338       0.0000000945264874
     33.0330315       0.0000000939531032
     33.1331329       0.0000000933849430
     33.2332344       0.0000000928220433
     33.3333321       0.0000000922640877
     33.4334335       0.0000000917111214
     33.5335350       0.0000000911631683
     33.6336327       0.0000000906200530
     33.7337341       0.0000000900818016
     33.8338356       0.0000000895484264
     33.9339333       0.0000000890196696
     34.0340347       0.0000000884956145
     34.1341324       0.0000000879763235
     34.2342339       0.0000000874613949
     34.3343353       0.0000000869509591
     34.4344330       0.0000000864451191
     34.5345345       0.0000000859436222
     34.6346359       0.0000000854464520
     34.7347336       0.0000000849537138
     34.8348351       0.0000000844650817
     34.9349365       0.0000000839807158
     35.0350342       0.0000000835004971
     35.1351357       0.0000000830243971
     35.2352371       0.0000000825522783
     35.3353348       0.0000000820842987
     35.4354362       0.0000000816202397
     35.5355339       0.0000000811601428
     35.6356354       0.0000000807038274
     35.7357368       0.0000000802515001
     35.8358345       0.0000000798029034
     35.9359360       0.0000000793580185
     36.0360374       0.0000000789168450
     36.1361351       0.0000000784793706
     36.2362366       0.0000000780455599
     36.3363380       0.0000000776152592
     36.4364357       0.0000000771885382
     36.5365372       0.0000000767653236
     36.6366348       0.0000000763456044
     36.7367363       0.0000000759293638
     36.8368378       0.0000000755164667
     36.9369354       0.0000000751069386
     37.0370369       0.0000000747006606
     37.1371384       0.0000000742977863
     37.2372360       0.0000000738981680
     37.3373375       0.0000000735016261
     37.4374390       0.0000000731083923
     37.5375366       0.0000000727183068
     37.6376381       0.0000000723312434
     37.7377396       0.0000000719473146
     37.8378372       0.0000000715665750
     37.9379387       0.0000000711886258
     38.0380363       0.0000000708137959
     38.1381378       0.0000000704418957
     38.2382393       0.0000000700728862
     38.3383369       0.0000000697068010
     38.4384384       0.0000000693436304
     38.5385399       0.0000000689832254
     38.6386375       0.0000000686255856
     38.7387390       0.0000000682708380
     38.8388405       0.0000000679187192
     38.9389381       0.0000000675693461
     39.0390396       0.0000000672227013
     39.1391373       0.0000000668786562
     39.2392387       0.0000000665373738
     39.3393402       0.0000000661986225
     39.4394379       0.0000000658624273
     39.5395393       0.0000000655287779
     39.6396408       0.0000000651976693
     39.7397385       0.0000000648690539
     39.8398399       0.0000000645430531
     39.9399414       0.0000000642193542
     40.0400391       0.0000000638981735
     40.1401405       0.0000000635792890
     40.2402420       0.0000000632628940
     40.3403397       0.0000000629488132
     40.4404411       0.0000000626370325
     40.5405388       0.0000000623276177
     40.6406403       0.0000000620204647
     40.7407417       0.0000000617155913
     40.8408394       0.0000000614130131
     40.9409409       0.0000000611125942
     41.0410423       0.0000000608143625
     41.1411400       0.0000000605183469
     41.2412415       0.0000000602244144
     41.3413429       0.0000000599327177
     41.4414406       0.0000000596431031
     41.5415421       0.0000000593555410
     41.6416397       0.0000000590700706
     41.7417412       0.0000000587867143
     41.8418427       0.0000000585053183
     41.9419403       0.0000000582259535
     42.0420418       0.0000000579486446
     42.1421432       0.0000000576732765
     42.2422409       0.0000000573998137
     42.3423424       0.0000000571283792
     42.4424438       0.0000000568587986
     42.5425415       0.0000000565911909
     42.6426430       0.0000000563254037
     42.7427444       0.0000000560614929
     42.8428421       0.0000000557994988
     42.9429436       0.0000000555392720
     43.0430412       0.0000000552808280
     43.1431427       0.0000000550242753
     43.2432442       0.0000000547694423
     43.3433418       0.0000000545164291
     43.4434433       0.0000000542651363
     43.5435448       0.0000000540155837
     43.6436424       0.0000000537677599
     43.7437439       0.0000000535215662
     43.8438454       0.0000000532771578
     43.9439430       0.0000000530343618
     44.0440445       0.0000000527932626
     44.1441460       0.0000000525537906
     44.2442436       0.0000000523159056
     44.3443451       0.0000000520796431
     44.4444427       0.0000000518450781
     44.5445442       0.0000000516119953
     44.6446457       0.0000000513804458
     44.7447433       0.0000000511505534
     44.8448448       0.0000000509221543
     44.9449463       0.0000000506952338
     45.0450439       0.0000000504699084
     45.1451454       0.0000000502461100
     45.2452469       0.0000000500236876
     45.3453445       0.0000000498028077
     45.4454460       0.0000000495833909
     45.5455437       0.0000000493653692
     45.6456451       0.0000000491488070
     45.7457466       0.0000000489337106
     45.8458443       0.0000000487199611
     45.9459457       0.0000000485076666
     46.0460472       0.0000000482967185
     46.1461449       0.0000000480871374
     46.2462463       0.0000000478789308
     46.3463478       0.0000000476720745
     46.4464455       0.0000000474665809
     46.5465469       0.0000000472623898
     46.6466484       0.0000000470595017
     46.7467461       0.0000000468579305
     46.8468475       0.0000000466576122
     46.9469452       0.0000000464586597
     47.0470467       0.0000000462609386
     47.1471481       0.0000000460644693
     47.2472458       0.0000000458692301
     47.3473473       0.0000000456752621
     47.4474487       0.0000000454825335
     47.5475464       0.0000000452909896
     47.6476479       0.0000000451006855
     47.7477493       0.0000000449115350
     47.8478470       0.0000000447235909
     47.9479485       0.0000000445368226
     48.0480499       0.0000000443512387
     48.1481476       0.0000000441668428
     48.2482491       0.0000000439835340
     48.3483467       0.0000000438013763
     48.4484482       0.0000000436203779
     48.5485497       0.0000000434404797
     48.6486473       0.0000000432617282
     48.7487488       0.0000000430840429
     48.8488503       0.0000000429074327
     48.9489479       0.0000000427319421
     49.0490494       0.0000000425574850
     49.1491508       0.0000000423840877
     49.2492485       0.0000000422118373
     49.3493500       0.0000000420405578
     49.4494476       0.0000000418703519
     49.5495491       0.0000000417011971
     49.6496506       0.0000000415329504
     49.7497482       0.0000000413658382
     49.8498497       0.0000000411997062
     49.9499512       0.0000000410345537
     50.0500488       0.0000000408704319
     50.1501503       0.0000000407072393
     50.2502518       0.0000000405450429
     50.3503494       0.0000000403838373
     50.4504509       0.0000000402235672
     50.5505524       0.0000000400642731
     50.6506500       0.0000000399058828
     50.7507515       0.0000000397484635
     50.8508492       0.0000000395919887
     50.9509506       0.0000000394364002
     51.0510521       0.0000000392817480
     51.1511497       0.0000000391279945
     51.2512512       0.0000000389750931
     51.3513527       0.0000000388231602
     51.4514503       0.0000000386720946
     51.5515518       0.0000000385219216
     51.6516533       0.0000000383726138
     51.7517509       0.0000000382241628
     51.8518524       0.0000000380765699
     51.9519501       0.0000000379298281
     52.0520515       0.0000000377839108
     52.1521530       0.0000000376388562
     52.2522507       0.0000000374946665
     52.3523521       0.0000000373513047
     52.4524536       0.0000000372087081
     52.5525513       0.0000000370669422
     52.6526527       0.0000000369260025
     52.7527542       0.0000000367859100
     52.8528519       0.0000000366465650
     52.9529533       0.0000000365079730
     53.0530548       0.0000000363702486
     53.1531525       0.0000000362332341
     53.2532539       0.0000000360970183
     53.3533516       0.0000000359615894
     53.4534531       0.0000000358268670
     53.5535545       0.0000000356929448
     53.6536522       0.0000000355597638
     53.7537537       0.0000000354273586
     53.8538551       0.0000000352955925
     53.9539528       0.0000000351646574
     54.0540543       0.0000000350344117
     54.1541557       0.0000000349049093
     54.2542534       0.0000000347760865
     54.3543549       0.0000000346480081
     54.4544525       0.0000000345206408
     54.5545540       0.0000000343939752
     54.6546555       0.0000000342679424
     54.7547531       0.0000000341427000
     54.8548546       0.0000000340180896
     54.9549561       0.0000000338941582
     55.0550537       0.0000000337708873
     55.1551552       0.0000000336483115
     55.2552567       0.0000000335263926
     55.3553543       0.0000000334051588
     55.4554558       0.0000000332845601
     55.5555573       0.0000000331646085
     55.6556549       0.0000000330453253
     55.7557564       0.0000000329266852
     55.8558540       0.0000000328086588
     55.9559555       0.0000000326912988
     56.0560570       0.0000000325745477
     56.1561546       0.0000000324584524
     56.2562561       0.0000000323429195
     56.3563576       0.0000000322280022
     56.4564552       0.0000000321137591
     56.5565567       0.0000000320000450
     56.6566582       0.0000000318870170
     56.7567558       0.0000000317745289
     56.8568573       0.0000000316626303
     56.9569588       0.0000000315513621
     57.0570564       0.0000000314406437
     57.1571579       0.0000000313305713
     57.2572556       0.0000000312209845
     57.3573570       0.0000000311120130
     57.4574585       0.0000000310036137
     57.5575562       0.0000000308957947
     57.6576576       0.0000000307885420
     57.7577591       0.0000000306818098
     57.8578568       0.0000000305756357
     57.9579582       0.0000000304700383
     58.0580597       0.0000000303649829
     58.1581573       0.0000000302604737
     58.2582588       0.0000000301565007
     58.3583565       0.0000000300530226
     58.4584579       0.0000000299501085
     58.5585594       0.0000000298477375
     58.6586571       0.0000000297458556
     58.7587585       0.0000000296445361
     58.8588600       0.0000000295437187
     58.9589577       0.0000000294433657
     59.0590591       0.0000000293435923
     59.1591606       0.0000000292442978
     59.2592583       0.0000000291455060
     59.3593597       0.0000000290472041
     59.4594612       0.0000000289494188
     59.5595589       0.0000000288521084
     59.6596603       0.0000000287553065
     59.7597580       0.0000000286589888
     59.8598595       0.0000000285631244
     59.9599609       0.0000000284677853
     60.0600586       0.0000000283728996
     60.1601601       0.0000000282784808
     60.2602615       0.0000000281845462
     60.3603592       0.0000000280910738
     60.4604607       0.0000000279980580
     60.5605621       0.0000000279055133
     60.6606598       0.0000000278134373
     60.7607613       0.0000000277217875
     60.8608627       0.0000000276305924
     60.9609604       0.0000000275398853
     61.0610619       0.0000000274495770
     61.1611595       0.0000000273597534
     61.2612610       0.0000000272703588
     61.3613625       0.0000000271814033
     61.4614601       0.0000000270928479
     61.5615616       0.0000000270047385
     61.6616631       0.0000000269170847
     61.7617607       0.0000000268298431
     61.8618622       0.0000000267430170
     61.9619637       0.0000000266566145
     62.0620613       0.0000000265706453
     62.1621628       0.0000000264851014
     62.2622604       0.0000000263999005
     62.3623619       0.0000000263151994
     62.4624634       0.0000000262308417
     62.5625610       0.0000000261469189
     62.6626625       0.0000000260633714
     62.7627640       0.0000000259802773
     62.8628616       0.0000000258975245
     62.9629631       0.0000000258151968
     63.0630646       0.0000000257332524
     63.1631622       0.0000000256517161
     63.2632637       0.0000000255705324
     63.3633652       0.0000000254897519
     63.4634628       0.0000000254093503
     63.5635643       0.0000000253293394
     63.6636620       0.0000000252496862
     63.7637634       0.0000000251704128
     63.8638649       0.0000000250915092
     63.9639626       0.0000000250129885
     64.0640640       0.0000000249348611
     64.1641617       0.0000000248570655
     64.2642670       0.0000000247796063
     64.3643646       0.0000000247025536
     64.4644623       0.0000000246258579
     64.5645676       0.0000000245495042
     64.6646652       0.0000000244734988
     64.7647629       0.0000000243978739
     64.8648682       0.0000000243225715
     64.9649658       0.0000000242476347
     65.0650635       0.0000000241730355
     65.1651688       0.0000000240987630
     65.2652664       0.0000000240248582
     65.3653641       0.0000000239512949
     65.4654617       0.0000000238780515
     65.5655670       0.0000000238051502
     65.6656647       0.0000000237325873
     65.7657623       0.0000000236603610
     65.8658676       0.0000000235884317
     65.9659653       0.0000000235168621
     66.0660629       0.0000000234456166
     66.1661682       0.0000000233746924
     66.2662659       0.0000000233040651
     66.3663635       0.0000000232337881
     66.4664688       0.0000000231638243
     66.5665665       0.0000000230941487
     66.6666641       0.0000000230248023
     66.7667694       0.0000000229557774
     66.8668671       0.0000000228870425
     66.9669647       0.0000000228186600
     67.0670700       0.0000000227505382
     67.1671677       0.0000000226827392
     67.2672653       0.0000000226152551
     67.3673706       0.0000000225480411
     67.4674683       0.0000000224811577
     67.5675659       0.0000000224145599
     67.6676712       0.0000000223482552
     67.7677689       0.0000000222822302
     67.8678665       0.0000000222164971
     67.9679642       0.0000000221510787
     68.0680695       0.0000000220859305
     68.1681671       0.0000000220210877
     68.2682648       0.0000000219565199
     68.3683701       0.0000000218922361
     68.4684677       0.0000000218282274
     68.5685654       0.0000000217644980
     68.6686707       0.0000000217010760
     68.7687683       0.0000000216378933
     68.8688660       0.0000000215750092
     68.9689713       0.0000000215123830
     69.0690689       0.0000000214500513
     69.1691666       0.0000000213879659
     69.2692719       0.0000000213261665
     69.3693695       0.0000000212646313
     69.4694672       0.0000000212033498
     69.5695724       0.0000000211423320
     69.6696701       0.0000000210816029
     69.7697678       0.0000000210211263
     69.8698730       0.0000000209608920
     69.9699707       0.0000000209009164
     70.0700684       0.0000000208412454
     70.1701736       0.0000000207817802
     70.2702713       0.0000000207225710
     70.3703690       0.0000000206636282
     70.4704742       0.0000000206049186
     70.5705719       0.0000000205464966
     70.6706696       0.0000000204882913
     70.7707672       0.0000000204303476
     70.8708725       0.0000000203726455
     70.9709702       0.0000000203151823
     71.0710678       0.0000000202579639
     71.1711731       0.0000000202009896
     71.2712708       0.0000000201442521
     71.3713684       0.0000000200877651
     71.4714737       0.0000000200315118
     71.5715714       0.0000000199754898
     71.6716690       0.0000000199197020
     71.7717743       0.0000000198641354
     71.8718719       0.0000000198088066
     71.9719696       0.0000000197537263
     72.0720749       0.0000000196988673
     72.1721725       0.0000000196442288
     72.2722702       0.0000000195898325
     72.3723755       0.0000000195356360
     72.4724731       0.0000000194816862
     72.5725708       0.0000000194279532
     72.6726761       0.0000000193744362
     72.7727737       0.0000000193211364
     72.8728714       0.0000000192680721
     72.9729767       0.0000000192152158
     73.0730743       0.0000000191625828
     73.1731720       0.0000000191101681
     73.2732697       0.0000000190579845
     73.3733749       0.0000000190059737
     73.4734726       0.0000000189541923
     73.5735703       0.0000000189026400
     73.6736755       0.0000000188512741
     73.7737732       0.0000000188001074
     73.8738708       0.0000000187491756
     73.9739761       0.0000000186984542
     74.0740738       0.0000000186479347
     74.1741714       0.0000000185976036
     74.2742767       0.0000000185474798
     74.3743744       0.0000000184975759
     74.4744720       0.0000000184478588
     74.5745773       0.0000000183983412
     74.6746750       0.0000000183490092
     74.7747726       0.0000000182999020
     74.8748779       0.0000000182509900
     74.9749756       0.0000000182022595
     75.0750732       0.0000000181537270
     75.1751785       0.0000000181053938
     75.2752762       0.0000000180572457
     75.3753738       0.0000000180092758
     75.4754791       0.0000000179615338
     75.5755768       0.0000000179139608
     75.6756744       0.0000000178665630
     75.7757721       0.0000000178193757
     75.8758774       0.0000000177723824
     75.9759750       0.0000000177255627
     76.0760727       0.0000000176789258
     76.1761780       0.0000000176324539
     76.2762756       0.0000000175861860
     76.3763733       0.0000000175400982
     76.4764786       0.0000000174941913
     76.5765762       0.0000000174484703
     76.6766739       0.0000000174029099
     76.7767792       0.0000000173575406
     76.8768768       0.0000000173123532
     76.9769745       0.0000000172673501
     77.0770798       0.0000000172224947
     77.1771774       0.0000000171778268
     77.2772751       0.0000000171333509
     77.3773804       0.0000000170890105
     77.4774780       0.0000000170448606
     77.5775757       0.0000000170008746
     77.6776810       0.0000000169570731
     77.7777786       0.0000000169134182
     77.8778763       0.0000000168699591
     77.9779816       0.0000000168266614
     78.0780792       0.0000000167835357
     78.1781769       0.0000000167405607
     78.2782745       0.0000000166977504
     78.3783798       0.0000000166550958
     78.4784775       0.0000000166126108
     78.5785751       0.0000000165703090
     78.6786804       0.0000000165281619
     78.7787781       0.0000000164861673
     78.8788757       0.0000000164443312
     78.9789810       0.0000000164026515
     79.0790787       0.0000000163611328
     79.1791763       0.0000000163197746
     79.2792816       0.0000000162785734
     79.3793793       0.0000000162375270
     79.4794769       0.0000000161966369
     79.5795822       0.0000000161558970
     79.6796799       0.0000000161152975
     79.7797775       0.0000000160748765
     79.8798828       0.0000000160345964
     79.9799805       0.0000000159944558
     80.0800781       0.0000000159544806
     80.1801834       0.0000000159146465
     80.2802811       0.0000000158749700
     80.3803787       0.0000000158354447
     80.4804840       0.0000000157960547
     80.5805817       0.0000000157568240
     80.6806793       0.0000000157177478
     80.7807770       0.0000000156787945
     80.8808823       0.0000000156399954
     80.9809799       0.0000000156013300
     81.0810776       0.0000000155628069
     81.1811829       0.0000000155244486
     81.2812805       0.0000000154862176
     81.3813782       0.0000000154481248
     81.4814835       0.0000000154101813
     81.5815811       0.0000000153723743
     81.6816788       0.0000000153346976
     81.7817841       0.0000000152971586
     81.8818817       0.0000000152597604
     81.9819794       0.0000000152225072
     82.0820847       0.0000000151853991
     82.1821823       0.0000000151484123
     82.2822800       0.0000000151115571
     82.3823853       0.0000000150748436
     82.4824829       0.0000000150382605
     82.5825806       0.0000000150018089
     82.6826859       0.0000000149654943
     82.7827835       0.0000000149293150
     82.8828812       0.0000000148932608
     82.9829865       0.0000000148573389
     83.0830841       0.0000000148215460
     83.1831818       0.0000000147858743
     83.2832794       0.0000000147503333
     83.3833847       0.0000000147149292
     83.4834824       0.0000000146796566
     83.5835800       0.0000000146444866
     83.6836853       0.0000000146094805
     83.7837830       0.0000000145745671
     83.8838806       0.0000000145397967
     83.9839859       0.0000000145051446
     84.0840836       0.0000000144706028
     84.1841812       0.0000000144362080
     84.2842865       0.0000000144019335
     84.3843842       0.0000000143677681
     84.4844818       0.0000000143337187
     84.5845871       0.0000000142998073
     84.6846848       0.0000000142660103
     84.7847824       0.0000000142323293
     84.8848877       0.0000000141987574
     84.9849854       0.0000000141653218
     85.0850830       0.0000000141319977
     85.1851883       0.0000000140987938
     85.2852859       0.0000000140657096
     85.3853836       0.0000000140327317
     85.4854889       0.0000000139998827
     85.5855865       0.0000000139671357
     85.6856842       0.0000000139345289
     85.7857895       0.0000000139020073
     85.8858871       0.0000000138696007
     85.9859848       0.0000000138373159
     86.0860825       0.0000000138051379
     86.1861877       0.0000000137730836
     86.2862854       0.0000000137411410
     86.3863831       0.0000000137092989
     86.4864883       0.0000000136775558
     86.5865860       0.0000000136459475
     86.6866837       0.0000000136144495
     86.7867889       0.0000000135830410
     86.8868866       0.0000000135517491
     86.9869843       0.0000000135205678
     87.0870895       0.0000000134894938
     87.1871872       0.0000000134585092
     87.2872849       0.0000000134276512
     87.3873901       0.0000000133968965
     87.4874878       0.0000000133662649
     87.5875854       0.0000000133357056
     87.6876907       0.0000000133052790
     87.7877884       0.0000000132749342
     87.8878860       0.0000000132447087
     87.9879913       0.0000000132145754
     88.0880890       0.0000000131845367
     88.1881866       0.0000000131546164
     88.2882919       0.0000000131248049
     88.3883896       0.0000000130950834
     88.4884872       0.0000000130654551
     88.5885849       0.0000000130359348
     88.6886902       0.0000000130065194
     88.7887878       0.0000000129772003
     88.8888855       0.0000000129479775
     88.9889908       0.0000000129188487
     89.0890884       0.0000000128898240
     89.1891861       0.0000000128609040
     89.2892914       0.0000000128320612
     89.3893890       0.0000000128033362
     89.4894867       0.0000000127746961
     89.5895920       0.0000000127461674
     89.6896896       0.0000000127177244
     89.7897873       0.0000000126893708
     89.8898926       0.0000000126611240
     89.9899902       0.0000000126329584
     90.0900879       0.0000000126048891
     90.1901932       0.0000000125769166
     90.2902908       0.0000000125490284
     90.3903885       0.0000000125212371
     90.4904938       0.0000000124935486
     90.5905914       0.0000000124659437
     90.6906891       0.0000000124384280
     90.7907944       0.0000000124110024
     90.8908920       0.0000000123836707
     90.9909897       0.0000000123564292
     91.0910873       0.0000000123292887
     91.1911926       0.0000000123022233
     91.2912903       0.0000000122752504
     91.3913879       0.0000000122483659
     91.4914932       0.0000000122215617
     91.5915909       0.0000000121948535
     91.6916885       0.0000000121682446
     91.7917938       0.0000000121416970
     91.8918915       0.0000000121152627
     91.9919891       0.0000000120888979
     92.0920944       0.0000000120626212
     92.1921921       0.0000000120364338
     92.2922897       0.0000000120103309
     92.3923950       0.0000000119843134
     92.4924927       0.0000000119583797
     92.5925903       0.0000000119325306
     92.6926956       0.0000000119067637
     92.7927933       0.0000000118810814
     92.8928909       0.0000000118554796
     92.9929962       0.0000000118299618
     93.0930939       0.0000000118045286
     93.1931915       0.0000000117791776
     93.2932968       0.0000000117538952
     93.3933945       0.0000000117287087
     93.4934921       0.0000000117036006
     93.5935898       0.0000000116785754
     93.6936951       0.0000000116536278
     93.7937927       0.0000000116287576
     93.8938904       0.0000000116039667
     93.9939957       0.0000000115792571
     94.0940933       0.0000000115546306
     94.1941910       0.0000000115300707
     94.2942963       0.0000000115055914
     94.3943939       0.0000000114811991
     94.4944916       0.0000000114568742
     94.5945969       0.0000000114326347
     94.6946945       0.0000000114084805
     94.7947922       0.0000000113843797
     94.8948975       0.0000000113603696
     94.9949951       0.0000000113364334
     95.0950928       0.0000000113125877
     95.1951981       0.0000000112887893
     95.2952957       0.0000000112650848
     95.3953934       0.0000000112414493
     95.4954987       0.0000000112178912
     95.5955963       0.0000000111943938
     95.6956940       0.0000000111709892
     95.7957993       0.0000000111476429
     95.8958969       0.0000000111243809
     95.9959946       0.0000000111011758
     96.0960999       0.0000000110780489
     96.1961975       0.0000000110550117
     96.2962952       0.0000000110320335
     96.3963928       0.0000000110091237
     96.4964981       0.0000000109862873
     96.5965958       0.0000000109635245
     96.6966934       0.0000000109408316
     96.7967987       0.0000000109182039
     96.8968964       0.0000000108956474
     96.9969940       0.0000000108731616
     97.0970993       0.0000000108507542
     97.1971970       0.0000000108284064
     97.2972946       0.0000000108061274
     97.3973999       0.0000000107839165
     97.4974976       0.0000000107617918
     97.5975952       0.0000000107397130
     97.6977005       0.0000000107177067
     97.7977982       0.0000000106957701
     97.8978958       0.0000000106739098
     97.9980011       0.0000000106521056
     98.0980988       0.0000000106303697
     98.1981964       0.0000000106087048
     98.2983017       0.0000000105871013
     98.3983994       0.0000000105655636
     98.4984970       0.0000000105440919
     98.5986023       0.0000000105226952
     98.6987000       0.0000000105013566
     98.7987976       0.0000000104800808
     98.8988953       0.0000000104588699
     98.9990005       0.0000000104377375
     99.0990982       0.0000000104166551
     99.1991959       0.0000000103956265
     99.2993011       0.0000000103746802
     99.3993988       0.0000000103537892
     99.4994965       0.0000000103329615
     99.5996017       0.0000000103121942
     99.6996994       0.0000000102914815
     99.7997971       0.0000000102708526
     99.8999023       0.0000000102502613
    100.0000000       0.0000000102297464
