# x		H(x,a)
      0.0000000       1.0000000000000000
      0.1001001       0.9900299906730652
      0.2002002       0.9607124924659729
      0.3003003       0.9137664437294006
      0.4004004       0.8518707156181335
      0.5005005       0.7784109115600586
      0.6006006       0.6971734166145325
      0.7007007       0.6120254397392273
      0.8008008       0.5266169309616089
      0.9009009       0.4441368877887726
      1.0010010       0.3671517112631451
      1.1011012       0.2974991151746891
      1.2012012       0.2362826032223719
      1.3013012       0.1839424867990565
      1.4014014       0.1403578959627327
      1.5015016       0.1049780353761475
      1.6016016       0.0769610112901837
      1.7017016       0.0553043961559545
      1.8018018       0.0389559392812029
      1.9019020       0.0268983894279264
      2.0020020       0.0182069702580616
      2.1021020       0.0120819805476305
      2.2022023       0.0078609476875822
      2.3023024       0.0050156269394616
      2.4024024       0.0031391437461518
      2.5025024       0.0019281202929710
      2.6026025       0.0011631323734236
      2.7027028       0.0006900180677851
      2.8028028       0.0004034495146866
      2.9029028       0.0002333719912419
      3.0030031       0.0001343974237285
      3.1031032       0.0000778595308182
      3.2032032       0.0000460981514768
      3.3033032       0.0000284958834827
      3.4034033       0.0000188203960982
      3.5035036       0.0000134976682713
      3.6036036       0.0000105244037886
      3.7037036       0.0000088020926208
      3.8038039       0.0000077408707637
      3.9039040       0.0000070299980261
      4.0040040       0.0000065084243386
      4.1041040       0.0000060936251534
      4.2042041       0.0000057434273507
      4.3043041       0.0000054360254362
      4.4044046       0.0000051597818287
      4.5045047       0.0000049080735333
      4.6046047       0.0000046768014213
      4.7047048       0.0000044631567448
      4.8048048       0.0000042650445835
      4.9049048       0.0000040807876186
      5.0050049       0.0000039089828942
      5.1051049       0.0000037484320399
      5.2052050       0.0000035980957535
      5.3053055       0.0000034570610337
      5.4054055       0.0000033245187729
      5.5055056       0.0000031997597510
      5.6056056       0.0000030821505994
      5.7057056       0.0000029711106230
      5.8058057       0.0000028661432709
      5.9059057       0.0000027667869861
      6.0060062       0.0000026726242733
      6.1061063       0.0000025832926752
      6.2062063       0.0000024984485542
      6.3063064       0.0000024177845727
      6.4064064       0.0000023410196472
      6.5065064       0.0000022679003013
      6.6066065       0.0000021981916873
      6.7067065       0.0000021316796069
      6.8068066       0.0000020681670272
      6.9069071       0.0000020074691988
      7.0070071       0.0000019494211592
      7.1071072       0.0000018938712583
      7.2072072       0.0000018406719342
      7.3073072       0.0000017896882676
      7.4074073       0.0000017408042742
      7.5075073       0.0000016938977383
      7.6076078       0.0000016488670176
      7.7077079       0.0000016056101948
      7.8078079       0.0000015640356280
      7.9079080       0.0000015240554680
      8.0080080       0.0000014855896525
      8.1081085       0.0000014485632543
      8.2082081       0.0000014129027589
      8.3083086       0.0000013785432840
      8.4084082       0.0000013454216043
      8.5085087       0.0000013134770144
      8.6086082       0.0000012826585150
      8.7087088       0.0000012529099686
      8.8088093       0.0000012241832815
      8.9089088       0.0000011964325173
      9.0090094       0.0000011696133635
      9.1091089       0.0000011436862536
      9.2092094       0.0000011186099784
      9.3093090       0.0000010943480299
      9.4094095       0.0000010708664861
      9.5095091       0.0000010481322880
      9.6096096       0.0000010261143775
      9.7097101       0.0000010047816051
      9.8098097       0.0000009841062837
      9.9099102       0.0000009640633459
     10.0100098       0.0000009446241433
     10.1101103       0.0000009257661708
     10.2102098       0.0000009074686932
     10.3103104       0.0000008897068393
     10.4104099       0.0000008724621706
     10.5105104       0.0000008557123719
     10.6106110       0.0000008394410767
     10.7107105       0.0000008236286654
     10.8108110       0.0000008082580289
     10.9109106       0.0000007933136166
     11.0110111       0.0000007787800235
     11.1111107       0.0000007646418941
     11.2112112       0.0000007508854078
     11.3113117       0.0000007374968907
     11.4114113       0.0000007244632031
     11.5115118       0.0000007117714818
     11.6116114       0.0000006994096570
     11.7117119       0.0000006873681778
     11.8118114       0.0000006756346399
     11.9119120       0.0000006641986821
     12.0120125       0.0000006530511180
     12.1121120       0.0000006421810796
     12.2122126       0.0000006315814221
     12.3123121       0.0000006212414810
     12.4124126       0.0000006111532624
     12.5125122       0.0000006013091525
     12.6126127       0.0000005917008052
     12.7127123       0.0000005823211860
     12.8128128       0.0000005731632371
     12.9129133       0.0000005642193563
     13.0130129       0.0000005554832950
     13.1131134       0.0000005469480172
     13.2132130       0.0000005386085159
     13.3133135       0.0000005304584066
     13.4134130       0.0000005224929095
     13.5135136       0.0000005147042355
     13.6136131       0.0000005070890325
     13.7137136       0.0000004996419888
     13.8138142       0.0000004923577581
     13.9139137       0.0000004852309890
     14.0140142       0.0000004782587538
     14.1141138       0.0000004714361581
     14.2142143       0.0000004647580618
     14.3143139       0.0000004582207024
     14.4144144       0.0000004518206579
     14.5145149       0.0000004455541032
     14.6146145       0.0000004394170430
     14.7147150       0.0000004334062745
     14.8148146       0.0000004275177446
     14.9149151       0.0000004217481819
     15.0150146       0.0000004160956253
     15.1151152       0.0000004105549502
     15.2152157       0.0000004051251331
     15.3153152       0.0000003998022264
     15.4154158       0.0000003945835213
     15.5155153       0.0000003894665104
     15.6156158       0.0000003844482837
     15.7157154       0.0000003795271358
     15.8158159       0.0000003746995539
     15.9159155       0.0000003699634842
     16.0160160       0.0000003653166715
     16.1161156       0.0000003607574104
     16.2162170       0.0000003562827211
     16.3163166       0.0000003518909551
     16.4164162       0.0000003475795806
     16.5165157       0.0000003433477339
     16.6166172       0.0000003391922328
     16.7167168       0.0000003351118971
     16.8168163       0.0000003311050737
     16.9169178       0.0000003271696800
     17.0170174       0.0000003233040281
     17.1171169       0.0000003195064964
     17.2172165       0.0000003157757821
     17.3173180       0.0000003121096195
     17.4174175       0.0000003085074984
     17.5175171       0.0000003049674982
     17.6176186       0.0000003014876065
     17.7177181       0.0000002980674797
     17.8178177       0.0000002947052551
     17.9179173       0.0000002913994016
     18.0180187       0.0000002881489174
     18.1181183       0.0000002849529275
     18.2182178       0.0000002818096688
     18.3183174       0.0000002787184528
     18.4184189       0.0000002756775070
     18.5185184       0.0000002726860510
     18.6186180       0.0000002697432282
     18.7187195       0.0000002668482190
     18.8188190       0.0000002639991156
     18.9189186       0.0000002611955590
     19.0190182       0.0000002584363735
     19.1191196       0.0000002557209907
     19.2192192       0.0000002530481814
     19.3193188       0.0000002504169058
     19.4194202       0.0000002478267194
     19.5195198       0.0000002452766189
     19.6196194       0.0000002427656491
     19.7197189       0.0000002402928127
     19.8198204       0.0000002378577094
     19.9199200       0.0000002354598501
     20.0200195       0.0000002330977568
     20.1201210       0.0000002307709384
     20.2202206       0.0000002284791519
     20.3203201       0.0000002262212201
     20.4204197       0.0000002239966837
     20.5205212       0.0000002218048720
     20.6206207       0.0000002196449060
     20.7207203       0.0000002175166250
     20.8208199       0.0000002154189281
     20.9209213       0.0000002133517812
     21.0210209       0.0000002113141819
     21.1211205       0.0000002093054317
     21.2212219       0.0000002073252972
     21.3213215       0.0000002053732512
     21.4214211       0.0000002034485593
     21.5215206       0.0000002015511492
     21.6216221       0.0000001996799309
     21.7217216       0.0000001978347858
     21.8218212       0.0000001960147578
     21.9219227       0.0000001942200695
     22.0220222       0.0000001924500973
     22.1221218       0.0000001907039499
     22.2222214       0.0000001889816735
     22.3223228       0.0000001872825768
     22.4224224       0.0000001856061676
     22.5225220       0.0000001839523870
     22.6226234       0.0000001823205756
     22.7227230       0.0000001807103708
     22.8228226       0.0000001791215032
     22.9229221       0.0000001775534302
     23.0230236       0.0000001760058978
     23.1231232       0.0000001744786878
     23.2232227       0.0000001729711965
     23.3233242       0.0000001714829827
     23.4234238       0.0000001700140186
     23.5235233       0.0000001685640728
     23.6236229       0.0000001671323914
     23.7237244       0.0000001657190953
     23.8238239       0.0000001643235034
     23.9239235       0.0000001629455182
     24.0240250       0.0000001615846427
     24.1241245       0.0000001602410861
     24.2242241       0.0000001589139431
     24.3243237       0.0000001576033968
     24.4244251       0.0000001563088611
     24.5245247       0.0000001550304285
     24.6246243       0.0000001537676266
     24.7247238       0.0000001525200365
     24.8248253       0.0000001512877938
     24.9249249       0.0000001500701898
     25.0250244       0.0000001488673957
     25.1251259       0.0000001476789760
     25.2252254       0.0000001465048410
     25.3253250       0.0000001453446602
     25.4254246       0.0000001441979648
     25.5255260       0.0000001430650439
     25.6256256       0.0000001419453075
     25.7257252       0.0000001408387487
     25.8258266       0.0000001397451214
     25.9259262       0.0000001386641922
     26.0260258       0.0000001375956397
     26.1261253       0.0000001365396107
     26.2262268       0.0000001354955542
     26.3263264       0.0000001344633844
     26.4264259       0.0000001334430637
     26.5265274       0.0000001324341671
     26.6266270       0.0000001314369620
     26.7267265       0.0000001304508492
     26.8268261       0.0000001294757996
     26.9269276       0.0000001285116952
     27.0270271       0.0000001275582162
     27.1271267       0.0000001266154278
     27.2272263       0.0000001256830068
     27.3273277       0.0000001247608976
     27.4274273       0.0000001238489471
     27.5275269       0.0000001229468877
     27.6276283       0.0000001220546109
     27.7277279       0.0000001211721569
     27.8278275       0.0000001202991618
     27.9279270       0.0000001194355353
     28.0280285       0.0000001185812955
     28.1281281       0.0000001177360433
     28.2282276       0.0000001169000538
     28.3283291       0.0000001160726613
     28.4284286       0.0000001152542320
     28.5285282       0.0000001144443099
     28.6286278       0.0000001136429983
     28.7287292       0.0000001128500018
     28.8288288       0.0000001120653165
     28.9289284       0.0000001112888121
     29.0290298       0.0000001105202882
     29.1291294       0.0000001097597803
     29.2292290       0.0000001090070617
     29.3293285       0.0000001082621705
     29.4294300       0.0000001075248127
     29.5295296       0.0000001067949154
     29.6296291       0.0000001060724599
     29.7297306       0.0000001053573340
     29.8298302       0.0000001046493546
     29.9299297       0.0000001039485758
     30.0300293       0.0000001032548778
     30.1301308       0.0000001025678789
     30.2302303       0.0000001018879483
     30.3303299       0.0000001012146372
     30.4304314       0.0000001005480742
     30.5305309       0.0000000998880181
     30.6306305       0.0000000992344185
     30.7307301       0.0000000985873132
     30.8308315       0.0000000979464401
     30.9309311       0.0000000973118135
     31.0310307       0.0000000966833976
     31.1311302       0.0000000960609695
     31.2312317       0.0000000954445752
     31.3313313       0.0000000948341492
     31.4314308       0.0000000942294560
     31.5315323       0.0000000936305936
     31.6316319       0.0000000930374490
     31.7317314       0.0000000924498367
     31.8318310       0.0000000918679106
     31.9319324       0.0000000912912634
     32.0320320       0.0000000907201969
     32.1321335       0.0000000901545703
     32.2322311       0.0000000895940303
     32.3323326       0.0000000890388004
     32.4324341       0.0000000884886351
     32.5325317       0.0000000879436542
     32.6326332       0.0000000874036577
     32.7327309       0.0000000868685575
     32.8328323       0.0000000863384151
     32.9329338       0.0000000858130920
     33.0330315       0.0000000852925614
     33.1331329       0.0000000847767733
     33.2332344       0.0000000842657620
     33.3333321       0.0000000837592423
     33.4334335       0.0000000832572524
     33.5335350       0.0000000827598021
     33.6336327       0.0000000822667495
     33.7337341       0.0000000817781183
     33.8338356       0.0000000812939071
     33.9339333       0.0000000808138926
     34.0340347       0.0000000803381395
     34.1341324       0.0000000798667174
     34.2342339       0.0000000793992553
     34.3343353       0.0000000789358678
     34.4344330       0.0000000784766549
     34.5345345       0.0000000780213950
     34.6346359       0.0000000775700495
     34.7347336       0.0000000771227235
     34.8348351       0.0000000766791419
     34.9349365       0.0000000762394186
     35.0350342       0.0000000758034718
     35.1351357       0.0000000753712644
     35.2352371       0.0000000749426584
     35.3353348       0.0000000745178103
     35.4354362       0.0000000740965367
     35.5355339       0.0000000736788506
     35.6356354       0.0000000732645972
     35.7357368       0.0000000728539644
     35.8358345       0.0000000724467199
     35.9359360       0.0000000720428459
     36.0360374       0.0000000716423393
     36.1361351       0.0000000712451872
     36.2362366       0.0000000708513692
     36.3363380       0.0000000704607299
     36.4364357       0.0000000700733439
     36.5365372       0.0000000696891440
     36.6366348       0.0000000693081065
     36.7367363       0.0000000689302393
     36.8368378       0.0000000685554018
     36.9369354       0.0000000681836311
     37.0370369       0.0000000678147965
     37.1371384       0.0000000674490652
     37.2372360       0.0000000670862817
     37.3373375       0.0000000667262911
     37.4374390       0.0000000663693119
     37.5375366       0.0000000660151751
     37.6376381       0.0000000656637949
     37.7377396       0.0000000653152616
     37.8378372       0.0000000649696077
     37.9379387       0.0000000646264977
     38.0380363       0.0000000642862189
     38.1381378       0.0000000639485972
     38.2382393       0.0000000636136093
     38.3383369       0.0000000632812766
     38.4384384       0.0000000629515698
     38.5385399       0.0000000626243903
     38.6386375       0.0000000622997220
     38.7387390       0.0000000619776727
     38.8388405       0.0000000616580072
     38.9389381       0.0000000613408452
     39.0390396       0.0000000610261568
     39.1391373       0.0000000607138263
     39.2392387       0.0000000604039976
     39.3393402       0.0000000600964700
     39.4394379       0.0000000597912652
     39.5395393       0.0000000594883760
     39.6396408       0.0000000591877881
     39.7397385       0.0000000588894602
     39.8398399       0.0000000585935141
     39.9399414       0.0000000582996479
     40.0400391       0.0000000580080732
     40.1401405       0.0000000577185850
     40.2402420       0.0000000574313572
     40.3403397       0.0000000571462304
     40.4404411       0.0000000568631920
     40.5405388       0.0000000565822982
     40.6406403       0.0000000563034537
     40.7407417       0.0000000560266863
     40.8408394       0.0000000557519992
     40.9409409       0.0000000554792678
     41.0410423       0.0000000552085295
     41.1411400       0.0000000549398046
     41.2412415       0.0000000546729681
     41.3413429       0.0000000544081565
     41.4414406       0.0000000541452380
     41.5415421       0.0000000538841843
     41.6416397       0.0000000536250277
     41.7417412       0.0000000533677896
     41.8418427       0.0000000531123354
     41.9419403       0.0000000528587175
     42.0420418       0.0000000526069783
     42.1421432       0.0000000523569883
     42.2422409       0.0000000521087297
     42.3423424       0.0000000518623194
     42.4424438       0.0000000516175918
     42.5425415       0.0000000513746472
     42.6426430       0.0000000511333618
     42.7427444       0.0000000508937796
     42.8428421       0.0000000506559371
     42.9429436       0.0000000504196967
     43.0430412       0.0000000501850778
     43.1431427       0.0000000499521702
     43.2432442       0.0000000497208326
     43.3433418       0.0000000494911397
     43.4434433       0.0000000492630098
     43.5435448       0.0000000490364588
     43.6436424       0.0000000488114797
     43.7437439       0.0000000485879807
     43.8438454       0.0000000483660964
     43.9439430       0.0000000481456869
     44.0440445       0.0000000479268082
     44.1441460       0.0000000477094143
     44.2442436       0.0000000474934550
     44.3443451       0.0000000472789729
     44.4444427       0.0000000470660274
     44.5445442       0.0000000468544347
     44.6446457       0.0000000466442286
     44.7447433       0.0000000464355246
     44.8448448       0.0000000462281797
     44.9449463       0.0000000460221792
     45.0450439       0.0000000458176241
     45.1451454       0.0000000456144520
     45.2452469       0.0000000454125340
     45.3453445       0.0000000452120155
     45.4454460       0.0000000450128212
     45.5455437       0.0000000448148989
     45.6456451       0.0000000446182981
     45.7457466       0.0000000444230311
     45.8458443       0.0000000442289851
     45.9459457       0.0000000440362598
     46.0460472       0.0000000438447557
     46.1461449       0.0000000436544941
     46.2462463       0.0000000434654801
     46.3463478       0.0000000432776900
     46.4464455       0.0000000430911420
     46.5465469       0.0000000429057689
     46.6466484       0.0000000427215835
     46.7467461       0.0000000425385947
     46.8468475       0.0000000423567421
     46.9469452       0.0000000421761320
     47.0470467       0.0000000419966335
     47.1471481       0.0000000418182747
     47.2472458       0.0000000416410336
     47.3473473       0.0000000414649473
     47.4474487       0.0000000412899826
     47.5475464       0.0000000411160928
     47.6476479       0.0000000409433292
     47.7477493       0.0000000407716149
     47.8478470       0.0000000406009988
     47.9479485       0.0000000404314474
     48.0480499       0.0000000402629719
     48.1481476       0.0000000400955712
     48.2482491       0.0000000399291583
     48.3483467       0.0000000397637946
     48.4484482       0.0000000395994764
     48.5485497       0.0000000394361649
     48.6486473       0.0000000392738865
     48.7487488       0.0000000391125824
     48.8488503       0.0000000389522531
     48.9489479       0.0000000387929392
     49.0490494       0.0000000386345608
     49.1491508       0.0000000384771478
     49.2492485       0.0000000383207755
     49.3493500       0.0000000381652852
     49.4494476       0.0000000380107679
     49.5495491       0.0000000378572037
     49.6496506       0.0000000377044690
     49.7497482       0.0000000375527604
     49.8498497       0.0000000374019441
     49.9499512       0.0000000372520118
     50.0500488       0.0000000371030167
     50.1501503       0.0000000369548727
     50.2502518       0.0000000368076272
     50.3503494       0.0000000366612762
     50.4504509       0.0000000365157822
     50.5505524       0.0000000363711724
     50.6506500       0.0000000362273819
     50.7507515       0.0000000360844723
     50.8508492       0.0000000359424232
     50.9509506       0.0000000358011774
     51.0510521       0.0000000356607762
     51.1511497       0.0000000355212011
     51.2512512       0.0000000353823965
     51.3513527       0.0000000352444637
     51.4514503       0.0000000351073208
     51.5515518       0.0000000349709946
     51.6516533       0.0000000348354452
     51.7517509       0.0000000347006833
     51.8518524       0.0000000345666955
     51.9519501       0.0000000344334800
     52.0520515       0.0000000343010131
     52.1521530       0.0000000341693267
     52.2522507       0.0000000340384321
     52.3523521       0.0000000339082818
     52.4524536       0.0000000337788333
     52.5525513       0.0000000336501347
     52.6526527       0.0000000335221897
     52.7527542       0.0000000333950047
     52.8528519       0.0000000332685069
     52.9529533       0.0000000331426909
     53.0530548       0.0000000330176584
     53.1531525       0.0000000328932805
     53.2532539       0.0000000327696156
     53.3533516       0.0000000326466739
     53.4534531       0.0000000325243692
     53.5535545       0.0000000324027900
     53.6536522       0.0000000322818854
     53.7537537       0.0000000321616853
     53.8538551       0.0000000320420651
     53.9539528       0.0000000319231969
     54.0540543       0.0000000318049592
     54.1541557       0.0000000316873980
     54.2542534       0.0000000315704464
     54.3543549       0.0000000314541742
     54.4544525       0.0000000313385509
     54.5545540       0.0000000312235609
     54.6546555       0.0000000311091478
     54.7547531       0.0000000309954461
     54.8548546       0.0000000308823189
     54.9549561       0.0000000307698147
     55.0550537       0.0000000306579056
     55.1551552       0.0000000305466298
     55.2552567       0.0000000304359500
     55.3553543       0.0000000303258919
     55.4554558       0.0000000302164113
     55.5555573       0.0000000301075172
     55.6556549       0.0000000299992279
     55.7557564       0.0000000298915195
     55.8558540       0.0000000297843748
     55.9559555       0.0000000296778317
     56.0560570       0.0000000295718460
     56.1561546       0.0000000294664494
     56.2562561       0.0000000293615729
     56.3563576       0.0000000292572420
     56.4564552       0.0000000291535328
     56.5565567       0.0000000290503009
     56.6566582       0.0000000289476887
     56.7567558       0.0000000288455695
     56.8568573       0.0000000287439868
     56.9569588       0.0000000286429726
     57.0570564       0.0000000285424628
     57.1571579       0.0000000284425360
     57.2572556       0.0000000283430516
     57.3573570       0.0000000282441225
     57.4574585       0.0000000281457190
     57.5575562       0.0000000280478365
     57.6576576       0.0000000279504694
     57.7577591       0.0000000278535801
     57.8578568       0.0000000277571930
     57.9579582       0.0000000276613301
     58.0580597       0.0000000275659578
     58.1581573       0.0000000274710817
     58.2582588       0.0000000273766891
     58.3583565       0.0000000272827518
     58.4584579       0.0000000271893261
     58.5585594       0.0000000270963893
     58.6586571       0.0000000270039020
     58.7587585       0.0000000269119202
     58.8588600       0.0000000268203984
     58.9589577       0.0000000267292965
     59.0590591       0.0000000266387178
     59.1591606       0.0000000265485770
     59.2592583       0.0000000264588904
     59.3593597       0.0000000263696502
     59.4594612       0.0000000262808818
     59.5595589       0.0000000261925364
     59.6596603       0.0000000261046595
     59.7597580       0.0000000260172214
     59.8598595       0.0000000259301941
     59.9599609       0.0000000258436430
     60.0600586       0.0000000257575029
     60.1601601       0.0000000256717892
     60.2602615       0.0000000255865113
     60.3603592       0.0000000255016553
     60.4604607       0.0000000254172136
     60.5605621       0.0000000253332012
     60.6606598       0.0000000252496107
     60.7607613       0.0000000251664101
     60.8608627       0.0000000250836190
     60.9609604       0.0000000250012765
     61.0610619       0.0000000249192924
     61.1611595       0.0000000248377490
     61.2612610       0.0000000247565938
     61.3613625       0.0000000246758387
     61.4614601       0.0000000245954468
     61.5615616       0.0000000245154561
     61.6616631       0.0000000244358844
     61.7617607       0.0000000243566857
     61.8618622       0.0000000242778630
     61.9619637       0.0000000241994235
     62.0620613       0.0000000241213803
     62.1621628       0.0000000240437209
     62.2622604       0.0000000239663739
     62.3623619       0.0000000238894796
     62.4624634       0.0000000238128973
     62.5625610       0.0000000237367132
     62.6626625       0.0000000236608664
     62.7627640       0.0000000235854308
     62.8628616       0.0000000235103065
     62.9629631       0.0000000234355679
     63.0630646       0.0000000233611766
     63.1631622       0.0000000232871563
     63.2632637       0.0000000232134561
     63.3633652       0.0000000231401227
     63.4634628       0.0000000230671303
     63.5635643       0.0000000229944963
     63.6636620       0.0000000229221848
     63.7637634       0.0000000228502194
     63.8638649       0.0000000227785890
     63.9639626       0.0000000227073046
     64.0640640       0.0000000226363801
     64.1641617       0.0000000225657549
     64.2642670       0.0000000224954386
     64.3643646       0.0000000224254865
     64.4644623       0.0000000223558603
     64.5645676       0.0000000222865462
     64.6646652       0.0000000222175455
     64.7647629       0.0000000221488918
     64.8648682       0.0000000220805318
     64.9649658       0.0000000220125035
     65.0650635       0.0000000219447780
     65.1651688       0.0000000218773523
     65.2652664       0.0000000218102609
     65.3653641       0.0000000217434799
     65.4654617       0.0000000216769866
     65.5655670       0.0000000216108046
     65.6656647       0.0000000215449316
     65.7657623       0.0000000214793623
     65.8658676       0.0000000214140641
     65.9659653       0.0000000213490907
     66.0660629       0.0000000212844149
     66.1661682       0.0000000212200262
     66.2662659       0.0000000211559109
     66.3663635       0.0000000210921118
     66.4664688       0.0000000210285976
     66.5665665       0.0000000209653452
     66.6666641       0.0000000209023911
     66.7667694       0.0000000208397265
     66.8668671       0.0000000207773274
     66.9669647       0.0000000207152501
     67.0670700       0.0000000206534063
     67.1671677       0.0000000205918564
     67.2672653       0.0000000205305937
     67.3673706       0.0000000204695767
     67.4674683       0.0000000204088586
     67.5675659       0.0000000203483990
     67.6676712       0.0000000202882062
     67.7677689       0.0000000202282682
     67.8678665       0.0000000201685943
     67.9679642       0.0000000201092065
     68.0680695       0.0000000200500618
     68.1681671       0.0000000199911966
     68.2682648       0.0000000199325824
     68.3683701       0.0000000198742241
     68.4684677       0.0000000198161137
     68.5685654       0.0000000197582593
     68.6686707       0.0000000197006828
     68.7687683       0.0000000196433246
     68.8688660       0.0000000195862364
     68.9689713       0.0000000195293854
     69.0690689       0.0000000194727982
     69.1691666       0.0000000194164357
     69.2692719       0.0000000193603342
     69.3693695       0.0000000193044711
     69.4694672       0.0000000192488376
     69.5695724       0.0000000191934444
     69.6696701       0.0000000191383132
     69.7697678       0.0000000190834104
     69.8698730       0.0000000190287306
     69.9699707       0.0000000189742821
     70.0700684       0.0000000189201105
     70.1701736       0.0000000188661272
     70.2702713       0.0000000188123766
     70.3703690       0.0000000187588665
     70.4704742       0.0000000187055686
     70.5705719       0.0000000186525338
     70.6706696       0.0000000185996934
     70.7707672       0.0000000185470904
     70.8708725       0.0000000184947069
     70.9709702       0.0000000184425400
     71.0710678       0.0000000183905958
     71.1711731       0.0000000183388748
     71.2712708       0.0000000182873663
     71.3713684       0.0000000182360872
     71.4714737       0.0000000181850183
     71.5715714       0.0000000181341614
     71.6716690       0.0000000180835153
     71.7717743       0.0000000180330709
     71.8718719       0.0000000179828425
     71.9719696       0.0000000179328406
     72.0720749       0.0000000178830357
     72.1721725       0.0000000178334351
     72.2722702       0.0000000177840531
     72.3723755       0.0000000177348532
     72.4724731       0.0000000176858765
     72.5725708       0.0000000176370954
     72.6726761       0.0000000175885116
     72.7727737       0.0000000175401256
     72.8728714       0.0000000174919532
     72.9729767       0.0000000174439692
     73.0730743       0.0000000173961868
     73.1731720       0.0000000173486053
     73.2732697       0.0000000173012314
     73.3733749       0.0000000172540150
     73.4734726       0.0000000172070052
     73.5735703       0.0000000171602041
     73.6736755       0.0000000171135756
     73.7737732       0.0000000170671244
     73.8738708       0.0000000170208869
     73.9739761       0.0000000169748417
     74.0740738       0.0000000169289790
     74.1741714       0.0000000168832876
     74.2742767       0.0000000168377840
     74.3743744       0.0000000167924790
     74.4744720       0.0000000167473462
     74.5745773       0.0000000167023925
     74.6746750       0.0000000166576104
     74.7747726       0.0000000166130272
     74.8748779       0.0000000165686251
     74.9749756       0.0000000165243860
     75.0750732       0.0000000164803275
     75.1751785       0.0000000164364488
     75.2752762       0.0000000163927404
     75.3753738       0.0000000163491914
     75.4754791       0.0000000163058509
     75.5755768       0.0000000162626629
     75.6756744       0.0000000162196328
     75.7757721       0.0000000161767955
     75.8758774       0.0000000161341340
     75.9759750       0.0000000160916305
     76.0760727       0.0000000160492927
     76.1761780       0.0000000160071058
     76.2762756       0.0000000159651024
     76.3763733       0.0000000159232638
     76.4764786       0.0000000158815887
     76.5765762       0.0000000158400792
     76.6766739       0.0000000157987194
     76.7767792       0.0000000157575335
     76.8768768       0.0000000157165107
     76.9769745       0.0000000156756559
     77.0770798       0.0000000156349354
     77.1771774       0.0000000155943844
     77.2772751       0.0000000155540084
     77.3773804       0.0000000155137568
     77.4774780       0.0000000154736770
     77.5775757       0.0000000154337430
     77.6776810       0.0000000153939810
     77.7777786       0.0000000153543493
     77.8778763       0.0000000153148969
     77.9779816       0.0000000152755904
     78.0780792       0.0000000152364403
     78.1781769       0.0000000151974266
     78.2782745       0.0000000151585605
     78.3783798       0.0000000151198383
     78.4784775       0.0000000150812709
     78.5785751       0.0000000150428680
     78.6786804       0.0000000150046058
     78.7787781       0.0000000149664834
     78.8788757       0.0000000149285024
     78.9789810       0.0000000148906636
     79.0790787       0.0000000148529735
     79.1791763       0.0000000148154265
     79.2792816       0.0000000147780249
     79.3793793       0.0000000147407601
     79.4794769       0.0000000147036407
     79.5795822       0.0000000146666557
     79.6796799       0.0000000146298000
     79.7797775       0.0000000145931052
     79.8798828       0.0000000145565363
     79.9799805       0.0000000145200973
     80.0800781       0.0000000144838068
     80.1801834       0.0000000144476439
     80.2802811       0.0000000144116239
     80.3803787       0.0000000143757424
     80.4804840       0.0000000143399846
     80.5805817       0.0000000143043697
     80.6806793       0.0000000142688945
     80.7807770       0.0000000142335318
     80.8808823       0.0000000141983095
     80.9809799       0.0000000141632096
     81.0810776       0.0000000141282365
     81.1811829       0.0000000140934135
     81.2812805       0.0000000140587068
     81.3813782       0.0000000140241263
     81.4814835       0.0000000139896781
     81.5815811       0.0000000139553578
     81.6816788       0.0000000139211544
     81.7817841       0.0000000138870762
     81.8818817       0.0000000138531247
     81.9819794       0.0000000138193050
     82.0820847       0.0000000137856181
     82.1821823       0.0000000137520405
     82.2822800       0.0000000137185834
     82.3823853       0.0000000136852549
     82.4824829       0.0000000136520418
     82.5825806       0.0000000136189493
     82.6826859       0.0000000135859837
     82.7827835       0.0000000135531409
     82.8828812       0.0000000135204082
     82.9829865       0.0000000134877993
     83.0830841       0.0000000134553060
     83.1831818       0.0000000134229206
     83.2832794       0.0000000133906548
     83.3833847       0.0000000133585153
     83.4834824       0.0000000133264947
     83.5835800       0.0000000132945660
     83.6836853       0.0000000132627889
     83.7837830       0.0000000132310903
     83.8838806       0.0000000131995281
     83.9839859       0.0000000131680699
     84.0840836       0.0000000131367118
     84.1841812       0.0000000131054868
     84.2842865       0.0000000130743713
     84.3843842       0.0000000130433544
     84.4844818       0.0000000130124447
     84.5845871       0.0000000129816586
     84.6846848       0.0000000129509789
     84.7847824       0.0000000129204018
     84.8848877       0.0000000128899249
     84.9849854       0.0000000128595715
     85.0850830       0.0000000128293176
     85.1851883       0.0000000127991755
     85.2852859       0.0000000127691414
     85.3853836       0.0000000127392015
     85.4854889       0.0000000127093831
     85.5855865       0.0000000126796545
     85.6856842       0.0000000126500511
     85.7857895       0.0000000126205283
     85.8858871       0.0000000125911097
     85.9859848       0.0000000125618011
     86.0860825       0.0000000125325884
     86.1861877       0.0000000125034885
     86.2862854       0.0000000124744912
     86.3863831       0.0000000124455837
     86.4864883       0.0000000124167674
     86.5865860       0.0000000123880721
     86.6866837       0.0000000123594763
     86.7867889       0.0000000123309648
     86.8868866       0.0000000123025568
     86.9869843       0.0000000122742508
     87.0870895       0.0000000122460396
     87.1871872       0.0000000122179126
     87.2872849       0.0000000121898979
     87.3873901       0.0000000121619786
     87.4874878       0.0000000121341711
     87.5875854       0.0000000121064286
     87.6876907       0.0000000120788066
     87.7877884       0.0000000120512593
     87.8878860       0.0000000120238191
     87.9879913       0.0000000119964632
     88.0880890       0.0000000119691944
     88.1881866       0.0000000119420313
     88.2882919       0.0000000119149677
     88.3883896       0.0000000118879860
     88.4884872       0.0000000118610894
     88.5885849       0.0000000118342893
     88.6886902       0.0000000118075864
     88.7887878       0.0000000117809695
     88.8888855       0.0000000117544402
     88.9889908       0.0000000117279961
     89.0890884       0.0000000117016478
     89.1891861       0.0000000116753927
     89.2892914       0.0000000116492094
     89.3893890       0.0000000116231327
     89.4894867       0.0000000115971319
     89.5895920       0.0000000115712330
     89.6896896       0.0000000115454123
     89.7897873       0.0000000115196722
     89.8898926       0.0000000114940292
     89.9899902       0.0000000114684599
     90.0900879       0.0000000114429774
     90.1901932       0.0000000114175834
     90.2902908       0.0000000113922662
     90.3903885       0.0000000113670375
     90.4904938       0.0000000113419003
     90.5905914       0.0000000113168399
     90.6906891       0.0000000112918618
     90.7907944       0.0000000112669636
     90.8908920       0.0000000112421514
     90.9909897       0.0000000112174207
     91.0910873       0.0000000111927815
     91.1911926       0.0000000111682113
     91.2912903       0.0000000111437250
     91.3913879       0.0000000111193194
     91.4914932       0.0000000110949852
     91.5915909       0.0000000110707393
     91.6916885       0.0000000110465823
     91.7917938       0.0000000110224825
     91.8918915       0.0000000109984852
     91.9919891       0.0000000109745511
     92.0920944       0.0000000109506960
     92.1921921       0.0000000109269224
     92.2922897       0.0000000109032255
     92.3923950       0.0000000108796069
     92.4924927       0.0000000108560628
     92.5925903       0.0000000108325961
     92.6926956       0.0000000108092063
     92.7927933       0.0000000107858908
     92.8928909       0.0000000107626485
     92.9929962       0.0000000107394842
     93.0930939       0.0000000107163943
     93.1931915       0.0000000106933803
     93.2932968       0.0000000106704282
     93.3933945       0.0000000106475639
     93.4934921       0.0000000106247700
     93.5935898       0.0000000106020514
     93.6936951       0.0000000105794040
     93.7937927       0.0000000105568260
     93.8938904       0.0000000105343194
     93.9939957       0.0000000105118882
     94.0940933       0.0000000104895314
     94.1941910       0.0000000104672358
     94.2942963       0.0000000104450127
     94.3943939       0.0000000104228690
     94.4944916       0.0000000104007865
     94.5945969       0.0000000103787814
     94.6946945       0.0000000103568534
     94.7947922       0.0000000103349744
     94.8948975       0.0000000103131777
     94.9949951       0.0000000102914474
     95.0950928       0.0000000102698007
     95.1951981       0.0000000102481953
     95.2952957       0.0000000102266750
     95.3953934       0.0000000102052196
     95.4954987       0.0000000101838325
     95.5955963       0.0000000101625013
     95.6956940       0.0000000101412540
     95.7957993       0.0000000101200601
     95.8958969       0.0000000100989417
     95.9959946       0.0000000100778762
     96.0960999       0.0000000100568813
     96.1961975       0.0000000100359669
     96.2962952       0.0000000100151069
     96.3963928       0.0000000099943087
     96.4964981       0.0000000099735772
     96.5965958       0.0000000099529131
     96.6966934       0.0000000099323126
     96.7967987       0.0000000099117707
     96.8968964       0.0000000098912930
     96.9969940       0.0000000098708804
     97.0970993       0.0000000098505375
     97.1971970       0.0000000098302504
     97.2972946       0.0000000098100243
     97.3973999       0.0000000097898609
     97.4974976       0.0000000097697759
     97.5975952       0.0000000097497324
     97.6977005       0.0000000097297539
     97.7977982       0.0000000097098404
     97.8978958       0.0000000096899952
     97.9980011       0.0000000096702009
     98.0980988       0.0000000096504693
     98.1981964       0.0000000096308004
     98.2983017       0.0000000096111887
     98.3983994       0.0000000095916365
     98.4984970       0.0000000095721441
     98.5986023       0.0000000095527201
     98.6987000       0.0000000095333474
     98.7987976       0.0000000095140321
     98.8988953       0.0000000094947777
     98.9990005       0.0000000094755926
     99.0990982       0.0000000094564541
     99.1991959       0.0000000094373641
     99.2993011       0.0000000094183491
     99.3993988       0.0000000093993834
     99.4994965       0.0000000093804754
     99.5996017       0.0000000093616222
     99.6996994       0.0000000093428191
     99.7997971       0.0000000093240909
     99.8999023       0.0000000093053984
    100.0000000       0.0000000092867741
