# x		H(x,a)
      0.0000000       1.0000000000000000
      0.1001001       0.9900299906730652
      0.2002002       0.9607124924659729
      0.3003003       0.9137664437294006
      0.4004004       0.8518707156181335
      0.5005005       0.7784109115600586
      0.6006006       0.6971734166145325
      0.7007007       0.6120254397392273
      0.8008008       0.5266169309616089
      0.9009009       0.4441368877887726
      1.0010010       0.3671647942647834
      1.1011012       0.2975361509736963
      1.2012012       0.2363407535786272
      1.3013012       0.1840150694265529
      1.4014014       0.1404381251646062
      1.5015016       0.1050604226871443
      1.6016016       0.0770416614017491
      1.7017016       0.0553808383672839
      1.8018018       0.0390268116871484
      1.9019020       0.0269631195285850
      2.0020020       0.0182655075988736
      2.1021020       0.0121345936498305
      2.2022023       0.0079080802539062
      2.3023024       0.0050578012625353
      2.4024024       0.0031768992232760
      2.5025024       0.0019619769515899
      2.6026025       0.0011935710519025
      2.7027028       0.0007174714625952
      2.8028028       0.0004282999292660
      2.9029028       0.0002559530674183
      3.0030031       0.0001549978468933
      3.1031032       0.0000967277568934
      3.2032032       0.0000634472979129
      3.3033032       0.0000445084839900
      3.4034033       0.0000336527515995
      3.5035036       0.0000272837195993
      3.6036036       0.0000233791214783
      3.7037036       0.0000208243859433
      3.8038039       0.0000190160835221
      3.9039040       0.0000176319964269
      4.0040040       0.0000165013597302
      4.1041040       0.0000155334370366
      4.2042041       0.0000146790760149
      4.3043041       0.0000139105189475
      4.4044046       0.0000132110796201
      4.5045047       0.0000125697860946
      4.6046047       0.0000119788146230
      4.7047048       0.0000114321430132
      4.8048048       0.0000109249052983
      4.9049048       0.0000104530164638
      5.0050049       0.0000100129692101
      5.1051049       0.0000096017257566
      5.2052050       0.0000092166393300
      5.3053055       0.0000088553756502
      5.4054055       0.0000085158653169
      5.5055056       0.0000081962910352
      5.6056056       0.0000078950305795
      5.7057056       0.0000076105989424
      5.8058057       0.0000073417210340
      5.9059057       0.0000070872172693
      6.0060062       0.0000068460154599
      6.1061063       0.0000066171898852
      6.2062063       0.0000063998588827
      6.3063064       0.0000061932357391
      6.4064064       0.0000059965992515
      6.5065064       0.0000058093019075
      6.6066065       0.0000056307407070
      6.7067065       0.0000054603680013
      6.8068066       0.0000052976787562
      6.9069071       0.0000051421992882
      7.0070071       0.0000049935073671
      7.1071072       0.0000048512142454
      7.2072072       0.0000047149419471
      7.3073072       0.0000045843457571
      7.4074073       0.0000044591282189
      7.5075073       0.0000043389753959
      7.6076078       0.0000042236276093
      7.7077079       0.0000041128239952
      7.8078079       0.0000040063293043
      7.9079080       0.0000039039188009
      8.0080080       0.0000038053871013
      8.1081085       0.0000037105424368
      8.2082081       0.0000036191976002
      8.3083086       0.0000035311845654
      8.4084082       0.0000034463419244
      8.5085087       0.0000033645149339
      8.6086082       0.0000032855722138
      8.7087088       0.0000032093703137
      8.8088093       0.0000031357861071
      8.9089088       0.0000030647014958
      9.0090094       0.0000029960035887
      9.1091089       0.0000029295902546
      9.2092094       0.0000028653564864
      9.3093090       0.0000028032088031
      9.4094095       0.0000027430601629
      9.5095091       0.0000026848253254
      9.6096096       0.0000026284263130
      9.7097101       0.0000025737812654
      9.8098097       0.0000025208207726
      9.9099102       0.0000024694801697
     10.0100098       0.0000024196862851
     10.1101103       0.0000023713809418
     10.2102098       0.0000023245109124
     10.3103104       0.0000022790137432
     10.4104099       0.0000022348407326
     10.5105104       0.0000021919357161
     10.6106110       0.0000021502562660
     10.7107105       0.0000021097522024
     10.8108110       0.0000020703796350
     10.9109106       0.0000020320991119
     11.0110111       0.0000019948708160
     11.1111107       0.0000019586555678
     11.2112112       0.0000019234178566
     11.3113117       0.0000018891227444
     11.4114113       0.0000018557366020
     11.5115118       0.0000018232261180
     11.6116114       0.0000017915609415
     11.7117119       0.0000017607164279
     11.8118114       0.0000017306604982
     11.9119120       0.0000017013670216
     12.0120125       0.0000016728121593
     12.1121120       0.0000016449680780
     12.2122126       0.0000016178168857
     12.3123121       0.0000015913308084
     12.4124126       0.0000015654894674
     12.5125122       0.0000015402734047
     12.6126127       0.0000015156612595
     12.7127123       0.0000014916351076
     12.8128128       0.0000014681765993
     12.9129133       0.0000014452665957
     13.0130129       0.0000014228887949
     13.1131134       0.0000014010254363
     13.2132130       0.0000013796636777
     13.3133135       0.0000013587866682
     13.4134130       0.0000013383829352
     13.5135136       0.0000013184319839
     13.6136131       0.0000012989253411
     13.7137136       0.0000012798495294
     13.8138142       0.0000012611907237
     13.9139137       0.0000012429352853
     14.0140142       0.0000012250757351
     14.1141138       0.0000012075992671
     14.2142143       0.0000011904931863
     14.3143139       0.0000011737474852
     14.4144144       0.0000011573536255
     14.5145149       0.0000011413016266
     14.6146145       0.0000011255813811
     14.7147150       0.0000011101845581
     14.8148146       0.0000010951008376
     14.9149151       0.0000010803219178
     15.0150146       0.0000010658428150
     15.1151152       0.0000010516501622
     15.2152157       0.0000010377415527
     15.3153152       0.0000010241066927
     15.4154158       0.0000010107387807
     15.5155153       0.0000009976313538
     15.6156158       0.0000009847770044
     15.7157154       0.0000009721713542
     15.8158159       0.0000009598053459
     15.9159155       0.0000009476737569
     16.0160160       0.0000009357707546
     16.1161156       0.0000009240921523
     16.2162170       0.0000009126300191
     16.3163166       0.0000009013803178
     16.4164162       0.0000008903366991
     16.5165157       0.0000008794966290
     16.6166172       0.0000008688521001
     16.7167168       0.0000008584003203
     16.8168163       0.0000008481366181
     16.9169178       0.0000008380559624
     17.0170174       0.0000008281539757
     17.1171169       0.0000008184265264
     17.2172165       0.0000008088701203
     17.3173180       0.0000007994792005
     17.4174175       0.0000007902521639
     17.5175171       0.0000007811843446
     17.6176186       0.0000007722705227
     17.7177181       0.0000007635096806
     17.8178177       0.0000007548973014
     17.9179173       0.0000007464292179
     18.0180187       0.0000007381029898
     18.1181183       0.0000007299164109
     18.2182178       0.0000007218648814
     18.3183174       0.0000007139465700
     18.4184189       0.0000007061570579
     18.5185184       0.0000006984943286
     18.6186180       0.0000006909561670
     18.7187195       0.0000006835405642
     18.8188190       0.0000006762424846
     18.9189186       0.0000006690610936
     19.0190182       0.0000006619933332
     19.1191196       0.0000006550378452
     19.2192192       0.0000006481913289
     19.3193188       0.0000006414512183
     19.4194202       0.0000006348163784
     19.5195198       0.0000006282841968
     19.6196194       0.0000006218522566
     19.7197189       0.0000006155180085
     19.8198204       0.0000006092804040
     19.9199200       0.0000006031382162
     20.0200195       0.0000005970876643
     20.1201210       0.0000005911274398
     20.2202206       0.0000005852570105
     20.3203201       0.0000005794731934
     20.4204197       0.0000005737749627
     20.5205212       0.0000005681605859
     20.6206207       0.0000005626276804
     20.7207203       0.0000005571760415
     20.8208199       0.0000005518027244
     20.9209213       0.0000005465076697
     21.0210209       0.0000005412883242
     21.1211205       0.0000005361427953
     21.2212219       0.0000005310706373
     21.3213215       0.0000005260703492
     21.4214211       0.0000005211402235
     21.5215206       0.0000005162799828
     21.6216221       0.0000005114867699
     21.7217216       0.0000005067603907
     21.8218212       0.0000005020982686
     21.9219227       0.0000004975011942
     22.0220222       0.0000004929673259
     22.1221218       0.0000004884945003
     22.2222214       0.0000004840828656
     22.3223228       0.0000004797305310
     22.4224224       0.0000004754363920
     22.5225220       0.0000004712001081
     22.6226234       0.0000004670202396
     22.7227230       0.0000004628956349
     22.8228226       0.0000004588256996
     22.9229221       0.0000004548090020
     23.0230236       0.0000004508449153
     23.1231232       0.0000004469329181
     23.2232227       0.0000004430714082
     23.3233242       0.0000004392593829
     23.4234238       0.0000004354965527
     23.5235233       0.0000004317824430
     23.6236229       0.0000004281151639
     23.7237244       0.0000004244949338
     23.8238239       0.0000004209201008
     23.9239235       0.0000004173903505
     24.0240250       0.0000004139044286
     24.1241245       0.0000004104628398
     24.2242241       0.0000004070633487
     24.3243237       0.0000004037062930
     24.4244251       0.0000004003903283
     24.5245247       0.0000003971156155
     24.6246243       0.0000003938808617
     24.7247238       0.0000003906851269
     24.8248253       0.0000003875287135
     24.9249249       0.0000003844097765
     25.0250244       0.0000003813287719
     25.1251259       0.0000003782845851
     25.2252254       0.0000003752770090
     25.3253250       0.0000003723051417
     25.4254246       0.0000003693679020
     25.5255260       0.0000003664658675
     25.6256256       0.0000003635976299
     25.7257252       0.0000003607631161
     25.8258266       0.0000003579617883
     25.9259262       0.0000003551928994
     26.0260258       0.0000003524557783
     26.1261253       0.0000003497507636
     26.2262268       0.0000003470763609
     26.3263264       0.0000003444323990
     26.4264259       0.0000003418188444
     26.5265274       0.0000003392345511
     26.6266270       0.0000003366801291
     26.7267265       0.0000003341541880
     26.8268261       0.0000003316565611
     26.9269276       0.0000003291869646
     27.0270271       0.0000003267446066
     27.1271267       0.0000003243295920
     27.2272263       0.0000003219412107
     27.3273277       0.0000003195791747
     27.4274273       0.0000003172431746
     27.5275269       0.0000003149325232
     27.6276283       0.0000003126469413
     27.7277279       0.0000003103864665
     27.8278275       0.0000003081502680
     27.9279270       0.0000003059380807
     28.0280285       0.0000003037499495
     28.1281281       0.0000003015847909
     28.2282276       0.0000002994433616
     28.3283291       0.0000002973239718
     28.4284286       0.0000002952275758
     28.5285282       0.0000002931529170
     28.6286278       0.0000002911002896
     28.7287292       0.0000002890690381
     28.8288288       0.0000002870590213
     28.9289284       0.0000002850699843
     29.0290298       0.0000002831013956
     29.1291294       0.0000002811533205
     29.2292290       0.0000002792252011
     29.3293285       0.0000002773171273
     29.4294300       0.0000002754283553
     29.5295296       0.0000002735587150
     29.6296291       0.0000002717081364
     29.7297306       0.0000002698762951
     29.8298302       0.0000002680627959
     29.9299297       0.0000002662677158
     30.0300293       0.0000002644908018
     30.1301308       0.0000002627310258
     30.2302303       0.0000002609893485
     30.3303299       0.0000002592646670
     30.4304314       0.0000002575572245
     30.5305309       0.0000002558664878
     30.6306305       0.0000002541922505
     30.7307301       0.0000002525346810
     30.8308315       0.0000002508930663
     30.9309311       0.0000002492674511
     31.0310307       0.0000002476577342
     31.1311302       0.0000002460633772
     31.2312317       0.0000002444844543
     31.3313313       0.0000002429208151
     31.4314308       0.0000002413718750
     31.5315323       0.0000002398378962
     31.6316319       0.0000002383185041
     31.7317314       0.0000002368133198
     31.8318310       0.0000002353227049
     31.9319324       0.0000002338456062
     32.0320320       0.0000002323827951
     32.1321335       0.0000002309339132
     32.2322311       0.0000002294980619
     32.3323326       0.0000002280758341
     32.4324341       0.0000002266665725
     32.5325317       0.0000002252705777
     32.6326332       0.0000002238873505
     32.7327309       0.0000002225166971
     32.8328323       0.0000002211586978
     32.9329338       0.0000002198130824
     33.0330315       0.0000002184797462
     33.1331329       0.0000002171585180
     33.2332344       0.0000002158495628
     33.3333321       0.0000002145520720
     33.4334335       0.0000002132662081
     33.5335350       0.0000002119919970
     33.6336327       0.0000002107290099
     33.7337341       0.0000002094773770
     33.8338356       0.0000002082370525
     33.9339333       0.0000002070074774
     34.0340347       0.0000002057888120
     34.1341324       0.0000002045812588
     34.2342339       0.0000002033838188
     34.3343353       0.0000002021968472
     34.4344330       0.0000002010205659
     34.5345345       0.0000001998543788
     34.6346359       0.0000001986982536
     34.7347336       0.0000001975524204
     34.8348351       0.0000001964161698
     34.9349365       0.0000001952898147
     35.0350342       0.0000001941731188
     35.1351357       0.0000001930659722
     35.2352371       0.0000001919681165
     35.3353348       0.0000001908798428
     35.4354362       0.0000001898007391
     35.5355339       0.0000001887308149
     35.6356354       0.0000001876696949
     35.7357368       0.0000001866178474
     35.8358345       0.0000001855746646
     35.9359360       0.0000001845401397
     36.0360374       0.0000001835142198
     36.1361351       0.0000001824969070
     36.2362366       0.0000001814881309
     36.3363380       0.0000001804875091
     36.4364357       0.0000001794951949
     36.5365372       0.0000001785110426
     36.6366348       0.0000001775350304
     36.7367363       0.0000001765670976
     36.8368378       0.0000001756069286
     36.9369354       0.0000001746546232
     37.0370369       0.0000001737098447
     37.1371384       0.0000001727730121
     37.2372360       0.0000001718437301
     37.3373375       0.0000001709215949
     37.4374390       0.0000001700071865
     37.5375366       0.0000001691000548
     37.6376381       0.0000001681999860
     37.7377396       0.0000001673071904
     37.8378372       0.0000001664218109
     37.9379387       0.0000001655429239
     38.0380363       0.0000001646712778
     38.1381378       0.0000001638064599
     38.2382393       0.0000001629483693
     38.3383369       0.0000001620970818
     38.4384384       0.0000001612525435
     38.5385399       0.0000001604144570
     38.6386375       0.0000001595827989
     38.7387390       0.0000001587578537
     38.8388405       0.0000001579390291
     38.9389381       0.0000001571266054
     39.0390396       0.0000001563205210
     39.1391373       0.0000001555204850
     39.2392387       0.0000001547268409
     39.3393402       0.0000001539391098
     39.4394379       0.0000001531573046
     39.5395393       0.0000001523814525
     39.6396408       0.0000001516114916
     39.7397385       0.0000001508473058
     39.8398399       0.0000001500892261
     39.9399414       0.0000001493364861
     40.0400391       0.0000001485896131
     40.1401405       0.0000001478480787
     40.2402420       0.0000001471123257
     40.3403397       0.0000001463819588
     40.4404411       0.0000001456569553
     40.5405388       0.0000001449374330
     40.6406403       0.0000001442231615
     40.7407417       0.0000001435142243
     40.8408394       0.0000001428105885
     40.9409409       0.0000001421119773
     41.0410423       0.0000001414184825
     41.1411400       0.0000001407301319
     41.2412415       0.0000001400466076
     41.3413429       0.0000001393682953
     41.4414406       0.0000001386948089
     41.5415421       0.0000001380261186
     41.6416397       0.0000001373622802
     41.7417412       0.0000001367033641
     41.8418427       0.0000001360490166
     41.9419403       0.0000001353993632
     42.0420418       0.0000001347545172
     42.1421432       0.0000001341141610
     42.2422409       0.0000001334782410
     42.3423424       0.0000001328470447
     42.4424438       0.0000001322201710
     42.5425415       0.0000001315978528
     42.6426430       0.0000001309798123
     42.7427444       0.0000001303660941
     42.8428421       0.0000001297568545
     42.9429436       0.0000001291517269
     43.0430412       0.0000001285507389
     43.1431427       0.0000001279541385
     43.2432442       0.0000001273615557
     43.3433418       0.0000001267731878
     43.4434433       0.0000001261888307
     43.5435448       0.0000001256085133
     43.6436424       0.0000001250322198
     43.7437439       0.0000001244597285
     43.8438454       0.0000001238913628
     43.9439430       0.0000001233267770
     44.0440445       0.0000001227661107
     44.1441460       0.0000001222092457
     44.2442436       0.0000001216560678
     44.3443451       0.0000001211066601
     44.4444427       0.0000001205611825
     44.5445442       0.0000001200191864
     44.6446457       0.0000001194807528
     44.7447433       0.0000001189461449
     44.8448448       0.0000001184150135
     44.9449463       0.0000001178873410
     45.0450439       0.0000001173633569
     45.1451454       0.0000001168429398
     45.2452469       0.0000001163257178
     45.3453445       0.0000001158120709
     45.4454460       0.0000001153018443
     45.5455437       0.0000001147948475
     45.6456451       0.0000001142912533
     45.7457466       0.0000001137910736
     45.8458443       0.0000001132940085
     45.9459457       0.0000001128003454
     46.0460472       0.0000001123097911
     46.1461449       0.0000001118224329
     46.2462463       0.0000001113382698
     46.3463478       0.0000001108572510
     46.4464455       0.0000001103793962
     46.5465469       0.0000001099045530
     46.6466484       0.0000001094327473
     46.7467461       0.0000001089640259
     46.8468475       0.0000001084981981
     46.9469452       0.0000001080355621
     47.0470467       0.0000001075757707
     47.1471481       0.0000001071188890
     47.2472458       0.0000001066648870
     47.3473473       0.0000001062138427
     47.4474487       0.0000001057656614
     47.5475464       0.0000001053202355
     47.6476479       0.0000001048776994
     47.7477493       0.0000001044378458
     47.8478470       0.0000001040008074
     47.9479485       0.0000001035664909
     48.0480499       0.0000001031349338
     48.1481476       0.0000001027061297
     48.2482491       0.0000001022798629
     48.3483467       0.0000001018562761
     48.4484482       0.0000001014353804
     48.5485497       0.0000001010170416
     48.6486473       0.0000001006013629
     48.7487488       0.0000001001881747
     48.8488503       0.0000000997774826
     48.9489479       0.0000000993694016
     49.0490494       0.0000000989637079
     49.1491508       0.0000000985604932
     49.2492485       0.0000000981599387
     49.3493500       0.0000000977616407
     49.4494476       0.0000000973658427
     49.5495491       0.0000000969724940
     49.6496506       0.0000000965812443
     49.7497482       0.0000000961926431
     49.8498497       0.0000000958063116
     49.9499512       0.0000000954222673
     50.0500488       0.0000000950406128
     50.1501503       0.0000000946611261
     50.2502518       0.0000000942839533
     50.3503494       0.0000000939090789
     50.4504509       0.0000000935363845
     50.5505524       0.0000000931659652
     50.6506500       0.0000000927976438
     50.7507515       0.0000000924315744
     50.8508492       0.0000000920677109
     50.9509506       0.0000000917059043
     51.0510521       0.0000000913462679
     51.1511497       0.0000000909887326
     51.2512512       0.0000000906331748
     51.3513527       0.0000000902798627
     51.4514503       0.0000000899285713
     51.5515518       0.0000000895793629
     51.6516533       0.0000000892321513
     51.7517509       0.0000000888869445
     51.8518524       0.0000000885437400
     51.9519501       0.0000000882024975
     52.0520515       0.0000000878631844
     52.1521530       0.0000000875258748
     52.2522507       0.0000000871905737
     52.3523521       0.0000000868571952
     52.4524536       0.0000000865255961
     52.5525513       0.0000000861959324
     52.6526527       0.0000000858681985
     52.7527542       0.0000000855424132
     52.8528519       0.0000000852183848
     52.9529533       0.0000000848961055
     53.0530548       0.0000000845758260
     53.1531525       0.0000000842572226
     53.2532539       0.0000000839404585
     53.3533516       0.0000000836255346
     53.4534531       0.0000000833122482
     53.5535545       0.0000000830008224
     53.6536522       0.0000000826911212
     53.7537537       0.0000000823832248
     53.8538551       0.0000000820768099
     53.9539528       0.0000000817723386
     54.0540543       0.0000000814694586
     54.1541557       0.0000000811683191
     54.2542534       0.0000000808687521
     54.3543549       0.0000000805709146
     54.4544525       0.0000000802747353
     54.5545540       0.0000000799801891
     54.6546555       0.0000000796871107
     54.7547531       0.0000000793958635
     54.8548546       0.0000000791060871
     54.9549561       0.0000000788178995
     55.0550537       0.0000000785312458
     55.1551552       0.0000000782462097
     55.2552567       0.0000000779626939
     55.3553543       0.0000000776807704
     55.4554558       0.0000000774003427
     55.5555573       0.0000000771214020
     55.6556549       0.0000000768440145
     55.7557564       0.0000000765681245
     55.8558540       0.0000000762936698
     55.9559555       0.0000000760207502
     56.0560570       0.0000000757492671
     56.1561546       0.0000000754792932
     56.2562561       0.0000000752106339
     56.3563576       0.0000000749434000
     56.4564552       0.0000000746777332
     56.5565567       0.0000000744133111
     56.6566582       0.0000000741504662
     56.7567558       0.0000000738888858
     56.8568573       0.0000000736286779
     56.9569588       0.0000000733699334
     57.0570564       0.0000000731124657
     57.1571579       0.0000000728565017
     57.2572556       0.0000000726016676
     57.3573570       0.0000000723482648
     57.4574585       0.0000000720961990
     57.5575562       0.0000000718454686
     57.6576576       0.0000000715960615
     57.7577591       0.0000000713478682
     57.8578568       0.0000000711009710
     57.9579582       0.0000000708554170
     58.0580597       0.0000000706111104
     58.1581573       0.0000000703680895
     58.2582588       0.0000000701263021
     58.3583565       0.0000000698856770
     58.4584579       0.0000000696463573
     58.5585594       0.0000000694083028
     58.6586571       0.0000000691713868
     58.7587585       0.0000000689357710
     58.8588600       0.0000000687013355
     58.9589577       0.0000000684679716
     59.0590591       0.0000000682359584
     59.1591606       0.0000000680050619
     59.2592583       0.0000000677753279
     59.3593597       0.0000000675467350
     59.4594612       0.0000000673193487
     59.5595589       0.0000000670930517
     59.6596603       0.0000000668679495
     59.7597580       0.0000000666439793
     59.8598595       0.0000000664210555
     59.9599609       0.0000000661993455
     60.0600586       0.0000000659787011
     60.1601601       0.0000000657591399
     60.2602615       0.0000000655406971
     60.3603592       0.0000000653233400
     60.4604607       0.0000000651070350
     60.5605621       0.0000000648918321
     60.6606598       0.0000000646777166
     60.7607613       0.0000000644645938
     60.8608627       0.0000000642525236
     60.9609604       0.0000000640416044
     61.0610619       0.0000000638315899
     61.1611595       0.0000000636227198
     61.2612610       0.0000000634148341
     61.3613625       0.0000000632079823
     61.4614601       0.0000000630020550
     61.5615616       0.0000000627971610
     61.6616631       0.0000000625933300
     61.7617607       0.0000000623904555
     61.8618622       0.0000000621885517
     61.9619637       0.0000000619876260
     62.0620613       0.0000000617877144
     62.1621628       0.0000000615887940
     62.2622604       0.0000000613906599
     62.3623619       0.0000000611936975
     62.4624634       0.0000000609975318
     62.5625610       0.0000000608023754
     62.6626625       0.0000000606080918
     62.7627640       0.0000000604148626
     62.8628616       0.0000000602224261
     62.9629631       0.0000000600309833
     63.0630646       0.0000000598404304
     63.1631622       0.0000000596508222
     63.2632637       0.0000000594620355
     63.3633652       0.0000000592741874
     63.4634628       0.0000000590872208
     63.5635643       0.0000000589011649
     63.6636620       0.0000000587159405
     63.7637634       0.0000000585315918
     63.8638649       0.0000000583481129
     63.9639626       0.0000000581655160
     64.0640640       0.0000000579838349
     64.1641617       0.0000000578029306
     64.2642670       0.0000000576228065
     64.3643646       0.0000000574436229
     64.4644623       0.0000000572652775
     64.5645676       0.0000000570877240
     64.6646652       0.0000000569109823
     64.7647629       0.0000000567351180
     64.8648682       0.0000000565600100
     64.9649658       0.0000000563857584
     65.0650635       0.0000000562122842
     65.1651688       0.0000000560395626
     65.2652664       0.0000000558677055
     65.3653641       0.0000000556966494
     65.4654617       0.0000000555263228
     65.5655670       0.0000000553567961
     65.6656647       0.0000000551880583
     65.7657623       0.0000000550201033
     65.8658676       0.0000000548528378
     65.9659653       0.0000000546864014
     66.0660629       0.0000000545207354
     66.1661682       0.0000000543558020
     66.2662659       0.0000000541915611
     66.3663635       0.0000000540281435
     66.4664688       0.0000000538654463
     66.5665665       0.0000000537034234
     66.6666641       0.0000000535421720
     66.7667694       0.0000000533816480
     66.8668671       0.0000000532218154
     66.9669647       0.0000000530627991
     67.0670700       0.0000000529043828
     67.1671677       0.0000000527467283
     67.2672653       0.0000000525898009
     67.3673706       0.0000000524334969
     67.4674683       0.0000000522779670
     67.5675659       0.0000000521230984
     67.6676712       0.0000000519689130
     67.7677689       0.0000000518153768
     67.8678665       0.0000000516625242
     67.9679642       0.0000000515103983
     68.0680695       0.0000000513588997
     68.1681671       0.0000000512081154
     68.2682648       0.0000000510579680
     68.3683701       0.0000000509084822
     68.4684677       0.0000000507596306
     68.5685654       0.0000000506114375
     68.6686707       0.0000000504639537
     68.7687683       0.0000000503170285
     68.8688660       0.0000000501707946
     68.9689713       0.0000000500251670
     69.0690689       0.0000000498802158
     69.1691666       0.0000000497358442
     69.2692719       0.0000000495921352
     69.3693695       0.0000000494490390
     69.4694672       0.0000000493065373
     69.5695724       0.0000000491646444
     69.6696701       0.0000000490234260
     69.7697678       0.0000000488827899
     69.8698730       0.0000000487427232
     69.9699707       0.0000000486032546
     70.0700684       0.0000000484644925
     70.1701736       0.0000000483262102
     70.2702713       0.0000000481885245
     70.3703690       0.0000000480514585
     70.4704742       0.0000000479149406
     70.5705719       0.0000000477790819
     70.6706696       0.0000000476437318
     70.7707672       0.0000000475089888
     70.8708725       0.0000000473748075
     70.9709702       0.0000000472411815
     71.0710678       0.0000000471081236
     71.1711731       0.0000000469756349
     71.2712708       0.0000000468436981
     71.3713684       0.0000000467123462
     71.4714737       0.0000000465815309
     71.5715714       0.0000000464512557
     71.6716690       0.0000000463215240
     71.7717743       0.0000000461923101
     71.8718719       0.0000000460636495
     71.9719696       0.0000000459355608
     72.0720749       0.0000000458079900
     72.1721725       0.0000000456809349
     72.2722702       0.0000000455544450
     72.3723755       0.0000000454284145
     72.4724731       0.0000000453029555
     72.5725708       0.0000000451780053
     72.6726761       0.0000000450535523
     72.7727737       0.0000000449296120
     72.8728714       0.0000000448062176
     72.9729767       0.0000000446833078
     73.0730743       0.0000000445609103
     73.1731720       0.0000000444390279
     73.2732697       0.0000000443176788
     73.3733749       0.0000000441967321
     73.4734726       0.0000000440763192
     73.5735703       0.0000000439564358
     73.6736755       0.0000000438369945
     73.7737732       0.0000000437180051
     73.8738708       0.0000000435995692
     73.9739761       0.0000000434816194
     74.0740738       0.0000000433641425
     74.1741714       0.0000000432471022
     74.2742767       0.0000000431305450
     74.3743744       0.0000000430144928
     74.4744720       0.0000000428988830
     74.5745773       0.0000000427837351
     74.6746750       0.0000000426690214
     74.7747726       0.0000000425548221
     74.8748779       0.0000000424410851
     74.9749756       0.0000000423277612
     75.0750732       0.0000000422149057
     75.1751785       0.0000000421025078
     75.2752762       0.0000000419905460
     75.3753738       0.0000000418789943
     75.4754791       0.0000000417679747
     75.5755768       0.0000000416573507
     75.6756744       0.0000000415471309
     75.7757721       0.0000000414373995
     75.8758774       0.0000000413281217
     75.9759750       0.0000000412192449
     76.0760727       0.0000000411107995
     76.1761780       0.0000000410027312
     76.2762756       0.0000000408951392
     76.3763733       0.0000000407879668
     76.4764786       0.0000000406812125
     76.5765762       0.0000000405748896
     76.6766739       0.0000000404689444
     76.7767792       0.0000000403634436
     76.8768768       0.0000000402583625
     76.9769745       0.0000000401537124
     77.0770798       0.0000000400494056
     77.1771774       0.0000000399455331
     77.2772751       0.0000000398421091
     77.3773804       0.0000000397389989
     77.4774780       0.0000000396363340
     77.5775757       0.0000000395340473
     77.6776810       0.0000000394321916
     77.7777786       0.0000000393306773
     77.8778763       0.0000000392296157
     77.9779816       0.0000000391289300
     78.0780792       0.0000000390286476
     78.1781769       0.0000000389287148
     78.2782745       0.0000000388291549
     78.3783798       0.0000000387299667
     78.4784775       0.0000000386311762
     78.5785751       0.0000000385328074
     78.6786804       0.0000000384347979
     78.7787781       0.0000000383371418
     78.8788757       0.0000000382398523
     78.9789810       0.0000000381429320
     79.0790787       0.0000000380463838
     79.1791763       0.0000000379502101
     79.2792816       0.0000000378543993
     79.3793793       0.0000000377589458
     79.4794769       0.0000000376638613
     79.5795822       0.0000000375691302
     79.6796799       0.0000000374747158
     79.7797775       0.0000000373807220
     79.8798828       0.0000000372870512
     79.9799805       0.0000000371937077
     80.0800781       0.0000000371007501
     80.1801834       0.0000000370081189
     80.2802811       0.0000000369158557
     80.3803787       0.0000000368239419
     80.4804840       0.0000000367323461
     80.5805817       0.0000000366411151
     80.6806793       0.0000000365502456
     80.7807770       0.0000000364596615
     80.8808823       0.0000000363694408
     80.9809799       0.0000000362795294
     81.0810776       0.0000000361899497
     81.1811829       0.0000000361007473
     81.2812805       0.0000000360118450
     81.3813782       0.0000000359232635
     81.4814835       0.0000000358350291
     81.5815811       0.0000000357471123
     81.6816788       0.0000000356595007
     81.7817841       0.0000000355722052
     81.8818817       0.0000000354852351
     81.9819794       0.0000000353986074
     82.0820847       0.0000000353123180
     82.1821823       0.0000000352263085
     82.2822800       0.0000000351406057
     82.3823853       0.0000000350552326
     82.4824829       0.0000000349701619
     82.5825806       0.0000000348853947
     82.6826859       0.0000000348009477
     82.7827835       0.0000000347168178
     82.8828812       0.0000000346329769
     82.9829865       0.0000000345494467
     83.0830841       0.0000000344662129
     83.1831818       0.0000000343832568
     83.2832794       0.0000000343006085
     83.3833847       0.0000000342182799
     83.4834824       0.0000000341362579
     83.5835800       0.0000000340544749
     83.6836853       0.0000000339730717
     83.7837830       0.0000000338918803
     83.8838806       0.0000000338110254
     83.9839859       0.0000000337304485
     84.0840836       0.0000000336501223
     84.1841812       0.0000000335701405
     84.2842865       0.0000000334904372
     84.3843842       0.0000000334109846
     84.4844818       0.0000000333318093
     84.5845871       0.0000000332529509
     84.6846848       0.0000000331743625
     84.7847824       0.0000000330960357
     84.8848877       0.0000000330179686
     84.9849854       0.0000000329402160
     85.0850830       0.0000000328627250
     85.1851883       0.0000000327855107
     85.2852859       0.0000000327085801
     85.3853836       0.0000000326318885
     85.4854889       0.0000000325555055
     85.5855865       0.0000000324793544
     85.6856842       0.0000000324035264
     85.7857895       0.0000000323279012
     85.8858871       0.0000000322525434
     85.9859848       0.0000000321774690
     86.0860825       0.0000000321026404
     86.1861877       0.0000000320280979
     86.2862854       0.0000000319538228
     86.3863831       0.0000000318797756
     86.4864883       0.0000000318059587
     86.5865860       0.0000000317324587
     86.6866837       0.0000000316592102
     86.7867889       0.0000000315861775
     86.8868866       0.0000000315134060
     86.9869843       0.0000000314409019
     87.0870895       0.0000000313686370
     87.1871872       0.0000000312965889
     87.2872849       0.0000000312248282
     87.3873901       0.0000000311533116
     87.4874878       0.0000000310820833
     87.5875854       0.0000000310110200
     87.6876907       0.0000000309402611
     87.7877884       0.0000000308697012
     87.8878860       0.0000000307994119
     87.9879913       0.0000000307293395
     88.0880890       0.0000000306594871
     88.1881866       0.0000000305899117
     88.2882919       0.0000000305205844
     88.3883896       0.0000000304514703
     88.4884872       0.0000000303825734
     88.5885849       0.0000000303139260
     88.6886902       0.0000000302455234
     88.7887878       0.0000000301773456
     88.8888855       0.0000000301093902
     88.9889908       0.0000000300416508
     89.0890884       0.0000000299741589
     89.1891861       0.0000000299069068
     89.2892914       0.0000000298398373
     89.3893890       0.0000000297730410
     89.4894867       0.0000000297064368
     89.5895920       0.0000000296400975
     89.6896896       0.0000000295739585
     89.7897873       0.0000000295080231
     89.8898926       0.0000000294423366
     89.9899902       0.0000000293768412
     90.0900879       0.0000000293115681
     90.1901932       0.0000000292465189
     90.2902908       0.0000000291816691
     90.3903885       0.0000000291170445
     90.4904938       0.0000000290526544
     90.5905914       0.0000000289884621
     90.6906891       0.0000000289244796
     90.7907944       0.0000000288607007
     90.8908920       0.0000000287971429
     90.9909897       0.0000000287337932
     91.0910873       0.0000000286706808
     91.1911926       0.0000000286077445
     91.2912903       0.0000000285450213
     91.3913879       0.0000000284825049
     91.4914932       0.0000000284201722
     91.5915909       0.0000000283580661
     91.6916885       0.0000000282961876
     91.7917938       0.0000000282344555
     91.8918915       0.0000000281729841
     91.9919891       0.0000000281116776
     92.0920944       0.0000000280505740
     92.1921921       0.0000000279896740
     92.2922897       0.0000000279289744
     92.3923950       0.0000000278684723
     92.4924927       0.0000000278081675
     92.5925903       0.0000000277480569
     92.6926956       0.0000000276881406
     92.7927933       0.0000000276284185
     92.8928909       0.0000000275688837
     92.9929962       0.0000000275095438
     93.0930939       0.0000000274504013
     93.1931915       0.0000000273914499
     93.2932968       0.0000000273326540
     93.3933945       0.0000000272740879
     93.4934921       0.0000000272157005
     93.5935898       0.0000000271575072
     93.6936951       0.0000000270994925
     93.7937927       0.0000000270416592
     93.8938904       0.0000000269840091
     93.9939957       0.0000000269265489
     94.0940933       0.0000000268692831
     94.1941910       0.0000000268121732
     94.2942963       0.0000000267552486
     94.3943939       0.0000000266985248
     94.4944916       0.0000000266419603
     94.5945969       0.0000000265855937
     94.6946945       0.0000000265294214
     94.7947922       0.0000000264733802
     94.8948975       0.0000000264175461
     94.9949951       0.0000000263618828
     95.0950928       0.0000000263064342
     95.1951981       0.0000000262510935
     95.2952957       0.0000000261959692
     95.3953934       0.0000000261410077
     95.4954987       0.0000000260862249
     95.5955963       0.0000000260315848
     95.6956940       0.0000000259771590
     95.7957993       0.0000000259228683
     95.8958969       0.0000000258687748
     95.9959946       0.0000000258148150
     96.0960999       0.0000000257610337
     96.1961975       0.0000000257074617
     96.2962952       0.0000000256540295
     96.3963928       0.0000000256007544
     96.4964981       0.0000000255476497
     96.5965958       0.0000000254947175
     96.6966934       0.0000000254419482
     96.7967987       0.0000000253893297
     96.8968964       0.0000000253368742
     96.9969940       0.0000000252845865
     97.0970993       0.0000000252324796
     97.1971970       0.0000000251805131
     97.2972946       0.0000000251287050
     97.3973999       0.0000000250770551
     97.4974976       0.0000000250256057
     97.5975952       0.0000000249742636
     97.6977005       0.0000000249230886
     97.7977982       0.0000000248720782
     97.8978958       0.0000000248212452
     97.9980011       0.0000000247705388
     98.0980988       0.0000000247199970
     98.1981964       0.0000000246696144
     98.2983017       0.0000000246193782
     98.3983994       0.0000000245692956
     98.4984970       0.0000000245193636
     98.5986023       0.0000000244696070
     98.6987000       0.0000000244199867
     98.7987976       0.0000000243705108
     98.8988953       0.0000000243211884
     98.9990005       0.0000000242720450
     99.0990982       0.0000000242230203
     99.1991959       0.0000000241741200
     99.2993011       0.0000000241254132
     99.3993988       0.0000000240768322
     99.4994965       0.0000000240283985
     99.5996017       0.0000000239801058
     99.6996994       0.0000000239319409
     99.7997971       0.0000000238839689
     99.8999023       0.0000000238360878
    100.0000000       0.0000000237883814
