# x		H(x,a)
      0.0000000       1.0000000000000000
      0.1001001       0.9900299906730652
      0.2002002       0.9607124924659729
      0.3003003       0.9137664437294006
      0.4004004       0.8518707156181335
      0.5005005       0.7784109115600586
      0.6006006       0.6971734166145325
      0.7007007       0.6120254397392273
      0.8008008       0.5266169309616089
      0.9009009       0.4441368877887726
      1.0010010       0.3671591693459643
      1.1011012       0.2975202277646075
      1.2012012       0.2363157523588657
      1.3013012       0.1839838631807884
      1.4014014       0.1404036313497799
      1.5015016       0.1050250010050229
      1.6016016       0.0770069866116319
      1.7017016       0.0553479727230277
      1.8018018       0.0389963407308764
      1.9019020       0.0269352894030837
      2.0020020       0.0182403399909464
      2.1021020       0.0121119731209067
      2.2022023       0.0078878160310930
      2.3023024       0.0050396687917128
      2.4024024       0.0031606665936116
      2.5025024       0.0019474205849026
      2.6026025       0.0011804842164048
      2.7027028       0.0007056681219097
      2.8028028       0.0004176157162366
      2.9029028       0.0002462445371712
      3.0030031       0.0001461408782707
      3.1031032       0.0000886155333790
      3.2032032       0.0000559881867839
      3.3033032       0.0000376240120683
      3.4034033       0.0000272757143556
      3.5035036       0.0000213565308414
      3.6036036       0.0000178523522465
      3.7037036       0.0000156555090755
      3.8038039       0.0000141684067159
      3.9039040       0.0000130737614953
      4.0040040       0.0000122049869329
      4.1041040       0.0000114748750823
      4.2042041       0.0000108372743703
      4.3043041       0.0000102669862900
      4.4044046       0.0000097494967123
      4.5045047       0.0000092757018057
      4.6046047       0.0000088393790090
      4.7047048       0.0000084358899766
      4.8048048       0.0000080615583506
      4.9049048       0.0000077133337710
      5.0050049       0.0000073886148300
      5.1051049       0.0000070851545771
      5.2052050       0.0000068009967751
      5.3053055       0.0000065344187873
      5.4054055       0.0000062838921100
      5.5055056       0.0000060480769340
      5.6056056       0.0000058257768690
      5.7057056       0.0000056158925085
      5.8058057       0.0000054174867686
      5.9059057       0.0000052296874049
      6.0060062       0.0000050517039486
      6.1061063       0.0000048828524220
      6.2062063       0.0000047224825851
      6.3063064       0.0000045700142829
      6.4064064       0.0000044249158101
      6.5065064       0.0000042867084290
      6.6066065       0.0000041549472087
      6.7067065       0.0000040292284446
      6.8068066       0.0000039091794085
      6.9069071       0.0000037944501562
      7.0070071       0.0000036847295488
      7.1071072       0.0000035797313299
      7.2072072       0.0000034791754077
      7.3073072       0.0000033828077490
      7.4074073       0.0000032904091770
      7.5075073       0.0000032017481157
      7.6076078       0.0000031166321830
      7.7077079       0.0000030348700218
      7.8078079       0.0000029562868942
      7.9079080       0.0000028807179574
      8.0080080       0.0000028080109898
      8.1081085       0.0000027380249274
      8.2082081       0.0000026706209463
      8.3083086       0.0000026056756044
      8.4084082       0.0000025430702291
      8.5085087       0.0000024826896409
      8.6086082       0.0000024244375375
      8.7087088       0.0000023682076731
      8.8088093       0.0000023139097340
      8.9089088       0.0000022614559272
      9.0090094       0.0000022107635794
      9.1091089       0.0000021617569088
      9.2092094       0.0000021143585394
      9.3093090       0.0000020684993770
      9.4094095       0.0000020241155472
      9.5095091       0.0000019811438655
      9.6096096       0.0000019395266208
      9.7097101       0.0000018992040492
      9.8098097       0.0000018601242696
      9.9099102       0.0000018222396920
     10.0100098       0.0000017854965306
     10.1101103       0.0000017498519365
     10.2102098       0.0000017152663785
     10.3103104       0.0000016816938197
     10.4104099       0.0000016490981916
     10.5105104       0.0000016174385092
     10.6106110       0.0000015866831420
     10.7107105       0.0000015567949526
     10.8108110       0.0000015277418194
     10.9109106       0.0000014994944397
     11.0110111       0.0000014720235795
     11.1111107       0.0000014453001160
     11.2112112       0.0000014192980702
     11.3113117       0.0000013939914701
     11.4114113       0.0000013693557151
     11.5115118       0.0000013453661312
     11.6116114       0.0000013220003311
     11.7117119       0.0000012992400022
     11.8118114       0.0000012770616184
     11.9119120       0.0000012554458735
     12.0120125       0.0000012343750885
     12.1121120       0.0000012138287523
     12.2122126       0.0000011937937975
     12.3123121       0.0000011742495217
     12.4124126       0.0000011551811866
     12.5125122       0.0000011365740931
     12.6126127       0.0000011184127623
     12.7127123       0.0000011006837947
     12.8128128       0.0000010833736207
     12.9129133       0.0000010664682823
     13.0130129       0.0000010499556307
     13.1131134       0.0000010338224645
     13.2132130       0.0000010180595993
     13.3133135       0.0000010026544642
     13.4134130       0.0000009875984216
     13.5135136       0.0000009728765083
     13.6136131       0.0000009584824378
     13.7137136       0.0000009444062352
     13.8138142       0.0000009306379111
     13.9139137       0.0000009171671128
     14.0140142       0.0000009039885758
     14.1141138       0.0000008910925989
     14.2142143       0.0000008784699415
     14.3143139       0.0000008661131899
     14.4144144       0.0000008540160477
     14.5145149       0.0000008421712962
     14.6146145       0.0000008305711468
     14.7147150       0.0000008192098622
     14.8148146       0.0000008080794812
     14.9149151       0.0000007971740956
     15.0150146       0.0000007864898325
     15.1151152       0.0000007760169797
     15.2152157       0.0000007657537372
     15.3153152       0.0000007556925389
     15.4154158       0.0000007458283684
     15.5155153       0.0000007361563994
     15.6156158       0.0000007266710837
     15.7157154       0.0000007173693296
     15.8158159       0.0000007082443761
     15.9159155       0.0000006992923972
     16.0160160       0.0000006905091862
     16.1161156       0.0000006818914054
     16.2162170       0.0000006734334889
     16.3163166       0.0000006651323844
     16.4164162       0.0000006569831152
     16.5165157       0.0000006489841568
     16.6166172       0.0000006411296899
     16.7167168       0.0000006334171206
     16.8168163       0.0000006258435875
     16.9169178       0.0000006184050045
     17.0170174       0.0000006110982917
     17.1171169       0.0000006039203657
     17.2172165       0.0000005968686764
     17.3173180       0.0000005899390204
     17.4174175       0.0000005831304306
     17.5175171       0.0000005764392203
     17.6176186       0.0000005698616707
     17.7177181       0.0000005633970200
     17.8178177       0.0000005570418821
     17.9179173       0.0000005507932538
     18.0180187       0.0000005446492964
     18.1181183       0.0000005386083526
     18.2182178       0.0000005326671104
     18.3183174       0.0000005268241316
     18.4184189       0.0000005210762755
     18.5185184       0.0000005154219008
     18.6186180       0.0000005098594726
     18.7187195       0.0000005043874463
     18.8188190       0.0000004990021421
     18.9189186       0.0000004937029927
     19.0190182       0.0000004884876439
     19.1191196       0.0000004833551294
     19.2192192       0.0000004783030818
     19.3193188       0.0000004733294996
     19.4194202       0.0000004684336695
     19.5195198       0.0000004636135040
     19.6196194       0.0000004588673673
     19.7197189       0.0000004541933273
     19.8198204       0.0000004495905190
     19.9199200       0.0000004450582169
     20.0200195       0.0000004405934839
     20.1201210       0.0000004361953849
     20.2202206       0.0000004318635797
     20.3203201       0.0000004275956559
     20.4204197       0.0000004233909402
     20.5205212       0.0000004192480824
     20.6206207       0.0000004151653518
     20.7207203       0.0000004111425508
     20.8208199       0.0000004071775671
     20.9209213       0.0000004032703127
     21.0210209       0.0000003994188965
     21.1211205       0.0000003956220207
     21.2212219       0.0000003918792396
     21.3213215       0.0000003881895006
     21.4214211       0.0000003845515379
     21.5215206       0.0000003809651522
     21.6216221       0.0000003774282151
     21.7217216       0.0000003739405693
     21.8218212       0.0000003705004394
     21.9219227       0.0000003671082130
     22.0220222       0.0000003637626349
     22.1221218       0.0000003604621295
     22.2222214       0.0000003572067548
     22.3223228       0.0000003539951711
     22.4224224       0.0000003508264807
     22.5225220       0.0000003477005587
     22.6226234       0.0000003446161870
     22.7227230       0.0000003415725852
     22.8228226       0.0000003385693864
     22.9229221       0.0000003356054724
     23.0230236       0.0000003326803691
     23.1231232       0.0000003297936912
     23.2232227       0.0000003269442566
     23.3233242       0.0000003241312994
     23.4234238       0.0000003213547186
     23.5235233       0.0000003186140789
     23.6236229       0.0000003159079625
     23.7237244       0.0000003132366022
     23.8238239       0.0000003105986884
     23.9239235       0.0000003079940842
     24.0240250       0.0000003054217942
     24.1241245       0.0000003028822545
     24.2242241       0.0000003003737626
     24.3243237       0.0000002978965646
     24.4244251       0.0000002954497078
     24.5245247       0.0000002930332656
     24.6246243       0.0000002906463425
     24.7247238       0.0000002882881800
     24.8248253       0.0000002859590291
     24.9249249       0.0000002836575768
     25.0250244       0.0000002813840892
     25.1251259       0.0000002791378081
     25.2252254       0.0000002769184715
     25.3253250       0.0000002747255203
     25.4254246       0.0000002725581135
     25.5255260       0.0000002704166988
     25.6256256       0.0000002683002141
     25.7257252       0.0000002662086142
     25.8258266       0.0000002641415090
     25.9259262       0.0000002620983156
     26.0260258       0.0000002600785937
     26.1261253       0.0000002580825497
     26.2262268       0.0000002561090908
     26.3263264       0.0000002541581191
     26.4264259       0.0000002522295515
     26.5265274       0.0000002503225673
     26.6266270       0.0000002484376866
     26.7267265       0.0000002465737643
     26.8268261       0.0000002447307834
     26.9269276       0.0000002429084240
     27.0270271       0.0000002411062147
     27.1271267       0.0000002393241584
     27.2272263       0.0000002375617690
     27.3273277       0.0000002358188036
     27.4274273       0.0000002340950794
     27.5275269       0.0000002323900225
     27.6276283       0.0000002307034830
     27.7277279       0.0000002290354710
     27.8278275       0.0000002273853828
     27.9279270       0.0000002257530051
     28.0280285       0.0000002241383287
     28.1281281       0.0000002225406607
     28.2282276       0.0000002209605068
     28.3283291       0.0000002193965905
     28.4284286       0.0000002178496360
     28.5285282       0.0000002163187500
     28.6286278       0.0000002148041318
     28.7287292       0.0000002133052332
     28.8288288       0.0000002118220632
     28.9289284       0.0000002103543303
     29.0290298       0.0000002089016945
     29.1291294       0.0000002074642134
     29.2292290       0.0000002060414517
     29.3293285       0.0000002046334734
     29.4294300       0.0000002032397435
     29.5295296       0.0000002018601161
     29.6296291       0.0000002004945535
     29.7297306       0.0000001991428433
     29.8298302       0.0000001978046426
     29.9299297       0.0000001964800660
     30.0300293       0.0000001951688742
     30.1301308       0.0000001938703117
     30.2302303       0.0000001925851400
     30.3303299       0.0000001913124626
     30.4304314       0.0000001900525592
     30.5305309       0.0000001888049429
     30.6306305       0.0000001875695313
     30.7307301       0.0000001863463847
     30.8308315       0.0000001851350479
     30.9309311       0.0000001839354774
     31.0310307       0.0000001827476697
     31.1311302       0.0000001815711821
     31.2312317       0.0000001804060907
     31.3313313       0.0000001792522884
     31.4314308       0.0000001781093114
     31.5315323       0.0000001769773679
     31.6316319       0.0000001758562293
     31.7317314       0.0000001747455457
     31.8318310       0.0000001736456246
     31.9319324       0.0000001725556486
     32.0320320       0.0000001714762360
     32.1321335       0.0000001704071057
     32.2322311       0.0000001693475881
     32.3323326       0.0000001682981172
     32.4324341       0.0000001672582125
     32.5325317       0.0000001662281065
     32.6326332       0.0000001652074215
     32.7327309       0.0000001641960019
     32.8328323       0.0000001631939275
     32.9329338       0.0000001622009919
     33.0330315       0.0000001612171044
     33.1331329       0.0000001602421845
     33.2332344       0.0000001592762789
     33.3333321       0.0000001583188696
     33.4334335       0.0000001573700185
     33.5335350       0.0000001564297612
     33.6336327       0.0000001554978304
     33.7337341       0.0000001545742198
     33.8338356       0.0000001536589755
     33.9339333       0.0000001527516799
     34.0340347       0.0000001518524245
     34.1341324       0.0000001509613610
     34.2342339       0.0000001500777681
     34.3343353       0.0000001492018949
     34.4344330       0.0000001483339124
     34.5345345       0.0000001474733855
     34.6346359       0.0000001466202702
     34.7347336       0.0000001457747509
     34.8348351       0.0000001449363107
     34.9349365       0.0000001441051735
     35.0350342       0.0000001432811578
     35.1351357       0.0000001424641990
     35.2352371       0.0000001416540648
     35.3353348       0.0000001408510406
     35.4354362       0.0000001400547584
     35.5355339       0.0000001392652647
     35.6356354       0.0000001384822460
     35.7357368       0.0000001377060819
     35.8358345       0.0000001369363163
     35.9359360       0.0000001361729455
     36.0360374       0.0000001354159104
     36.1361351       0.0000001346652341
     36.2362366       0.0000001339208473
     36.3363380       0.0000001331824880
     36.4364357       0.0000001324502472
     36.5365372       0.0000001317240405
     36.6366348       0.0000001310038328
     36.7367363       0.0000001302896079
     36.8368378       0.0000001295810861
     36.9369354       0.0000001288783838
     37.0370369       0.0000001281812227
     37.1371384       0.0000001274899427
     37.2372360       0.0000001268042071
     37.3373375       0.0000001261237572
     37.4374390       0.0000001254490141
     37.5375366       0.0000001247796448
     37.6376381       0.0000001241154682
     37.7377396       0.0000001234566796
     37.8378372       0.0000001228033457
     37.9379387       0.0000001221548180
     38.0380363       0.0000001215116270
     38.1381378       0.0000001208734724
     38.2382393       0.0000001202402856
     38.3383369       0.0000001196121029
     38.4384384       0.0000001189889274
     38.5385399       0.0000001183705068
     38.6386375       0.0000001177568120
     38.7387390       0.0000001171480756
     38.8388405       0.0000001165438755
     38.9389381       0.0000001159443910
     39.0390396       0.0000001153495678
     39.1391373       0.0000001147592133
     39.2392387       0.0000001141735826
     39.3393402       0.0000001135923189
     39.4394379       0.0000001130154248
     39.5395393       0.0000001124429071
     39.6396408       0.0000001118747591
     39.7397385       0.0000001113108550
     39.8398399       0.0000001107514687
     39.9399414       0.0000001101960157
     40.0400391       0.0000001096448937
     40.1401405       0.0000001090977116
     40.2402420       0.0000001085548080
     40.3403397       0.0000001080158570
     40.4404411       0.0000001074808649
     40.5405388       0.0000001069499413
     40.6406403       0.0000001064228732
     40.7407417       0.0000001058997383
     40.8408394       0.0000001053805306
     40.9409409       0.0000001048650190
     41.0410423       0.0000001043532935
     41.1411400       0.0000001038453490
     41.2412415       0.0000001033409808
     41.3413429       0.0000001028404517
     41.4414406       0.0000001023434889
     41.5415421       0.0000001018500501
     41.6416397       0.0000001013602050
     41.7417412       0.0000001008739761
     41.8418427       0.0000001003911332
     41.9419403       0.0000000999117500
     42.0420418       0.0000000994359154
     42.1421432       0.0000000989634007
     42.2422409       0.0000000984941538
     42.3423424       0.0000000980283920
     42.4424438       0.0000000975658189
     42.5425415       0.0000000971066127
     42.6426430       0.0000000966505451
     42.7427444       0.0000000961976896
     42.8428421       0.0000000957481298
     42.9429436       0.0000000953015977
     43.0430412       0.0000000948581288
     43.1431427       0.0000000944178959
     43.2432442       0.0000000939806261
     43.3433418       0.0000000935464644
     43.4434433       0.0000000931152778
     43.5435448       0.0000000926870537
     43.6436424       0.0000000922618013
     43.7437439       0.0000000918393565
     43.8438454       0.0000000914199545
     43.9439430       0.0000000910033496
     44.0440445       0.0000000905896248
     44.1441460       0.0000000901787117
     44.2442436       0.0000000897705192
     44.3443451       0.0000000893651080
     44.4444427       0.0000000889626085
     44.5445442       0.0000000885626580
     44.6446457       0.0000000881653376
     44.7447433       0.0000000877708536
     44.8448448       0.0000000873789383
     44.9449463       0.0000000869895568
     45.0450439       0.0000000866029187
     45.1451454       0.0000000862188902
     45.2452469       0.0000000858372338
     45.3453445       0.0000000854582173
     45.4454460       0.0000000850817133
     45.5455437       0.0000000847076000
     45.6456451       0.0000000843359914
     45.7457466       0.0000000839669061
     45.8458443       0.0000000836001218
     45.9459457       0.0000000832358381
     46.0460472       0.0000000828738721
     46.1461449       0.0000000825142388
     46.2462463       0.0000000821569708
     46.3463478       0.0000000818020273
     46.4464455       0.0000000814494134
     46.5465469       0.0000000810990280
     46.6466484       0.0000000807508844
     46.7467461       0.0000000804050044
     46.8468475       0.0000000800612775
     46.9469452       0.0000000797198868
     47.0470467       0.0000000793806123
     47.1471481       0.0000000790434837
     47.2472458       0.0000000787084691
     47.3473473       0.0000000783756318
     47.4474487       0.0000000780449202
     47.5475464       0.0000000777162394
     47.6476479       0.0000000773896913
     47.7477493       0.0000000770651222
     47.8478470       0.0000000767426320
     47.9479485       0.0000000764221477
     48.0480499       0.0000000761036974
     48.1481476       0.0000000757872835
     48.2482491       0.0000000754727403
     48.3483467       0.0000000751601714
     48.4484482       0.0000000748495925
     48.5485497       0.0000000745408994
     48.6486473       0.0000000742341651
     48.7487488       0.0000000739292720
     48.8488503       0.0000000736262191
     48.9489479       0.0000000733250961
     49.0490494       0.0000000730257370
     49.1491508       0.0000000727281988
     49.2492485       0.0000000724326289
     49.3493500       0.0000000721387257
     49.4494476       0.0000000718466613
     49.5495491       0.0000000715564023
     49.6496506       0.0000000712677025
     49.7497482       0.0000000709809522
     49.8498497       0.0000000706958768
     49.9499512       0.0000000704124870
     50.0500488       0.0000000701308683
     50.1501503       0.0000000698508461
     50.2502518       0.0000000695725262
     50.3503494       0.0000000692959023
     50.4504509       0.0000000690208891
     50.5505524       0.0000000687475554
     50.6506500       0.0000000684757673
     50.7507515       0.0000000682056502
     50.8508492       0.0000000679371486
     50.9509506       0.0000000676701706
     51.0510521       0.0000000674047935
     51.1511497       0.0000000671409648
     51.2512512       0.0000000668786023
     51.3513527       0.0000000666178894
     51.4514503       0.0000000663586666
     51.5515518       0.0000000661009886
     51.6516533       0.0000000658447792
     51.7517509       0.0000000655900476
     51.8518524       0.0000000653367898
     51.9519501       0.0000000650849917
     52.0520515       0.0000000648346053
     52.1521530       0.0000000645857104
     52.2522507       0.0000000643382855
     52.3523521       0.0000000640922810
     52.4524536       0.0000000638475986
     52.5525513       0.0000000636043413
     52.6526527       0.0000000633624968
     52.7527542       0.0000000631221065
     52.8528519       0.0000000628830028
     52.9529533       0.0000000626451917
     53.0530548       0.0000000624088600
     53.1531525       0.0000000621737577
     53.2532539       0.0000000619400174
     53.3533516       0.0000000617076288
     53.4534531       0.0000000614764575
     53.5535545       0.0000000612466588
     53.6536522       0.0000000610181183
     53.7537537       0.0000000607909213
     53.8538551       0.0000000605648196
     53.9539528       0.0000000603401515
     54.0540543       0.0000000601166483
     54.1541557       0.0000000598944408
     54.2542534       0.0000000596733954
     54.3543549       0.0000000594536120
     54.4544525       0.0000000592350645
     54.5545540       0.0000000590177154
     54.6546555       0.0000000588014519
     54.7547531       0.0000000585865410
     54.8548546       0.0000000583727159
     54.9549561       0.0000000581600559
     55.0550537       0.0000000579485333
     55.1551552       0.0000000577381997
     55.2552567       0.0000000575289975
     55.3553543       0.0000000573209690
     55.4554558       0.0000000571140346
     55.5555573       0.0000000569082067
     55.6556549       0.0000000567035184
     55.7557564       0.0000000564999424
     55.8558540       0.0000000562974219
     55.9559555       0.0000000560960333
     56.0560570       0.0000000558956992
     56.1561546       0.0000000556964794
     56.2562561       0.0000000554982423
     56.3563576       0.0000000553010482
     56.4564552       0.0000000551050106
     56.5565567       0.0000000549098916
     56.6566582       0.0000000547159362
     56.7567558       0.0000000545229171
     56.8568573       0.0000000543309085
     56.9569588       0.0000000541399780
     57.0570564       0.0000000539499925
     57.1571579       0.0000000537611155
     57.2572556       0.0000000535730780
     57.3573570       0.0000000533860846
     57.4574585       0.0000000532000864
     57.5575562       0.0000000530150740
     57.6576576       0.0000000528310289
     57.7577591       0.0000000526478939
     57.8578568       0.0000000524657012
     57.9579582       0.0000000522845075
     58.0580597       0.0000000521042342
     58.1581573       0.0000000519249033
     58.2582588       0.0000000517464899
     58.3583565       0.0000000515689354
     58.4584579       0.0000000513923420
     58.5585594       0.0000000512166753
     58.6586571       0.0000000510418559
     58.7587585       0.0000000508679965
     58.8588600       0.0000000506950055
     58.9589577       0.0000000505228044
     59.0590591       0.0000000503515987
     59.1591606       0.0000000501812158
     59.2592583       0.0000000500116989
     59.3593597       0.0000000498430161
     59.4594612       0.0000000496752285
     59.5595589       0.0000000495082431
     59.6596603       0.0000000493421421
     59.7597580       0.0000000491768671
     59.8598595       0.0000000490123731
     59.9599609       0.0000000488487711
     60.0600586       0.0000000486859567
     60.1601601       0.0000000485239422
     60.2602615       0.0000000483627525
     60.3603592       0.0000000482023662
     60.4604607       0.0000000480427538
     60.5605621       0.0000000478839583
     60.6606598       0.0000000477259564
     60.7607613       0.0000000475686937
     60.8608627       0.0000000474122064
     60.9609604       0.0000000472565625
     61.0610619       0.0000000471016002
     61.1611595       0.0000000469474717
     61.2612610       0.0000000467940742
     61.3613625       0.0000000466414333
     61.4614601       0.0000000464894761
     61.5615616       0.0000000463382856
     61.6616631       0.0000000461878777
     61.7617607       0.0000000460381799
     61.8618622       0.0000000458891916
     61.9619637       0.0000000457409291
     62.0620613       0.0000000455934112
     62.1621628       0.0000000454466255
     62.2622604       0.0000000453004286
     62.3623619       0.0000000451550845
     62.4624634       0.0000000450103305
     62.5625610       0.0000000448663296
     62.6626625       0.0000000447229622
     62.7627640       0.0000000445803810
     62.8628616       0.0000000444383821
     62.9629631       0.0000000442971134
     63.0630646       0.0000000441565032
     63.1631622       0.0000000440165934
     63.2632637       0.0000000438772867
     63.3633652       0.0000000437386738
     63.4634628       0.0000000436007070
     63.5635643       0.0000000434634180
     63.6636620       0.0000000433267362
     63.7637634       0.0000000431907079
     63.8638649       0.0000000430553166
     63.9639626       0.0000000429205786
     64.0640640       0.0000000427865175
     64.1641617       0.0000000426530276
     64.2642670       0.0000000425201141
     64.3643646       0.0000000423878909
     64.4644623       0.0000000422562917
     64.5645676       0.0000000421252712
     64.6646652       0.0000000419948505
     64.7647629       0.0000000418650841
     64.8648682       0.0000000417358731
     64.9649658       0.0000000416072838
     65.0650635       0.0000000414792763
     65.1651688       0.0000000413518258
     65.2652664       0.0000000412250137
     65.3653641       0.0000000410987852
     65.4654617       0.0000000409731060
     65.5655670       0.0000000408480109
     65.6656647       0.0000000407234996
     65.7657623       0.0000000405995614
     65.8658676       0.0000000404761362
     65.9659653       0.0000000403533277
     66.0660629       0.0000000402310765
     66.1661682       0.0000000401093749
     66.2662659       0.0000000399881827
     66.3663635       0.0000000398675945
     66.4664688       0.0000000397475419
     66.5665665       0.0000000396279820
     66.6666641       0.0000000395089895
     66.7667694       0.0000000393905437
     66.8668671       0.0000000392726000
     66.9669647       0.0000000391552610
     67.0670700       0.0000000390383686
     67.1671677       0.0000000389220285
     67.2672653       0.0000000388062335
     67.3673706       0.0000000386908948
     67.4674683       0.0000000385761300
     67.5675659       0.0000000384618520
     67.6676712       0.0000000383480794
     67.7677689       0.0000000382347842
     67.8678665       0.0000000381219924
     67.9679642       0.0000000380097363
     68.0680695       0.0000000378979456
     68.1681671       0.0000000377866817
     68.2682648       0.0000000376758865
     68.3683701       0.0000000375655812
     68.4684677       0.0000000374557448
     68.5685654       0.0000000373463922
     68.6686707       0.0000000372375612
     68.7687683       0.0000000371291458
     68.8688660       0.0000000370212435
     68.9689713       0.0000000369137822
     69.0690689       0.0000000368068225
     69.1691666       0.0000000367002894
     69.2692719       0.0000000365942450
     69.3693695       0.0000000364886534
     69.4694672       0.0000000363835001
     69.5695724       0.0000000362787964
     69.6696701       0.0000000361745895
     69.7697678       0.0000000360708156
     69.8698730       0.0000000359674605
     69.9699707       0.0000000358645473
     70.0700684       0.0000000357621547
     70.1701736       0.0000000356601156
     70.2702713       0.0000000355585136
     70.3703690       0.0000000354573732
     70.4704742       0.0000000353566332
     70.5705719       0.0000000352563851
     70.6706696       0.0000000351565100
     70.7707672       0.0000000350570806
     70.8708725       0.0000000349580653
     70.9709702       0.0000000348594654
     71.0710678       0.0000000347612797
     71.1711731       0.0000000346635177
     71.2712708       0.0000000345661595
     71.3713684       0.0000000344692344
     71.4714737       0.0000000343727046
     71.5715714       0.0000000342765780
     71.6716690       0.0000000341808480
     71.7717743       0.0000000340854972
     71.8718719       0.0000000339905567
     71.9719696       0.0000000338960454
     72.0720749       0.0000000338019071
     72.1721725       0.0000000337081536
     72.2722702       0.0000000336148133
     72.3723755       0.0000000335218184
     72.4724731       0.0000000334292429
     72.5725708       0.0000000333370407
     72.6726761       0.0000000332452083
     72.7727737       0.0000000331537474
     72.8728714       0.0000000330626962
     72.9729767       0.0000000329719977
     73.0730743       0.0000000328816804
     73.1731720       0.0000000327917431
     73.2732697       0.0000000327022006
     73.3733749       0.0000000326129547
     73.4734726       0.0000000325240964
     73.5735703       0.0000000324356378
     73.6736755       0.0000000323475012
     73.7737732       0.0000000322596962
     73.8738708       0.0000000321723032
     73.9739761       0.0000000320852691
     74.0740738       0.0000000319985789
     74.1741714       0.0000000319122175
     74.2742767       0.0000000318262088
     74.3743744       0.0000000317405747
     74.4744720       0.0000000316552640
     74.5745773       0.0000000315702959
     74.6746750       0.0000000314856476
     74.7747726       0.0000000314013789
     74.8748779       0.0000000313174539
     74.9749756       0.0000000312338345
     75.0750732       0.0000000311505546
     75.1751785       0.0000000310676177
     75.2752762       0.0000000309850004
     75.3753738       0.0000000309026848
     75.4754791       0.0000000308207632
     75.5755768       0.0000000307391335
     75.6756744       0.0000000306577996
     75.7757721       0.0000000305768299
     75.8758774       0.0000000304961921
     75.9759750       0.0000000304158502
     76.0760727       0.0000000303358272
     76.1761780       0.0000000302560859
     76.2762756       0.0000000301766912
     76.3763733       0.0000000300976103
     76.4764786       0.0000000300188376
     76.5765762       0.0000000299403806
     76.6766739       0.0000000298622027
     76.7767792       0.0000000297843522
     76.8768768       0.0000000297068156
     76.9769745       0.0000000296295919
     77.0770798       0.0000000295526241
     77.1771774       0.0000000294759754
     77.2772751       0.0000000293996596
     77.3773804       0.0000000293235737
     77.4774780       0.0000000292478175
     77.5775757       0.0000000291723382
     77.6776810       0.0000000290971793
     77.7777786       0.0000000290222708
     77.8778763       0.0000000289476965
     77.9779816       0.0000000288734018
     78.0780792       0.0000000287994041
     78.1781769       0.0000000287256589
     78.2782745       0.0000000286521965
     78.3783798       0.0000000285790067
     78.4784775       0.0000000285061074
     78.5785751       0.0000000284335198
     78.6786804       0.0000000283611947
     78.7787781       0.0000000282891382
     78.8788757       0.0000000282173490
     78.9789810       0.0000000281458287
     79.0790787       0.0000000280745868
     79.1791763       0.0000000280036186
     79.2792816       0.0000000279329217
     79.3793793       0.0000000278624867
     79.4794769       0.0000000277923207
     79.5795822       0.0000000277224173
     79.6796799       0.0000000276527487
     79.7797775       0.0000000275833935
     79.8798828       0.0000000275142689
     79.9799805       0.0000000274453934
     80.0800781       0.0000000273768006
     80.1801834       0.0000000273084450
     80.2802811       0.0000000272403652
     80.3803787       0.0000000271725435
     80.4804840       0.0000000271049512
     80.5805817       0.0000000270376315
     80.6806793       0.0000000269705811
     80.7807770       0.0000000269037360
     80.8808823       0.0000000268371607
     80.9809799       0.0000000267708163
     81.0810776       0.0000000267047128
     81.1811829       0.0000000266388947
     81.2812805       0.0000000265732920
     81.3813782       0.0000000265079270
     81.4814835       0.0000000264428156
     81.5815811       0.0000000263779450
     81.6816788       0.0000000263132949
     81.7817841       0.0000000262488810
     81.8818817       0.0000000261847050
     81.9819794       0.0000000261207793
     82.0820847       0.0000000260571070
     82.1821823       0.0000000259936397
     82.2822800       0.0000000259304008
     82.3823853       0.0000000258674027
     82.4824829       0.0000000258046270
     82.5825806       0.0000000257420781
     82.6826859       0.0000000256797653
     82.7827835       0.0000000256176840
     82.8828812       0.0000000255558173
     82.9829865       0.0000000254941803
     83.0830841       0.0000000254327596
     83.1831818       0.0000000253715488
     83.2832794       0.0000000253105636
     83.3833847       0.0000000252498121
     83.4834824       0.0000000251892875
     83.5835800       0.0000000251289412
     83.6836853       0.0000000250688709
     83.7837830       0.0000000250089596
     83.8838806       0.0000000249492986
     83.9839859       0.0000000248898385
     84.0840836       0.0000000248305660
     84.1841812       0.0000000247715465
     84.2842865       0.0000000247127319
     84.3843842       0.0000000246541067
     84.4844818       0.0000000245956809
     84.5845871       0.0000000245374906
     84.6846848       0.0000000244795000
     84.7847824       0.0000000244217041
     84.8848877       0.0000000243640970
     84.9849854       0.0000000243067245
     85.0850830       0.0000000242495407
     85.1851883       0.0000000241925657
     85.2852859       0.0000000241357972
     85.3853836       0.0000000240792077
     85.4854889       0.0000000240228435
     85.5855865       0.0000000239666514
     85.6856842       0.0000000239106978
     85.7857895       0.0000000238548939
     85.8858871       0.0000000237992890
     85.9859848       0.0000000237438894
     86.0860825       0.0000000236886728
     86.1861877       0.0000000236336680
     86.2862854       0.0000000235788591
     86.3863831       0.0000000235242199
     86.4864883       0.0000000234697513
     86.5865860       0.0000000234155151
     86.6866837       0.0000000233614636
     86.7867889       0.0000000233075697
     86.8868866       0.0000000232538748
     86.9869843       0.0000000232003724
     87.0870895       0.0000000231470486
     87.1871872       0.0000000230938825
     87.2872849       0.0000000230409329
     87.3873901       0.0000000229881587
     87.4874878       0.0000000229355971
     87.5875854       0.0000000228831610
     87.6876907       0.0000000228309500
     87.7877884       0.0000000227788818
     87.8878860       0.0000000227270139
     87.9879913       0.0000000226753074
     88.0880890       0.0000000226237637
     88.1881866       0.0000000225724235
     88.2882919       0.0000000225212675
     88.3883896       0.0000000224702671
     88.4884872       0.0000000224194282
     88.5885849       0.0000000223687723
     88.6886902       0.0000000223182975
     88.7887878       0.0000000222679891
     88.8888855       0.0000000222178437
     88.9889908       0.0000000221678611
     89.0890884       0.0000000221180570
     89.1891861       0.0000000220684310
     89.2892914       0.0000000220189409
     89.3893890       0.0000000219696497
     89.4894867       0.0000000219205053
     89.5895920       0.0000000218715520
     89.6896896       0.0000000218227453
     89.7897873       0.0000000217740939
     89.8898926       0.0000000217256233
     89.9899902       0.0000000216772948
     90.0900879       0.0000000216291292
     90.1901932       0.0000000215811273
     90.2902908       0.0000000215332753
     90.3903885       0.0000000214855874
     90.4904938       0.0000000214380751
     90.5905914       0.0000000213907066
     90.6906891       0.0000000213434933
     90.7907944       0.0000000212964334
     90.8908920       0.0000000212495330
     90.9909897       0.0000000212027864
     91.0910873       0.0000000211562166
     91.1911926       0.0000000211097754
     91.2912903       0.0000000210634908
     91.3913879       0.0000000210173597
     91.4914932       0.0000000209713643
     91.5915909       0.0000000209255340
     91.6916885       0.0000000208798755
     91.7917938       0.0000000208343213
     91.8918915       0.0000000207889635
     91.9919891       0.0000000207437243
     92.0920944       0.0000000206986349
     92.1921921       0.0000000206536989
     92.2922897       0.0000000206089070
     92.3923950       0.0000000205642640
     92.4924927       0.0000000205197619
     92.5925903       0.0000000204754054
     92.6926956       0.0000000204311947
     92.7927933       0.0000000203871249
     92.8928909       0.0000000203431926
     92.9929962       0.0000000202994064
     93.0930939       0.0000000202557627
     93.1931915       0.0000000202122631
     93.2932968       0.0000000201688805
     93.3933945       0.0000000201256629
     93.4934921       0.0000000200825784
     93.5935898       0.0000000200396380
     93.6936951       0.0000000199968292
     93.7937927       0.0000000199541534
     93.8938904       0.0000000199116128
     93.9939957       0.0000000198692144
     94.0940933       0.0000000198269555
     94.1941910       0.0000000197848139
     94.2942963       0.0000000197428103
     94.3943939       0.0000000197009524
     94.4944916       0.0000000196592151
     94.5945969       0.0000000196176204
     94.6946945       0.0000000195761713
     94.7947922       0.0000000195348180
     94.8948975       0.0000000194936181
     94.9949951       0.0000000194525456
     95.0950928       0.0000000194116274
     95.1951981       0.0000000193707928
     95.2952957       0.0000000193301161
     95.3953934       0.0000000192895586
     95.4954987       0.0000000192491341
     95.5955963       0.0000000192088153
     95.6956940       0.0000000191686542
     95.7957993       0.0000000191285936
     95.8958969       0.0000000190886767
     95.9959946       0.0000000190488594
     96.0960999       0.0000000190091750
     96.1961975       0.0000000189696437
     96.2962952       0.0000000189302159
     96.3963928       0.0000000188909045
     96.4964981       0.0000000188517165
     96.5965958       0.0000000188126586
     96.6966934       0.0000000187737202
     96.7967987       0.0000000187348930
     96.8968964       0.0000000186961866
     96.9969940       0.0000000186576024
     97.0970993       0.0000000186191520
     97.1971970       0.0000000185808049
     97.2972946       0.0000000185425749
     97.3973999       0.0000000185044624
     97.4974976       0.0000000184664992
     97.5975952       0.0000000184286130
     97.6977005       0.0000000183908516
     97.7977982       0.0000000183532109
     97.8978958       0.0000000183157010
     97.9980011       0.0000000182782845
     98.0980988       0.0000000182409901
     98.1981964       0.0000000182038131
     98.2983017       0.0000000181667414
     98.3983994       0.0000000181297872
     98.4984970       0.0000000180929416
     98.5986023       0.0000000180562256
     98.6987000       0.0000000180196100
     98.7987976       0.0000000179831014
     98.8988953       0.0000000179467067
     98.9990005       0.0000000179104427
     99.0990982       0.0000000178742675
     99.1991959       0.0000000178381854
     99.2993011       0.0000000178022419
     99.3993988       0.0000000177663963
     99.4994965       0.0000000177306568
     99.5996017       0.0000000176950207
     99.6996994       0.0000000176594795
     99.7997971       0.0000000176240814
     99.8999023       0.0000000175887472
    100.0000000       0.0000000175535453
