# x		H(x,a)
      0.0000000       1.0000000000000000
      0.1001001       0.9900299906730652
      0.2002002       0.9607124924659729
      0.3003003       0.9137664437294006
      0.4004004       0.8518707156181335
      0.5005005       0.7784109115600586
      0.6006006       0.6971734166145325
      0.7007007       0.6120254397392273
      0.8008008       0.5266169309616089
      0.9009009       0.4441368877887726
      1.0010010       0.3671621328856143
      1.1011012       0.2975286170466678
      1.2012012       0.2363289244668411
      1.3013012       0.1840003044712971
      1.4014014       0.1404218047160204
      1.5015016       0.1050436632375728
      1.6016016       0.0770252553267101
      1.7017016       0.0553652882766833
      1.8018018       0.0390123946291580
      1.9019020       0.0269499519554881
      2.0020020       0.0182535997731222
      2.1021020       0.0121238909514142
      2.2022023       0.0078984924227947
      2.3023024       0.0050492220458296
      2.4024024       0.0031692189013739
      2.5025024       0.0019550897365380
      2.6026025       0.0011873791335504
      2.7027028       0.0007118868172873
      2.8028028       0.0004232447876713
      2.9029028       0.0002513595606061
      3.0030031       0.0001508072500565
      3.1031032       0.0000928895297868
      3.2032032       0.0000599180871052
      3.3033032       0.0000412511595329
      3.4034033       0.0000306355132810
      3.5035036       0.0000244793224347
      3.6036036       0.0000207641808747
      3.7037036       0.0000183787766695
      3.8038039       0.0000167224493402
      3.9039040       0.0000154753074354
      4.0040040       0.0000144685696405
      4.1041040       0.0000136131645485
      4.2042041       0.0000128613623474
      4.3043041       0.0000121866136337
      4.4044046       0.0000115732626757
      4.5045047       0.0000110112194766
      4.6046047       0.0000104934185451
      4.7047048       0.0000100144933530
      4.8048048       0.0000095701381943
      4.9049048       0.0000091567596877
      5.0050049       0.0000087712791233
      5.1051049       0.0000084110322208
      5.2052050       0.0000080736996811
      5.3053055       0.0000077572354336
      5.4054055       0.0000074598269197
      5.5055056       0.0000071798825641
      5.6056056       0.0000069159819849
      5.7057056       0.0000066668214797
      5.8058057       0.0000064312865287
      5.9059057       0.0000062083434270
      6.0060062       0.0000059970527012
      6.1061063       0.0000057966032988
      6.2062063       0.0000056062229210
      6.3063064       0.0000054252227620
      6.4064064       0.0000052529711279
      6.5065064       0.0000050889001685
      6.6066065       0.0000049324823966
      6.7067065       0.0000047832369105
      6.8068066       0.0000046407225659
      6.9069071       0.0000045045240094
      7.0070071       0.0000043742704944
      7.1071072       0.0000042496234630
      7.2072072       0.0000041302503569
      7.3073072       0.0000040158486769
      7.4074073       0.0000039061591999
      7.5075073       0.0000038009064483
      7.6076078       0.0000036998624940
      7.7077079       0.0000036027996386
      7.8078079       0.0000035095110818
      7.9079080       0.0000034198002028
      8.0080080       0.0000033334877034
      8.1081085       0.0000032504045288
      8.2082081       0.0000031703869640
      8.3083086       0.0000030932882070
      8.4084082       0.0000030189670701
      8.5085087       0.0000029472868950
      8.6086082       0.0000028781339301
      8.7087088       0.0000028113817745
      8.8088093       0.0000027469225815
      8.9089088       0.0000026846531810
      9.0090094       0.0000026244744620
      9.1091089       0.0000025662965120
      9.2092094       0.0000025100285935
      9.3093090       0.0000024555876225
      9.4094095       0.0000024028980845
      9.5095091       0.0000023518847966
      9.6096096       0.0000023024795383
      9.7097101       0.0000022546111277
      9.8098097       0.0000022082181346
      9.9099102       0.0000021632440868
     10.0100098       0.0000021196249455
     10.1101103       0.0000020773098905
     10.2102098       0.0000020362522153
     10.3103104       0.0000019963970835
     10.4104099       0.0000019577018275
     10.5105104       0.0000019201173485
     10.6106110       0.0000018836067497
     10.7107105       0.0000018481253815
     10.8108110       0.0000018136354086
     10.9109106       0.0000017801020065
     11.0110111       0.0000017474903552
     11.1111107       0.0000017157660368
     11.2112112       0.0000016848980860
     11.3113117       0.0000016548557726
     11.4114113       0.0000016256096853
     11.5115118       0.0000015971310691
     11.6116114       0.0000015693925804
     11.7117119       0.0000015423729174
     11.8118114       0.0000015160442420
     11.9119120       0.0000014903833900
     12.0120125       0.0000014653695598
     12.1121120       0.0000014409784495
     12.2122126       0.0000014171941038
     12.3123121       0.0000013939925400
     12.4124126       0.0000013713557348
     12.5125122       0.0000013492666709
     12.6126127       0.0000013277066653
     12.7127123       0.0000013066598376
     12.8128128       0.0000012861105152
     12.9129133       0.0000012660415928
     13.0130129       0.0000012464388468
     13.1131134       0.0000012272866961
     13.2132130       0.0000012085739120
     13.3133135       0.0000011902858109
     13.4134130       0.0000011724123515
     13.5135136       0.0000011549355191
     13.6136131       0.0000011378478631
     13.7137136       0.0000011211375027
     13.8138142       0.0000011047926434
     13.9139137       0.0000010888009850
     14.0140142       0.0000010731562104
     14.1141138       0.0000010578468968
     14.2142143       0.0000010428621807
     14.3143139       0.0000010281930548
     14.4144144       0.0000010138321799
     14.5145149       0.0000009997707913
     14.6146145       0.0000009859999536
     14.7147150       0.0000009725124278
     14.8148146       0.0000009592992663
     14.9149151       0.0000009463530562
     15.0150146       0.0000009336694537
     15.1151152       0.0000009212367365
     15.2152157       0.0000009090528994
     15.3153152       0.0000008971089113
     15.4154158       0.0000008853988587
     15.5155153       0.0000008739167599
     15.6156158       0.0000008626564518
     15.7157154       0.0000008516140597
     15.8158159       0.0000008407815522
     15.9159155       0.0000008301543732
     16.0160160       0.0000008197274210
     16.1161156       0.0000008094970231
     16.2162170       0.0000007994563340
     16.3163166       0.0000007896017286
     16.4164162       0.0000007799274979
     16.5165157       0.0000007704316888
     16.6166172       0.0000007611073051
     16.7167168       0.0000007519514794
     16.8168163       0.0000007429606948
     16.9169178       0.0000007341300634
     17.0170174       0.0000007254560521
     17.1171169       0.0000007169348210
     17.2172165       0.0000007085635761
     17.3173180       0.0000007003371211
     17.4174175       0.0000006922543600
     17.5175171       0.0000006843109954
     17.6176186       0.0000006765025787
     17.7177181       0.0000006688281686
     17.8178177       0.0000006612837889
     17.9179173       0.0000006538658287
     18.0180187       0.0000006465721130
     18.1181183       0.0000006394007181
     18.2182178       0.0000006323476366
     18.3183174       0.0000006254112439
     18.4184189       0.0000006185877088
     18.5185184       0.0000006118752558
     18.6186180       0.0000006052718759
     18.7187195       0.0000005987758487
     18.8188190       0.0000005923828258
     18.9189186       0.0000005860919532
     19.0190182       0.0000005799006932
     19.1191196       0.0000005738077267
     19.2192192       0.0000005678102128
     19.3193188       0.0000005619059187
     19.4194202       0.0000005560939068
     19.5195198       0.0000005503717526
     19.6196194       0.0000005447374319
     19.7197189       0.0000005391886778
     19.8198204       0.0000005337245439
     19.9199200       0.0000005283440842
     20.0200195       0.0000005230438564
     20.1201210       0.0000005178227468
     20.2202206       0.0000005126802303
     20.3203201       0.0000005076136721
     20.4204197       0.0000005026221090
     20.5205212       0.0000004977039287
     20.6206207       0.0000004928572151
     20.7207203       0.0000004880816093
     20.8208199       0.0000004833746242
     20.9209213       0.0000004787361974
     21.0210209       0.0000004741640395
     21.1211205       0.0000004696566516
     21.2212219       0.0000004652134393
     21.3213215       0.0000004608332465
     21.4214211       0.0000004565145366
     21.5215206       0.0000004522569225
     21.6216221       0.0000004480581336
     21.7217216       0.0000004439178553
     21.8218212       0.0000004398339657
     21.9219227       0.0000004358068732
     22.0220222       0.0000004318352209
     22.1221218       0.0000004279171457
     22.2222214       0.0000004240525777
     22.3223228       0.0000004202399717
     22.4224224       0.0000004164783121
     22.5225220       0.0000004127673876
     22.6226234       0.0000004091058404
     22.7227230       0.0000004054926933
     22.8228226       0.0000004019275061
     22.9229221       0.0000003984089159
     23.0230236       0.0000003949364236
     23.1231232       0.0000003915095182
     23.2232227       0.0000003881268890
     23.3233242       0.0000003847875428
     23.4234238       0.0000003814913486
     23.5235233       0.0000003782378430
     23.6236229       0.0000003750253043
     23.7237244       0.0000003718540529
     23.8238239       0.0000003687224898
     23.9239235       0.0000003656305054
     24.0240250       0.0000003625768125
     24.1241245       0.0000003595620495
     24.2242241       0.0000003565841277
     24.3243237       0.0000003536433711
     24.4244251       0.0000003507386272
     24.5245247       0.0000003478699705
     24.6246243       0.0000003450363517
     24.7247238       0.0000003422369451
     24.8248253       0.0000003394719244
     24.9249249       0.0000003367397752
     25.0250244       0.0000003340408301
     25.1251259       0.0000003313741627
     25.2252254       0.0000003287395398
     25.3253250       0.0000003261362181
     25.4254246       0.0000003235632081
     25.5255260       0.0000003210210688
     25.6256256       0.0000003185084961
     25.7257252       0.0000003160254976
     25.8258266       0.0000003135715472
     25.9259262       0.0000003111460401
     26.0260258       0.0000003087483463
     26.1261253       0.0000003063787442
     26.2262268       0.0000003040360084
     26.3263264       0.0000003017199185
     26.4264259       0.0000002994304706
     26.5265274       0.0000002971666274
     26.6266270       0.0000002949290096
     26.7267265       0.0000002927162832
     26.8268261       0.0000002905284314
     26.9269276       0.0000002883650434
     27.0270271       0.0000002862255580
     27.1271267       0.0000002841100215
     27.2272263       0.0000002820178337
     27.3273277       0.0000002799487061
     27.4274273       0.0000002779024047
     27.5275269       0.0000002758782973
     27.6276283       0.0000002738761089
     27.7277279       0.0000002718959900
     27.8278275       0.0000002699370835
     27.9279270       0.0000002679992009
     28.0280285       0.0000002660824251
     28.1281281       0.0000002641857641
     28.2282276       0.0000002623099180
     28.3283291       0.0000002604533332
     28.4284286       0.0000002586168952
     28.5285282       0.0000002567995219
     28.6286278       0.0000002550014408
     28.7287292       0.0000002532220716
     28.8288288       0.0000002514613249
     28.9289284       0.0000002497189286
     29.0290298       0.0000002479944820
     29.1291294       0.0000002462879624
     29.2292290       0.0000002445989770
     29.3293285       0.0000002429275063
     29.4294300       0.0000002412729513
     29.5295296       0.0000002396351663
     29.6296291       0.0000002380140688
     29.7297306       0.0000002364093843
     29.8298302       0.0000002348207727
     29.9299297       0.0000002332483081
     30.0300293       0.0000002316917630
     30.1301308       0.0000002301502030
     30.2302303       0.0000002286245162
     30.3303299       0.0000002271136843
     30.4304314       0.0000002256179979
     30.5305309       0.0000002241369064
     30.6306305       0.0000002226703098
     30.7307301       0.0000002212182571
     30.8308315       0.0000002197802412
     30.9309311       0.0000002183562025
     31.0310307       0.0000002169461207
     31.1311302       0.0000002155494780
     31.2312317       0.0000002141663272
     31.3313313       0.0000002127966143
     31.4314308       0.0000002114397620
     31.5315323       0.0000002100959850
     31.6316319       0.0000002087650359
     31.7317314       0.0000002074465115
     31.8318310       0.0000002061407507
     31.9319324       0.0000002048468000
     32.0320320       0.0000002035654034
     32.1321335       0.0000002022962040
     32.2322311       0.0000002010384115
     32.3323326       0.0000001997925455
     32.4324341       0.0000001985580397
     32.5325317       0.0000001973351637
     32.6326332       0.0000001961234713
     32.7327309       0.0000001949227678
     32.8328323       0.0000001937331921
     32.9329338       0.0000001925544364
     33.0330315       0.0000001913864215
     33.1331329       0.0000001902290595
     33.2332344       0.0000001890824022
     33.3333321       0.0000001879458312
     33.4334335       0.0000001868194178
     33.5335350       0.0000001857032252
     33.6336327       0.0000001845968592
     33.7337341       0.0000001835004402
     33.8338356       0.0000001824139190
     33.9339333       0.0000001813368354
     34.0340347       0.0000001802692866
     34.1341324       0.0000001792114765
     34.2342339       0.0000001781625395
     34.3343353       0.0000001771227681
     34.4344330       0.0000001760923492
     34.5345345       0.0000001750707699
     34.6346359       0.0000001740580239
     34.7347336       0.0000001730542895
     34.8348351       0.0000001720589316
     34.9349365       0.0000001710722522
     35.0350342       0.0000001700940476
     35.1351357       0.0000001691241997
     35.2352371       0.0000001681624687
     35.3353348       0.0000001672091636
     35.4354362       0.0000001662638804
     35.5355339       0.0000001653266290
     35.6356354       0.0000001643970949
     35.7357368       0.0000001634756865
     35.8358345       0.0000001625618688
     35.9359360       0.0000001616556185
     36.0360374       0.0000001607569362
     36.1361351       0.0000001598657724
     36.2362366       0.0000001589820953
     36.3363380       0.0000001581055558
     36.4364357       0.0000001572362961
     36.5365372       0.0000001563741949
     36.6366348       0.0000001555192052
     36.7367363       0.0000001546713208
     36.8368378       0.0000001538302167
     36.9369354       0.0000001529959963
     37.0370369       0.0000001521683816
     37.1371384       0.0000001513477244
     37.2372360       0.0000001505336753
     37.3373375       0.0000001497259070
     37.4374390       0.0000001489248812
     37.5375366       0.0000001481302595
     37.6376381       0.0000001473417879
     37.7377396       0.0000001465597207
     37.8378372       0.0000001457841210
     37.9379387       0.0000001450142280
     38.0380363       0.0000001442506863
     38.1381378       0.0000001434931005
     38.2382393       0.0000001427414163
     38.3383369       0.0000001419956909
     38.4384384       0.0000001412558928
     38.5385399       0.0000001405217335
     38.6386375       0.0000001397932112
     38.7387390       0.0000001390705628
     38.8388405       0.0000001383532898
     38.9389381       0.0000001376416049
     39.0390396       0.0000001369354763
     39.1391373       0.0000001362346411
     39.2392387       0.0000001355394333
     39.3393402       0.0000001348493819
     39.4394379       0.0000001341645264
     39.5395393       0.0000001334848843
     39.6396408       0.0000001328104095
     39.7397385       0.0000001321409922
     39.8398399       0.0000001314769195
     39.9399414       0.0000001308175170
     40.0400391       0.0000001301632513
     40.1401405       0.0000001295136970
     40.2402420       0.0000001288691736
     40.3403397       0.0000001282293735
     40.4404411       0.0000001275942709
     40.5405388       0.0000001269639738
     40.6406403       0.0000001263382974
     40.7407417       0.0000001257172665
     40.8408394       0.0000001251008869
     40.9409409       0.0000001244889222
     41.0410423       0.0000001238814171
     41.1411400       0.0000001232784302
     41.2412415       0.0000001226796676
     41.3413429       0.0000001220854782
     41.4414406       0.0000001214955112
     41.5415421       0.0000001209097343
     41.6416397       0.0000001203282261
     41.7417412       0.0000001197510094
     41.8418427       0.0000001191778087
     41.9419403       0.0000001186087183
     42.0420418       0.0000001180438282
     42.1421432       0.0000001174828914
     42.2422409       0.0000001169258361
     42.3423424       0.0000001163729141
     42.4424438       0.0000001158237710
     42.5425415       0.0000001152786359
     42.6426430       0.0000001147372263
     42.7427444       0.0000001141996175
     42.8428421       0.0000001136659430
     42.9429436       0.0000001131358366
     43.0430412       0.0000001126093803
     43.1431427       0.0000001120867711
     43.2432442       0.0000001115676599
     43.3433418       0.0000001110522633
     43.4434433       0.0000001105403806
     43.5435448       0.0000001100320264
     43.6436424       0.0000001095271914
     43.7437439       0.0000001090256879
     43.8438454       0.0000001085278068
     43.9439430       0.0000001080332345
     44.0440445       0.0000001075420933
     44.1441460       0.0000001070542922
     44.2442436       0.0000001065697124
     44.3443451       0.0000001060884207
     44.4444427       0.0000001056106069
     44.5445442       0.0000001051358095
     44.6446457       0.0000001046641385
     44.7447433       0.0000001041958276
     44.8448448       0.0000001037305756
     44.9449463       0.0000001032683344
     45.0450439       0.0000001028093284
     45.1451454       0.0000001023534452
     45.2452469       0.0000001019003589
     45.3453445       0.0000001014504212
     45.4454460       0.0000001010034589
     45.5455437       0.0000001005593398
     45.6456451       0.0000001001181901
     45.7457466       0.0000000996800282
     45.8458443       0.0000000992446132
     45.9459457       0.0000000988121594
     46.0460472       0.0000000983824521
     46.1461449       0.0000000979555274
     46.2462463       0.0000000975313951
     46.3463478       0.0000000971100251
     46.4464455       0.0000000966914298
     46.5465469       0.0000000962754757
     46.6466484       0.0000000958621825
     46.7467461       0.0000000954515850
     46.8468475       0.0000000950435223
     46.9469452       0.0000000946382557
     47.0470467       0.0000000942354811
     47.1471481       0.0000000938352649
     47.2472458       0.0000000934375574
     47.3473473       0.0000000930424364
     47.4474487       0.0000000926498439
     47.5475464       0.0000000922596560
     47.6476479       0.0000000918719982
     47.7477493       0.0000000914866828
     47.8478470       0.0000000911038425
     47.9479485       0.0000000907233844
     48.0480499       0.0000000903453511
     48.1481476       0.0000000899697188
     48.2482491       0.0000000895963080
     48.3483467       0.0000000892252492
     48.4484482       0.0000000888565468
     48.5485497       0.0000000884900933
     48.6486473       0.0000000881259587
     48.7487488       0.0000000877640111
     48.8488503       0.0000000874042435
     48.9489479       0.0000000870467717
     49.0490494       0.0000000866913901
     49.1491508       0.0000000863381770
     49.2492485       0.0000000859872915
     49.3493500       0.0000000856383882
     49.4494476       0.0000000852916700
     49.5495491       0.0000000849470917
     49.6496506       0.0000000846043687
     49.7497482       0.0000000842639555
     49.8498497       0.0000000839255328
     49.9499512       0.0000000835891114
     50.0500488       0.0000000832547897
     50.1501503       0.0000000829223615
     50.2502518       0.0000000825919634
     50.3503494       0.0000000822635718
     50.4504509       0.0000000819371001
     50.5505524       0.0000000816126122
     50.6506500       0.0000000812899667
     50.7507515       0.0000000809692958
     50.8508492       0.0000000806505511
     50.9509506       0.0000000803336146
     51.0510521       0.0000000800185763
     51.1511497       0.0000000797053718
     51.2512512       0.0000000793939067
     51.3513527       0.0000000790844061
     51.4514503       0.0000000787766820
     51.5515518       0.0000000784707751
     51.6516533       0.0000000781666225
     51.7517509       0.0000000778642262
     51.8518524       0.0000000775635773
     51.9519501       0.0000000772646545
     52.0520515       0.0000000769674174
     52.1521530       0.0000000766719311
     52.2522507       0.0000000763782187
     52.3523521       0.0000000760861808
     52.4524536       0.0000000757957083
     52.5525513       0.0000000755069222
     52.6526527       0.0000000752198263
     52.7527542       0.0000000749344448
     52.8528519       0.0000000746505934
     52.9529533       0.0000000743682842
     53.0530548       0.0000000740877250
     53.1531525       0.0000000738086265
     53.2532539       0.0000000735311509
     53.3533516       0.0000000732552746
     53.4534531       0.0000000729808340
     53.5535545       0.0000000727080262
     53.6536522       0.0000000724367312
     53.7537537       0.0000000721670203
     53.8538551       0.0000000718986086
     53.9539528       0.0000000716318866
     54.0540543       0.0000000713665672
     54.1541557       0.0000000711027724
     54.2542534       0.0000000708403533
     54.3543549       0.0000000705794555
     54.4544525       0.0000000703200045
     54.5545540       0.0000000700619818
     54.6546555       0.0000000698052472
     54.7547531       0.0000000695501151
     54.8548546       0.0000000692962760
     54.9549561       0.0000000690438263
     55.0550537       0.0000000687927148
     55.1551552       0.0000000685430257
     55.2552567       0.0000000682946748
     55.3553543       0.0000000680477132
     55.4554558       0.0000000678020526
     55.5555573       0.0000000675577039
     55.6556549       0.0000000673147175
     55.7557564       0.0000000670730422
     55.8558540       0.0000000668326243
     55.9559555       0.0000000665935465
     56.0560570       0.0000000663557232
     56.1561546       0.0000000661192307
     56.2562561       0.0000000658838985
     56.3563576       0.0000000656497970
     56.4564552       0.0000000654170772
     56.5565567       0.0000000651854438
     56.6566582       0.0000000649551915
     56.7567558       0.0000000647260478
     56.8568573       0.0000000644981081
     56.9569588       0.0000000642714489
     57.0570564       0.0000000640459124
     57.1571579       0.0000000638216895
     57.2572556       0.0000000635984650
     57.3573570       0.0000000633764789
     57.4574585       0.0000000631556683
     57.5575562       0.0000000629360370
     57.6576576       0.0000000627175575
     57.7577591       0.0000000625001485
     57.8578568       0.0000000622838617
     57.9579582       0.0000000620687543
     58.0580597       0.0000000618547493
     58.1581573       0.0000000616418614
     58.2582588       0.0000000614300583
     58.3583565       0.0000000612192808
     58.4584579       0.0000000610096384
     58.5585594       0.0000000608010953
     58.6586571       0.0000000605935600
     58.7587585       0.0000000603871634
     58.8588600       0.0000000601817954
     58.9589577       0.0000000599773791
     59.0590591       0.0000000597741370
     59.1591606       0.0000000595718641
     59.2592583       0.0000000593706271
     59.3593597       0.0000000591703824
     59.4594612       0.0000000589711903
     59.5595589       0.0000000587729590
     59.6596603       0.0000000585757709
     59.7597580       0.0000000583795694
     59.8598595       0.0000000581842858
     59.9599609       0.0000000579900792
     60.0600586       0.0000000577967908
     60.1601601       0.0000000576044612
     60.2602615       0.0000000574131063
     60.3603592       0.0000000572227068
     60.4604607       0.0000000570332201
     60.5605621       0.0000000568447134
     60.6606598       0.0000000566571440
     60.7607613       0.0000000564704447
     60.8608627       0.0000000562846798
     60.9609604       0.0000000560999112
     61.0610619       0.0000000559159442
     61.1611595       0.0000000557329731
     61.2612610       0.0000000555508658
     61.3613625       0.0000000553696615
     61.4614601       0.0000000551892746
     61.5615616       0.0000000550097865
     61.6616631       0.0000000548312356
     61.7617607       0.0000000546535271
     61.8618622       0.0000000544766553
     61.9619637       0.0000000543006496
     62.0620613       0.0000000541255233
     62.1621628       0.0000000539512668
     62.2622604       0.0000000537777122
     62.3623619       0.0000000536051666
     62.4624634       0.0000000534333242
     62.5625610       0.0000000532623776
     62.6626625       0.0000000530921867
     62.7627640       0.0000000529229170
     62.8628616       0.0000000527543462
     62.9629631       0.0000000525866458
     63.0630646       0.0000000524197177
     63.1631622       0.0000000522536281
     63.2632637       0.0000000520882517
     63.3633652       0.0000000519237012
     63.4634628       0.0000000517599143
     63.5635643       0.0000000515969313
     63.6636620       0.0000000514346718
     63.7637634       0.0000000512731912
     63.8638649       0.0000000511124622
     63.9639626       0.0000000509525089
     64.0640640       0.0000000507933616
     64.1641617       0.0000000506348924
     64.2642670       0.0000000504771043
     64.3643646       0.0000000503201400
     64.4644623       0.0000000501639082
     64.5645676       0.0000000500083726
     64.6646652       0.0000000498535487
     64.7647629       0.0000000496994958
     64.8648682       0.0000000495461061
     64.9649658       0.0000000493934541
     65.0650635       0.0000000492414925
     65.1651688       0.0000000490901933
     65.2652664       0.0000000489396458
     65.3653641       0.0000000487898000
     65.4654617       0.0000000486405964
     65.5655670       0.0000000484920927
     65.6656647       0.0000000483442816
     65.7657623       0.0000000481971532
     65.8658676       0.0000000480506303
     65.9659653       0.0000000479048369
     66.0660629       0.0000000477597105
     66.1661682       0.0000000476152298
     66.2662659       0.0000000474713637
     66.3663635       0.0000000473282023
     66.4664688       0.0000000471856892
     66.5665665       0.0000000470437544
     66.6666641       0.0000000469024970
     66.7667694       0.0000000467618831
     66.8668671       0.0000000466218703
     66.9669647       0.0000000464825733
     67.0670700       0.0000000463438021
     67.1671677       0.0000000462056927
     67.2672653       0.0000000460682290
     67.3673706       0.0000000459313080
     67.4674683       0.0000000457950643
     67.5675659       0.0000000456594040
     67.6676712       0.0000000455243394
     67.7677689       0.0000000453898426
     67.8678665       0.0000000452559423
     67.9679642       0.0000000451226813
     68.0680695       0.0000000449899728
     68.1681671       0.0000000448578850
     68.2682648       0.0000000447263561
     68.3683701       0.0000000445954076
     68.4684677       0.0000000444650183
     68.5685654       0.0000000443352002
     68.6686707       0.0000000442060042
     68.7687683       0.0000000440772978
     68.8688660       0.0000000439492017
     68.9689713       0.0000000438216339
     69.0690689       0.0000000436946551
     69.1691666       0.0000000435681869
     69.2692719       0.0000000434423009
     69.3693695       0.0000000433169492
     69.4694672       0.0000000431921169
     69.5695724       0.0000000430678183
     69.6696701       0.0000000429441136
     69.7697678       0.0000000428209163
     69.8698730       0.0000000426982192
     69.9699707       0.0000000425760483
     70.0700684       0.0000000424544947
     70.1701736       0.0000000423333602
     70.2702713       0.0000000422127472
     70.3703690       0.0000000420926797
     70.4704742       0.0000000419730878
     70.5705719       0.0000000418540782
     70.6706696       0.0000000417355168
     70.7707672       0.0000000416174787
     70.8708725       0.0000000414999395
     70.9709702       0.0000000413828808
     71.0710678       0.0000000412663242
     71.1711731       0.0000000411502689
     71.2712708       0.0000000410346897
     71.3713684       0.0000000409196243
     71.4714737       0.0000000408050359
     71.5715714       0.0000000406909158
     71.6716690       0.0000000405772735
     71.7717743       0.0000000404640796
     71.8718719       0.0000000403513738
     71.9719696       0.0000000402391719
     72.0720749       0.0000000401274184
     72.1721725       0.0000000400161213
     72.2722702       0.0000000399053121
     72.3723755       0.0000000397949111
     72.4724731       0.0000000396850137
     72.5725708       0.0000000395755588
     72.6726761       0.0000000394665420
     72.7727737       0.0000000393579687
     72.8728714       0.0000000392498736
     72.9729767       0.0000000391422032
     73.0730743       0.0000000390349889
     73.1731720       0.0000000389282206
     73.2732697       0.0000000388219182
     73.3733749       0.0000000387159694
     73.4734726       0.0000000386104861
     73.5735703       0.0000000385054709
     73.6736755       0.0000000384008405
     73.7737732       0.0000000382966110
     73.8738708       0.0000000381928615
     73.9739761       0.0000000380895394
     74.0740738       0.0000000379866270
     74.1741714       0.0000000378841033
     74.2742767       0.0000000377819977
     74.3743744       0.0000000376803414
     74.4744720       0.0000000375790648
     74.5745773       0.0000000374781966
     74.6746750       0.0000000373777082
     74.7747726       0.0000000372776704
     74.8748779       0.0000000371780357
     74.9749756       0.0000000370787693
     75.0750732       0.0000000369799053
     75.1751785       0.0000000368814465
     75.2752762       0.0000000367833701
     75.3753738       0.0000000366856524
     75.4754791       0.0000000365884016
     75.5755768       0.0000000364914910
     75.6756744       0.0000000363949395
     75.7757721       0.0000000362988194
     75.8758774       0.0000000362030906
     75.9759750       0.0000000361077178
     76.0760727       0.0000000360127170
     76.1761780       0.0000000359180548
     76.2762756       0.0000000358238011
     76.3763733       0.0000000357299204
     76.4764786       0.0000000356364044
     76.5765762       0.0000000355432666
     76.6766739       0.0000000354504586
     76.7767792       0.0000000353580429
     76.8768768       0.0000000352659909
     76.9769745       0.0000000351743205
     77.0770798       0.0000000350829475
     77.1771774       0.0000000349919562
     77.2772751       0.0000000349013558
     77.3773804       0.0000000348110345
     77.4774780       0.0000000347210979
     77.5775757       0.0000000346314950
     77.6776810       0.0000000345422742
     77.7777786       0.0000000344533459
     77.8778763       0.0000000343648161
     77.9779816       0.0000000342766187
     78.0780792       0.0000000341887684
     78.1781769       0.0000000341012281
     78.2782745       0.0000000340140205
     78.3783798       0.0000000339271302
     78.4784775       0.0000000338405888
     78.5785751       0.0000000337544175
     78.6786804       0.0000000336685618
     78.7787781       0.0000000335830168
     78.8788757       0.0000000334977950
     78.9789810       0.0000000334128891
     79.0790787       0.0000000333283179
     79.1791763       0.0000000332440677
     79.2792816       0.0000000331601410
     79.3793793       0.0000000330765268
     79.4794769       0.0000000329932316
     79.5795822       0.0000000329102429
     79.6796799       0.0000000328275406
     79.7797775       0.0000000327452026
     79.8798828       0.0000000326631491
     79.9799805       0.0000000325813803
     80.0800781       0.0000000324999493
     80.1801834       0.0000000324188062
     80.2802811       0.0000000323379851
     80.3803787       0.0000000322574693
     80.4804840       0.0000000321772302
     80.5805817       0.0000000320973131
     80.6806793       0.0000000320177115
     80.7807770       0.0000000319383612
     80.8808823       0.0000000318593292
     80.9809799       0.0000000317805671
     81.0810776       0.0000000317020961
     81.1811829       0.0000000316239551
     81.2812805       0.0000000315460779
     81.3813782       0.0000000314684798
     81.4814835       0.0000000313911871
     81.5815811       0.0000000313141734
     81.6816788       0.0000000312374263
     81.7817841       0.0000000311609578
     81.8818817       0.0000000310847740
     81.9819794       0.0000000310088867
     82.0820847       0.0000000309332962
     82.1821823       0.0000000308579542
     82.2822800       0.0000000307828812
     82.3823853       0.0000000307080952
     82.4824829       0.0000000306335698
     82.5825806       0.0000000305593167
     82.6826859       0.0000000304853442
     82.7827835       0.0000000304116452
     82.8828812       0.0000000303381995
     82.9829865       0.0000000302650279
     83.0830841       0.0000000301921142
     83.1831818       0.0000000301194489
     83.2832794       0.0000000300470479
     83.3833847       0.0000000299749277
     83.4834824       0.0000000299030798
     83.5835800       0.0000000298314394
     83.6836853       0.0000000297601282
     83.7837830       0.0000000296890042
     83.8838806       0.0000000296181795
     83.9839859       0.0000000295475910
     84.0840836       0.0000000294772291
     84.1841812       0.0000000294071648
     84.2842865       0.0000000293373446
     84.3843842       0.0000000292677449
     84.4844818       0.0000000291983866
     84.5845871       0.0000000291293080
     84.6846848       0.0000000290604641
     84.7847824       0.0000000289918553
     84.8848877       0.0000000289234674
     84.9849854       0.0000000288553591
     85.0850830       0.0000000287874734
     85.1851883       0.0000000287198377
     85.2852859       0.0000000286524447
     85.3853836       0.0000000285852636
     85.4854889       0.0000000285183506
     85.5855865       0.0000000284516439
     85.6856842       0.0000000283852185
     85.7857895       0.0000000283189720
     85.8858871       0.0000000282529650
     85.9859848       0.0000000281871954
     86.0860825       0.0000000281216487
     86.1861877       0.0000000280563528
     86.2862854       0.0000000279912837
     86.3863831       0.0000000279264180
     86.4864883       0.0000000278617565
     86.5865860       0.0000000277973715
     86.6866837       0.0000000277332039
     86.7867889       0.0000000276692275
     86.8868866       0.0000000276054843
     86.9869843       0.0000000275419688
     87.0870895       0.0000000274786677
     87.1871872       0.0000000274155511
     87.2872849       0.0000000273526915
     87.3873901       0.0000000272900448
     87.4874878       0.0000000272276449
     87.5875854       0.0000000271653943
     87.6876907       0.0000000271034138
     87.7877884       0.0000000270416022
     87.8878860       0.0000000269800293
     87.9879913       0.0000000269186471
     88.0880890       0.0000000268574568
     88.1881866       0.0000000267965071
     88.2882919       0.0000000267357783
     88.3883896       0.0000000266752353
     88.4884872       0.0000000266148832
     88.5885849       0.0000000265547473
     88.6886902       0.0000000264948292
     88.7887878       0.0000000264351036
     88.8888855       0.0000000263755752
     88.9889908       0.0000000263162378
     89.0890884       0.0000000262571150
     89.1891861       0.0000000261982036
     89.2892914       0.0000000261394488
     89.3893890       0.0000000260809367
     89.4894867       0.0000000260225937
     89.5895920       0.0000000259644807
     89.6896896       0.0000000259065401
     89.7897873       0.0000000258487828
     89.8898926       0.0000000257912429
     89.9899902       0.0000000257338693
     90.0900879       0.0000000256766899
     90.1901932       0.0000000256197077
     90.2902908       0.0000000255628982
     90.3903885       0.0000000255062874
     90.4904938       0.0000000254498858
     90.5905914       0.0000000253936524
     90.6906891       0.0000000253376039
     90.7907944       0.0000000252817355
     90.8908920       0.0000000252260581
     90.9909897       0.0000000251705656
     91.0910873       0.0000000251152804
     91.1911926       0.0000000250601481
     91.2912903       0.0000000250052022
     91.3913879       0.0000000249504364
     91.4914932       0.0000000248958373
     91.5915909       0.0000000248414287
     91.6916885       0.0000000247872254
     91.7917938       0.0000000247331487
     91.8918915       0.0000000246793009
     91.9919891       0.0000000246255962
     92.0920944       0.0000000245720678
     92.1921921       0.0000000245187227
     92.2922897       0.0000000244655514
     92.3923950       0.0000000244125525
     92.4924927       0.0000000243597227
     92.5925903       0.0000000243070668
     92.6926956       0.0000000242545800
     92.7927933       0.0000000242022640
     92.8928909       0.0000000241501119
     92.9929962       0.0000000240981311
     93.0930939       0.0000000240463210
     93.1931915       0.0000000239946802
     93.2932968       0.0000000239431793
     93.3933945       0.0000000238918752
     93.4934921       0.0000000238407294
     93.5935898       0.0000000237897511
     93.6936951       0.0000000237389310
     93.7937927       0.0000000236882688
     93.8938904       0.0000000236377682
     93.9939957       0.0000000235874337
     94.0940933       0.0000000235372700
     94.1941910       0.0000000234872405
     94.2942963       0.0000000234373758
     94.3943939       0.0000000233876868
     94.4944916       0.0000000233381353
     94.5945969       0.0000000232887580
     94.6946945       0.0000000232395548
     94.7947922       0.0000000231904607
     94.8948975       0.0000000231415519
     94.9949951       0.0000000230927919
     95.0950928       0.0000000230442184
     95.1951981       0.0000000229957402
     95.2952957       0.0000000229474517
     95.3953934       0.0000000228993058
     95.4954987       0.0000000228513149
     95.5955963       0.0000000228034512
     95.6956940       0.0000000227557753
     95.7957993       0.0000000227082187
     95.8958969       0.0000000226608325
     95.9959946       0.0000000226135644
     96.0960999       0.0000000225664528
     96.1961975       0.0000000225195242
     96.2962952       0.0000000224727164
     96.3963928       0.0000000224260483
     96.4964981       0.0000000223795272
     96.5965958       0.0000000223331613
     96.6966934       0.0000000222869351
     96.7967987       0.0000000222408422
     96.8968964       0.0000000221948919
     96.9969940       0.0000000221490889
     97.0970993       0.0000000221034419
     97.1971970       0.0000000220579197
     97.2972946       0.0000000220125368
     97.3973999       0.0000000219672918
     97.4974976       0.0000000219222227
     97.5975952       0.0000000218772477
     97.6977005       0.0000000218324180
     97.7977982       0.0000000217877325
     97.8978958       0.0000000217432045
     97.9980011       0.0000000216987870
     98.0980988       0.0000000216545121
     98.1981964       0.0000000216103795
     98.2983017       0.0000000215663696
     98.3983994       0.0000000215224991
     98.4984970       0.0000000214787606
     98.5986023       0.0000000214351739
     98.6987000       0.0000000213917046
     98.7987976       0.0000000213483642
     98.8988953       0.0000000213051583
     98.9990005       0.0000000212621098
     99.0990982       0.0000000212191656
     99.1991959       0.0000000211763300
     99.2993011       0.0000000211336615
     99.3993988       0.0000000210911047
     99.4994965       0.0000000210486778
     99.5996017       0.0000000210063731
     99.6996994       0.0000000209641803
     99.7997971       0.0000000209221590
     99.8999023       0.0000000208802155
    100.0000000       0.0000000208384234
