# xi		u_parallel
       0.0000000000000000     -10.0000000000000000
       0.0000000000000000      -9.9799995422363281
       0.0000000000000000      -9.9600000381469727
       0.0000000000000000      -9.9399995803833008
       0.0000000000000000      -9.9200000762939453
       0.0000000000000000      -9.8999996185302734
       0.0000000000000000      -9.8800001144409180
       0.0000000000000000      -9.8599996566772461
       0.0000000000000000      -9.8400001525878906
       0.0000000000000000      -9.8199996948242188
       0.0000000000000000      -9.8000001907348633
       0.0000000000000000      -9.7799997329711914
       0.0000000000000000      -9.7600002288818359
       0.0000000000000000      -9.7399997711181641
       0.0000000000000000      -9.7200002670288086
       0.0000000000000000      -9.6999998092651367
       0.0000000000000000      -9.6800003051757812
       0.0000000000000000      -9.6599998474121094
       0.0000000000000000      -9.6400003433227539
       0.0000000000000000      -9.6199998855590820
       0.0000000000000000      -9.6000003814697266
       0.0000000000000000      -9.5799999237060547
       0.0000000000000000      -9.5600004196166992
       0.0000000000000000      -9.5399999618530273
       0.0000000000000000      -9.5200004577636719
       0.0000000000000000      -9.5000000000000000
       0.0000000000000000      -9.4799995422363281
       0.0000000000000000      -9.4600000381469727
       0.0000000000000000      -9.4399995803833008
       0.0000000000000000      -9.4200000762939453
       0.0000000000000000      -9.3999996185302734
       0.0000000000000000      -9.3800001144409180
       0.0000000000000000      -9.3599996566772461
       0.0000000000000000      -9.3400001525878906
       0.0000000000000000      -9.3199996948242188
       0.0000000000000000      -9.3000001907348633
       0.0000000000000000      -9.2799997329711914
       0.0000000000000000      -9.2600002288818359
       0.0000000000000000      -9.2399997711181641
       0.0000000000000000      -9.2200002670288086
       0.0000000000000000      -9.1999998092651367
       0.0000000000000000      -9.1800003051757812
       0.0000000000000000      -9.1599998474121094
       0.0000000000000000      -9.1400003433227539
       0.0000000000000000      -9.1199998855590820
       0.0000000000000000      -9.1000003814697266
       0.0000000000000000      -9.0799999237060547
       0.0000000000000000      -9.0600004196166992
       0.0000000000000000      -9.0399999618530273
       0.0000000000000000      -9.0200004577636719
       0.0000000000000000      -9.0000000000000000
       0.0000000000000000      -8.9799995422363281
       0.0000000000000000      -8.9600000381469727
       0.0000000000000000      -8.9400005340576172
       0.0000000000000000      -8.9200000762939453
       0.0000000000000000      -8.8999996185302734
       0.0000000000000000      -8.8800001144409180
       0.0000000000000000      -8.8599996566772461
       0.0000000000000000      -8.8400001525878906
       0.0000000000000000      -8.8199996948242188
       0.0000000000000000      -8.8000001907348633
       0.0000000000000000      -8.7799997329711914
       0.0000000000000000      -8.7600002288818359
       0.0000000000000000      -8.7399997711181641
       0.0000000000000000      -8.7200002670288086
       0.0000000000000000      -8.6999998092651367
       0.0000000000000000      -8.6800003051757812
       0.0000000000000000      -8.6599998474121094
       0.0000000000000000      -8.6400003433227539
       0.0000000000000000      -8.6199998855590820
       0.0000000000000000      -8.6000003814697266
       0.0000000000000000      -8.5799999237060547
       0.0000000000000000      -8.5600004196166992
       0.0000000000000000      -8.5399999618530273
       0.0000000000000000      -8.5200004577636719
       0.0000000000000000      -8.5000000000000000
       0.0000000000000000      -8.4799995422363281
       0.0000000000000000      -8.4600000381469727
       0.0000000000000000      -8.4400005340576172
       0.0000000000000000      -8.4200000762939453
       0.0000000000000000      -8.3999996185302734
       0.0000000000000000      -8.3800001144409180
       0.0000000000000000      -8.3599996566772461
       0.0000000000000000      -8.3400001525878906
       0.0000000000000000      -8.3199996948242188
       0.0000000000000000      -8.3000001907348633
       0.0000000000000000      -8.2799997329711914
       0.0000000000000000      -8.2600002288818359
       0.0000000000000000      -8.2399997711181641
       0.0000000000000000      -8.2200002670288086
       0.0000000000000000      -8.1999998092651367
       0.0000000000000000      -8.1800003051757812
       0.0000000000000000      -8.1599998474121094
       0.0000000000000000      -8.1400003433227539
       0.0000000000000000      -8.1199998855590820
       0.0000000000000000      -8.1000003814697266
       0.0000000000000000      -8.0799999237060547
       0.0000000000000000      -8.0600004196166992
       0.0000000000000000      -8.0399999618530273
       0.0000000000000000      -8.0200004577636719
       0.0000000000000000      -8.0000000000000000
       0.0000000000000000      -7.9800000190734863
       0.0000000000000000      -7.9600000381469727
       0.0000000000000000      -7.9400000572204590
       0.0000000000000000      -7.9200000762939453
       0.0000000000000000      -7.9000000953674316
       0.0000000000000000      -7.8800001144409180
       0.0000000000000000      -7.8600001335144043
       0.0000000000000000      -7.8400001525878906
       0.0000000000000000      -7.8199996948242188
       0.0000000000000000      -7.8000001907348633
       0.0000000000000000      -7.7799997329711914
       0.0000000000000000      -7.7600002288818359
       0.0000000000000000      -7.7399997711181641
       0.0000000000000000      -7.7200002670288086
       0.0000000000000000      -7.6999998092651367
       0.0000000000000000      -7.6800003051757812
       0.0000000000000000      -7.6599998474121094
       0.0000000000000000      -7.6400003433227539
       0.0000000000000000      -7.6199998855590820
       0.0000000000000000      -7.6000003814697266
       0.0000000000000000      -7.5799999237060547
       0.0000000000000000      -7.5599999427795410
       0.0000000000000000      -7.5399999618530273
       0.0000000000000000      -7.5199999809265137
       0.0000000000000000      -7.5000000000000000
       0.0000000000000000      -7.4800000190734863
       0.0000000000000000      -7.4600000381469727
       0.0000000000000000      -7.4400000572204590
       0.0000000000000000      -7.4200000762939453
       0.0000000000000000      -7.4000000953674316
       0.0000000000000000      -7.3800001144409180
       0.0000000000000000      -7.3600001335144043
       0.0000000000000000      -7.3400001525878906
       0.0000000000000000      -7.3200001716613770
       0.0000000000000000      -7.3000001907348633
       0.0000000000000000      -7.2799997329711914
       0.0000000000000000      -7.2600002288818359
       0.0000000000000000      -7.2399997711181641
       0.0000000000000000      -7.2200002670288086
       0.0000000000000000      -7.1999998092651367
       0.0000000000000000      -7.1800003051757812
       0.0000000000000000      -7.1599998474121094
       0.0000000000000000      -7.1400003433227539
       0.0000000000000000      -7.1199998855590820
       0.0000000000000000      -7.1000003814697266
       0.0000000000000000      -7.0799999237060547
       0.0000000000000000      -7.0600004196166992
       0.0000000000000000      -7.0399999618530273
       0.0000000000000000      -7.0199999809265137
       0.0000000000000000      -7.0000000000000000
       0.0000000000000000      -6.9800000190734863
       0.0000000000000000      -6.9600000381469727
       0.0000000000000000      -6.9400000572204590
       0.0000000000000000      -6.9200000762939453
       0.0000000000000000      -6.9000000953674316
       0.0000000000000000      -6.8800001144409180
       0.0000000000000000      -6.8600001335144043
       0.0000000000000000      -6.8400001525878906
       0.0000000000000000      -6.8200001716613770
       0.0000000000000000      -6.8000001907348633
       0.0000000000000000      -6.7799997329711914
       0.0000000000000000      -6.7600002288818359
       0.0000000000000000      -6.7399997711181641
       0.0000000000000000      -6.7200002670288086
       0.0000000000000000      -6.6999998092651367
       0.0000000000000000      -6.6800003051757812
       0.0000000000000000      -6.6599998474121094
       0.0000000000000000      -6.6400003433227539
       0.0000000000000000      -6.6199998855590820
       0.0000000000000000      -6.6000003814697266
       0.0000000000000000      -6.5799999237060547
       0.0000000000000000      -6.5600004196166992
       0.0000000000000000      -6.5399999618530273
       0.0000000000000000      -6.5199999809265137
       0.0000000000000000      -6.5000000000000000
       0.0000000000000000      -6.4800000190734863
       0.0000000000000000      -6.4600000381469727
       0.0000000000000000      -6.4400000572204590
       0.0000000000000000      -6.4200000762939453
       0.0000000000000000      -6.4000000953674316
       0.0000000000000000      -6.3800001144409180
       0.0000000000000000      -6.3600001335144043
       0.0000000000000000      -6.3400001525878906
       0.0000000000000000      -6.3200001716613770
       0.0000000000000000      -6.3000001907348633
       0.0000000000000000      -6.2799997329711914
       0.0000000000000000      -6.2600002288818359
       0.0000000000000000      -6.2399997711181641
       0.0000000000000000      -6.2200002670288086
       0.0000000000000000      -6.1999998092651367
       0.0000000000000000      -6.1800003051757812
       0.0000000000000000      -6.1599998474121094
       0.0000000000000000      -6.1400003433227539
       0.0000000000000000      -6.1199998855590820
       0.0000000000000000      -6.1000003814697266
       0.0000000000000000      -6.0799999237060547
       0.0000000000000000      -6.0600004196166992
       0.0000000000000000      -6.0399999618530273
       0.0000000000000000      -6.0199999809265137
       0.0000000000000000      -6.0000000000000000
       0.0000000000000000      -5.9800000190734863
       0.0000000000000000      -5.9600000381469727
       0.0000000000000000      -5.9400000572204590
       0.0000000000000000      -5.9200000762939453
       0.0000000000000000      -5.9000000953674316
       0.0000000000000000      -5.8800001144409180
       0.0000000000000000      -5.8600001335144043
       0.0000000000000000      -5.8400001525878906
       0.0000000000000000      -5.8200001716613770
       0.0000000000000000      -5.8000001907348633
       0.0000000000000000      -5.7800002098083496
       0.0000000000000000      -5.7600002288818359
       0.0000000000000000      -5.7400002479553223
       0.0000000000000000      -5.7200002670288086
       0.0000000000000000      -5.7000002861022949
       0.0000000000000000      -5.6800003051757812
       0.0000000000000000      -5.6600003242492676
       0.0000000000000000      -5.6399998664855957
       0.0000000000000000      -5.6199998855590820
       0.0000000000000000      -5.5999999046325684
       0.0000000000000000      -5.5799999237060547
       0.0000000000000000      -5.5599999427795410
       0.0000000000000000      -5.5399999618530273
       0.0000000000000000      -5.5199999809265137
       0.0000000000000000      -5.5000000000000000
       0.0000000000000000      -5.4800000190734863
       0.0000000000000000      -5.4600000381469727
       0.0000000000000000      -5.4400000572204590
       0.0000000000000000      -5.4200000762939453
       0.0000000000000000      -5.4000000953674316
       0.0000000000000000      -5.3800001144409180
       0.0000000000000000      -5.3600001335144043
       0.0000000000000000      -5.3400001525878906
       0.0000000000000000      -5.3200001716613770
       0.0000000000000000      -5.3000001907348633
       0.0000000000000000      -5.2800002098083496
       0.0000000000000000      -5.2600002288818359
       0.0000000000000000      -5.2400002479553223
       0.0000000000000000      -5.2200002670288086
       0.0000000000000000      -5.2000002861022949
       0.0000000000000000      -5.1800003051757812
       0.0000000000000000      -5.1600003242492676
       0.0000000000000000      -5.1400003433227539
       0.0000000000000000      -5.1199998855590820
       0.0000000000000000      -5.0999999046325684
       0.0000000000000000      -5.0799999237060547
       0.0000000000000000      -5.0599999427795410
       0.0000000000000000      -5.0399999618530273
       0.0000000000000000      -5.0199999809265137
       0.0000000000000000      -5.0000000000000000
       0.0000000000000000      -4.9800000190734863
       0.0000000000000000      -4.9600000381469727
       0.0000000000000000      -4.9400000572204590
       0.0000000000000000      -4.9200000762939453
       0.0000000000000000      -4.9000000953674316
       0.0000000000000001      -4.8800001144409180
       0.0000000000000001      -4.8600001335144043
       0.0000000000000001      -4.8400001525878906
       0.0000000000000001      -4.8200001716613770
       0.0000000000000001      -4.8000001907348633
       0.0000000000000001      -4.7800002098083496
       0.0000000000000002      -4.7600002288818359
       0.0000000000000002      -4.7400002479553223
       0.0000000000000003      -4.7200002670288086
       0.0000000000000003      -4.7000002861022949
       0.0000000000000004      -4.6800003051757812
       0.0000000000000005      -4.6600003242492676
       0.0000000000000006      -4.6400003433227539
       0.0000000000000007      -4.6199998855590820
       0.0000000000000009      -4.5999999046325684
       0.0000000000000011      -4.5799999237060547
       0.0000000000000013      -4.5599999427795410
       0.0000000000000016      -4.5399999618530273
       0.0000000000000019      -4.5199999809265137
       0.0000000000000023      -4.5000000000000000
       0.0000000000000028      -4.4800000190734863
       0.0000000000000034      -4.4600000381469727
       0.0000000000000042      -4.4400000572204590
       0.0000000000000050      -4.4200000762939453
       0.0000000000000061      -4.4000000953674316
       0.0000000000000074      -4.3800001144409180
       0.0000000000000089      -4.3600001335144043
       0.0000000000000108      -4.3400001525878906
       0.0000000000000130      -4.3200001716613770
       0.0000000000000157      -4.3000001907348633
       0.0000000000000189      -4.2800002098083496
       0.0000000000000227      -4.2600002288818359
       0.0000000000000273      -4.2400002479553223
       0.0000000000000329      -4.2200002670288086
       0.0000000000000395      -4.2000002861022949
       0.0000000000000474      -4.1800003051757812
       0.0000000000000569      -4.1600003242492676
       0.0000000000000682      -4.1400003433227539
       0.0000000000000816      -4.1200003623962402
       0.0000000000000977      -4.0999999046325684
       0.0000000000001169      -4.0799999237060547
       0.0000000000001397      -4.0599999427795410
       0.0000000000001669      -4.0399999618530273
       0.0000000000001992      -4.0199999809265137
       0.0000000000002376      -4.0000000000000000
       0.0000000000002832      -3.9800000190734863
       0.0000000000003372      -3.9600000381469727
       0.0000000000004013      -3.9400000572204590
       0.0000000000004773      -3.9200000762939453
       0.0000000000005673      -3.9000000953674316
       0.0000000000006737      -3.8800001144409180
       0.0000000000007994      -3.8600001335144043
       0.0000000000009480      -3.8400001525878906
       0.0000000000011235      -3.8200001716613770
       0.0000000000013304      -3.8000001907348633
       0.0000000000015743      -3.7800002098083496
       0.0000000000018617      -3.7600002288818359
       0.0000000000021999      -3.7400002479553223
       0.0000000000025977      -3.7200002670288086
       0.0000000000030653      -3.7000002861022949
       0.0000000000036146      -3.6800003051757812
       0.0000000000042593      -3.6600003242492676
       0.0000000000050154      -3.6400003433227539
       0.0000000000059016      -3.6200003623962402
       0.0000000000069395      -3.6000003814697266
       0.0000000000081543      -3.5799999237060547
       0.0000000000095750      -3.5599999427795410
       0.0000000000112354      -3.5399999618530273
       0.0000000000131745      -3.5199999809265137
       0.0000000000154376      -3.5000000000000000
       0.0000000000180770      -3.4800000190734863
       0.0000000000211529      -3.4600000381469727
       0.0000000000247352      -3.4400000572204590
       0.0000000000289041      -3.4200000762939453
       0.0000000000337524      -3.4000000953674316
       0.0000000000393870      -3.3800001144409180
       0.0000000000459306      -3.3600001335144043
       0.0000000000535248      -3.3400001525878906
       0.0000000000623320      -3.3200001716613770
       0.0000000000725389      -3.3000001907348633
       0.0000000000843598      -3.2800002098083496
       0.0000000000980406      -3.2600002288818359
       0.0000000001138628      -3.2400002479553223
       0.0000000001321493      -3.2200002670288086
       0.0000000001532693      -3.2000002861022949
       0.0000000001776453      -3.1800003051757812
       0.0000000002057600      -3.1600003242492676
       0.0000000002381649      -3.1400003433227539
       0.0000000002754894      -3.1200003623962402
       0.0000000003184514      -3.1000003814697266
       0.0000000003678703      -3.0799999237060547
       0.0000000004246758      -3.0599999427795410
       0.0000000004899296      -3.0399999618530273
       0.0000000005648383      -3.0199999809265137
       0.0000000006507734      -3.0000000000000000
       0.0000000007492926      -2.9800000190734863
       0.0000000008621641      -2.9600000381469727
       0.0000000009913939      -2.9400000572204590
       0.0000000011392559      -2.9200000762939453
       0.0000000013083259      -2.9000000953674316
       0.0000000015015204      -2.8800001144409180
       0.0000000017221388      -2.8600001335144043
       0.0000000019739114      -2.8400001525878906
       0.0000000022610534      -2.8200001716613770
       0.0000000025883241      -2.8000001907348633
       0.0000000029610946      -2.7800002098083496
       0.0000000033854218      -2.7600002288818359
       0.0000000038681322      -2.7400002479553223
       0.0000000044169145      -2.7200002670288086
       0.0000000050404235      -2.7000002861022949
       0.0000000057483955      -2.6800003051757812
       0.0000000065517765      -2.6600003242492676
       0.0000000074628652      -2.6400003433227539
       0.0000000084954723      -2.6200003623962402
       0.0000000096650967      -2.6000003814697266
       0.0000000109891221      -2.5800004005432129
       0.0000000124870730      -2.5599999427795410
       0.0000000141807097      -2.5399999618530273
       0.0000000160945099      -2.5199999809265137
       0.0000000182558287      -2.5000000000000000
       0.0000000206952617      -2.4800000190734863
       0.0000000234470109      -2.4600000381469727
       0.0000000265492892      -2.4400000572204590
       0.0000000300447688      -2.4200000762939453
       0.0000000339810776      -2.4000000953674316
       0.0000000384113477      -2.3800001144409180
       0.0000000433948228      -2.3600001335144043
       0.0000000489975295      -2.3400001525878906
       0.0000000552930196      -2.3200001716613770
       0.0000000623631904      -2.3000001907348633
       0.0000000702991910      -2.2800002098083496
       0.0000000792024240      -2.2600002288818359
       0.0000000891856518      -2.2400002479553223
       0.0000001003742187      -2.2200002670288086
       0.0000001129074001      -2.2000002861022949
       0.0000001269398936      -2.1800003051757812
       0.0000001426434645      -2.1600003242492676
       0.0000001602087644      -2.1400003433227539
       0.0000001798473387      -2.1200003623962402
       0.0000002017938450      -2.1000003814697266
       0.0000002263085029      -2.0800004005432129
       0.0000002536804908      -2.0599999427795410
       0.0000002842282618      -2.0399999618530273
       0.0000003183067557      -2.0199999809265137
       0.0000003563085237      -2.0000000000000000
       0.0000003986673273      -1.9800004959106445
       0.0000004458679459      -1.9600000381469727
       0.0000004984391592      -1.9400005340576172
       0.0000005569765085      -1.9200000762939453
       0.0000006221282035      -1.9000005722045898
       0.0000006946243555      -1.8800001144409180
       0.0000007752594655      -1.8600006103515625
       0.0000008649285931      -1.8400001525878906
       0.0000009646056674      -1.8200006484985352
       0.0000010753882289      -1.8000001907348633
       0.0000011984768401      -1.7799997329711914
       0.0000013351995190      -1.7600002288818359
       0.0000014870482637      -1.7399997711181641
       0.0000016556475819      -1.7200002670288086
       0.0000018428307026      -1.6999998092651367
       0.0000020505949461      -1.6800003051757812
       0.0000022811961375      -1.6599998474121094
       0.0000025370942240      -1.6400003433227539
       0.0000028210703781      -1.6199998855590820
       0.0000031361610250      -1.6000003814697266
       0.0000034858033314      -1.5799999237060547
       0.0000038737555793      -1.5600004196166992
       0.0000043042783204      -1.5399999618530273
       0.0000047820388511      -1.5200004577636719
       0.0000053123374207      -1.5000000000000000
       0.0000059009934843      -1.4800004959106445
       0.0000065546291981      -1.4600000381469727
       0.0000072805352635      -1.4400005340576172
       0.0000080870278476      -1.4200000762939453
       0.0000089832923777      -1.4000005722045898
       0.0000099798354796      -1.3800001144409180
       0.0000110883063748      -1.3600006103515625
       0.0000123220732200      -1.3400001525878906
       0.0000136960243993      -1.3200006484985352
       0.0000152273100327      -1.3000001907348633
       0.0000169352165121      -1.2799997329711914
       0.0000188417010964      -1.2600002288818359
       0.0000209721517786      -1.2399997711181641
       0.0000233552623977      -1.2200002670288086
       0.0000260245019895      -1.1999998092651367
       0.0000290179872652      -1.1800003051757812
       0.0000323804726888      -1.1599998474121094
       0.0000361633823307      -1.1400003433227539
       0.0000404275689000      -1.1199998855590820
       0.0000452436832974      -1.1000003814697266
       0.0000506961121832      -1.0799999237060547
       0.0000568840313004      -1.0600004196166992
       0.0000639272304125      -1.0399999618530273
       0.0000719685380921      -1.0200004577636719
       0.0000811828297542      -1.0000000000000000
       0.0000917822404299      -0.9800004959106445
       0.0001040308791069      -0.9600000381469727
       0.0001182558938130      -0.9400005340576172
       0.0001348731837556      -0.9200000762939453
       0.0001544113866771      -0.9000005722045898
       0.0001775607121986      -0.8800001144409180
       0.0002052275903289      -0.8600006103515625
       0.0002386375818773      -0.8400001525878906
       0.0002794703809418      -0.8200006484985352
       0.0003301074900385      -0.8000001907348633
       0.0003940124758794      -0.7799997329711914
       0.0004764250967191      -0.7600002288818359
       0.0005856664201185      -0.7399997711181641
       0.0007357015909355      -0.7200002670288086
       0.0009519212488211      -0.6999998092651367
       0.0012854941611270      -0.6800003051757812
       0.0018569403402744      -0.6599998474121094
       0.0030308293112252      -0.6400003433227539
       0.0066471985305518      -0.6199998855590820
       0.4981859390222571      -0.6000003814697266
       0.9916772495049221      -0.5799999237060547
       0.9955423262623675      -0.5600004196166992
       0.9968617006199534      -0.5399999618530273
       0.9975361028135986      -0.5200004577636719
       0.9979493819383233      -0.5000000000000000
       0.9982305013125068      -0.4800004959106445
       0.9984352270744236      -0.4600000381469727
       0.9985916283702923      -0.4400005340576172
       0.9987154475556087      -0.4200000762939453
       0.9988161812770660      -0.4000005722045898
       0.9988999364406966      -0.3800001144409180
       0.9989708003476355      -0.3600006103515625
       0.9990316363876738      -0.3400001525878906
       0.9990844942832943      -0.3200006484985352
       0.9991308977394460      -0.3000001907348633
       0.9991719896806899      -0.2800006866455078
       0.9992086579486833      -0.2600002288818359
       0.9992415930682303      -0.2399997711181641
       0.9992713445266549      -0.2200002670288086
       0.9992983590902701      -0.1999998092651367
       0.9993229962185111      -0.1800003051757812
       0.9993455567263801      -0.1599998474121094
       0.9993662868817264      -0.1400003433227539
       0.9993853972895651      -0.1199998855590820
       0.9994030627356071      -0.1000003814697266
       0.9994194355416575      -0.0799999237060547
       0.9994346434997332      -0.0600004196166992
       0.9994487998600596      -0.0399999618530273
       0.9994620004623118      -0.0200004577636719
       0.9994743315316116       0.0000000000000000
       0.9994858665501886       0.0199995040893555
       0.9994966725442064       0.0399999618530273
       0.9995068069587615       0.0599994659423828
       0.9995163228578675       0.0799999237060547
       0.9995252659332287       0.0999994277954102
       0.9995336788851996       0.1199998855590820
       0.9995415986248712       0.1399993896484375
       0.9995490600181958       0.1599998474121094
       0.9995560933040578       0.1799993515014648
       0.9995627273281794       0.1999998092651367
       0.9995689871801663       0.2199993133544922
       0.9995748970103953       0.2399997711181641
       0.9995804781370176       0.2600002288818359
       0.9995857502217528       0.2799997329711914
       0.9995907321353598       0.3000001907348633
       0.9995954403907934       0.3199996948242188
       0.9995998911817382       0.3400001525878906
       0.9996040987268696       0.3599996566772461
       0.9996080770327738       0.3800001144409180
       0.9996118384243416       0.3999996185302734
       0.9996153951285324       0.4200000762939453
       0.9996187579102126       0.4399995803833008
       0.9996219375014419       0.4600000381469727
       0.9996249433716874       0.4799995422363281
       0.9996277849953152       0.5000000000000000
       0.9996304707585005       0.5199995040893555
       0.9996330090625969       0.5399999618530273
       0.9996354073619047       0.5599994659423828
       0.9996376731534193       0.5799999237060547
       0.9996398130931643       0.5999994277954102
       0.9996418338895700       0.6199998855590820
       0.9996437415107355       0.6399993896484375
       0.9996455419787117       0.6599998474121094
       0.9996472406613420       0.6799993515014648
       0.9996488429789422       0.6999998092651367
       0.9996503537717951       0.7199993133544922
       0.9996517779285068       0.7399997711181641
       0.9996531198846644       0.7600002288818359
       0.9996543838700865       0.7799997329711914
       0.9996555740838248       0.8000001907348633
       0.9996566942923386       0.8199996948242188
       0.9996577482947556       0.8400001525878906
       0.9996587395036477       0.8599996566772461
       0.9996596713594158       0.8800001144409180
       0.9996605469550470       0.8999996185302734
       0.9996613694045758       0.9200000762939453
       0.9996621415131772       0.9399995803833008
       0.9996628660994997       0.9600000381469727
       0.9996635457057882       0.9799995422363281
       0.9996641828824501       1.0000000000000000
       0.9996647799327816       1.0199995040893555
       0.9996653391622642       1.0399999618530273
       0.9996658626555081       1.0599994659423828
       0.9996663524951043       1.0799999237060547
       0.9996668105654579       1.0999994277954102
       0.9996672387455167       1.1199998855590820
       0.9996676387367216       1.1399993896484375
       0.9996680122318385       1.1599998474121094
       0.9996683607645950       1.1799993515014648
       0.9996686858574501       1.1999998092651367
       0.9996689888910831       1.2199993133544922
       0.9996692712323738       1.2399997711181641
       0.9996695341216841       1.2599992752075195
       0.9996697787836604       1.2799997329711914
       0.9996700063411276       1.3000001907348633
       0.9996702178582195       1.3199996948242188
       0.9996704143701775       1.3400001525878906
       0.9996705968132512       1.3599996566772461
       0.9996707661226694       1.3800001144409180
       0.9996709231244010       1.3999996185302734
       0.9996710686436787       1.4200000762939453
       0.9996712034261637       1.4399995803833008
       0.9996713281983218       1.4600000381469727
       0.9996714436280441       1.4799995422363281
       0.9996715503541465       1.5000000000000000
       0.9996716489641432       1.5199995040893555
       0.9996717400278173       1.5399999618530273
       0.9996718240618456       1.5599994659423828
       0.9996719015680349       1.5799999237060547
       0.9996719730010152       1.5999994277954102
       0.9996720388018652       1.6199998855590820
       0.9996720993702671       1.6399993896484375
       0.9996721550917872       1.6599998474121094
       0.9996722063164764       1.6799993515014648
       0.9996722533816521       1.6999998092651367
       0.9996722965927043       1.7199993133544922
       0.9996723362435725       1.7399997711181641
       0.9996723725998884       1.7599992752075195
       0.9996724059172506       1.7799997329711914
       0.9996724364277261       1.8000001907348633
       0.9996724643482713       1.8199996948242188
       0.9996724898840812       1.8400001525878906
       0.9996725132214211       1.8599996566772461
       0.9996725345368929       1.8800001144409180
       0.9996725539912433       1.8999996185302734
       0.9996725717366131       1.9200000762939453
       0.9996725879105353       1.9399995803833008
       0.9996726026439695       1.9600000381469727
       0.9996726160545643       1.9799995422363281
       0.9996726282539222       2.0000000000000000
       0.9996726393432503       2.0199995040893555
       0.9996726494170290       2.0399999618530273
       0.9996726585615069       2.0599994659423828
       0.9996726668575722       2.0799999237060547
       0.9996726743778606       2.0999994277954102
       0.9996726811909649       2.1199998855590820
       0.9996726873584069       2.1399993896484375
       0.9996726929383820       2.1599998474121094
       0.9996726979825149       2.1799993515014648
       0.9996727025395261       2.1999998092651367
       0.9996727066533643       2.2199993133544922
       0.9996727103648309       2.2399997711181641
       0.9996727137104662       2.2599992752075195
       0.9996727167248817       2.2799997329711914
       0.9996727194384702       2.3000001907348633
       0.9996727218794860       2.3199996948242188
       0.9996727240741917       2.3400001525878906
       0.9996727260457561       2.3599996566772461
       0.9996727278153963       2.3800001144409180
       0.9996727294026042       2.3999996185302734
       0.9996727308262763       2.4200000762939453
       0.9996727321012358       2.4399995803833008
       0.9996727332424965       2.4600000381469727
       0.9996727342634443       2.4799995422363281
       0.9996727351758408       2.5000000000000000
       0.9996727359910975       2.5199995040893555
       0.9996727367187419       2.5399999618530273
       0.9996727373675784       2.5599994659423828
       0.9996727379462075       2.5799999237060547
       0.9996727384611854       2.5999994277954102
       0.9996727389199219       2.6199998855590820
       0.9996727393276206       2.6399993896484375
       0.9996727396902230       2.6599998474121094
       0.9996727400120494       2.6799993515014648
       0.9996727402977192       2.6999998092651367
       0.9996727405511451       2.7199993133544922
       0.9996727407756776       2.7399997711181641
       0.9996727409743712       2.7599992752075195
       0.9996727411503857       2.7799997329711914
       0.9996727413059147       2.7999992370605469
       0.9996727414434801       2.8199996948242188
       0.9996727415647130       2.8400001525878906
       0.9996727416718121       2.8599996566772461
       0.9996727417663230       2.8800001144409180
       0.9996727418494604       2.8999996185302734
       0.9996727419226693       2.9200000762939453
       0.9996727419871271       2.9399995803833008
       0.9996727420438370       2.9600000381469727
       0.9996727420935287       2.9799995422363281
       0.9996727417156416       3.0000000000000000
       0.9996727421752647       3.0199995040893555
       0.9996727422089183       3.0399999618530273
       0.9996727422383582       3.0599994659423828
       0.9996727422642221       3.0799999237060547
       0.9996727422865433       3.0999994277954102
       0.9996727423062588       3.1199998855590820
       0.9996727423232686       3.1399993896484375
       0.9996727423383319       3.1599998474121094
       0.9996727423514690       3.1799993515014648
       0.9996727423629888       3.1999998092651367
       0.9996727423729218       3.2199993133544922
       0.9996727423815271       3.2399997711181641
       0.9996727423889131       3.2599992752075195
       0.9996727423953755       3.2799997329711914
       0.9996727424010281       3.2999992370605469
       0.9996727424058395       3.3199996948242188
       0.9996727424102072       3.3400001525878906
       0.9996727424138808       3.3599996566772461
       0.9996727424169365       3.3800001144409180
       0.9996727424199059       3.3999996185302734
       0.9996727424223157       3.4200000762939453
       0.9996727424242365       3.4399995803833008
       0.9996727424259483       3.4600000381469727
       0.9996727424275920       3.4799995422363281
       0.9996727424288014       3.5000000000000000
       0.9996727424300916       3.5199995040893555
       0.9996727424308214       3.5399999618530273
       0.9996727424319980       3.5599994659423828
       0.9996727424326791       3.5799999237060547
       0.9996727424333244       3.5999994277954102
       0.9996727424337408       3.6199998855590820
       0.9996727424342121       3.6399993896484375
       0.9996727424346189       3.6599998474121094
       0.9996727424349452       3.6799993515014648
       0.9996727424351665       3.6999998092651367
       0.9996727424352303       3.7199993133544922
       0.9996727424355846       3.7399997711181641
       0.9996727424358847       3.7599992752075195
       0.9996727424360328       3.7799997329711914
       0.9996727424359575       3.7999992370605469
       0.9996727424363603       3.8199996948242188
       0.9996727424362577       3.8400001525878906
       0.9996727424364713       3.8599996566772461
       0.9996727424363603       3.8800001144409180
       0.9996727424365387       3.8999996185302734
       0.9996727424365245       3.9200000762939453
       0.9996727424365668       3.9399995803833008
       0.9996727424366566       3.9600000381469727
       0.9996727424363834       3.9799995422363281
       0.9996727424367130       4.0000000000000000
       0.9996727424367391       4.0199995040893555
       0.9996727424366075       4.0399999618530273
       0.9996727424368164       4.0599994659423828
       0.9996727424366302       4.0799999237060547
       0.9996727424365341       4.0999994277954102
       0.9996727423989047       4.1199998855590820
       0.9996727424366276       4.1399993896484375
       0.9996727424364996       4.1599998474121094
       0.9996727424366515       4.1799993515014648
       0.9996727424368516       4.1999998092651367
       0.9996727424368326       4.2199993133544922
       0.9996727424366388       4.2399997711181641
       0.9996727424366074       4.2599992752075195
       0.9996727424366636       4.2799997329711914
       0.9996727424367303       4.2999992370605469
       0.9996727424367190       4.3199996948242188
       0.9996727424367138       4.3400001525878906
       0.9996727424368160       4.3599996566772461
       0.9996727424367063       4.3800001144409180
       0.9996727424367559       4.3999996185302734
       0.9996727424367333       4.4200000762939453
       0.9996727424366819       4.4399995803833008
       0.9996727424367602       4.4600000381469727
       0.9996727424367867       4.4799995422363281
       0.9996727424367793       4.5000000000000000
       0.9996727424367202       4.5199995040893555
       0.9996727424366059       4.5399999618530273
       0.9996727424366544       4.5599994659423828
       0.9996727424368201       4.5799999237060547
       0.9996727424365967       4.5999994277954102
       0.9996727424366991       4.6199998855590820
       0.9996727424366898       4.6399993896484375
       0.9996727424369000       4.6599998474121094
       0.9996727424368107       4.6799993515014648
       0.9996727424367061       4.6999998092651367
       0.9996727424366355       4.7199993133544922
       0.9996727423203734       4.7399997711181641
       0.9996727424366544       4.7599992752075195
       0.9996727424388628       4.7799997329711914
       0.9996727424365833       4.7999992370605469
       0.9996727424393410       4.8199996948242188
       0.9996727424366533       4.8399991989135742
       0.9996727424368627       4.8599996566772461
       0.9996727424367453       4.8800001144409180
       0.9996727423492129       4.8999996185302734
       0.9996727424368580       4.9200000762939453
       0.9996727424368330       4.9399995803833008
       0.9996727424366365       4.9600000381469727
       0.9996727424366051       4.9799995422363281
       0.9996727424366878       5.0000000000000000
       0.9996727424368026       5.0199995040893555
       0.9996727424366610       5.0399999618530273
       0.9996727424365697       5.0599994659423828
       0.9996727424367303       5.0799999237060547
       0.9996727424366511       5.0999994277954102
       0.9996727424366770       5.1199998855590820
       0.9996727424368796       5.1399993896484375
       0.9996727424366378       5.1599998474121094
       0.9996727424367499       5.1799993515014648
       0.9996727424366665       5.1999998092651367
       0.9996727424366569       5.2199993133544922
       0.9996727424366275       5.2399997711181641
       0.9996727424367655       5.2599992752075195
       0.9996727424366051       5.2799997329711914
       0.9996727424366074       5.2999992370605469
       0.9996727424366175       5.3199996948242188
       0.9996727424368227       5.3399991989135742
       0.9996727424366852       5.3599996566772461
       0.9996727424367963       5.3800001144409180
       0.9996727424367157       5.3999996185302734
       0.9996727424367311       5.4200000762939453
       0.9996727424367610       5.4399995803833008
       0.9996727424367164       5.4600000381469727
       0.9996727424367401       5.4799995422363281
       0.0049958189371698       5.5000000000000000
       0.9996727424368349       5.5199995040893555
       0.9996727424367091       5.5399999618530273
       0.9996727424255377       5.5599994659423828
       0.9996727424366950       5.5799999237060547
       0.9996727424366511       5.5999994277954102
       0.9996727424368158       5.6199998855590820
       0.9996727424368042       5.6399993896484375
       0.9996727424367493       5.6599998474121094
       0.9996727424365818       5.6799993515014648
       0.9996727424365590       5.6999998092651367
       0.0136841508728410       5.7199993133544922
       0.9996727424368727       5.7399997711181641
       0.9996727424367264       5.7599992752075195
       0.9996727424365470       5.7799997329711914
       0.9996727424366392       5.7999992370605469
       0.9996727424365297       5.8199996948242188
       0.0030927456828575       5.8399991989135742
       0.9996727424368576       5.8599996566772461
       0.9996727424366613       5.8800001144409180
       0.9996727424367043       5.8999996185302734
       0.9996727424368343       5.9200000762939453
       0.9996727424367671       5.9399995803833008
       0.9996727424369907       5.9600000381469727
       0.9996727424366039       5.9799995422363281
       0.9996727424369097       6.0000000000000000
       0.9996727424363505       6.0200004577636719
       0.9996727424366548       6.0399990081787109
       0.9996727424367857       6.0599994659423828
       0.9996727424367164       6.0799999237060547
       0.9996727424369491       6.1000003814697266
       0.9996727424367583       6.1199989318847656
       0.9996727424370241       6.1399993896484375
       0.9996727424366673       6.1599998474121094
       0.9996727424367509       6.1800003051757812
       0.9996727424364975       6.1999988555908203
       0.9996727424368143       6.2199993133544922
       0.9996727424370557       6.2399997711181641
       0.9996727424367475       6.2600002288818359
       0.9996727424369597       6.2799987792968750
       0.9996727424365962       6.2999992370605469
       0.9996727424366997       6.3199996948242188
       0.9996727424367012       6.3400001525878906
       0.9996727424368176       6.3599987030029297
       0.9996727424369639       6.3799991607666016
       0.9996727424361409       6.3999996185302734
       0.9996727424368856       6.4200000762939453
       0.9996727424368377       6.4400005340576172
       0.9996727424365112       6.4599990844726562
       0.9996727424367579       6.4799995422363281
       0.9996727424367532       6.5000000000000000
       0.9996727424368251       6.5200004577636719
       0.9996727424365943       6.5399990081787109
       0.9996727424368531       6.5599994659423828
       0.9996727424366121       6.5799999237060547
       0.9996727424365475       6.6000003814697266
       0.9996727424366502       6.6199989318847656
       0.9996727424368912       6.6399993896484375
       0.9996727424367589       6.6599998474121094
       0.9996727424367143       6.6800003051757812
       0.9996727424366502       6.6999988555908203
       0.9996727424365237       6.7199993133544922
       0.9996727424367442       6.7399997711181641
       0.9996727424366221       6.7600002288818359
       0.9996727424368840       6.7799987792968750
       0.9996727424367944       6.7999992370605469
       0.9996727424364983       6.8199996948242188
       0.9996727424367906       6.8400001525878906
       0.9996727424338163       6.8599987030029297
       0.9996727424366999       6.8799991607666016
       0.9996727424369021       6.8999996185302734
       0.9996727424368510       6.9200000762939453
       0.9996727424367360       6.9400005340576172
       0.9996727424366734       6.9599990844726562
       0.9996727424367317       6.9799995422363281
       0.9996727424366759       7.0000000000000000
       0.9996727424368318       7.0200004577636719
       0.9996727424366862       7.0399990081787109
       0.9996727424365303       7.0599994659423828
       0.9996727424368291       7.0799999237060547
       0.9996727424367226       7.1000003814697266
       0.9996727424367550       7.1199989318847656
       0.9996727424366777       7.1399993896484375
       0.9996727424366608       7.1599998474121094
       0.9996727424366607       7.1800003051757812
       0.9996727424364759       7.1999988555908203
       0.9996727424368156       7.2199993133544922
       0.9996727424368176       7.2399997711181641
       0.9996727424367156       7.2600002288818359
       0.9996727424366507       7.2799987792968750
       0.9996727424367921       7.2999992370605469
       0.9996727424367200       7.3199996948242188
       0.9996727424365676       7.3400001525878906
       0.9996727424367069       7.3599987030029297
       0.9996727424367223       7.3799991607666016
       0.9996727424370501       7.3999996185302734
       0.9996727424369155       7.4200000762939453
       0.9996727424367553       7.4400005340576172
       0.9996727424370486       7.4599990844726562
       0.9996727424367752       7.4799995422363281
       0.9996727424368225       7.5000000000000000
       0.9996727424366607       7.5200004577636719
       0.0009421910984384       7.5399990081787109
       0.0013596675066849       7.5599994659423828
       0.9996727424366690       7.5799999237060547
       0.9996727424364491       7.6000003814697266
       0.9996727424365635       7.6199989318847656
       0.9996727424367087       7.6399993896484375
       0.9996727424366278       7.6599998474121094
       0.9996727424367784       7.6800003051757812
       0.9996727424367198       7.6999988555908203
       0.9996727424367416       7.7199993133544922
       0.0089918943684848       7.7399997711181641
       0.9996727424366062       7.7600002288818359
       0.9996727424365699       7.7799987792968750
       0.9996727424367947       7.7999992370605469
       0.9996727424367331       7.8199996948242188
       0.9996727424370694       7.8400001525878906
       0.9996727424367977       7.8599987030029297
       0.9996727424364528       7.8799991607666016
       0.9996727424365992       7.8999996185302734
       0.9996727424367473       7.9200000762939453
       0.9996727424369091       7.9400005340576172
       0.9996727424367977       7.9599990844726562
       0.9996727424365366       7.9799995422363281
       0.9996727424366515       8.0000000000000000
       0.9996727424366981       8.0200004577636719
       0.9996727424369358       8.0399990081787109
       0.9996727424369788       8.0599994659423828
       0.9996727424368614       8.0799999237060547
       0.0036501180852557       8.1000003814697266
       0.9996727424370069       8.1199989318847656
       0.9996727424367448       8.1399993896484375
       0.9996727424365502       8.1599998474121094
       0.9996727424366414       8.1800003051757812
       0.9996727424367865       8.1999988555908203
       0.0021763911759950       8.2199993133544922
       0.9996727424365746       8.2399997711181641
       0.9996727424367050       8.2600002288818359
       0.9996727424365724       8.2799987792968750
       0.9996727424366283       8.2999992370605469
       0.9996727424371769       8.3199996948242188
       0.9996727424366204       8.3400001525878906
       0.9996727424366098       8.3599987030029297
       0.9996727424367025       8.3799991607666016
       0.9996727424369610       8.3999996185302734
       0.9996727424368380       8.4200000762939453
       0.9996727424368037       8.4400005340576172
       0.9996727424369577       8.4599990844726562
       0.9996727424368493       8.4799995422363281
       0.9996727424367448       8.5000000000000000
       0.9996727424366144       8.5200004577636719
       0.9996727424366497       8.5399990081787109
       0.9996727424370465       8.5599994659423828
       0.9996727424368907       8.5799999237060547
       0.9996727424365510       8.6000003814697266
       0.9996727424366332       8.6199989318847656
       0.9996727424364918       8.6399993896484375
       0.9996727424367009       8.6599998474121094
       0.9996727424367841       8.6800003051757812
       0.0023761702374791       8.6999988555908203
       0.0027972003424270       8.7199993133544922
       0.9996727424368287       8.7399997711181641
       0.9996727424368297       8.7600002288818359
       0.9996727424369340       8.7799987792968750
       0.9996727424370599       8.7999992370605469
       0.9996727424367393       8.8199996948242188
       0.9996727424367089       8.8400001525878906
       0.9996727424367362       8.8599987030029297
       0.9996727424367122       8.8799991607666016
       0.9996727424370233       8.8999996185302734
       0.9996727424368606       8.9200000762939453
       0.9996727424368130       8.9399986267089844
       0.9996727424366741       8.9599990844726562
       0.9996727424368357       8.9799995422363281
       0.9996727424366219       9.0000000000000000
       0.9996727424366183       9.0200004577636719
       0.9996727424366402       9.0399990081787109
       0.9996727424366817       9.0599994659423828
       0.9996727424356853       9.0799999237060547
       0.9996727424366874       9.1000003814697266
       0.9996727424367292       9.1199989318847656
       0.9996727424369267       9.1399993896484375
       0.9996727424365012       9.1599998474121094
       0.9996727424369589       9.1800003051757812
       0.9996727424367249       9.1999988555908203
       0.9996727424363842       9.2199993133544922
       0.9996727424367373       9.2399997711181641
       0.9996727424367728       9.2600002288818359
       0.9996727423545680       9.2799987792968750
       0.9996727424367557       9.2999992370605469
       0.9996727424368397       9.3199996948242188
       0.9996727424368228       9.3400001525878906
       0.9996727424369678       9.3599987030029297
       0.9996727424365361       9.3799991607666016
       0.9996727424366147       9.3999996185302734
       0.9996727424367208       9.4200000762939453
       0.9996727424366293       9.4399986267089844
       0.9996727424370502       9.4599990844726562
       0.9996727424368420       9.4799995422363281
       0.9996727424367020       9.5000000000000000
       0.9996727424367228       9.5200004577636719
       0.9996727424368506       9.5399990081787109
       0.9996727423817566       9.5599994659423828
       0.0004060014450181       9.5799999237060547
       0.9996727424365961       9.6000003814697266
       0.9996727424368365       9.6199989318847656
       0.9996727424367015       9.6399993896484375
       0.9996727424367787       9.6599998474121094
       0.9996727424366064       9.6800003051757812
       0.9996727424370476       9.6999988555908203
       0.9996727424364095       9.7199993133544922
       0.9996727424361470       9.7399997711181641
       0.9996727424367452       9.7600002288818359
       0.9996727424366293       9.7799987792968750
       0.9996727424363892       9.7999992370605469
       0.9996727424363600       9.8199996948242188
       0.9996727424365338       9.8400001525878906
       0.9996727424366582       9.8599987030029297
       0.9996727424362972       9.8799991607666016
       0.9996727424366399       9.8999996185302734
       0.9996727424367010       9.9200000762939453
       0.9996727424352960       9.9399986267089844
       0.9996727424366700       9.9599990844726562
       0.9996727424369296       9.9799995422363281
       0.9996727424371468      10.0000000000000000
