# xi		u_parallel
       0.0000000000000000     -10.0000000000000000
       0.0000000000000000      -9.9799995422363281
       0.0000000000000000      -9.9600000381469727
       0.0000000000000000      -9.9399995803833008
       0.0000000000000000      -9.9200000762939453
       0.0000000000000000      -9.8999996185302734
       0.0000000000000000      -9.8800001144409180
       0.0000000000000000      -9.8599996566772461
       0.0000000000000000      -9.8400001525878906
       0.0000000000000000      -9.8199996948242188
       0.0000000000000000      -9.8000001907348633
       0.0000000000000000      -9.7799997329711914
       0.0000000000000000      -9.7600002288818359
       0.0000000000000000      -9.7399997711181641
       0.0000000000000000      -9.7200002670288086
       0.0000000000000000      -9.6999998092651367
       0.0000000000000000      -9.6800003051757812
       0.0000000000000000      -9.6599998474121094
       0.0000000000000000      -9.6400003433227539
       0.0000000000000000      -9.6199998855590820
       0.0000000000000000      -9.6000003814697266
       0.0000000000000000      -9.5799999237060547
       0.0000000000000000      -9.5600004196166992
       0.0000000000000000      -9.5399999618530273
       0.0000000000000000      -9.5200004577636719
       0.0000000000000000      -9.5000000000000000
       0.0000000000000000      -9.4799995422363281
       0.0000000000000000      -9.4600000381469727
       0.0000000000000000      -9.4399995803833008
       0.0000000000000000      -9.4200000762939453
       0.0000000000000000      -9.3999996185302734
       0.0000000000000000      -9.3800001144409180
       0.0000000000000000      -9.3599996566772461
       0.0000000000000000      -9.3400001525878906
       0.0000000000000000      -9.3199996948242188
       0.0000000000000000      -9.3000001907348633
       0.0000000000000000      -9.2799997329711914
       0.0000000000000000      -9.2600002288818359
       0.0000000000000000      -9.2399997711181641
       0.0000000000000000      -9.2200002670288086
       0.0000000000000000      -9.1999998092651367
       0.0000000000000000      -9.1800003051757812
       0.0000000000000000      -9.1599998474121094
       0.0000000000000000      -9.1400003433227539
       0.0000000000000000      -9.1199998855590820
       0.0000000000000000      -9.1000003814697266
       0.0000000000000000      -9.0799999237060547
       0.0000000000000000      -9.0600004196166992
       0.0000000000000000      -9.0399999618530273
       0.0000000000000000      -9.0200004577636719
       0.0000000000000000      -9.0000000000000000
       0.0000000000000000      -8.9799995422363281
       0.0000000000000000      -8.9600000381469727
       0.0000000000000000      -8.9400005340576172
       0.0000000000000000      -8.9200000762939453
       0.0000000000000000      -8.8999996185302734
       0.0000000000000000      -8.8800001144409180
       0.0000000000000000      -8.8599996566772461
       0.0000000000000000      -8.8400001525878906
       0.0000000000000000      -8.8199996948242188
       0.0000000000000000      -8.8000001907348633
       0.0000000000000000      -8.7799997329711914
       0.0000000000000000      -8.7600002288818359
       0.0000000000000000      -8.7399997711181641
       0.0000000000000000      -8.7200002670288086
       0.0000000000000000      -8.6999998092651367
       0.0000000000000000      -8.6800003051757812
       0.0000000000000000      -8.6599998474121094
       0.0000000000000000      -8.6400003433227539
       0.0000000000000000      -8.6199998855590820
       0.0000000000000000      -8.6000003814697266
       0.0000000000000000      -8.5799999237060547
       0.0000000000000000      -8.5600004196166992
       0.0000000000000000      -8.5399999618530273
       0.0000000000000000      -8.5200004577636719
       0.0000000000000000      -8.5000000000000000
       0.0000000000000000      -8.4799995422363281
       0.0000000000000000      -8.4600000381469727
       0.0000000000000000      -8.4400005340576172
       0.0000000000000000      -8.4200000762939453
       0.0000000000000000      -8.3999996185302734
       0.0000000000000000      -8.3800001144409180
       0.0000000000000000      -8.3599996566772461
       0.0000000000000000      -8.3400001525878906
       0.0000000000000000      -8.3199996948242188
       0.0000000000000000      -8.3000001907348633
       0.0000000000000000      -8.2799997329711914
       0.0000000000000000      -8.2600002288818359
       0.0000000000000000      -8.2399997711181641
       0.0000000000000000      -8.2200002670288086
       0.0000000000000000      -8.1999998092651367
       0.0000000000000000      -8.1800003051757812
       0.0000000000000000      -8.1599998474121094
       0.0000000000000000      -8.1400003433227539
       0.0000000000000000      -8.1199998855590820
       0.0000000000000000      -8.1000003814697266
       0.0000000000000000      -8.0799999237060547
       0.0000000000000000      -8.0600004196166992
       0.0000000000000000      -8.0399999618530273
       0.0000000000000000      -8.0200004577636719
       0.0000000000000000      -8.0000000000000000
       0.0000000000000000      -7.9800000190734863
       0.0000000000000000      -7.9600000381469727
       0.0000000000000000      -7.9400000572204590
       0.0000000000000000      -7.9200000762939453
       0.0000000000000000      -7.9000000953674316
       0.0000000000000000      -7.8800001144409180
       0.0000000000000000      -7.8600001335144043
       0.0000000000000000      -7.8400001525878906
       0.0000000000000000      -7.8199996948242188
       0.0000000000000000      -7.8000001907348633
       0.0000000000000000      -7.7799997329711914
       0.0000000000000000      -7.7600002288818359
       0.0000000000000000      -7.7399997711181641
       0.0000000000000000      -7.7200002670288086
       0.0000000000000000      -7.6999998092651367
       0.0000000000000000      -7.6800003051757812
       0.0000000000000000      -7.6599998474121094
       0.0000000000000000      -7.6400003433227539
       0.0000000000000000      -7.6199998855590820
       0.0000000000000000      -7.6000003814697266
       0.0000000000000000      -7.5799999237060547
       0.0000000000000000      -7.5599999427795410
       0.0000000000000000      -7.5399999618530273
       0.0000000000000000      -7.5199999809265137
       0.0000000000000000      -7.5000000000000000
       0.0000000000000000      -7.4800000190734863
       0.0000000000000000      -7.4600000381469727
       0.0000000000000000      -7.4400000572204590
       0.0000000000000000      -7.4200000762939453
       0.0000000000000000      -7.4000000953674316
       0.0000000000000000      -7.3800001144409180
       0.0000000000000000      -7.3600001335144043
       0.0000000000000000      -7.3400001525878906
       0.0000000000000000      -7.3200001716613770
       0.0000000000000000      -7.3000001907348633
       0.0000000000000000      -7.2799997329711914
       0.0000000000000000      -7.2600002288818359
       0.0000000000000000      -7.2399997711181641
       0.0000000000000000      -7.2200002670288086
       0.0000000000000000      -7.1999998092651367
       0.0000000000000000      -7.1800003051757812
       0.0000000000000000      -7.1599998474121094
       0.0000000000000000      -7.1400003433227539
       0.0000000000000000      -7.1199998855590820
       0.0000000000000000      -7.1000003814697266
       0.0000000000000000      -7.0799999237060547
       0.0000000000000000      -7.0600004196166992
       0.0000000000000000      -7.0399999618530273
       0.0000000000000000      -7.0199999809265137
       0.0000000000000000      -7.0000000000000000
       0.0000000000000000      -6.9800000190734863
       0.0000000000000000      -6.9600000381469727
       0.0000000000000000      -6.9400000572204590
       0.0000000000000000      -6.9200000762939453
       0.0000000000000000      -6.9000000953674316
       0.0000000000000000      -6.8800001144409180
       0.0000000000000000      -6.8600001335144043
       0.0000000000000000      -6.8400001525878906
       0.0000000000000000      -6.8200001716613770
       0.0000000000000000      -6.8000001907348633
       0.0000000000000000      -6.7799997329711914
       0.0000000000000000      -6.7600002288818359
       0.0000000000000000      -6.7399997711181641
       0.0000000000000000      -6.7200002670288086
       0.0000000000000000      -6.6999998092651367
       0.0000000000000000      -6.6800003051757812
       0.0000000000000000      -6.6599998474121094
       0.0000000000000000      -6.6400003433227539
       0.0000000000000000      -6.6199998855590820
       0.0000000000000000      -6.6000003814697266
       0.0000000000000000      -6.5799999237060547
       0.0000000000000000      -6.5600004196166992
       0.0000000000000000      -6.5399999618530273
       0.0000000000000000      -6.5199999809265137
       0.0000000000000000      -6.5000000000000000
       0.0000000000000000      -6.4800000190734863
       0.0000000000000000      -6.4600000381469727
       0.0000000000000000      -6.4400000572204590
       0.0000000000000000      -6.4200000762939453
       0.0000000000000000      -6.4000000953674316
       0.0000000000000000      -6.3800001144409180
       0.0000000000000000      -6.3600001335144043
       0.0000000000000000      -6.3400001525878906
       0.0000000000000000      -6.3200001716613770
       0.0000000000000000      -6.3000001907348633
       0.0000000000000000      -6.2799997329711914
       0.0000000000000000      -6.2600002288818359
       0.0000000000000000      -6.2399997711181641
       0.0000000000000000      -6.2200002670288086
       0.0000000000000000      -6.1999998092651367
       0.0000000000000000      -6.1800003051757812
       0.0000000000000000      -6.1599998474121094
       0.0000000000000000      -6.1400003433227539
       0.0000000000000000      -6.1199998855590820
       0.0000000000000000      -6.1000003814697266
       0.0000000000000000      -6.0799999237060547
       0.0000000000000000      -6.0600004196166992
       0.0000000000000000      -6.0399999618530273
       0.0000000000000000      -6.0199999809265137
       0.0000000000000000      -6.0000000000000000
       0.0000000000000000      -5.9800000190734863
       0.0000000000000000      -5.9600000381469727
       0.0000000000000000      -5.9400000572204590
       0.0000000000000000      -5.9200000762939453
       0.0000000000000000      -5.9000000953674316
       0.0000000000000000      -5.8800001144409180
       0.0000000000000000      -5.8600001335144043
       0.0000000000000000      -5.8400001525878906
       0.0000000000000000      -5.8200001716613770
       0.0000000000000000      -5.8000001907348633
       0.0000000000000000      -5.7800002098083496
       0.0000000000000000      -5.7600002288818359
       0.0000000000000000      -5.7400002479553223
       0.0000000000000000      -5.7200002670288086
       0.0000000000000000      -5.7000002861022949
       0.0000000000000000      -5.6800003051757812
       0.0000000000000000      -5.6600003242492676
       0.0000000000000000      -5.6399998664855957
       0.0000000000000000      -5.6199998855590820
       0.0000000000000000      -5.5999999046325684
       0.0000000000000000      -5.5799999237060547
       0.0000000000000000      -5.5599999427795410
       0.0000000000000000      -5.5399999618530273
       0.0000000000000000      -5.5199999809265137
       0.0000000000000000      -5.5000000000000000
       0.0000000000000000      -5.4800000190734863
       0.0000000000000000      -5.4600000381469727
       0.0000000000000000      -5.4400000572204590
       0.0000000000000000      -5.4200000762939453
       0.0000000000000000      -5.4000000953674316
       0.0000000000000000      -5.3800001144409180
       0.0000000000000000      -5.3600001335144043
       0.0000000000000000      -5.3400001525878906
       0.0000000000000000      -5.3200001716613770
       0.0000000000000000      -5.3000001907348633
       0.0000000000000000      -5.2800002098083496
       0.0000000000000000      -5.2600002288818359
       0.0000000000000000      -5.2400002479553223
       0.0000000000000000      -5.2200002670288086
       0.0000000000000000      -5.2000002861022949
       0.0000000000000000      -5.1800003051757812
       0.0000000000000000      -5.1600003242492676
       0.0000000000000000      -5.1400003433227539
       0.0000000000000000      -5.1199998855590820
       0.0000000000000000      -5.0999999046325684
       0.0000000000000000      -5.0799999237060547
       0.0000000000000000      -5.0599999427795410
       0.0000000000000000      -5.0399999618530273
       0.0000000000000000      -5.0199999809265137
       0.0000000000000000      -5.0000000000000000
       0.0000000000000000      -4.9800000190734863
       0.0000000000000000      -4.9600000381469727
       0.0000000000000000      -4.9400000572204590
       0.0000000000000000      -4.9200000762939453
       0.0000000000000000      -4.9000000953674316
       0.0000000000000000      -4.8800001144409180
       0.0000000000000000      -4.8600001335144043
       0.0000000000000001      -4.8400001525878906
       0.0000000000000001      -4.8200001716613770
       0.0000000000000001      -4.8000001907348633
       0.0000000000000001      -4.7800002098083496
       0.0000000000000001      -4.7600002288818359
       0.0000000000000001      -4.7400002479553223
       0.0000000000000002      -4.7200002670288086
       0.0000000000000002      -4.7000002861022949
       0.0000000000000003      -4.6800003051757812
       0.0000000000000003      -4.6600003242492676
       0.0000000000000004      -4.6400003433227539
       0.0000000000000005      -4.6199998855590820
       0.0000000000000006      -4.5999999046325684
       0.0000000000000007      -4.5799999237060547
       0.0000000000000008      -4.5599999427795410
       0.0000000000000010      -4.5399999618530273
       0.0000000000000012      -4.5199999809265137
       0.0000000000000015      -4.5000000000000000
       0.0000000000000018      -4.4800000190734863
       0.0000000000000022      -4.4600000381469727
       0.0000000000000027      -4.4400000572204590
       0.0000000000000032      -4.4200000762939453
       0.0000000000000039      -4.4000000953674316
       0.0000000000000047      -4.3800001144409180
       0.0000000000000057      -4.3600001335144043
       0.0000000000000068      -4.3400001525878906
       0.0000000000000082      -4.3200001716613770
       0.0000000000000099      -4.3000001907348633
       0.0000000000000119      -4.2800002098083496
       0.0000000000000143      -4.2600002288818359
       0.0000000000000172      -4.2400002479553223
       0.0000000000000206      -4.2200002670288086
       0.0000000000000246      -4.2000002861022949
       0.0000000000000295      -4.1800003051757812
       0.0000000000000353      -4.1600003242492676
       0.0000000000000422      -4.1400003433227539
       0.0000000000000504      -4.1200003623962402
       0.0000000000000602      -4.0999999046325684
       0.0000000000000717      -4.0799999237060547
       0.0000000000000855      -4.0599999427795410
       0.0000000000001018      -4.0399999618530273
       0.0000000000001212      -4.0199999809265137
       0.0000000000001441      -4.0000000000000000
       0.0000000000001712      -3.9800000190734863
       0.0000000000002033      -3.9600000381469727
       0.0000000000002412      -3.9400000572204590
       0.0000000000002860      -3.9200000762939453
       0.0000000000003388      -3.9000000953674316
       0.0000000000004010      -3.8800001144409180
       0.0000000000004744      -3.8600001335144043
       0.0000000000005607      -3.8400001525878906
       0.0000000000006623      -3.8200001716613770
       0.0000000000007817      -3.8000001907348633
       0.0000000000009220      -3.7800002098083496
       0.0000000000010866      -3.7600002288818359
       0.0000000000012796      -3.7400002479553223
       0.0000000000015058      -3.7200002670288086
       0.0000000000017707      -3.7000002861022949
       0.0000000000020807      -3.6800003051757812
       0.0000000000024431      -3.6600003242492676
       0.0000000000028665      -3.6400003433227539
       0.0000000000033608      -3.6200003623962402
       0.0000000000039374      -3.6000003814697266
       0.0000000000046095      -3.5799999237060547
       0.0000000000053924      -3.5599999427795410
       0.0000000000063036      -3.5399999618530273
       0.0000000000073633      -3.5199999809265137
       0.0000000000085949      -3.5000000000000000
       0.0000000000100251      -3.4800000190734863
       0.0000000000116847      -3.4600000381469727
       0.0000000000136091      -3.4400000572204590
       0.0000000000158387      -3.4200000762939453
       0.0000000000184201      -3.4000000953674316
       0.0000000000214065      -3.3800001144409180
       0.0000000000248590      -3.3600001335144043
       0.0000000000288471      -3.3400001525878906
       0.0000000000334505      -3.3200001716613770
       0.0000000000387603      -3.3000001907348633
       0.0000000000448802      -3.2800002098083496
       0.0000000000519285      -3.2600002288818359
       0.0000000000600400      -3.2400002479553223
       0.0000000000693680      -3.2200002670288086
       0.0000000000800869      -3.2000002861022949
       0.0000000000923951      -3.1800003051757812
       0.0000000001065176      -3.1600003242492676
       0.0000000001227096      -3.1400003433227539
       0.0000000001412606      -3.1200003623962402
       0.0000000001624986      -3.1000003814697266
       0.0000000001867951      -3.0799999237060547
       0.0000000002145686      -3.0599999427795410
       0.0000000002462939      -3.0399999618530273
       0.0000000002825063      -3.0199999809265137
       0.0000000003238097      -3.0000000000000000
       0.0000000003708850      -2.9800000190734863
       0.0000000004244989      -2.9600000381469727
       0.0000000004855146      -2.9400000572204590
       0.0000000005549024      -2.9200000762939453
       0.0000000006337529      -2.9000000953674316
       0.0000000007232903      -2.8800001144409180
       0.0000000008248881      -2.8600001335144043
       0.0000000009400858      -2.8400001525878906
       0.0000000010706078      -2.8200001716613770
       0.0000000012183838      -2.8000001907348633
       0.0000000013855718      -2.7800002098083496
       0.0000000015745828      -2.7600002288818359
       0.0000000017881088      -2.7400002479553223
       0.0000000020291527      -2.7200002670288086
       0.0000000023010618      -2.7000002861022949
       0.0000000026075640      -2.6800003051757812
       0.0000000029528082      -2.6600003242492676
       0.0000000033414078      -2.6400003433227539
       0.0000000037784888      -2.6200003623962402
       0.0000000042697419      -2.6000003814697266
       0.0000000048214801      -2.5800004005432129
       0.0000000054407165      -2.5599999427795410
       0.0000000061351716      -2.5399999618530273
       0.0000000069134360      -2.5199999809265137
       0.0000000077849935      -2.5000000000000000
       0.0000000087603227      -2.4800000190734863
       0.0000000098509921      -2.4600000381469727
       0.0000000110697634      -2.4400000572204590
       0.0000000124307031      -2.4200000762939453
       0.0000000139493038      -2.4000000953674316
       0.0000000156426153      -2.3800001144409180
       0.0000000175293858      -2.3600001335144043
       0.0000000196302150      -2.3400001525878906
       0.0000000219677189      -2.3200001716613770
       0.0000000245667076      -2.3000001907348633
       0.0000000274543763      -2.2800002098083496
       0.0000000306605112      -2.2600002288818359
       0.0000000342177105      -2.2400002479553223
       0.0000000381616216      -2.2200002670288086
       0.0000000425311956      -2.2000002861022949
       0.0000000473689597      -2.1800003051757812
       0.0000000527213094      -2.1600003242492676
       0.0000000586388198      -2.1400003433227539
       0.0000000651765794      -2.1200003623962402
       0.0000000723945455      -2.1000003814697266
       0.0000000803579232      -2.0800004005432129
       0.0000000891377891      -2.0599999427795410
       0.0000000988106644      -2.0399999618530273
       0.0000001094602250      -2.0199999809265137
       0.0000001211769703      -2.0000000000000000
       0.0000001340586157      -1.9800004959106445
       0.0000001482122469      -1.9600000381469727
       0.0000001637512906      -1.9400005340576172
       0.0000001808012837      -1.9200000762939453
       0.0000001994945635      -1.9000005722045898
       0.0000002199774823      -1.8800001144409180
       0.0000002424039624      -1.8600006103515625
       0.0000002669441019      -1.8400001525878906
       0.0000002937763781      -1.8200006484985352
       0.0000003230978870      -1.8000001907348633
       0.0000003551165389      -1.7799997329711914
       0.0000003900552404      -1.7600002288818359
       0.0000004281584411      -1.7399997711181641
       0.0000004696811031      -1.7200002670288086
       0.0000005149043550      -1.6999998092651367
       0.0000005641206999      -1.6800003051757812
       0.0000006176524919      -1.6599998474121094
       0.0000006758343001      -1.6400003433227539
       0.0000007390346655      -1.6199998855590820
       0.0000008076351392      -1.6000003814697266
       0.0000008820558442      -1.5799999237060547
       0.0000009627306358      -1.5600004196166992
       0.0000010501370650      -1.5399999618530273
       0.0000011447670322      -1.5200004577636719
       0.0000012471618305      -1.5000000000000000
       0.0000013578775769      -1.4800004959106445
       0.0000014775261048      -1.4600000381469727
       0.0000016067343614      -1.4400005340576172
       0.0000017461920182      -1.4200000762939453
       0.0000018966039188      -1.4000005722045898
       0.0000020587453869      -1.3800001144409180
       0.0000022334066921      -1.3600006103515625
       0.0000024214571579      -1.3400001525878906
       0.0000026237804854      -1.3200006484985352
       0.0000028413488983      -1.3000001907348633
       0.0000030751595784      -1.2799997329711914
       0.0000033262624680      -1.2600002288818359
       0.0000035958020985      -1.2399997711181641
       0.0000038849340451      -1.2200002670288086
       0.0000041949305761      -1.1999998092651367
       0.0000045270727236      -1.1800003051757812
       0.0000048827715540      -1.1599998474121094
       0.0000052634439679      -1.1400003433227539
       0.0000056706516091      -1.1199998855590820
       0.0000061059583027      -1.1000003814697266
       0.0000065710888394      -1.0799999237060547
       0.0000070677657411      -1.0600004196166992
       0.0000075978903968      -1.0399999618530273
       0.0000081633566114      -1.0200004577636719
       0.0000087662568257      -1.0000000000000000
       0.0000094086696534      -0.9800004959106445
       0.0000100928941985      -0.9600000381469727
       0.0000108212085144      -0.9400005340576172
       0.0000115961353368      -0.9200000762939453
       0.0000124201681075      -0.9000005722045898
       0.0000132960717745      -0.8800001144409180
       0.0000142265727088      -0.8600006103515625
       0.0000152146985850      -0.8400001525878906
       0.0000162634281856      -0.8200006484985352
       0.0000173760747683      -0.8000001907348633
       0.0000185559493112      -0.7799997329711914
       0.0000198065026164      -0.7600002288818359
       0.0000211315255997      -0.7399997711181641
       0.0000225347303690      -0.7200002670288086
       0.0000240202645261      -0.6999998092651367
       0.0000255921835953      -0.6800003051757812
       0.0000272550279301      -0.6599998474121094
       0.0000290132321440      -0.6400003433227539
       0.0000308717713576      -0.6199998855590820
       0.0000328355012759      -0.6000003814697266
       0.0000349098811994      -0.5799999237060547
       0.0000371002378495      -0.5600004196166992
       0.0000394125733489      -0.5399999618530273
       0.0000418527453062      -0.5200004577636719
       0.0000444273688630      -0.5000000000000000
       0.0000471429049101      -0.4800004959106445
       0.0000500066663301      -0.4600000381469727
       0.0000530258055216      -0.4400005340576172
       0.0000562084361705      -0.4200000762939453
       0.0000595625105071      -0.4000005722045898
       0.0000630970693635      -0.3800001144409180
       0.0000668209987758      -0.3600006103515625
       0.0000707444227943      -0.3400001525878906
       0.0000748773281726      -0.3200006484985352
       0.0000792311164755      -0.3000001907348633
       0.0000838170846823      -0.2800006866455078
       0.0000886481557059      -0.2600002288818359
       0.0000937374508475      -0.2399997711181641
       0.0000990989758189      -0.2200002670288086
       0.0001047485399288      -0.1999998092651367
       0.0001107020415583      -0.1800003051757812
       0.0001169777518100      -0.1599998474121094
       0.0001235941819093      -0.1400003433227539
       0.0001305726443953      -0.1199998855590820
       0.0001379349114895      -0.1000003814697266
       0.0001457060973319      -0.0799999237060547
       0.0001539120924983      -0.0600004196166992
       0.0001625828222775      -0.0399999618530273
       0.0001717494446010      -0.0200004577636719
       0.0001814480556232       0.0000000000000000
       0.0001917166432215       0.0199995040893555
       0.0002025993348226       0.0399999618530273
       0.0002141431086764       0.0599994659423828
       0.0002264027144626       0.0799999237060547
       0.0002394371640851       0.0999994277954102
       0.0002533155109798       0.1199998855590820
       0.0002681131795163       0.1399993896484375
       0.0002839188785004       0.1599998474121094
       0.0003008308997180       0.1799993515014648
       0.0003189655923298       0.1999998092651367
       0.0003384538998875       0.2199993133544922
       0.0003594520900604       0.2399997711181641
       0.0003821402017392       0.2600002288818359
       0.0004067305980097       0.2799997329711914
       0.0004334797777222       0.3000001907348633
       0.0004626902826505       0.3199996948242188
       0.0004947347414704       0.3400001525878906
       0.0005300631820146       0.3599996566772461
       0.0005692407175610       0.3800001144409180
       0.0006129692670025       0.3999996185302734
       0.0006621528607479       0.4200000762939453
       0.0007179537485375       0.4399995803833008
       0.0007819203416303       0.4600000381469727
       0.0008561330175658       0.4799995422363281
       0.0009434954816768       0.5000000000000000
       0.0010481475677325       0.5199995040893555
       0.0011762684482358       0.5399999618530273
       0.0013374555255213       0.5599994659423828
       0.0015476003518196       0.5799999237060547
       0.0018350030921059       0.5999994277954102
       0.0022558202678131       0.6199998855590820
       0.0029397496359817       0.6399993896484375
       0.0042723061010111       0.6599998474121094
       0.0081595999158349       0.6799993515014648
       0.5013894164990339       0.6999998092651367
       0.9934194860556637       0.7199993133544922
       0.9970169199091288       0.7399997711181641
       0.9981797935781399       0.7600002288818359
       0.9987435151720154       0.7799997329711914
       0.9990712832851776       0.8000001907348633
       0.9992828656522087       0.8199996948242188
       0.9994291082733883       0.8400001525878906
       0.9995351514407026       0.8599996566772461
       0.9996148388098017       0.8800001144409180
       0.9996763774640782       0.8999996185302734
       0.9997249471445103       0.9200000762939453
       0.9997639562309388       0.9399995803833008
       0.9997957464639206       0.9600000381469727
       0.9998219668176658       0.9799995422363281
       0.9998438181559888       1.0000000000000000
       0.9998621871694102       1.0199995040893555
       0.9998777476537893       1.0399999618530273
       0.9998910147987903       1.0599994659423828
       0.9999023930241653       1.0799999237060547
       0.9999121998957001       1.0999994277954102
       0.9999206911696401       1.1199998855590820
       0.9999280719084161       1.1399993896484375
       0.9999345107151256       1.1599998474121094
       0.9999401450465649       1.1799993515014648
       0.9999450898629465       1.1999998092651367
       0.9999494401647315       1.2199993133544922
       0.9999532765416044       1.2399997711181641
       0.9999566663374362       1.2599992752075195
       0.9999596673690363       1.2799997329711914
       0.9999623285184728       1.3000001907348633
       0.9999646917206222       1.3199996948242188
       0.9999667933765503       1.3400001525878906
       0.9999686645329819       1.3599996566772461
       0.9999703324560586       1.3800001144409180
       0.9999718205420428       1.3999996185302734
       0.9999731494800198       1.4200000762939453
       0.9999743371136849       1.4399995803833008
       0.9999753993154076       1.4600000381469727
       0.9999763498347365       1.4799995422363281
       0.9999772009639232       1.5000000000000000
       0.9999779633910174       1.5199995040893555
       0.9999786467128046       1.5399999618530273
       0.9999792593002246       1.5599994659423828
       0.9999798086971292       1.5799999237060547
       0.9999803015018566       1.5999994277954102
       0.9999807436791575       1.6199998855590820
       0.9999811404541111       1.6399993896484375
       0.9999814965795868       1.6599998474121094
       0.9999818162060803       1.6799993515014648
       0.9999821031192713       1.6999998092651367
       0.9999823606483841       1.7199993133544922
       0.9999825918201524       1.7399997711181641
       0.9999827993032959       1.7599992752075195
       0.9999829855286143       1.7799997329711914
       0.9999831526474395       1.8000001907348633
       0.9999833026012916       1.8199996948242188
       0.9999834371385579       1.8400001525878906
       0.9999835578140617       1.8599996566772461
       0.9999836660453921       1.8800001144409180
       0.9999837630856204       1.8999996185302734
       0.9999838500797116       1.9200000762939453
       0.9999839280406178       1.9399995803833008
       0.9999839978939453       1.9600000381469727
       0.9999840604588619       1.9799995422363281
       0.9999841164842765       2.0000000000000000
       0.9999841666328302       2.0199995040893555
       0.9999842115103611       2.0399999618530273
       0.9999842516530337       2.0599994659423828
       0.9999842875509476       2.0799999237060547
       0.9999843187083223       2.0999994277954102
       0.9999843483100633       2.1199998855590820
       0.9999843739183394       2.1399993896484375
       0.9999843967823856       2.1599998474121094
       0.9999844171870741       2.1799993515014648
       0.9999844353897506       2.1999998092651367
       0.9999844516197866       2.2199993133544922
       0.9999844660856821       2.2399997711181641
       0.9999844789722917       2.2599992752075195
       0.9999844904473464       2.2799997329711914
       0.9999845005416862       2.3000001907348633
       0.9999845097454285       2.3199996948242188
       0.9999845178238002       2.3400001525878906
       0.9999845250027383       2.3599996566772461
       0.9999845313799114       2.3800001144409180
       0.9999845370411512       2.3999996185302734
       0.9999845420649548       2.4200000762939453
       0.9999845465201168       2.4399995803833008
       0.9999845504695738       2.4600000381469727
       0.9999845539681826       2.4799995422363281
       0.9999845570661675       2.5000000000000000
       0.9999845598076184       2.5199995040893555
       0.9999845622325025       2.5399999618530273
       0.9999845643760046       2.5599994659423828
       0.9999845662695959       2.5799999237060547
       0.9999845679415796       2.5999994277954102
       0.9999845694171287       2.6199998855590820
       0.9999845707183843       2.6399993896484375
       0.9999845718613554       2.6599998474121094
       0.9999845728758907       2.6799993515014648
       0.9999845737654086       2.6999998092651367
       0.9999845745480894       2.7199993133544922
       0.9999845752363256       2.7399997711181641
       0.9999845758390221       2.7599992752075195
       0.9999845763722767       2.7799997329711914
       0.9999845768385627       2.7999992370605469
       0.9999845772474379       2.8199996948242188
       0.9999845776061068       2.8400001525878906
       0.9999845779201685       2.8599996566772461
       0.9999845781953701       2.8800001144409180
       0.9999845784357370       2.8999996185302734
       0.9999845786461227       2.9200000762939453
       0.9999845788300887       2.9399995803833008
       0.9999845789906634       2.9600000381469727
       0.9999845791306791       2.9799995422363281
       0.9999845792529629       3.0000000000000000
       0.9999845793594384       3.0199995040893555
       0.9999845794524103       3.0399999618530273
       0.9999845795330632       3.0599994659423828
       0.9999845796034714       3.0799999237060547
       0.9999845796645475       3.0999994277954102
       0.9999845797176771       3.1199998855590820
       0.9999845797636843       3.1399993896484375
       0.9999845798038144       3.1599998474121094
       0.9999845798383150       3.1799993515014648
       0.9999845798683834       3.1999998092651367
       0.9999845798944401       3.2199993133544922
       0.9999845799168475       3.2399997711181641
       0.9999845799364282       3.2599992752075195
       0.9999845799532624       3.2799997329711914
       0.9999845799676682       3.2999992370605469
       0.9999845799803917       3.3199996948242188
       0.9999845799910377       3.3400001525878906
       0.9999845800002795       3.3599996566772461
       0.9999845800083629       3.3800001144409180
       0.9999845800152513       3.3999996185302734
       0.9999845800212087       3.4200000762939453
       0.9999845800262311       3.4399995803833008
       0.9999845800307927       3.4600000381469727
       0.9999845800345966       3.4799995422363281
       0.9999845800377520       3.5000000000000000
       0.9999845800405219       3.5199995040893555
       0.9999845800428987       3.5399999618530273
       0.9999845800447862       3.5599994659423828
       0.9999845800466390       3.5799999237060547
       0.9999845800480960       3.5999994277954102
       0.9999845800492865       3.6199998855590820
       0.9999845800504665       3.6399993896484375
       0.9999845800515280       3.6599998474121094
       0.9999845800521016       3.6799993515014648
       0.9999845800523225       3.6999998092651367
       0.9999845800533440       3.7199993133544922
       0.9999845800538796       3.7399997711181641
       0.9999845800542673       3.7599992752075195
       0.9999845800547009       3.7799997329711914
       0.9999845800548164       3.7999992370605469
       0.9999845800552104       3.8199996948242188
       0.9999845800554593       3.8400001525878906
       0.9999845800555094       3.8599996566772461
       0.9999845800558254       3.8800001144409180
       0.9999845800557292       3.8999996185302734
       0.9999845800560052       3.9200000762939453
       0.9999845800559652       3.9399995803833008
       0.9999845800561683       3.9600000381469727
       0.9999845800561573       3.9799995422363281
       0.9999845800561914       4.0000000000000000
       0.9999845800563201       4.0199995040893555
       0.9999845800563739       4.0399999618530273
       0.9999845800562922       4.0599994659423828
       0.9999845800564046       4.0799999237060547
       0.9999845800563981       4.0999994277954102
       0.9999845800565271       4.1199998855590820
       0.9999845800564099       4.1399993896484375
       0.9999845800564463       4.1599998474121094
       0.9999845800565587       4.1799993515014648
       0.9999845800565339       4.1999998092651367
       0.9999845800565269       4.2199993133544922
       0.9999845800565766       4.2399997711181641
       0.9999845800566649       4.2599992752075195
       0.9999845800566218       4.2799997329711914
       0.9999845800564310       4.2999992370605469
       0.9999845800564053       4.3199996948242188
       0.9999845800564953       4.3400001525878906
       0.9999845800565398       4.3599996566772461
       0.9999845800566749       4.3800001144409180
       0.9999845800564977       4.3999996185302734
       0.9999845800565506       4.4200000762939453
       0.9999845800563870       4.4399995803833008
       0.9999845800564714       4.4600000381469727
       0.9999845800565453       4.4799995422363281
       0.9999845800566826       4.5000000000000000
       0.9999845800567057       4.5199995040893555
       0.9999845800566891       4.5399999618530273
       0.9999845800565794       4.5599994659423828
       0.9999845800565308       4.5799999237060547
       0.9999845800565306       4.5999994277954102
       0.9999845800564388       4.6199998855590820
       0.9999845800565578       4.6399993896484375
       0.9999845800565512       4.6599998474121094
       0.9999845800564207       4.6799993515014648
       0.9999845800566357       4.6999998092651367
       0.9999845800566648       4.7199993133544922
       0.9999845800565299       4.7399997711181641
       0.9999845800564684       4.7599992752075195
       0.9999845800565824       4.7799997329711914
       0.9999845800564739       4.7999992370605469
       0.9999845800566296       4.8199996948242188
       0.9999845800563834       4.8399991989135742
       0.9999845800567211       4.8599996566772461
       0.9999845800566814       4.8800001144409180
       0.9999845800567082       4.8999996185302734
       0.9999845800565944       4.9200000762939453
       0.9999845800566107       4.9399995803833008
       0.9999845800566279       4.9600000381469727
       0.9999845800566209       4.9799995422363281
       0.9999845800565580       5.0000000000000000
       0.9999845800563779       5.0199995040893555
       0.9999845800565238       5.0399999618530273
       0.9999845800566469       5.0599994659423828
       0.9999845800566446       5.0799999237060547
       0.9999845800564403       5.0999994277954102
       0.9999845800567330       5.1199998855590820
       0.9999845800565373       5.1399993896484375
       0.9999845800566712       5.1599998474121094
       0.9999845800564936       5.1799993515014648
       0.9999845800566161       5.1999998092651367
       0.9999845800565518       5.2199993133544922
       0.9999845800565533       5.2399997711181641
       0.9999845800566082       5.2599992752075195
       0.9999845800563064       5.2799997329711914
       0.9999845800566105       5.2999992370605469
       0.9999845800566153       5.3199996948242188
       0.9999845800565591       5.3399991989135742
       0.9999845800566612       5.3599996566772461
       0.9999845800564615       5.3800001144409180
       0.9999845800563544       5.3999996185302734
       0.9999845800565149       5.4200000762939453
       0.9999845800564316       5.4399995803833008
       0.9999845800562966       5.4600000381469727
       0.9999845800564453       5.4799995422363281
       0.9999845800566393       5.5000000000000000
       0.9999845800566174       5.5199995040893555
       0.9999845800564208       5.5399999618530273
       0.9999845800563864       5.5599994659423828
       0.9999845800564393       5.5799999237060547
       0.9999845800565053       5.5999994277954102
       0.9999845800564930       5.6199998855590820
       0.9999845800564853       5.6399993896484375
       0.9999845800565873       5.6599998474121094
       0.9999845800564764       5.6799993515014648
       0.9999845800565245       5.6999998092651367
       0.9999845800565027       5.7199993133544922
       0.9999845800564501       5.7399997711181641
       0.9999845800565292       5.7599992752075195
       0.9999845800565542       5.7799997329711914
       0.9999845800565462       5.7999992370605469
       0.9999845800564867       5.8199996948242188
       0.9999845800563724       5.8399991989135742
       0.9999845800564209       5.8599996566772461
       0.9999845800565862       5.8800001144409180
       0.9999845800563626       5.8999996185302734
       0.9999845800564653       5.9200000762939453
       0.9999845800564555       5.9399995803833008
       0.9999845800566659       5.9600000381469727
       0.9999845800565762       5.9799995422363281
       0.9999845800564715       6.0000000000000000
       0.9999845800564016       6.0200004577636719
       0.9999845799395976       6.0399990081787109
       0.9999845800564197       6.0599994659423828
       0.9999845800586341       6.0799999237060547
       0.9999845800563490       6.1000003814697266
       0.9999845800564408       6.1199989318847656
       0.9999845800564179       6.1399993896484375
       0.9999845800566279       6.1599998474121094
       0.9999845800565113       6.1800003051757812
       0.9999845799685384       6.1999988555908203
       0.9999845800566232       6.2199993133544922
       0.0060563338944314       6.2399997711181641
       0.9999845800564026       6.2600002288818359
       0.9999845800563706       6.2799987792968750
       0.9999845800564531       6.2999992370605469
       0.9999845800565680       6.3199996948242188
       0.9999845800564259       6.3400001525878906
       0.9999845800563274       6.3599987030029297
       0.9999845800564962       6.3799991607666016
       0.9999845800564163       6.3999996185302734
       0.9999845800564423       6.4200000762939453
       0.9999845800566464       6.4400005340576172
       0.9999845800564029       6.4599990844726562
       0.9999845800565151       6.4799995422363281
       0.9999845800564316       6.5000000000000000
       0.9999845800481488       6.5200004577636719
       0.9999845800563925       6.5399990081787109
       0.9999845800565306       6.5599994659423828
       0.9999845800563708       6.5799999237060547
       0.9999845800563727       6.6000003814697266
       0.9999845800563836       6.6199989318847656
       0.9999845800565882       6.6399993896484375
       0.9999845800564506       6.6599998474121094
       0.9999845800565624       6.6800003051757812
       0.9999845800564811       6.6999988555908203
       0.9999845800564966       6.7199993133544922
       0.9999845800565274       6.7399997711181641
       0.9999845800564821       6.7600002288818359
       0.9999845800565057       6.7799987792968750
       0.9999845800563485       6.7999992370605469
       0.9999845800566002       6.8199996948242188
       0.9999845800564739       6.8400001525878906
       0.9999845800452738       6.8599987030029297
       0.9999845800564605       6.8799991607666016
       0.9999845800564172       6.8999996185302734
       0.9999845800565824       6.9200000762939453
       0.9999845800565691       6.9400005340576172
       0.9999845800565154       6.9599990844726562
       0.9999845800563476       6.9799995422363281
       0.9999845800563250       7.0000000000000000
       0.9999845800565544       7.0200004577636719
       0.9999845800566330       7.0399990081787109
       0.9999845800564917       7.0599994659423828
       0.9999845800563122       7.0799999237060547
       0.9999845800564044       7.1000003814697266
       0.9999845800562949       7.1199989318847656
       0.9999845800566582       7.1399993896484375
       0.9999845800566243       7.1599998474121094
       0.9999845800564270       7.1800003051757812
       0.9999845800564691       7.1999988555908203
       0.9999845800566002       7.2199993133544922
       0.9999845800565321       7.2399997711181641
       0.9999845800567565       7.2600002288818359
       0.9999845800563687       7.2799987792968750
       0.9999845800566753       7.2999992370605469
       0.9999845800561108       7.3199996948242188
       0.9999845800564218       7.3400001525878906
       0.9999845800565513       7.3599987030029297
       0.9999845800564823       7.3799991607666016
       0.9999845800567150       7.3999996185302734
       0.9999845800565252       7.4200000762939453
       0.9999845800567889       7.4400005340576172
       0.9999845800564323       7.4599990844726562
       0.9999845800565172       7.4799995422363281
       0.9999845800562643       7.5000000000000000
       0.9999845800565790       7.5200004577636719
       0.9999845800568214       7.5399990081787109
       0.9999845800565135       7.5599994659423828
       0.9999845800567254       7.5799999237060547
       0.9999845800563635       7.6000003814697266
       0.9999845800564642       7.6199989318847656
       0.9999845800564671       7.6399993896484375
       0.9999845800565840       7.6599998474121094
       0.9999845800567292       7.6800003051757812
       0.9999845800560099       7.6999988555908203
       0.9999845800566516       7.7199993133544922
       0.9999845800566032       7.7399997711181641
       0.9999845800562772       7.7600002288818359
       0.9999845800565246       7.7799987792968750
       0.9999845800565170       7.7999992370605469
       0.9999845800565902       7.8199996948242188
       0.9999845800563587       7.8400001525878906
       0.9999845800566187       7.8599987030029297
       0.9999845800563771       7.8799991607666016
       0.9999845800563126       7.8999996185302734
       0.9999845800564154       7.9200000762939453
       0.0017840460278363       7.9400005340576172
       0.9999845800565244       7.9599990844726562
       0.9999845800564819       7.9799995422363281
       0.9999845800564157       8.0000000000000000
       0.9999845800562901       8.0200004577636719
       0.9999845800565097       8.0399990081787109
       0.9999845800563871       8.0599994659423828
       0.9999845800566494       8.0799999237060547
       0.9999845800565597       8.1000003814697266
       0.9999845800562636       8.1199989318847656
       0.9999845800565520       8.1399993896484375
       0.9999845800535695       8.1599998474121094
       0.9999845800564651       8.1800003051757812
       0.9999845800566676       8.1999988555908203
       0.9999845800566163       8.2199993133544922
       0.9999845800565017       8.2399997711181641
       0.9999845800564384       8.2600002288818359
       0.9999845800564973       8.2799987792968750
       0.9999845800564416       8.2999992370605469
       0.9999845800565977       8.3199996948242188
       0.9999845800564522       8.3400001525878906
       0.9999845800562916       8.3599987030029297
       0.9999845800565954       8.3799991607666016
       0.9999845800564877       8.3999996185302734
       0.9999845800565199       8.4200000762939453
       0.9999845800564436       8.4400005340576172
       0.9999845800564264       8.4599990844726562
       0.9999845800564187       8.4799995422363281
       0.9999845800562381       8.5000000000000000
       0.9999845800565808       8.5200004577636719
       0.9999845800565833       8.5399990081787109
       0.9999845800564809       8.5599994659423828
       0.9999845800564163       8.5799999237060547
       0.9999845800565580       8.6000003814697266
       0.9999845800564855       8.6199989318847656
       0.9999845800563323       8.6399993896484375
       0.9999845800564722       8.6599998474121094
       0.9999845800564870       8.6800003051757812
       0.9999845800568156       8.6999988555908203
       0.9999845800566807       8.7199993133544922
       0.9999845800565212       8.7399997711181641
       0.9999845800568201       8.7600002288818359
       0.9999845800565407       8.7799987792968750
       0.9999845800565879       8.7999992370605469
       0.9999845800564259       8.8199996948242188
       0.9999845800565862       8.8400001525878906
       0.9999845800564704       8.8599987030029297
       0.9999845800564349       8.8799991607666016
       0.9999845800562155       8.8999996185302734
       0.9999845800563287       8.9200000762939453
       0.9999845800564739       8.9399986267089844
       0.9999845800563939       8.9599990844726562
       0.0037455033779624       8.9799995422363281
       0.0043196038852378       9.0000000000000000
       0.9999845800548909       9.0200004577636719
       0.9999845800564052       9.0399990081787109
       0.9999845800563723       9.0599994659423828
       0.9999845800563361       9.0799999237060547
       0.9999845800565613       9.1000003814697266
       0.9999845800564982       9.1199989318847656
       0.9999845800568355       9.1399993896484375
       0.9999845800565635       9.1599998474121094
       0.9999845800562193       9.1800003051757812
       0.9999845800563649       9.1999988555908203
       0.9999845800565128       9.2199993133544922
       0.9999845800566742       9.2399997711181641
       0.9999845800565620       9.2600002288818359
       0.9999845800563028       9.2799987792968750
       0.9999845791279816       9.2999992370605469
       0.9999845800564640       9.3199996948242188
       0.9999845800567009       9.3400001525878906
       0.9999845800567444       9.3599987030029297
       0.0041685445528036       9.3799991607666016
       0.9999845800566064       9.3999996185302734
       0.9999845800567726       9.4200000762939453
       0.9999845800565099       9.4399986267089844
       0.9999845800563165       9.4599990844726562
       0.9999845800564072       9.4799995422363281
       0.9999845800565512       9.5000000000000000
       0.0012459104806274       9.5200004577636719
       0.9999845800563406       9.5399990081787109
       0.9999845800564697       9.5599994659423828
       0.9999845800563387       9.5799999237060547
       0.9999845800563952       9.6000003814697266
       0.9999845800569417       9.6199989318847656
       0.9999845800563855       9.6399993896484375
       0.9999845800563764       9.6599998474121094
       0.9999845800564695       9.6800003051757812
       0.9999845800567264       9.6999988555908203
       0.9999845800566034       9.7199993133544922
       0.9999845800565689       9.7399997711181641
       0.9999845800567261       9.7600002288818359
       0.9999845800566151       9.7799987792968750
       0.9999845800565101       9.7999992370605469
       0.9999845800563797       9.8199996948242188
       0.9999845800564151       9.8400001525878906
       0.9999845800568122       9.8599987030029297
       0.9999845800566562       9.8799991607666016
       0.9999845800563160       9.8999996185302734
       0.9999845800564002       9.9200000762939453
       0.9999845800562581       9.9399986267089844
       0.0028080499646831       9.9599990844726562
       0.9999845800565493       9.9799995422363281
       0.9999845800563119      10.0000000000000000
