# xi		u_parallel
       0.0000000000000000     -10.0000000000000000
       0.0000000000000000      -9.9799995422363281
       0.0000000000000000      -9.9600000381469727
       0.0000000000000000      -9.9399995803833008
       0.0000000000000000      -9.9200000762939453
       0.0000000000000000      -9.8999996185302734
       0.0000000000000000      -9.8800001144409180
       0.0000000000000000      -9.8599996566772461
       0.0000000000000000      -9.8400001525878906
       0.0000000000000000      -9.8199996948242188
       0.0000000000000000      -9.8000001907348633
       0.0000000000000000      -9.7799997329711914
       0.0000000000000000      -9.7600002288818359
       0.0000000000000000      -9.7399997711181641
       0.0000000000000000      -9.7200002670288086
       0.0000000000000000      -9.6999998092651367
       0.0000000000000000      -9.6800003051757812
       0.0000000000000000      -9.6599998474121094
       0.0000000000000000      -9.6400003433227539
       0.0000000000000000      -9.6199998855590820
       0.0000000000000000      -9.6000003814697266
       0.0000000000000000      -9.5799999237060547
       0.0000000000000000      -9.5600004196166992
       0.0000000000000000      -9.5399999618530273
       0.0000000000000000      -9.5200004577636719
       0.0000000000000000      -9.5000000000000000
       0.0000000000000000      -9.4799995422363281
       0.0000000000000000      -9.4600000381469727
       0.0000000000000000      -9.4399995803833008
       0.0000000000000000      -9.4200000762939453
       0.0000000000000000      -9.3999996185302734
       0.0000000000000000      -9.3800001144409180
       0.0000000000000000      -9.3599996566772461
       0.0000000000000000      -9.3400001525878906
       0.0000000000000000      -9.3199996948242188
       0.0000000000000000      -9.3000001907348633
       0.0000000000000000      -9.2799997329711914
       0.0000000000000000      -9.2600002288818359
       0.0000000000000000      -9.2399997711181641
       0.0000000000000000      -9.2200002670288086
       0.0000000000000000      -9.1999998092651367
       0.0000000000000000      -9.1800003051757812
       0.0000000000000000      -9.1599998474121094
       0.0000000000000000      -9.1400003433227539
       0.0000000000000000      -9.1199998855590820
       0.0000000000000000      -9.1000003814697266
       0.0000000000000000      -9.0799999237060547
       0.0000000000000000      -9.0600004196166992
       0.0000000000000000      -9.0399999618530273
       0.0000000000000000      -9.0200004577636719
       0.0000000000000000      -9.0000000000000000
       0.0000000000000000      -8.9799995422363281
       0.0000000000000000      -8.9600000381469727
       0.0000000000000000      -8.9400005340576172
       0.0000000000000000      -8.9200000762939453
       0.0000000000000000      -8.8999996185302734
       0.0000000000000000      -8.8800001144409180
       0.0000000000000000      -8.8599996566772461
       0.0000000000000000      -8.8400001525878906
       0.0000000000000000      -8.8199996948242188
       0.0000000000000000      -8.8000001907348633
       0.0000000000000000      -8.7799997329711914
       0.0000000000000000      -8.7600002288818359
       0.0000000000000000      -8.7399997711181641
       0.0000000000000000      -8.7200002670288086
       0.0000000000000000      -8.6999998092651367
       0.0000000000000000      -8.6800003051757812
       0.0000000000000000      -8.6599998474121094
       0.0000000000000000      -8.6400003433227539
       0.0000000000000000      -8.6199998855590820
       0.0000000000000000      -8.6000003814697266
       0.0000000000000000      -8.5799999237060547
       0.0000000000000000      -8.5600004196166992
       0.0000000000000000      -8.5399999618530273
       0.0000000000000000      -8.5200004577636719
       0.0000000000000000      -8.5000000000000000
       0.0000000000000000      -8.4799995422363281
       0.0000000000000000      -8.4600000381469727
       0.0000000000000000      -8.4400005340576172
       0.0000000000000000      -8.4200000762939453
       0.0000000000000000      -8.3999996185302734
       0.0000000000000000      -8.3800001144409180
       0.0000000000000000      -8.3599996566772461
       0.0000000000000000      -8.3400001525878906
       0.0000000000000000      -8.3199996948242188
       0.0000000000000000      -8.3000001907348633
       0.0000000000000000      -8.2799997329711914
       0.0000000000000000      -8.2600002288818359
       0.0000000000000000      -8.2399997711181641
       0.0000000000000000      -8.2200002670288086
       0.0000000000000000      -8.1999998092651367
       0.0000000000000000      -8.1800003051757812
       0.0000000000000000      -8.1599998474121094
       0.0000000000000000      -8.1400003433227539
       0.0000000000000000      -8.1199998855590820
       0.0000000000000000      -8.1000003814697266
       0.0000000000000000      -8.0799999237060547
       0.0000000000000000      -8.0600004196166992
       0.0000000000000000      -8.0399999618530273
       0.0000000000000000      -8.0200004577636719
       0.0000000000000000      -8.0000000000000000
       0.0000000000000000      -7.9800000190734863
       0.0000000000000000      -7.9600000381469727
       0.0000000000000000      -7.9400000572204590
       0.0000000000000000      -7.9200000762939453
       0.0000000000000000      -7.9000000953674316
       0.0000000000000000      -7.8800001144409180
       0.0000000000000000      -7.8600001335144043
       0.0000000000000000      -7.8400001525878906
       0.0000000000000000      -7.8199996948242188
       0.0000000000000000      -7.8000001907348633
       0.0000000000000000      -7.7799997329711914
       0.0000000000000000      -7.7600002288818359
       0.0000000000000000      -7.7399997711181641
       0.0000000000000000      -7.7200002670288086
       0.0000000000000000      -7.6999998092651367
       0.0000000000000000      -7.6800003051757812
       0.0000000000000000      -7.6599998474121094
       0.0000000000000000      -7.6400003433227539
       0.0000000000000000      -7.6199998855590820
       0.0000000000000000      -7.6000003814697266
       0.0000000000000000      -7.5799999237060547
       0.0000000000000000      -7.5599999427795410
       0.0000000000000000      -7.5399999618530273
       0.0000000000000000      -7.5199999809265137
       0.0000000000000000      -7.5000000000000000
       0.0000000000000000      -7.4800000190734863
       0.0000000000000000      -7.4600000381469727
       0.0000000000000000      -7.4400000572204590
       0.0000000000000000      -7.4200000762939453
       0.0000000000000000      -7.4000000953674316
       0.0000000000000000      -7.3800001144409180
       0.0000000000000000      -7.3600001335144043
       0.0000000000000000      -7.3400001525878906
       0.0000000000000000      -7.3200001716613770
       0.0000000000000000      -7.3000001907348633
       0.0000000000000000      -7.2799997329711914
       0.0000000000000000      -7.2600002288818359
       0.0000000000000000      -7.2399997711181641
       0.0000000000000000      -7.2200002670288086
       0.0000000000000000      -7.1999998092651367
       0.0000000000000000      -7.1800003051757812
       0.0000000000000000      -7.1599998474121094
       0.0000000000000000      -7.1400003433227539
       0.0000000000000000      -7.1199998855590820
       0.0000000000000000      -7.1000003814697266
       0.0000000000000000      -7.0799999237060547
       0.0000000000000000      -7.0600004196166992
       0.0000000000000000      -7.0399999618530273
       0.0000000000000000      -7.0199999809265137
       0.0000000000000000      -7.0000000000000000
       0.0000000000000000      -6.9800000190734863
       0.0000000000000000      -6.9600000381469727
       0.0000000000000000      -6.9400000572204590
       0.0000000000000000      -6.9200000762939453
       0.0000000000000000      -6.9000000953674316
       0.0000000000000000      -6.8800001144409180
       0.0000000000000000      -6.8600001335144043
       0.0000000000000000      -6.8400001525878906
       0.0000000000000000      -6.8200001716613770
       0.0000000000000000      -6.8000001907348633
       0.0000000000000000      -6.7799997329711914
       0.0000000000000000      -6.7600002288818359
       0.0000000000000000      -6.7399997711181641
       0.0000000000000000      -6.7200002670288086
       0.0000000000000000      -6.6999998092651367
       0.0000000000000000      -6.6800003051757812
       0.0000000000000000      -6.6599998474121094
       0.0000000000000000      -6.6400003433227539
       0.0000000000000000      -6.6199998855590820
       0.0000000000000000      -6.6000003814697266
       0.0000000000000000      -6.5799999237060547
       0.0000000000000000      -6.5600004196166992
       0.0000000000000000      -6.5399999618530273
       0.0000000000000000      -6.5199999809265137
       0.0000000000000000      -6.5000000000000000
       0.0000000000000000      -6.4800000190734863
       0.0000000000000000      -6.4600000381469727
       0.0000000000000000      -6.4400000572204590
       0.0000000000000000      -6.4200000762939453
       0.0000000000000000      -6.4000000953674316
       0.0000000000000000      -6.3800001144409180
       0.0000000000000000      -6.3600001335144043
       0.0000000000000000      -6.3400001525878906
       0.0000000000000000      -6.3200001716613770
       0.0000000000000000      -6.3000001907348633
       0.0000000000000000      -6.2799997329711914
       0.0000000000000000      -6.2600002288818359
       0.0000000000000000      -6.2399997711181641
       0.0000000000000000      -6.2200002670288086
       0.0000000000000000      -6.1999998092651367
       0.0000000000000000      -6.1800003051757812
       0.0000000000000000      -6.1599998474121094
       0.0000000000000000      -6.1400003433227539
       0.0000000000000000      -6.1199998855590820
       0.0000000000000000      -6.1000003814697266
       0.0000000000000000      -6.0799999237060547
       0.0000000000000000      -6.0600004196166992
       0.0000000000000000      -6.0399999618530273
       0.0000000000000000      -6.0199999809265137
       0.0000000000000000      -6.0000000000000000
       0.0000000000000000      -5.9800000190734863
       0.0000000000000000      -5.9600000381469727
       0.0000000000000000      -5.9400000572204590
       0.0000000000000000      -5.9200000762939453
       0.0000000000000000      -5.9000000953674316
       0.0000000000000000      -5.8800001144409180
       0.0000000000000000      -5.8600001335144043
       0.0000000000000000      -5.8400001525878906
       0.0000000000000000      -5.8200001716613770
       0.0000000000000000      -5.8000001907348633
       0.0000000000000000      -5.7800002098083496
       0.0000000000000000      -5.7600002288818359
       0.0000000000000000      -5.7400002479553223
       0.0000000000000000      -5.7200002670288086
       0.0000000000000000      -5.7000002861022949
       0.0000000000000000      -5.6800003051757812
       0.0000000000000000      -5.6600003242492676
       0.0000000000000000      -5.6399998664855957
       0.0000000000000000      -5.6199998855590820
       0.0000000000000000      -5.5999999046325684
       0.0000000000000000      -5.5799999237060547
       0.0000000000000000      -5.5599999427795410
       0.0000000000000000      -5.5399999618530273
       0.0000000000000000      -5.5199999809265137
       0.0000000000000000      -5.5000000000000000
       0.0000000000000000      -5.4800000190734863
       0.0000000000000000      -5.4600000381469727
       0.0000000000000000      -5.4400000572204590
       0.0000000000000000      -5.4200000762939453
       0.0000000000000000      -5.4000000953674316
       0.0000000000000000      -5.3800001144409180
       0.0000000000000000      -5.3600001335144043
       0.0000000000000000      -5.3400001525878906
       0.0000000000000000      -5.3200001716613770
       0.0000000000000000      -5.3000001907348633
       0.0000000000000000      -5.2800002098083496
       0.0000000000000000      -5.2600002288818359
       0.0000000000000000      -5.2400002479553223
       0.0000000000000000      -5.2200002670288086
       0.0000000000000001      -5.2000002861022949
       0.0000000000000001      -5.1800003051757812
       0.0000000000000001      -5.1600003242492676
       0.0000000000000001      -5.1400003433227539
       0.0000000000000001      -5.1199998855590820
       0.0000000000000002      -5.0999999046325684
       0.0000000000000002      -5.0799999237060547
       0.0000000000000002      -5.0599999427795410
       0.0000000000000003      -5.0399999618530273
       0.0000000000000004      -5.0199999809265137
       0.0000000000000005      -5.0000000000000000
       0.0000000000000006      -4.9800000190734863
       0.0000000000000007      -4.9600000381469727
       0.0000000000000009      -4.9400000572204590
       0.0000000000000011      -4.9200000762939453
       0.0000000000000014      -4.9000000953674316
       0.0000000000000017      -4.8800001144409180
       0.0000000000000021      -4.8600001335144043
       0.0000000000000026      -4.8400001525878906
       0.0000000000000032      -4.8200001716613770
       0.0000000000000040      -4.8000001907348633
       0.0000000000000049      -4.7800002098083496
       0.0000000000000061      -4.7600002288818359
       0.0000000000000075      -4.7400002479553223
       0.0000000000000092      -4.7200002670288086
       0.0000000000000113      -4.7000002861022949
       0.0000000000000138      -4.6800003051757812
       0.0000000000000169      -4.6600003242492676
       0.0000000000000208      -4.6400003433227539
       0.0000000000000254      -4.6199998855590820
       0.0000000000000311      -4.5999999046325684
       0.0000000000000381      -4.5799999237060547
       0.0000000000000465      -4.5599999427795410
       0.0000000000000568      -4.5399999618530273
       0.0000000000000694      -4.5199999809265137
       0.0000000000000846      -4.5000000000000000
       0.0000000000001031      -4.4800000190734863
       0.0000000000001256      -4.4600000381469727
       0.0000000000001529      -4.4400000572204590
       0.0000000000001860      -4.4200000762939453
       0.0000000000002261      -4.4000000953674316
       0.0000000000002747      -4.3800001144409180
       0.0000000000003334      -4.3600001335144043
       0.0000000000004045      -4.3400001525878906
       0.0000000000004903      -4.3200001716613770
       0.0000000000005940      -4.3000001907348633
       0.0000000000007192      -4.2800002098083496
       0.0000000000008701      -4.2600002288818359
       0.0000000000010520      -4.2400002479553223
       0.0000000000012710      -4.2200002670288086
       0.0000000000015347      -4.2000002861022949
       0.0000000000018518      -4.1800003051757812
       0.0000000000022330      -4.1600003242492676
       0.0000000000026909      -4.1400003433227539
       0.0000000000032406      -4.1200003623962402
       0.0000000000039001      -4.0999999046325684
       0.0000000000046907      -4.0799999237060547
       0.0000000000056379      -4.0599999427795410
       0.0000000000067720      -4.0399999618530273
       0.0000000000081290      -4.0199999809265137
       0.0000000000097517      -4.0000000000000000
       0.0000000000116909      -3.9800000190734863
       0.0000000000140068      -3.9600000381469727
       0.0000000000167709      -3.9400000572204590
       0.0000000000200678      -3.9200000762939453
       0.0000000000239979      -3.9000000953674316
       0.0000000000286798      -3.8800001144409180
       0.0000000000342538      -3.8600001335144043
       0.0000000000408859      -3.8400001525878906
       0.0000000000487722      -3.8200001716613770
       0.0000000000581441      -3.8000001907348633
       0.0000000000692749      -3.7800002098083496
       0.0000000000824866      -3.7600002288818359
       0.0000000000981590      -3.7400002479553223
       0.0000000001167396      -3.7200002670288086
       0.0000000001387549      -3.7000002861022949
       0.0000000001648249      -3.6800003051757812
       0.0000000001956785      -3.6600003242492676
       0.0000000002321726      -3.6400003433227539
       0.0000000002753140      -3.6200003623962402
       0.0000000003262848      -3.6000003814697266
       0.0000000003864741      -3.5799999237060547
       0.0000000004575065      -3.5599999427795410
       0.0000000005412918      -3.5399999618530273
       0.0000000006400661      -3.5199999809265137
       0.0000000007564492      -3.5000000000000000
       0.0000000008935080      -3.4800000190734863
       0.0000000010548317      -3.4600000381469727
       0.0000000012446188      -3.4400000572204590
       0.0000000014677783      -3.4200000762939453
       0.0000000017300476      -3.4000000953674316
       0.0000000020381296      -3.3800001144409180
       0.0000000023998517      -3.3600001335144043
       0.0000000028243516      -3.3400001525878906
       0.0000000033222919      -3.3200001716613770
       0.0000000039061106      -3.3000001907348633
       0.0000000045903118      -3.2800002098083496
       0.0000000053918029      -3.2600002288818359
       0.0000000063302874      -3.2400002479553223
       0.0000000074287199      -3.2200002670288086
       0.0000000087138355      -3.2000002861022949
       0.0000000102167644      -3.1800003051757812
       0.0000000119737458      -3.1600003242492676
       0.0000000140269573      -3.1400003433227539
       0.0000000164254782      -3.1200003623962402
       0.0000000192264094      -3.1000003814697266
       0.0000000224962581      -3.0799999237060547
       0.0000000263121285      -3.0599999427795410
       0.0000000307639449      -3.0399999618530273
       0.0000000359561991      -3.0199999809265137
       0.0000000420104023      -3.0000000000000000
       0.0000000490678564      -2.9800000190734863
       0.0000000572928809      -2.9600000381469727
       0.0000000668765736      -2.9400000572204590
       0.0000000780411953      -2.9200000762939453
       0.0000000910452859      -2.9000000953674316
       0.0000001061896385      -2.8800001144409180
       0.0000001238242804      -2.8600001335144043
       0.0000001443566383      -2.8400001525878906
       0.0000001682610987      -2.8200001716613770
       0.0000001960902122      -2.8000001907348633
       0.0000002284878411      -2.7800002098083496
       0.0000002662046050      -2.7600002288818359
       0.0000003101160525      -2.7400002479553223
       0.0000003612440698      -2.7200002670288086
       0.0000004207821436      -2.7000002861022949
       0.0000004901252216      -2.6800003051757812
       0.0000005709050748      -2.6600003242492676
       0.0000006650322542      -2.6400003433227539
       0.0000007747459803      -2.6200003623962402
       0.0000009026735995      -2.6000003814697266
       0.0000010519016150      -2.5800004005432129
       0.0000012260652526      -2.5599999427795410
       0.0000014294334887      -2.5399999618530273
       0.0000016670569557      -2.5199999809265137
       0.0000019449008893      -2.5000000000000000
       0.0000022700295332      -2.4800000190734863
       0.0000026508259971      -2.4600000381469727
       0.0000030972610409      -2.4400000572204590
       0.0000036212231069      -2.4200000762939453
       0.0000042369254546      -2.4000000953674316
       0.0000049614109545      -2.3800001144409180
       0.0000058151813740      -2.3600001335144043
       0.0000068229864796      -2.3400001525878906
       0.0000080148198436      -2.3200001716613770
       0.0000094271841660      -2.3000001907348633
       0.0000111047110901      -2.2800002098083496
       0.0000131022516966      -2.2600002288818359
       0.0000154875983664      -2.2400002479553223
       0.0000183450630304      -2.2200002670288086
       0.0000217802311924      -2.2000002861022949
       0.0000259263517853      -2.1800003051757812
       0.0000309530363565      -2.1600003242492676
       0.0000370782711977      -2.1400003433227539
       0.0000445852676473      -2.1200003623962402
       0.0000538465196388      -2.1000003814697266
       0.0000653588391632      -2.0800004005432129
       0.0000797959239458      -2.0599999427795410
       0.0000980866582325      -2.0399999618530273
       0.0001215426477250      -2.0199999809265137
       0.0001520613709346      -2.0000000000000000
       0.0001924721749440      -1.9800004959106445
       0.0002471594011323      -1.9600000381469727
       0.0003232159107876      -1.9400005340576172
       0.0004328385806463      -1.9200000762939453
       0.0005986071538318      -1.9000005722045898
       0.0008670337249087      -1.8800001144409180
       0.0013496848883026      -1.8600006103515625
       0.0023909847417378      -1.8400001525878906
       0.0057636936972421      -1.8200006484985352
       0.4944911725701217      -1.8000001907348633
       0.9875695666383941      -1.7799997329711914
       0.9916875920656719      -1.7600002288818359
       0.9931657416252823      -1.7399997711181641
       0.9939591929583326      -1.7200002670288086
       0.9944695958136583      -1.6999998092651367
       0.9948339694562155      -1.6800003051757812
       0.9951124348840940      -1.6599998474121094
       0.9953356664604610      -1.6400003433227539
       0.9955211061590951      -1.6199998855590820
       0.9956794049663877      -1.6000003814697266
       0.9958175050815606      -1.5799999237060547
       0.9959401024598570      -1.5600004196166992
       0.9960505321858142      -1.5399999618530273
       0.9961512022474827      -1.5200004577636719
       0.9962439286289673      -1.5000000000000000
       0.9963300815277234      -1.4800004959106445
       0.9964107422247980      -1.4600000381469727
       0.9964867517411966      -1.4400005340576172
       0.9965587984054004      -1.4200000762939453
       0.9966274287934233      -1.4000005722045898
       0.9966931043002798      -1.3800001144409180
       0.9967561961639892      -1.3600006103515625
       0.9968170265231825      -1.3400001525878906
       0.9968758563568463      -1.3200006484985352
       0.9969329180242126      -1.3000001907348633
       0.9969884025963656      -1.2799997329711914
       0.9970424742831788      -1.2600002288818359
       0.9970952823312812      -1.2399997711181641
       0.9971469467349185      -1.2200002670288086
       0.9971975813236906      -1.1999998092651367
       0.9972472764091849      -1.1800003051757812
       0.9972961200701348      -1.1599998474121094
       0.9973441807909917      -1.1400003433227539
       0.9973915274526302      -1.1199998855590820
       0.9974382121090652      -1.1000003814697266
       0.9974842890083251      -1.0799999237060547
       0.9975297975752809      -1.0600004196166992
       0.9975747806824574      -1.0399999618530273
       0.9976192678672440      -1.0200004577636719
       0.9976632930034701      -1.0000000000000000
       0.9977068777611422      -0.9800004959106445
       0.9977500487865107      -0.9600000381469727
       0.9977928214026189      -0.9400005340576172
       0.9978352163740778      -0.9200000762939453
       0.9978772438444358      -0.9000005722045898
       0.9979189197402424      -0.8800001144409180
       0.9979602499358384      -0.8600006103515625
       0.9980012463579790      -0.8400001525878906
       0.9980419113386356      -0.8200006484985352
       0.9980822534471270      -0.8000001907348633
       0.9981222739933757      -0.7799997329711914
       0.9981619730378593      -0.7600002288818359
       0.9982013551201189      -0.7399997711181641
       0.9982404161477124      -0.7200002670288086
       0.9982791585166452      -0.6999998092651367
       0.9983175763104458      -0.6800003051757812
       0.9983556701388374      -0.6599998474121094
       0.9983934325889965      -0.6400003433227539
       0.9984308628168866      -0.6199998855590820
       0.9984679522157723      -0.6000003814697266
       0.9985046987602689      -0.5799999237060547
       0.9985410929224978      -0.5600004196166992
       0.9985771317481191      -0.5399999618530273
       0.9986128050322074      -0.5200004577636719
       0.9986481091202258      -0.5000000000000000
       0.9986830333533356      -0.4800004959106445
       0.9987175735847952      -0.4600000381469727
       0.9987517189067588      -0.4400005340576172
       0.9987854648709780      -0.4200000762939453
       0.9988187995825438      -0.4000005722045898
       0.9988517212453281      -0.3800001144409180
       0.9988842162240467      -0.3600006103515625
       0.9989162809022288      -0.3400001525878906
       0.9989479046957077      -0.3200006484985352
       0.9989790832393818      -0.3000001907348633
       0.9990098063631228      -0.2800006866455078
       0.9990400700129426      -0.2600002288818359
       0.9990698659730274      -0.2399997711181641
       0.9990991863883741      -0.2200002670288086
       0.9991280277686843      -0.1999998092651367
       0.9991563818739020      -0.1800003051757812
       0.9991842455550919      -0.1599998474121094
       0.9992116111436596      -0.1400003433227539
       0.9992384765072579      -0.1199998855590820
       0.9992648347468271      -0.1000003814697266
       0.9992906844606763      -0.0799999237060547
       0.9993160197032867      -0.0600004196166992
       0.9993408398586530      -0.0399999618530273
       0.9993651399854405      -0.0200004577636719
       0.9993889202944501       0.0000000000000000
       0.9994121768854499       0.0199995040893555
       0.9994349108237482       0.0399999618530273
       0.9994571192721645       0.0599994659423828
       0.9994788041647413       0.0799999237060547
       0.9994999637361190       0.0999994277954102
       0.9995206007913443       0.1199998855590820
       0.9995407146314819       0.1399993896484375
       0.9995603089179792       0.1599998474121094
       0.9995793840138005       0.1799993515014648
       0.9995979444105008       0.1999998092651367
       0.9996159914837990       0.2199993133544922
       0.9996335305436864       0.2399997711181641
       0.9996505647430304       0.2600002288818359
       0.9996670977553496       0.2799997329711914
       0.9996831360190034       0.3000001907348633
       0.9996986832627931       0.3199996948242188
       0.9997137466113571       0.3400001525878906
       0.9997283306356776       0.3599996566772461
       0.9997424430856140       0.3800001144409180
       0.9997560893059572       0.3999996185302734
       0.9997692776058404       0.4200000762939453
       0.9997820140310519       0.4399995803833008
       0.9997943073783427       0.4600000381469727
       0.9998061643163190       0.4799995422363281
       0.9998175940573082       0.5000000000000000
       0.9998286038119097       0.5199995040893555
       0.9998392031323216       0.5399999618530273
       0.9998493996891860       0.5599994659423828
       0.9998592032989241       0.5799999237060547
       0.9998686220102798       0.5999994277954102
       0.9998776658280634       0.6199998855590820
       0.9998863430977480       0.6399993896484375
       0.9998946639392917       0.6599998474121094
       0.9999026369147583       0.6799993515014648
       0.9999102721880807       0.6999998092651367
       0.9999175784618554       0.7199993133544922
       0.9999245658753132       0.7399997711181641
       0.9999312435098641       0.7600002288818359
       0.9999376204832666       0.7799997329711914
       0.9999437067807156       0.8000001907348633
       0.9999495111459326       0.8199996948242188
       0.9999550433889836       0.8400001525878906
       0.9999603121584972       0.8599996566772461
       0.9999653270395775       0.8800001144409180
       0.9999700965297588       0.8999996185302734
       0.9999746299430586       0.9200000762939453
       0.9999789355772353       0.9399995803833008
       0.9999830224357917       0.9600000381469727
       0.9999868985730684       0.9799995422363281
       0.9999905726478054       1.0000000000000000
       0.9999940524346439       1.0199995040893555
       0.9999973462200493       1.0399999618530273
       1.0000004614670204       1.0599994659423828
       1.0000034060683836       1.0799999237060547
       1.0000061871505390       1.0999994277954102
       1.0000088121955408       1.1199998855590820
       1.0000112879747718       1.1399993896484375
       1.0000136215485773       1.1599998474121094
       1.0000158193182398       1.1799993515014648
       1.0000178879168795       1.1999998092651367
       1.0000198333689474       1.2199993133544922
       1.0000216618772959       1.2399997711181641
       1.0000233790833670       1.2599992752075195
       1.0000249907651715       1.2799997329711914
       1.0000265022512405       1.3000001907348633
       1.0000279186909404       1.3199996948242188
       1.0000292452354971       1.3400001525878906
       1.0000304865796086       1.3599996566772461
       1.0000316474713766       1.3800001144409180
       1.0000327322390843       1.3999996185302734
       1.0000337452409331       1.4200000762939453
       1.0000346904509352       1.4399995803833008
       1.0000355718527769       1.4600000381469727
       1.0000363930801639       1.4799995422363281
       1.0000371577598202       1.5000000000000000
       1.0000378692008929       1.5199995040893555
       1.0000385306919286       1.5399999618530273
       1.0000391452337272       1.5599994659423828
       1.0000397157973857       1.5799999237060547
       1.0000402450930037       1.5999994277954102
       1.0000407357940155       1.6199998855590820
       1.0000411903383983       1.6399993896484375
       1.0000416111227353       1.6599998474121094
       1.0000420003319537       1.6799993515014648
       1.0000423601055639       1.6999998092651367
       1.0000426923940862       1.7199993133544922
       1.0000429991010684       1.7399997711181641
       1.0000432819607195       1.7599992752075195
       1.0000435426598973       1.7799997329711914
       1.0000437823258521       1.8000001907348633
       1.0000440036751925       1.8199996948242188
       1.0000442068460347       1.8400001525878906
       1.0000443935296957       1.8599996566772461
       1.0000445649537146       1.8800001144409180
       1.0000447222334987       1.8999996185302734
       1.0000448664434278       1.9200000762939453
       1.0000449985585300       1.9399995803833008
       1.0000451195153346       1.9600000381469727
       1.0000452301632252       1.9799995422363281
       1.0000453313152928       2.0000000000000000
       1.0000454237086926       2.0199995040893555
       1.0000455080470965       2.0399999618530273
       1.0000455849679857       2.0599994659423828
       1.0000456550782386       2.0799999237060547
       1.0000457189271463       2.0999994277954102
       1.0000457770357287       2.1199998855590820
       1.0000458298759300       2.1399993896484375
       1.0000458778937096       2.1599998474121094
       1.0000459214923469       2.1799993515014648
       1.0000459610531138       2.1999998092651367
       1.0000459969191844       2.2199993133544922
       1.0000460294143247       2.2399997711181641
       1.0000460588306599       2.2599992752075195
       1.0000460854425570       2.2799997329711914
       1.0000461094977209       2.3000001907348633
       1.0000461312248985       2.3199996948242188
       1.0000461508358820       2.3400001525878906
       1.0000461685226765       2.3599996566772461
       1.0000461844627409       2.3800001144409180
       1.0000461988167546       2.3999996185302734
       1.0000462117338225       2.4200000762939453
       1.0000462233481580       2.4399995803833008
       1.0000462337841538       2.4600000381469727
       1.0000462431533566       2.4799995422363281
       1.0000462515592246       2.5000000000000000
       1.0000462590943142       2.5199995040893555
       1.0000462658447806       2.5399999618530273
       1.0000462718868899       2.5599994659423828
       1.0000462772912861       2.5799999237060547
       1.0000462821210536       2.5999994277954102
       1.0000462864350825       2.6199998855590820
       1.0000462902842753       2.6399993896484375
       1.0000462937171537       2.6599998474121094
       1.0000462967755579       2.6799993515014648
       1.0000462994990713       2.6999998092651367
       1.0000463019218679       2.7199993133544922
       1.0000463040759293       2.7399997711181641
       1.0000463059894271       2.7599992752075195
       1.0000463076876969       2.7799997329711914
       1.0000463091945373       2.7999992370605469
       1.0000463105298647       2.8199996948242188
       1.0000463117123224       2.8400001525878906
       1.0000463127590264       2.8599996566772461
       1.0000463136842836       2.8800001144409180
       1.0000463145018812       2.8999996185302734
       1.0000463151865766       2.9200000762939453
       1.0000463158609485       2.9399995803833008
       1.0000463164223909       2.9600000381469727
       1.0000463169172162       2.9799995422363281
       1.0000463173528649       3.0000000000000000
       1.0000463177358372       3.0199995040893555
       1.0000463180722687       3.0399999618530273
       1.0000463183678538       3.0599994659423828
       1.0000463186273405       3.0799999237060547
       1.0000463188548865       3.0999994277954102
       1.0000463190542028       3.1199998855590820
       1.0000463192287061       3.1399993896484375
       1.0000463193814881       3.1599998474121094
       1.0000463195148435       3.1799993515014648
       1.0000463196314822       3.1999998092651367
       1.0000463197332217       3.2199993133544922
       1.0000463198219269       3.2399997711181641
       1.0000463198993563       3.2599992752075195
       1.0000463199667438       3.2799997329711914
       1.0000463200253498       3.2999992370605469
       1.0000463200762588       3.3199996948242188
       1.0000463201204270       3.3400001525878906
       1.0000463201589180       3.3599996566772461
       1.0000463201924337       3.3800001144409180
       1.0000463202211187       3.3999996185302734
       1.0000463202462606       3.4200000762939453
       1.0000463202679222       3.4399995803833008
       1.0000463202868741       3.4600000381469727
       1.0000463203029806       3.4799995422363281
       1.0000463203168619       3.5000000000000000
       1.0000463203288585       3.5199995040893555
       1.0000463202235659       3.5399999618530273
       1.0000463203482439       3.5599994659423828
       1.0000463203581684       3.5799999237060547
       1.0000463203625256       3.5999994277954102
       1.0000463203709888       3.6199998855590820
       1.0000463203731980       3.6399993896484375
       1.0000463203776113       3.6599998474121094
       1.0000463203811001       3.6799993515014648
       1.0000463203840873       3.6999998092651367
       1.0000463203869454       3.7199993133544922
       1.0000463203891843       3.7399997711181641
       1.0000463203909224       3.7599992752075195
       1.0000463203925438       3.7799997329711914
       1.0000463203940362       3.7999992370605469
       1.0000463203953540       3.8199996948242188
       1.0000463203962378       3.8400001525878906
       1.0000463203970213       3.8599996566772461
       1.0000463203979226       3.8800001144409180
       1.0000463203984742       3.8999996185302734
       1.0000463203990377       3.9200000762939453
       1.0000463203996952       3.9399995803833008
       1.0000463203998406       3.9600000381469727
       1.0000463204002799       3.9799995422363281
       1.0000463204004735       4.0000000000000000
       1.0000463204006993       4.0199995040893555
       1.0000463204008683       4.0399999618530273
       1.0000463204011727       4.0599994659423828
       1.0000463204011549       4.0799999237060547
       1.0000463204012768       4.0999994277954102
       1.0000463204013885       4.1199998855590820
       1.0000463204016774       4.1399993896484375
       1.0000463204016117       4.1599998474121094
       1.0000463204017815       4.1799993515014648
       1.0000463204017527       4.1999998092651367
       1.0000463204018102       4.2199993133544922
       1.0000463204018759       4.2399997711181641
       1.0000463204018619       4.2599992752075195
       1.0000463204019094       4.2799997329711914
       0.0073445525627317       4.2999992370605469
       1.0000463204020420       4.3199996948242188
       1.0000463204019316       4.3400001525878906
       1.0000463203908203       4.3599996566772461
       1.0000463204019401       4.3800001144409180
       1.0000463204019050       4.3999996185302734
       1.0000463204020755       4.4200000762939453
       1.0000463204020704       4.4399995803833008
       1.0000463204020207       4.4600000381469727
       1.0000463204018577       4.4799995422363281
       1.0000463204018384       4.5000000000000000
       1.0000463204020698       4.5199995040893555
       1.0000463204022052       4.5399999618530273
       1.0000463204020120       4.5599994659423828
       1.0000463204018353       4.5799999237060547
       1.0000463204019283       4.5999994277954102
       1.0000463204018200       4.6199998855590820
       0.0074208694137670       4.6399993896484375
       1.0000463204021490       4.6599998474121094
       1.0000463204019532       4.6799993515014648
       1.0000463204019969       4.6999998092651367
       1.0000463204021275       4.7199993133544922
       1.0000463204020600       4.7399997711181641
       1.0000463204022843       4.7599992752075195
       1.0000463204018981       4.7799997329711914
       1.0000463204022036       4.7999992370605469
       1.0000463204016417       4.8199996948242188
       1.0000463204019501       4.8399991989135742
       1.0000463204020802       4.8599996566772461
       1.0000463204020109       4.8800001144409180
       1.0000463204022438       4.8999996185302734
       1.0000463204020540       4.9200000762939453
       1.0000463204023182       4.9399995803833008
       1.0000463204019618       4.9600000381469727
       1.0000463204020456       4.9799995422363281
       1.0000463204017946       5.0000000000000000
       1.0000463204021086       5.0199995040893555
       1.0000463204023493       5.0399999618530273
       1.0000463204020416       5.0599994659423828
       1.0000463204022541       5.0799999237060547
       1.0000463204018917       5.0999994277954102
       1.0000463204019958       5.1199998855590820
       1.0000463204019963       5.1399993896484375
       1.0000463204021202       5.1599998474121094
       1.0000463204022583       5.1799993515014648
       1.0000463204014394       5.1999998092651367
       1.0000463204021803       5.2199993133544922
       1.0000463204021321       5.2399997711181641
       1.0000463204018066       5.2599992752075195
       1.0000463204020524       5.2799997329711914
       1.0000463204020467       5.2999992370605469
       1.0000463204021188       5.3199996948242188
       1.0000463204018897       5.3399991989135742
       1.0000463204021506       5.3599996566772461
       1.0000463204019072       5.3800001144409180
       1.0000463204018428       5.3999996185302734
       1.0000463204019454       5.4200000762939453
       1.0000463204021857       5.4399995803833008
       1.0000463204020538       5.4600000381469727
       1.0000463204020116       5.4799995422363281
       1.0000463204019456       5.5000000000000000
       1.0000463204018200       5.5199995040893555
       1.0000463204020391       5.5399999618530273
       1.0000463204019323       5.5599994659423828
       1.0000463204021781       5.5799999237060547
       1.0000463204020893       5.5999994277954102
       1.0000463204017940       5.6199998855590820
       1.0000463204020811       5.6399993896484375
       1.0000463203991081       5.6599998474121094
       1.0000463204019951       5.6799993515014648
       1.0000463204021963       5.6999998092651367
       1.0000463204021453       5.7199993133544922
       1.0000463204020311       5.7399997711181641
       1.0000463204019685       5.7599992752075195
       1.0000463204020265       5.7799997329711914
       1.0000463204019714       5.7999992370605469
       1.0000463204021275       5.8199996948242188
       1.0000463204019814       5.8399991989135742
       1.0000463204018266       5.8599996566772461
       1.0000463204021239       5.8800001144409180
       1.0000463204020165       5.8999996185302734
       1.0000463204020500       5.9200000762939453
       1.0000463204019727       5.9399995803833008
       1.0000463204019563       5.9600000381469727
       1.0000463204019492       5.9799995422363281
       1.0000463204017678       6.0000000000000000
       1.0000463204021119       6.0200004577636719
       1.0000463204021126       6.0399990081787109
       1.0000463204020105       6.0599994659423828
       1.0000463204019459       6.0799999237060547
       1.0000463204020871       6.1000003814697266
       1.0000463204020140       6.1199989318847656
       1.0000463204018624       6.1399993896484375
       1.0000463204020014       6.1599998474121094
       1.0000463204020169       6.1800003051757812
       1.0000463204023435       6.1999988555908203
       1.0000463204022101       6.2199993133544922
       1.0000463204020498       6.2399997711181641
       1.0000463204023420       6.2600002288818359
       1.0000463204020700       6.2799987792968750
       1.0000463204021171       6.2999992370605469
       1.0000463204019556       6.3199996948242188
       1.0000463204021148       6.3400001525878906
       0.0045841385885307       6.3599987030029297
       1.0000463204019649       6.3799991607666016
       1.0000463204017458       6.3999996185302734
       1.0000463204018590       6.4200000762939453
       1.0000463204020045       6.4400005340576172
       1.0000463204019241       6.4599990844726562
       1.0000463204020738       6.4799995422363281
       1.0000463204020145       6.5000000000000000
       1.0000463204004268       6.5200004577636719
       1.0000463204019345       6.5399990081787109
       1.0000463204019019       6.5599994659423828
       1.0000463204018653       6.5799999237060547
       1.0000463204020902       6.6000003814697266
       1.0000463204020273       6.6199989318847656
       1.0000463204023640       6.6399993896484375
       1.0000463204020926       6.6599998474121094
       1.0000463204017498       6.6800003051757812
       1.0000463204018943       6.6999988555908203
       1.0000463204020429       6.7199993133544922
       1.0000463204022032       6.7399997711181641
       1.0000463204020917       6.7600002288818359
       1.0000463204018324       6.7799987792968750
       1.0000463194767162       6.7999992370605469
       1.0000463204019931       6.8199996948242188
       1.0000463204022301       6.8400001525878906
       1.0000463204022738       6.8599987030029297
       1.0000463204021566       6.8799991607666016
       1.0000463204021359       6.8999996185302734
       1.0000463204023007       6.9200000762939453
       1.0000463204020400       6.9400005340576172
       1.0000463204018466       6.9599990844726562
       1.0000463204019368       6.9799995422363281
       1.0000463204020809       7.0000000000000000
       1.0000463204020531       7.0200004577636719
       1.0000463204018710       7.0399990081787109
       1.0000463204019985       7.0599994659423828
       1.0000463204018692       7.0799999237060547
       1.0000463204019248       7.1000003814697266
       1.0000463204024697       7.1199989318847656
       1.0000463204019150       7.1399993896484375
       1.0000463204019059       7.1599998474121094
       1.0000463204019985       7.1800003051757812
       1.0000463204022556       7.1999988555908203
       1.0000463204021330       7.2199993133544922
       1.0000463204020984       7.2399997711181641
       1.0000463204022534       7.2600002288818359
       1.0000463204021446       7.2799987792968750
       1.0000463204020400       7.2999992370605469
       1.0000463204019097       7.3199996948242188
       1.0000463204019447       7.3400001525878906
       1.0000463204023400       7.3599987030029297
       1.0000463204021852       7.3799991607666016
       1.0000463204018468       7.3999996185302734
       1.0000463204019296       7.4200000762939453
       1.0000463204017886       7.4400005340576172
       1.0000463204019958       7.4599990844726562
       1.0000463204020782       7.4799995422363281
       1.0000463204018410       7.5000000000000000
       1.0000463204024328       7.5200004577636719
       1.0000463204021235       7.5399990081787109
       1.0000463204021246       7.5599994659423828
       1.0000463204022287       7.5799999237060547
       1.0000463204023533       7.6000003814697266
       1.0000463204020342       7.6199989318847656
       1.0000463204020045       7.6399993896484375
       1.0000463204020300       7.6599998474121094
       1.0000463204020060       7.6800003051757812
       1.0000463204023182       7.6999988555908203
       1.0000463204021550       7.7199993133544922
       1.0000463204021084       7.7399997711181641
       1.0000463204019694       7.7600002288818359
       1.0000463204021304       7.7799987792968750
       1.0000463204019168       7.7999992370605469
       1.0000463204019132       7.8199996948242188
       1.0000463204019345       7.8400001525878906
       1.0000463204019758       7.8599987030029297
       1.0000463204009666       7.8799991607666016
       1.0000463204019818       7.8999996185302734
       1.0000463204020233       7.9200000762939453
       1.0000463204022212       7.9400005340576172
       1.0000463204017969       7.9599990844726562
       1.0000463204022543       7.9799995422363281
       1.0000463204020196       8.0000000000000000
       1.0000463204016785       8.0200004577636719
       1.0000463204020318       8.0399990081787109
       1.0000463204020680       8.0599994659423828
       1.0000463204023531       8.0799999237060547
       1.0000463204020509       8.1000003814697266
       1.0000463204021357       8.1199989318847656
       0.0079066740398353       8.1399993896484375
       1.0000463204022609       8.1599998474121094
       1.0000463204018317       8.1800003051757812
       1.0000463204019103       8.1999988555908203
       1.0000463204020134       8.2199993133544922
       1.0000463204019239       8.2399997711181641
       1.0000463204023424       8.2600002288818359
       1.0000463204021324       8.2799987792968750
       1.0000463204019983       8.2999992370605469
       1.0000463204020189       8.3199996948242188
       1.0000463204021448       8.3400001525878906
       1.0000463204020758       8.3599987030029297
       1.0000463204020560       8.3799991607666016
       1.0000463204018923       8.3999996185302734
       1.0000463204021313       8.4200000762939453
       1.0000463204019989       8.4400005340576172
       1.0000463204020753       8.4599990844726562
       1.0000463204019012       8.4799995422363281
       1.0000463204023422       8.5000000000000000
       1.0000463204017018       8.5200004577636719
       1.0000463204014525       8.5399990081787109
       1.0000463204020398       8.5599994659423828
       1.0000463204016024       8.5799999237060547
       1.0000463204016643       8.6000003814697266
       1.0000463204016472       8.6199989318847656
       1.0000463204018357       8.6399993896484375
       1.0000463204019541       8.6599998474121094
       1.0000463204015990       8.6800003051757812
       1.0000463204019352       8.6999988555908203
       1.0000463204019960       8.7199993133544922
       1.0000463204005599       8.7399997711181641
       1.0000463204019654       8.7600002288818359
       1.0000463204022247       8.7799987792968750
       1.0000463204024406       8.7999992370605469
       1.0000463204017482       8.8199996948242188
       1.0000463204021219       8.8400001525878906
       1.0000463204022030       8.8599987030029297
       1.0000463204019199       8.8799991607666016
       1.0000463204022279       8.8999996185302734
       1.0000463204017451       8.9200000762939453
       1.0000463204021819       8.9399986267089844
       1.0000463204018792       8.9599990844726562
       1.0000463204019414       8.9799995422363281
       1.0000463204019381       9.0000000000000000
       1.0000463204022001       9.0200004577636719
       1.0000463204019441       9.0399990081787109
       1.0000463204019712       9.0599994659423828
       1.0000463204022101       9.0799999237060547
       1.0000463204018395       9.1000003814697266
       1.0000463204022219       9.1199989318847656
       1.0000463204019576       9.1399993896484375
       1.0000463204024241       9.1599998474121094
       1.0000463204025110       9.1800003051757812
       1.0000463203995014       9.1999988555908203
       1.0000463204019665       9.2199993133544922
       1.0000463204019969       9.2399997711181641
       1.0000463204020413       9.2600002288818359
       1.0000463204018879       9.2799987792968750
       1.0000463204018537       9.2999992370605469
       1.0000463204019585       9.3199996948242188
       1.0000463204025145       9.3400001525878906
       1.0000463204023000       9.3599987030029297
       1.0000463204021599       9.3799991607666016
       1.0000463204017587       9.3999996185302734
       1.0000463204019172       9.4200000762939453
       1.0000463204017858       9.4399986267089844
       1.0000463204024330       9.4599990844726562
       1.0000463204019627       9.4799995422363281
       1.0000463204015613       9.5000000000000000
       1.0000463204007080       9.5200004577636719
       1.0000463204019945       9.5399990081787109
       1.0000463204021177       9.5599994659423828
       1.0000463204021073       9.5799999237060547
       1.0000463204019332       9.6000003814697266
       1.0000463204019356       9.6199989318847656
       1.0000463204006076       9.6399993896484375
       1.0000463204021628       9.6599998474121094
       1.0000463204017149       9.6800003051757812
       1.0000463204019474       9.6999988555908203
       1.0000463204022279       9.7199993133544922
       1.0000463204019681       9.7399997711181641
       1.0000463204020484       9.7600002288818359
       1.0000463204022996       9.7799987792968750
       1.0000463204020007       9.7999992370605469
       1.0000463204020700       9.8199996948242188
       1.0000463204019416       9.8400001525878906
       1.0000463204021914       9.8599987030029297
       1.0000463204023660       9.8799991607666016
       1.0000463204020744       9.8999996185302734
       1.0000463204018606       9.9200000762939453
       0.0040107169957156       9.9399986267089844
       1.0000463204017789       9.9599990844726562
       1.0000463204045988       9.9799995422363281
       1.0000463204016217      10.0000000000000000
