# xi		u_parallel
       0.0000000000000000     -10.0000000000000000
       0.0000000000000000      -9.9799995422363281
       0.0000000000000000      -9.9600000381469727
       0.0000000000000000      -9.9399995803833008
       0.0000000000000000      -9.9200000762939453
       0.0000000000000000      -9.8999996185302734
       0.0000000000000000      -9.8800001144409180
       0.0000000000000000      -9.8599996566772461
       0.0000000000000000      -9.8400001525878906
       0.0000000000000000      -9.8199996948242188
       0.0000000000000000      -9.8000001907348633
       0.0000000000000000      -9.7799997329711914
       0.0000000000000000      -9.7600002288818359
       0.0000000000000000      -9.7399997711181641
       0.0000000000000000      -9.7200002670288086
       0.0000000000000000      -9.6999998092651367
       0.0000000000000000      -9.6800003051757812
       0.0000000000000000      -9.6599998474121094
       0.0000000000000000      -9.6400003433227539
       0.0000000000000000      -9.6199998855590820
       0.0000000000000000      -9.6000003814697266
       0.0000000000000000      -9.5799999237060547
       0.0000000000000000      -9.5600004196166992
       0.0000000000000000      -9.5399999618530273
       0.0000000000000000      -9.5200004577636719
       0.0000000000000000      -9.5000000000000000
       0.0000000000000000      -9.4799995422363281
       0.0000000000000000      -9.4600000381469727
       0.0000000000000000      -9.4399995803833008
       0.0000000000000000      -9.4200000762939453
       0.0000000000000000      -9.3999996185302734
       0.0000000000000000      -9.3800001144409180
       0.0000000000000000      -9.3599996566772461
       0.0000000000000000      -9.3400001525878906
       0.0000000000000000      -9.3199996948242188
       0.0000000000000000      -9.3000001907348633
       0.0000000000000000      -9.2799997329711914
       0.0000000000000000      -9.2600002288818359
       0.0000000000000000      -9.2399997711181641
       0.0000000000000000      -9.2200002670288086
       0.0000000000000000      -9.1999998092651367
       0.0000000000000000      -9.1800003051757812
       0.0000000000000000      -9.1599998474121094
       0.0000000000000000      -9.1400003433227539
       0.0000000000000000      -9.1199998855590820
       0.0000000000000000      -9.1000003814697266
       0.0000000000000000      -9.0799999237060547
       0.0000000000000000      -9.0600004196166992
       0.0000000000000000      -9.0399999618530273
       0.0000000000000000      -9.0200004577636719
       0.0000000000000000      -9.0000000000000000
       0.0000000000000000      -8.9799995422363281
       0.0000000000000000      -8.9600000381469727
       0.0000000000000000      -8.9400005340576172
       0.0000000000000000      -8.9200000762939453
       0.0000000000000000      -8.8999996185302734
       0.0000000000000000      -8.8800001144409180
       0.0000000000000000      -8.8599996566772461
       0.0000000000000000      -8.8400001525878906
       0.0000000000000000      -8.8199996948242188
       0.0000000000000000      -8.8000001907348633
       0.0000000000000000      -8.7799997329711914
       0.0000000000000000      -8.7600002288818359
       0.0000000000000000      -8.7399997711181641
       0.0000000000000000      -8.7200002670288086
       0.0000000000000000      -8.6999998092651367
       0.0000000000000000      -8.6800003051757812
       0.0000000000000000      -8.6599998474121094
       0.0000000000000000      -8.6400003433227539
       0.0000000000000000      -8.6199998855590820
       0.0000000000000000      -8.6000003814697266
       0.0000000000000000      -8.5799999237060547
       0.0000000000000000      -8.5600004196166992
       0.0000000000000000      -8.5399999618530273
       0.0000000000000000      -8.5200004577636719
       0.0000000000000000      -8.5000000000000000
       0.0000000000000000      -8.4799995422363281
       0.0000000000000000      -8.4600000381469727
       0.0000000000000000      -8.4400005340576172
       0.0000000000000000      -8.4200000762939453
       0.0000000000000000      -8.3999996185302734
       0.0000000000000000      -8.3800001144409180
       0.0000000000000000      -8.3599996566772461
       0.0000000000000000      -8.3400001525878906
       0.0000000000000000      -8.3199996948242188
       0.0000000000000000      -8.3000001907348633
       0.0000000000000000      -8.2799997329711914
       0.0000000000000000      -8.2600002288818359
       0.0000000000000000      -8.2399997711181641
       0.0000000000000000      -8.2200002670288086
       0.0000000000000000      -8.1999998092651367
       0.0000000000000000      -8.1800003051757812
       0.0000000000000000      -8.1599998474121094
       0.0000000000000000      -8.1400003433227539
       0.0000000000000000      -8.1199998855590820
       0.0000000000000000      -8.1000003814697266
       0.0000000000000000      -8.0799999237060547
       0.0000000000000000      -8.0600004196166992
       0.0000000000000000      -8.0399999618530273
       0.0000000000000000      -8.0200004577636719
       0.0000000000000000      -8.0000000000000000
       0.0000000000000000      -7.9800000190734863
       0.0000000000000000      -7.9600000381469727
       0.0000000000000000      -7.9400000572204590
       0.0000000000000000      -7.9200000762939453
       0.0000000000000000      -7.9000000953674316
       0.0000000000000000      -7.8800001144409180
       0.0000000000000000      -7.8600001335144043
       0.0000000000000000      -7.8400001525878906
       0.0000000000000000      -7.8199996948242188
       0.0000000000000000      -7.8000001907348633
       0.0000000000000000      -7.7799997329711914
       0.0000000000000000      -7.7600002288818359
       0.0000000000000000      -7.7399997711181641
       0.0000000000000000      -7.7200002670288086
       0.0000000000000000      -7.6999998092651367
       0.0000000000000000      -7.6800003051757812
       0.0000000000000000      -7.6599998474121094
       0.0000000000000000      -7.6400003433227539
       0.0000000000000000      -7.6199998855590820
       0.0000000000000000      -7.6000003814697266
       0.0000000000000000      -7.5799999237060547
       0.0000000000000000      -7.5599999427795410
       0.0000000000000000      -7.5399999618530273
       0.0000000000000000      -7.5199999809265137
       0.0000000000000000      -7.5000000000000000
       0.0000000000000000      -7.4800000190734863
       0.0000000000000000      -7.4600000381469727
       0.0000000000000000      -7.4400000572204590
       0.0000000000000000      -7.4200000762939453
       0.0000000000000000      -7.4000000953674316
       0.0000000000000000      -7.3800001144409180
       0.0000000000000000      -7.3600001335144043
       0.0000000000000000      -7.3400001525878906
       0.0000000000000000      -7.3200001716613770
       0.0000000000000000      -7.3000001907348633
       0.0000000000000000      -7.2799997329711914
       0.0000000000000000      -7.2600002288818359
       0.0000000000000000      -7.2399997711181641
       0.0000000000000000      -7.2200002670288086
       0.0000000000000000      -7.1999998092651367
       0.0000000000000000      -7.1800003051757812
       0.0000000000000000      -7.1599998474121094
       0.0000000000000000      -7.1400003433227539
       0.0000000000000000      -7.1199998855590820
       0.0000000000000000      -7.1000003814697266
       0.0000000000000000      -7.0799999237060547
       0.0000000000000000      -7.0600004196166992
       0.0000000000000000      -7.0399999618530273
       0.0000000000000000      -7.0199999809265137
       0.0000000000000000      -7.0000000000000000
       0.0000000000000000      -6.9800000190734863
       0.0000000000000000      -6.9600000381469727
       0.0000000000000000      -6.9400000572204590
       0.0000000000000000      -6.9200000762939453
       0.0000000000000000      -6.9000000953674316
       0.0000000000000000      -6.8800001144409180
       0.0000000000000000      -6.8600001335144043
       0.0000000000000000      -6.8400001525878906
       0.0000000000000000      -6.8200001716613770
       0.0000000000000000      -6.8000001907348633
       0.0000000000000000      -6.7799997329711914
       0.0000000000000000      -6.7600002288818359
       0.0000000000000000      -6.7399997711181641
       0.0000000000000000      -6.7200002670288086
       0.0000000000000000      -6.6999998092651367
       0.0000000000000000      -6.6800003051757812
       0.0000000000000000      -6.6599998474121094
       0.0000000000000000      -6.6400003433227539
       0.0000000000000000      -6.6199998855590820
       0.0000000000000000      -6.6000003814697266
       0.0000000000000000      -6.5799999237060547
       0.0000000000000000      -6.5600004196166992
       0.0000000000000000      -6.5399999618530273
       0.0000000000000000      -6.5199999809265137
       0.0000000000000000      -6.5000000000000000
       0.0000000000000000      -6.4800000190734863
       0.0000000000000000      -6.4600000381469727
       0.0000000000000000      -6.4400000572204590
       0.0000000000000000      -6.4200000762939453
       0.0000000000000000      -6.4000000953674316
       0.0000000000000000      -6.3800001144409180
       0.0000000000000000      -6.3600001335144043
       0.0000000000000000      -6.3400001525878906
       0.0000000000000000      -6.3200001716613770
       0.0000000000000000      -6.3000001907348633
       0.0000000000000000      -6.2799997329711914
       0.0000000000000000      -6.2600002288818359
       0.0000000000000000      -6.2399997711181641
       0.0000000000000000      -6.2200002670288086
       0.0000000000000000      -6.1999998092651367
       0.0000000000000000      -6.1800003051757812
       0.0000000000000000      -6.1599998474121094
       0.0000000000000000      -6.1400003433227539
       0.0000000000000000      -6.1199998855590820
       0.0000000000000000      -6.1000003814697266
       0.0000000000000000      -6.0799999237060547
       0.0000000000000000      -6.0600004196166992
       0.0000000000000000      -6.0399999618530273
       0.0000000000000000      -6.0199999809265137
       0.0000000000000000      -6.0000000000000000
       0.0000000000000000      -5.9800000190734863
       0.0000000000000000      -5.9600000381469727
       0.0000000000000000      -5.9400000572204590
       0.0000000000000000      -5.9200000762939453
       0.0000000000000000      -5.9000000953674316
       0.0000000000000000      -5.8800001144409180
       0.0000000000000000      -5.8600001335144043
       0.0000000000000000      -5.8400001525878906
       0.0000000000000000      -5.8200001716613770
       0.0000000000000000      -5.8000001907348633
       0.0000000000000000      -5.7800002098083496
       0.0000000000000000      -5.7600002288818359
       0.0000000000000000      -5.7400002479553223
       0.0000000000000000      -5.7200002670288086
       0.0000000000000000      -5.7000002861022949
       0.0000000000000000      -5.6800003051757812
       0.0000000000000000      -5.6600003242492676
       0.0000000000000000      -5.6399998664855957
       0.0000000000000000      -5.6199998855590820
       0.0000000000000000      -5.5999999046325684
       0.0000000000000000      -5.5799999237060547
       0.0000000000000000      -5.5599999427795410
       0.0000000000000000      -5.5399999618530273
       0.0000000000000000      -5.5199999809265137
       0.0000000000000000      -5.5000000000000000
       0.0000000000000000      -5.4800000190734863
       0.0000000000000000      -5.4600000381469727
       0.0000000000000000      -5.4400000572204590
       0.0000000000000000      -5.4200000762939453
       0.0000000000000001      -5.4000000953674316
       0.0000000000000001      -5.3800001144409180
       0.0000000000000001      -5.3600001335144043
       0.0000000000000001      -5.3400001525878906
       0.0000000000000001      -5.3200001716613770
       0.0000000000000002      -5.3000001907348633
       0.0000000000000002      -5.2800002098083496
       0.0000000000000003      -5.2600002288818359
       0.0000000000000003      -5.2400002479553223
       0.0000000000000004      -5.2200002670288086
       0.0000000000000005      -5.2000002861022949
       0.0000000000000006      -5.1800003051757812
       0.0000000000000007      -5.1600003242492676
       0.0000000000000009      -5.1400003433227539
       0.0000000000000011      -5.1199998855590820
       0.0000000000000014      -5.0999999046325684
       0.0000000000000017      -5.0799999237060547
       0.0000000000000022      -5.0599999427795410
       0.0000000000000027      -5.0399999618530273
       0.0000000000000033      -5.0199999809265137
       0.0000000000000041      -5.0000000000000000
       0.0000000000000050      -4.9800000190734863
       0.0000000000000062      -4.9600000381469727
       0.0000000000000076      -4.9400000572204590
       0.0000000000000093      -4.9200000762939453
       0.0000000000000114      -4.9000000953674316
       0.0000000000000140      -4.8800001144409180
       0.0000000000000172      -4.8600001335144043
       0.0000000000000211      -4.8400001525878906
       0.0000000000000258      -4.8200001716613770
       0.0000000000000315      -4.8000001907348633
       0.0000000000000386      -4.7800002098083496
       0.0000000000000471      -4.7600002288818359
       0.0000000000000575      -4.7400002479553223
       0.0000000000000701      -4.7200002670288086
       0.0000000000000854      -4.7000002861022949
       0.0000000000001040      -4.6800003051757812
       0.0000000000001265      -4.6600003242492676
       0.0000000000001538      -4.6400003433227539
       0.0000000000001869      -4.6199998855590820
       0.0000000000002269      -4.5999999046325684
       0.0000000000002752      -4.5799999237060547
       0.0000000000003336      -4.5599999427795410
       0.0000000000004040      -4.5399999618530273
       0.0000000000004889      -4.5199999809265137
       0.0000000000005912      -4.5000000000000000
       0.0000000000007143      -4.4800000190734863
       0.0000000000008625      -4.4600000381469727
       0.0000000000010405      -4.4400000572204590
       0.0000000000012544      -4.4200000762939453
       0.0000000000015110      -4.4000000953674316
       0.0000000000018188      -4.3800001144409180
       0.0000000000021876      -4.3600001335144043
       0.0000000000026291      -4.3400001525878906
       0.0000000000031573      -4.3200001716613770
       0.0000000000037888      -4.3000001907348633
       0.0000000000045430      -4.2800002098083496
       0.0000000000054432      -4.2600002288818359
       0.0000000000065168      -4.2400002479553223
       0.0000000000077961      -4.2200002670288086
       0.0000000000093195      -4.2000002861022949
       0.0000000000111320      -4.1800003051757812
       0.0000000000132868      -4.1600003242492676
       0.0000000000158466      -4.1400003433227539
       0.0000000000188851      -4.1200003623962402
       0.0000000000224891      -4.0999999046325684
       0.0000000000267603      -4.0799999237060547
       0.0000000000318183      -4.0599999427795410
       0.0000000000378035      -4.0399999618530273
       0.0000000000448802      -4.0199999809265137
       0.0000000000532410      -4.0000000000000000
       0.0000000000631111      -3.9800000190734863
       0.0000000000747539      -3.9600000381469727
       0.0000000000884770      -3.9400000572204590
       0.0000000001046395      -3.9200000762939453
       0.0000000001236602      -3.9000000953674316
       0.0000000001460270      -3.8800001144409180
       0.0000000001723080      -3.8600001335144043
       0.0000000002031641      -3.8400001525878906
       0.0000000002393633      -3.8200001716613770
       0.0000000002817979      -3.8000001907348633
       0.0000000003315029      -3.7800002098083496
       0.0000000003896787      -3.7600002288818359
       0.0000000004577156      -3.7400002479553223
       0.0000000005372231      -3.7200002670288086
       0.0000000006300625      -3.7000002861022949
       0.0000000007383849      -3.6800003051757812
       0.0000000008646737      -3.6600003242492676
       0.0000000010117939      -3.6400003433227539
       0.0000000011830482      -3.6200003623962402
       0.0000000013822401      -3.6000003814697266
       0.0000000016137525      -3.5799999237060547
       0.0000000018826072      -3.5599999427795410
       0.0000000021945910      -3.5399999618530273
       0.0000000025563404      -3.5199999809265137
       0.0000000029754669      -3.5000000000000000
       0.0000000034606929      -3.4800000190734863
       0.0000000040220053      -3.4600000381469727
       0.0000000046708294      -3.4400000572204590
       0.0000000054202249      -3.4200000762939453
       0.0000000062851072      -3.4000000953674316
       0.0000000072824967      -3.3800001144409180
       0.0000000084317998      -3.3600001335144043
       0.0000000097551243      -3.3400001525878906
       0.0000000112776346      -3.3200001716613770
       0.0000000130279497      -3.3000001907348633
       0.0000000150385903      -3.2800002098083496
       0.0000000173464795      -3.2600002288818359
       0.0000000199935028      -3.2400002479553223
       0.0000000230271355      -3.2200002670288086
       0.0000000265011425      -3.2000002861022949
       0.0000000304763602      -3.1800003051757812
       0.0000000350215681      -3.1600003242492676
       0.0000000402144597      -3.1400003433227539
       0.0000000461427231      -3.1200003623962402
       0.0000000529052428      -3.1000003814697266
       0.0000000606136301      -3.0799999237060547
       0.0000000693929465      -3.0599999427795410
       0.0000000793844445      -3.0399999618530273
       0.0000000907466751      -3.0199999809265137
       0.0000001036576716      -3.0000000000000000
       0.0000001183171721      -2.9800000190734863
       0.0000001349490735      -2.9600000381469727
       0.0000001538041380      -2.9400000572204590
       0.0000001751629758      -2.9200000762939453
       0.0000001993393272      -2.9000000953674316
       0.0000002266836724      -2.8800001144409180
       0.0000002575871964      -2.8600001335144043
       0.0000002924861389      -2.8400001525878906
       0.0000003318665637      -2.8200001716613770
       0.0000003762695802      -2.8000001907348633
       0.0000004262970554      -2.7800002098083496
       0.0000004826178546      -2.7600002288818359
       0.0000005459746546      -2.7400002479553223
       0.0000006171913705      -2.7200002670288086
       0.0000006971812463      -2.7000002861022949
       0.0000007869556566      -2.6800003051757812
       0.0000008876336721      -2.6600003242492676
       0.0000010004524439      -2.6400003433227539
       0.0000011267784641      -2.6200003623962402
       0.0000012681197633      -2.6000003814697266
       0.0000014261391069      -2.5800004005432129
       0.0000016026727023      -2.5599999427795410
       0.0000017997283291      -2.5399999618530273
       0.0000020195271205      -2.5199999809265137
       0.0000022645051006      -2.5000000000000000
       0.0000025373363965      -2.4800000190734863
       0.0000028409539024      -2.4600000381469727
       0.0000031785714547      -2.4400000572204590
       0.0000035537076010      -2.4200000762939453
       0.0000039702110461      -2.4000000953674316
       0.0000044322878592      -2.3800001144409180
       0.0000049445305292      -2.3600001335144043
       0.0000055119489522      -2.3400001525878906
       0.0000061400034404      -2.3200001716613770
       0.0000068346398354      -2.3000001907348633
       0.0000076023268143      -2.2800002098083496
       0.0000084500954693      -2.2600002288818359
       0.0000093855812468      -2.2400002479553223
       0.0000104170683212      -2.2200002670288086
       0.0000115535364833      -2.2000002861022949
       0.0000128047106129      -2.1800003051757812
       0.0000141811128046      -2.1600003242492676
       0.0000156941172069      -2.1400003433227539
       0.0000173560076321      -2.1200003623962402
       0.0000191800379809      -2.1000003814697266
       0.0000211804955251      -2.0800004005432129
       0.0000233728217573      -2.0599999427795410
       0.0000257734679031      -2.0399999618530273
       0.0000284002799199      -2.0199999809265137
       0.0000312723693288      -2.0000000000000000
       0.0000344101627536      -1.9800004959106445
       0.0000378358733097      -1.9600000381469727
       0.0000415727094988      -1.9400005340576172
       0.0000456462079061      -1.9200000762939453
       0.0000500828908675      -1.9000005722045898
       0.0000549119176748      -1.8800001144409180
       0.0000601634794151      -1.8600006103515625
       0.0000658707438749      -1.8400001525878906
       0.0000720679429799      -1.8200006484985352
       0.0000787926575912      -1.8000001907348633
       0.0000860839086051      -1.7799997329711914
       0.0000939830248074      -1.7600002288818359
       0.0001025349987332      -1.7399997711181641
       0.0001117858762154      -1.7200002670288086
       0.0001217861345111      -1.6999998092651367
       0.0001325872478193      -1.6800003051757812
       0.0001442456189628      -1.6599998474121094
       0.0001568185512735      -1.6400003433227539
       0.0001703688122750      -1.6199998855590820
       0.0001849599255060      -1.6000003814697266
       0.0002006614535454      -1.5799999237060547
       0.0002175435136604      -1.5600004196166992
       0.0002356828770507      -1.5399999618530273
       0.0002551566019138      -1.5200004577636719
       0.0002760490559340      -1.5000000000000000
       0.0002984445494942      -1.4800004959106445
       0.0003224353991739      -1.4600000381469727
       0.0003481134324507      -1.4400005340576172
       0.0003755792212542      -1.4200000762939453
       0.0004049323176611      -1.4000005722045898
       0.0004362817983250      -1.3800001144409180
       0.0004697350784556      -1.3600006103515625
       0.0005054099201282      -1.3400001525878906
       0.0005434216593575      -1.3200006484985352
       0.0005838968437934      -1.3000001907348633
       0.0006269608122544      -1.2799997329711914
       0.0006727425540831      -1.2600002288818359
       0.0007213817776963      -1.2399997711181641
       0.0007730132350258      -1.2200002670288086
       0.0008277852403940      -1.1999998092651367
       0.0008858398603669      -1.1800003051757812
       0.0009473337415696      -1.1599998474121094
       0.0010124158150927      -1.1400003433227539
       0.0010812506555755      -1.1199998855590820
       0.0011539934676219      -1.1000003814697266
       0.0012308162102622      -1.0799999237060547
       0.0013118796222205      -1.0600004196166992
       0.0013973623569212      -1.0399999618530273
       0.0014874297938445      -1.0200004577636719
       0.0015822664393420      -1.0000000000000000
       0.0016820412629438      -0.9800004959106445
       0.0017869436281585      -0.9600000381469727
       0.0018971448856781      -0.9400005340576172
       0.0020128381058179      -0.9200000762939453
       0.0021341956553375      -0.9000005722045898
       0.0022614130089734      -0.8800001144409180
       0.0023946620332802      -0.8600006103515625
       0.0025341391585798      -0.8400001525878906
       0.0026800140920451      -0.8200006484985352
       0.0028324826330877      -0.8000001907348633
       0.0029917182960093      -0.7799997329711914
       0.0031578912664134      -0.7600002288818359
       0.0033311931520765      -0.7399997711181641
       0.0035117801792819      -0.7200002670288086
       0.0036998388439505      -0.6999998092651367
       0.0038955164794814      -0.6800003051757812
       0.0040989925186318      -0.6599998474121094
       0.0043104032928886      -0.6400003433227539
       0.0045299191630313      -0.6199998855590820
       0.0047576633121203      -0.6000003814697266
       0.0049937949887776      -0.5799999237060547
       0.0052384220726296      -0.5600004196166992
       0.0054916906571636      -0.5399999618530273
       0.0057536911862910      -0.5200004577636719
       0.0060245545831434      -0.5000000000000000
       0.0063043517793078      -0.4800004959106445
       0.0065931965721223      -0.4600000381469727
       0.0068911383940050      -0.4400005340576172
       0.0071982720537577      -0.4200000762939453
       0.0075146236221522      -0.4000005722045898
       0.0078402671825642      -0.3800001144409180
       0.0081752037404287      -0.3600006103515625
       0.0085194850753762      -0.3400001525878906
       0.0088730856161146      -0.3200006484985352
       0.0092360334503485      -0.3000001907348633
       0.0096082751428327      -0.2800006866455078
       0.0099898139210035      -0.2600002288818359
       0.0103805863043640      -0.2399997711181641
       0.0107805131818357      -0.2200002670288086
       0.0111895588463509      -0.1999998092651367
       0.0116075962992878      -0.1800003051757812
       0.0120345631840698      -0.1599998474121094
       0.0124703022938206      -0.1400003433227539
       0.0129147244142533      -0.1199998855590820
       0.0133676421657380      -0.1000003814697266
       0.0138289395803878      -0.0799999237060547
       0.0142983994800210      -0.0600004196166992
       0.0147758795675980      -0.0399999618530273
       0.0152611335843854      -0.0200004577636719
       0.0157539936515716       0.0000000000000000
       0.0162541854909737       0.0199995040893555
       0.0167615167092919       0.0399999618530273
       0.0172756864064730       0.0599994659423828
       0.0177964790531971       0.0799999237060547
       0.0183235688490474       0.0999994277954102
       0.0188567188039897       0.1199998855590820
       0.0193955802443483       0.1399993896484375
       0.0199398966717452       0.1599998474121094
       0.0204892988481147       0.1799993515014648
       0.0210435129713022       0.1999998092651367
       0.0216021518005576       0.2199993133544922
       0.0221649266571995       0.2399997711181641
       0.0227314621767855       0.2600002288818359
       0.0233013761266398       0.2799997329711914
       0.0238743624678682       0.3000001907348633
       0.0244500015069872       0.3199996948242188
       0.0250279791423077       0.3400001525878906
       0.0256078681179169       0.3599996566772461
       0.0261893491908784       0.3800001144409180
       0.0267719907781392       0.3999996185302734
       0.0273554714667272       0.4200000762939453
       0.0279393586130933       0.4399995803833008
       0.0285233316123640       0.4600000381469727
       0.0291069600134080       0.4799995422363281
       0.0296899269620476       0.5000000000000000
       0.0302718073943857       0.5199995040893555
       0.0308522910726713       0.5399999618530273
       0.0314309614141801       0.5599994659423828
       0.0320075175470649       0.5799999237060547
       0.0325815543224582       0.5999994277954102
       0.0331527828309505       0.6199998855590820
       0.0337208121317357       0.6399993896484375
       0.0342853676881181       0.6599998474121094
       0.0348460753296655       0.6799993515014648
       0.0354026770870619       0.6999998092651367
       0.0359548178816315       0.7199993133544922
       0.0365022582655835       0.7399997711181641
       0.0370446900490474       0.7600002288818359
       0.0375818167768399       0.7799997329711914
       0.0381134298733808       0.8000001907348633
       0.0386392303600703       0.8199996948242188
       0.0391590318965410       0.8400001525878906
       0.0396725605207871       0.8599996566772461
       0.0401796531151812       0.8800001144409180
       0.0406800617475901       0.8999996185302734
       0.0411736472200675       0.9200000762939453
       0.0416601883349791       0.9399995803833008
       0.0421395702233033       0.9600000381469727
       0.0426115988226870       0.9799995422363281
       0.0430761837221915       1.0000000000000000
       0.0435331581012721       1.0199995040893555
       0.0439824558681238       1.0399999618530273
       0.0444239372702465       1.0599994659423828
       0.0448575601438244       1.0799999237060547
       0.0452832113682127       1.0999994277954102
       0.0457008720836017       1.1199998855590820
       0.0461104551238233       1.1399993896484375
       0.0465119640985159       1.1599998474121094
       0.0469053369014627       1.1799993515014648
       0.0472905985912257       1.1999998092651367
       0.0476677110361304       1.2199993133544922
       0.0480367195635569       1.2399997711181641
       0.0483976087679736       1.2599992752075195
       0.0487504429334931       1.2799997329711914
       0.0490952442485606       1.3000001907348633
       0.0494320457874308       1.3199996948242188
       0.0497609375902927       1.3400001525878906
       0.0500819547983944       1.3599996566772461
       0.0503952027369257       1.3800001144409180
       0.0507007340418025       1.3999996185302734
       0.0509986677720967       1.4200000762939453
       0.0512890724380590       1.4399995803833008
       0.0515720792755702       1.4600000381469727
       0.0518477710453121       1.4799995422363281
       0.0521162896230900       1.5000000000000000
       0.0523777304191784       1.5199995040893555
       0.0526322444577369       1.5399999618530273
       0.0528799382465897       1.5599994659423828
       0.0531209705359206       1.5799999237060547
       0.0533554574524452       1.5999994277954102
       0.0535835641422834       1.6199998855590820
       0.0538054149695067       1.6399993896484375
       0.0540211802607362       1.6599998474121094
       0.0542309913563171       1.6799993515014648
       0.0544350226850050       1.6999998092651367
       0.0546334114464411       1.7199993133544922
       0.0548263352535452       1.7399997711181641
       0.0550139362174442       1.7599992752075195
       0.0551963944032377       1.7799997329711914
       0.0553738644289136       1.8000001907348633
       0.0555465032573889       1.8199996948242188
       0.0557144937421250       1.8400001525878906
       0.0558779875048607       1.8599996566772461
       0.0560371690483851       1.8800001144409180
       0.0561921933852910       1.8999996185302734
       0.0563432468783942       1.9200000762939453
       0.0564904882045896       1.9399995803833008
       0.0566341062096766       1.9600000381469727
       0.0567742639669240       1.9799995422363281
       0.0569111539464805       2.0000000000000000
       0.0570449449450407       2.0199995040893555
       0.0571758348880599       2.0399999618530273
       0.0573040004193521       2.0599994659423828
       0.0574296476914483       2.0799999237060547
       0.0575529644281591       2.0999994277954102
       0.0576741691140424       2.1199998855590820
       0.0577934653864614       2.1399993896484375
       0.0579110901266726       2.1599998474121094
       0.0580272701164868       2.1799993515014648
       0.0581422696892338       2.1999998092651367
       0.0582563497330039       2.2199993133544922
       0.0583698158353893       2.2399997711181641
       0.0584829800006609       2.2599992752075195
       0.0585962107337283       2.2799997329711914
       0.0587099038577017       2.3000001907348633
       0.0588245097912620       2.3199996948242188
       0.0589405647475090       2.3400001525878906
       0.0590586718793579       2.3599996566772461
       0.0591795722045548       2.3800001144409180
       0.0593041359250751       2.3999996185302734
       0.0594334601050610       2.4200000762939453
       0.0595688947512657       2.4399995803833008
       0.0597122013828703       2.4600000381469727
       0.0598656664838251       2.4799995422363281
       0.0600324169745662       2.5000000000000000
       0.0602167871973559       2.5199995040893555
       0.0604251161564466       2.5399999618530273
       0.0606670115809220       2.5599994659423828
       0.0609580535201601       2.5799999237060547
       0.0613253559310967       2.5999994277954102
       0.0618215472856209       2.6199998855590820
       0.0625653433386883       2.6399993896484375
       0.0639010501458677       2.6599998474121094
       0.0674845686753117       2.6799993515014648
       0.4761367303363688       2.6999998092651367
       0.8801262783036551       2.7199993133544922
       0.8827829000047402       2.7399997711181641
       0.8835726828382116       2.7599992752075195
       0.8839255968107993       2.7799997329711914
       0.8841148376580643       2.7999992370605469
       0.8842275556256282       2.8199996948242188
       0.8842994438852766       2.8400001525878906
       0.8843475506787063       2.8599996566772461
       0.8843809149124311       2.8800001144409180
       0.8844046957204301       2.8999996185302734
       0.8844220195796618       2.9200000762939453
       0.8844348622675361       2.9399995803833008
       0.8844445228303202       2.9600000381469727
       0.8844518776439120       2.9799995422363281
       0.8844575353507605       3.0000000000000000
       0.8844619255192533       3.0199995040893555
       0.8844653583680978       3.0399999618530273
       0.8844680601341042       3.0599994659423828
       0.8844701990107285       3.0799999237060547
       0.8844719007162164       3.0999994277954102
       0.8844732608167326       3.1199998855590820
       0.8844743521159135       3.1399993896484375
       0.8844752309281901       3.1599998474121094
       0.8844759408015577       3.1799993515014648
       0.8844765158938602       3.1999998092651367
       0.8844769829360989       3.2199993133544922
       0.8844773631327891       3.2399997711181641
       0.8844776732396127       3.2599992752075195
       0.8844779266709334       3.2799997329711914
       0.8844781341099509       3.2999992370605469
       0.8844783041754993       3.3199996948242188
       0.8844784437825221       3.3400001525878906
       0.8844785585208865       3.3599996566772461
       0.8844786529331224       3.3800001144409180
       0.8844787306890504       3.3999996185302734
       0.8844787947900722       3.4200000762939453
       0.8844788476706533       3.4399995803833008
       0.8844788913298380       3.4600000381469727
       0.8844789273947553       3.4799995422363281
       0.8844789572055864       3.5000000000000000
       0.8844789818564667       3.5199995040893555
       0.8844790022510166       3.5399999618530273
       0.8844790191286765       3.5599994659423828
       0.8844790331016601       3.5799999237060547
       0.8844790446715609       3.5999994277954102
       0.8844790542547231       3.6199998855590820
       0.8844790621891161       3.6399993896484375
       0.8844790687697032       3.6599998474121094
       0.8844790742187987       3.6799993515014648
       0.8844790787337123       3.6999998092651367
       0.8844790824753883       3.7199993133544922
       0.8844790855755690       3.7399997711181641
       0.8844790881441543       3.7599992752075195
       0.8844790902718247       3.7799997329711914
       0.8844790920351790       3.7999992370605469
       0.8844790934954617       3.8199996948242188
       0.8844790947049029       3.8400001525878906
       0.8844790957062709       3.8599996566772461
       0.8844790965353693       3.8800001144409180
       0.8844790972216060       3.8999996185302734
       0.8844790977894614       3.9200000762939453
       0.8844790982592835       3.9399995803833008
       0.8844790986478435       3.9600000381469727
       0.8844790989690648       3.9799995422363281
       0.8844790992346538       4.0000000000000000
       0.8844790994540787       4.0199995040893555
       0.8844790996353712       4.0399999618530273
       0.8844790997850330       4.0599994659423828
       0.8844790999086021       4.0799999237060547
       0.8844790992439887       4.0999994277954102
       0.8844791000946661       4.1199998855590820
       0.8844791001640435       4.1399993896484375
       0.8844791002207922       4.1599998474121094
       0.8844791002682014       4.1799993515014648
       0.8844791003069621       4.1999998092651367
       0.8844791003389426       4.2199993133544922
       0.8844791003651949       4.2399997711181641
       0.8844791003869195       4.2599992752075195
       0.8844791004045603       4.2799997329711914
       0.8844791004190908       4.2999992370605469
       0.8844791004310710       4.3199996948242188
       0.8844791004409085       4.3400001525878906
       0.8844791004489478       4.3599996566772461
       0.8844791004556307       4.3800001144409180
       0.8844791004609754       4.3999996185302734
       0.8844791004654370       4.4200000762939453
       0.8844791004689980       4.4399995803833008
       0.8844791004720706       4.4600000381469727
       0.8844791004744675       4.4799995422363281
       0.8844791004764381       4.5000000000000000
       0.8844791004780469       4.5199995040893555
       0.8844791004794019       4.5399999618530273
       0.8844791004805782       4.5599994659423828
       0.8844791004813657       4.5799999237060547
       0.8844791004820767       4.5999994277954102
       0.8844791004826776       4.6199998855590820
       0.8844791004831409       4.6399993896484375
       0.8844791004801820       4.6599998474121094
       0.8844791004839209       4.6799993515014648
       0.8844791004841360       4.6999998092651367
       0.8844791004843653       4.7199993133544922
       0.8844791004845266       4.7399997711181641
       0.8844791004829295       4.7599992752075195
       0.8844791004847383       4.7799997329711914
       0.8844791004848814       4.7999992370605469
       0.8844791004848679       4.8199996948242188
       0.8844791004850436       4.8399991989135742
       0.8844791004850708       4.8599996566772461
       0.8844791004852678       4.8800001144409180
       0.8844791004850899       4.8999996185302734
       0.8844791004850898       4.9200000762939453
       0.8844791004851886       4.9399995803833008
       0.8844791004851951       4.9600000381469727
       0.8844791004851007       4.9799995422363281
       0.8844791004851463       5.0000000000000000
       0.8844791004850974       5.0199995040893555
       0.8844791004852348       5.0399999618530273
       0.8844791004851283       5.0599994659423828
       0.8844791004852348       5.0799999237060547
       0.8844791004852187       5.0999994277954102
       0.8844791004852579       5.1199998855590820
       0.8844791004851947       5.1399993896484375
       0.8844791004853134       5.1599998474121094
       0.8844791004851750       5.1799993515014648
       0.8844791004851973       5.1999998092651367
       0.8844791004852349       5.2199993133544922
       0.8844791004851509       5.2399997711181641
       0.8844791004852549       5.2599992752075195
       0.8844791004852590       5.2799997329711914
       0.8844791004851614       5.2999992370605469
       0.8844791004853171       5.3199996948242188
       0.8844791004851829       5.3399991989135742
       0.8844791004851216       5.3599996566772461
       0.8844791004851714       5.3800001144409180
       0.8844791004851585       5.3999996185302734
       0.8844791004851749       5.4200000762939453
       0.8844791004851081       5.4399995803833008
       0.8844791004852558       5.4600000381469727
       0.8844791004852911       5.4799995422363281
       0.8844791004852327       5.5000000000000000
       0.8844791004852366       5.5199995040893555
       0.8844791004852456       5.5399999618530273
       0.8844791004851300       5.5599994659423828
       0.8844791004852293       5.5799999237060547
       0.8844791004852087       5.5999994277954102
       0.8844791004851448       5.6199998855590820
       0.8844791004853946       5.6399993896484375
       0.8844791004853465       5.6599998474121094
       0.8844791004851860       5.6799993515014648
       0.8844791004848046       5.6999998092651367
       0.8844791004851914       5.7199993133544922
       0.8844791004852277       5.7399997711181641
       0.8844791004852011       5.7599992752075195
       0.8844791004852750       5.7799997329711914
       0.8844791004851211       5.7999992370605469
       0.8844791004852395       5.8199996948242188
       0.8844791004852695       5.8399991989135742
       0.8844791004851618       5.8599996566772461
       0.8844791004852963       5.8800001144409180
       0.8844791004851117       5.8999996185302734
       0.8844791004852488       5.9200000762939453
       0.8844791004851404       5.9399995803833008
       0.8844791004852436       5.9600000381469727
       0.8844791004851807       5.9799995422363281
       0.8844791004851638       6.0000000000000000
       0.8844791004852308       6.0200004577636719
       0.8844791004831521       6.0399990081787109
       0.8844791004851488       6.0599994659423828
       0.8844791004852188       6.0799999237060547
       0.8844791004851946       6.1000003814697266
       0.8844791004852851       6.1199989318847656
       0.8844791004851750       6.1399993896484375
       0.8844791004851935       6.1599998474121094
       0.8844791004852771       6.1800003051757812
       0.8844791004852485       6.1999988555908203
       0.8844791004852357       6.2199993133544922
       0.8844791004852721       6.2399997711181641
       0.8844791004853405       6.2600002288818359
       0.8844791004853007       6.2799987792968750
       0.8844791004851397       6.2999992370605469
       0.8844791004851164       6.3199996948242188
       0.8844791004851882       6.3400001525878906
       0.8844791004852227       6.3599987030029297
       0.8844791004853332       6.3799991607666016
       0.8844791004851856       6.3999996185302734
       0.8844791004852280       6.4200000762939453
       0.8844791004853030       6.4400005340576172
       0.8844791004851613       6.4599990844726562
       0.8844791004852215       6.4799995422363281
       0.8844791004853340       6.5000000000000000
       0.8844791004853534       6.5200004577636719
       0.8844791004853386       6.5399990081787109
       0.8844791004852478       6.5599994659423828
       0.8844791004852077       6.5799999237060547
       0.8844791004852525       6.6000003814697266
       0.8844791004851316       6.6199989318847656
       0.8844791004852298       6.6399993896484375
       0.8844791004852242       6.6599998474121094
       0.8844791004851164       6.6800003051757812
       0.8844791004852938       6.6999988555908203
       0.8844791004853175       6.7199993133544922
       0.8844791004852062       6.7399997711181641
       0.8844791004851553       6.7600002288818359
       0.8844791004852492       6.7799987792968750
       0.8844791004851603       6.7999992370605469
       0.8844791004852880       6.8199996948242188
       0.8844791004850852       6.8400001525878906
       0.8844791004853642       6.8599987030029297
       0.8844791004853310       6.8799991607666016
       0.8844791004853531       6.8999996185302734
       0.8844791004852590       6.9200000762939453
       0.8844791004852729       6.9400005340576172
       0.8844791004852873       6.9599990844726562
       0.8844791004852814       6.9799995422363281
       0.8844791004852479       7.0000000000000000
       0.8844791004850802       7.0200004577636719
       0.8844791004852011       7.0399990081787109
       0.8844791004853023       7.0599994659423828
       0.8844791004853010       7.0799999237060547
       0.8844791004851323       7.1000003814697266
       0.8844791004853748       7.1199989318847656
       0.8844791004854285       7.1399993896484375
       0.8844791004853225       7.1599998474121094
       0.8844791004851760       7.1800003051757812
       0.8844791004852733       7.1999988555908203
       0.8844791004852235       7.2199993133544922
       0.8844791004852255       7.2399997711181641
       0.8844791004852834       7.2600002288818359
       0.8844791004850195       7.2799987792968750
       0.8844791004852727       7.2999992370605469
       0.8844791004852764       7.3199996948242188
       0.8844791004852465       7.3400001525878906
       0.8844791004853084       7.3599987030029297
       0.8844791004851488       7.3799991607666016
       0.8844791004850615       7.3999996185302734
       0.8844791004541603       7.4200000762939453
       0.8844791004851255       7.4400005340576172
       0.8844791004850138       7.4599990844726562
       0.8844791004851358       7.4799995422363281
       0.8844791004852965       7.5000000000000000
       0.8844791004852783       7.5200004577636719
       0.8844791004851139       7.5399990081787109
       0.8844791004850880       7.5599994659423828
       0.8844791004851309       7.5799999237060547
       0.8844791004851856       7.6000003814697266
       0.8844791004851732       7.6199989318847656
       0.8844791004851690       7.6399993896484375
       0.8844791004852535       7.6599998474121094
       0.8844791004851617       7.6800003051757812
       0.8844791004852016       7.6999988555908203
       0.8844791004851840       7.7199993133544922
       0.8844791004851398       7.7399997711181641
       0.8844791004852037       7.7600002288818359
       0.8844791004852259       7.7799987792968750
       0.8844791004852198       7.7999992370605469
       0.8844791004851705       7.8199996948242188
       0.8844791004850763       7.8400001525878906
       0.8844791004851164       7.8599987030029297
       0.8844791004852528       7.8799991607666016
       0.8844791004850677       7.8999996185302734
       0.8844791004851523       7.9200000762939453
       0.8844791004851703       7.9400005340576172
       0.8844791004853184       7.9599990844726562
       0.8844791004852441       7.9799995422363281
       0.8844791004851582       8.0000000000000000
       0.8844791004790047       8.0200004577636719
       0.8844791003887027       8.0399990081787109
       0.8844791004851150       8.0599994659423828
       0.8844791004869398       8.0799999237060547
       0.8844791004850570       8.1000003814697266
       0.8844791004872999       8.1199989318847656
       0.8844791004851079       8.1399993896484375
       0.8844791004852870       8.1599998474121094
       0.8844791004851904       8.1800003051757812
       0.8844791004126284       8.1999988555908203
       0.8844791004852829       8.2199993133544922
       0.8844791004852625       8.2399997711181641
       0.8844791004851011       8.2600002288818359
       0.8844791004850742       8.2799987792968750
       0.8844791004851428       8.2999992370605469
       0.8844791004852375       8.3199996948242188
       0.8844791004851201       8.3400001525878906
       0.8844791004850390       8.3599987030029297
       0.8844791004851774       8.3799991607666016
       0.8844791004851128       8.3999996185302734
       0.8844791004851335       8.4200000762939453
       0.8844791004853020       8.4400005340576172
       0.8844791004851015       8.4599990844726562
       0.8844791004851943       8.4799995422363281
       0.8844791004851255       8.5000000000000000
       0.8844791004782918       8.5200004577636719
       0.8844791004850930       8.5399990081787109
       0.8844791004852073       8.5599994659423828
       0.8844791004850745       8.5799999237060547
       0.8844791004850764       8.6000003814697266
       0.8844791004850848       8.6199989318847656
       0.8844791004852536       8.6399993896484375
       0.8844791004851404       8.6599998474121094
       0.8844791004852331       8.6800003051757812
       0.8844791004851659       8.6999988555908203
       0.8844791004851785       8.7199993133544922
       0.8844791004852040       8.7399997711181641
       0.8844791004851656       8.7600002288818359
       0.8844791004851861       8.7799987792968750
       0.8844791004850565       8.7999992370605469
       0.8844791004852697       8.8199996948242188
       0.8844791004851598       8.8400001525878906
       0.8844791004759193       8.8599987030029297
       0.8844791004851488       8.8799991607666016
       0.8844791004851131       8.8999996185302734
       0.8844791004852489       8.9200000762939453
       0.8844791004852386       8.9399986267089844
       0.8844791004851937       8.9599990844726562
       0.8844791004850552       8.9799995422363281
       0.8844791004850369       9.0000000000000000
       0.8844791004852264       9.0200004577636719
       0.8844791004853295       9.0399990081787109
       0.8844791004851743       9.0599994659423828
       0.8844791004850266       9.0799999237060547
       0.8844791004851020       9.1000003814697266
       0.8844791004850121       9.1199989318847656
       0.8844791004853118       9.1399993896484375
       0.8844791004852838       9.1599998474121094
       0.8844791004851215       9.1800003051757812
       0.8844791004851562       9.1999988555908203
       0.8844791004852753       9.2199993133544922
       0.8844791004852083       9.2399997711181641
       0.8844791004853930       9.2600002288818359
       0.8844791004850727       9.2799987792968750
       0.8844791004853257       9.2999992370605469
       0.8844791004848599       9.3199996948242188
       0.8844791004851169       9.3400001525878906
       0.8844791004852237       9.3599987030029297
       0.8844791004851673       9.3799991607666016
       0.8844791004853589       9.3999996185302734
       0.8844791004852026       9.4200000762939453
       0.8844791004854203       9.4399986267089844
       0.8844791004851323       9.4599990844726562
       0.8844791004851958       9.4799995422363281
       0.8844791004849870       9.5000000000000000
       0.8844791004852465       9.5200004577636719
       0.8844791004854451       9.5399990081787109
       0.8844791004851824       9.5599994659423828
       0.8844791004853673       9.5799999237060547
       0.8844791004850695       9.6000003814697266
       0.8844791004851515       9.6199989318847656
       0.8844791004853332       9.6399993896484375
       0.8844791004852582       9.6599998474121094
       0.8844791004853699       9.6800003051757812
       0.8844791004847771       9.6999988555908203
       0.8844791004853065       9.7199993133544922
       0.8844791004852740       9.7399997711181641
       0.8844791004849974       9.7600002288818359
       0.8844791004852055       9.7799987792968750
       0.8844791004851954       9.7999992370605469
       0.8844791004852557       9.8199996948242188
       0.8844791004850788       9.8400001525878906
       0.8844791004852818       9.8599987030029297
       0.8844791004850803       9.8799991607666016
       0.8844791004850264       9.8999996185302734
       0.8844791004851115       9.9200000762939453
       0.8844791004853106       9.9399986267089844
       0.8844791004852015       9.9599990844726562
       0.8844791004851661       9.9799995422363281
       0.8844791004851121      10.0000000000000000
