# xi		u_parallel
       0.0000000000000000     -10.0000000000000000
       0.0000000000000000      -9.9799995422363281
       0.0000000000000000      -9.9600000381469727
       0.0000000000000000      -9.9399995803833008
       0.0000000000000000      -9.9200000762939453
       0.0000000000000000      -9.8999996185302734
       0.0000000000000000      -9.8800001144409180
       0.0000000000000000      -9.8599996566772461
       0.0000000000000000      -9.8400001525878906
       0.0000000000000000      -9.8199996948242188
       0.0000000000000000      -9.8000001907348633
       0.0000000000000000      -9.7799997329711914
       0.0000000000000000      -9.7600002288818359
       0.0000000000000000      -9.7399997711181641
       0.0000000000000000      -9.7200002670288086
       0.0000000000000000      -9.6999998092651367
       0.0000000000000000      -9.6800003051757812
       0.0000000000000000      -9.6599998474121094
       0.0000000000000000      -9.6400003433227539
       0.0000000000000000      -9.6199998855590820
       0.0000000000000000      -9.6000003814697266
       0.0000000000000000      -9.5799999237060547
       0.0000000000000000      -9.5600004196166992
       0.0000000000000000      -9.5399999618530273
       0.0000000000000000      -9.5200004577636719
       0.0000000000000000      -9.5000000000000000
       0.0000000000000000      -9.4799995422363281
       0.0000000000000000      -9.4600000381469727
       0.0000000000000000      -9.4399995803833008
       0.0000000000000000      -9.4200000762939453
       0.0000000000000000      -9.3999996185302734
       0.0000000000000000      -9.3800001144409180
       0.0000000000000000      -9.3599996566772461
       0.0000000000000000      -9.3400001525878906
       0.0000000000000000      -9.3199996948242188
       0.0000000000000000      -9.3000001907348633
       0.0000000000000000      -9.2799997329711914
       0.0000000000000000      -9.2600002288818359
       0.0000000000000000      -9.2399997711181641
       0.0000000000000000      -9.2200002670288086
       0.0000000000000000      -9.1999998092651367
       0.0000000000000000      -9.1800003051757812
       0.0000000000000000      -9.1599998474121094
       0.0000000000000000      -9.1400003433227539
       0.0000000000000000      -9.1199998855590820
       0.0000000000000000      -9.1000003814697266
       0.0000000000000000      -9.0799999237060547
       0.0000000000000000      -9.0600004196166992
       0.0000000000000000      -9.0399999618530273
       0.0000000000000000      -9.0200004577636719
       0.0000000000000000      -9.0000000000000000
       0.0000000000000000      -8.9799995422363281
       0.0000000000000000      -8.9600000381469727
       0.0000000000000000      -8.9400005340576172
       0.0000000000000000      -8.9200000762939453
       0.0000000000000000      -8.8999996185302734
       0.0000000000000000      -8.8800001144409180
       0.0000000000000000      -8.8599996566772461
       0.0000000000000000      -8.8400001525878906
       0.0000000000000000      -8.8199996948242188
       0.0000000000000000      -8.8000001907348633
       0.0000000000000000      -8.7799997329711914
       0.0000000000000000      -8.7600002288818359
       0.0000000000000000      -8.7399997711181641
       0.0000000000000000      -8.7200002670288086
       0.0000000000000000      -8.6999998092651367
       0.0000000000000000      -8.6800003051757812
       0.0000000000000000      -8.6599998474121094
       0.0000000000000000      -8.6400003433227539
       0.0000000000000000      -8.6199998855590820
       0.0000000000000000      -8.6000003814697266
       0.0000000000000000      -8.5799999237060547
       0.0000000000000000      -8.5600004196166992
       0.0000000000000000      -8.5399999618530273
       0.0000000000000000      -8.5200004577636719
       0.0000000000000000      -8.5000000000000000
       0.0000000000000000      -8.4799995422363281
       0.0000000000000000      -8.4600000381469727
       0.0000000000000000      -8.4400005340576172
       0.0000000000000000      -8.4200000762939453
       0.0000000000000000      -8.3999996185302734
       0.0000000000000000      -8.3800001144409180
       0.0000000000000000      -8.3599996566772461
       0.0000000000000000      -8.3400001525878906
       0.0000000000000000      -8.3199996948242188
       0.0000000000000000      -8.3000001907348633
       0.0000000000000000      -8.2799997329711914
       0.0000000000000000      -8.2600002288818359
       0.0000000000000000      -8.2399997711181641
       0.0000000000000000      -8.2200002670288086
       0.0000000000000000      -8.1999998092651367
       0.0000000000000000      -8.1800003051757812
       0.0000000000000000      -8.1599998474121094
       0.0000000000000000      -8.1400003433227539
       0.0000000000000000      -8.1199998855590820
       0.0000000000000000      -8.1000003814697266
       0.0000000000000000      -8.0799999237060547
       0.0000000000000000      -8.0600004196166992
       0.0000000000000000      -8.0399999618530273
       0.0000000000000000      -8.0200004577636719
       0.0000000000000000      -8.0000000000000000
       0.0000000000000000      -7.9800000190734863
       0.0000000000000000      -7.9600000381469727
       0.0000000000000000      -7.9400000572204590
       0.0000000000000000      -7.9200000762939453
       0.0000000000000000      -7.9000000953674316
       0.0000000000000000      -7.8800001144409180
       0.0000000000000000      -7.8600001335144043
       0.0000000000000000      -7.8400001525878906
       0.0000000000000000      -7.8199996948242188
       0.0000000000000000      -7.8000001907348633
       0.0000000000000000      -7.7799997329711914
       0.0000000000000000      -7.7600002288818359
       0.0000000000000000      -7.7399997711181641
       0.0000000000000000      -7.7200002670288086
       0.0000000000000000      -7.6999998092651367
       0.0000000000000000      -7.6800003051757812
       0.0000000000000000      -7.6599998474121094
       0.0000000000000000      -7.6400003433227539
       0.0000000000000000      -7.6199998855590820
       0.0000000000000000      -7.6000003814697266
       0.0000000000000000      -7.5799999237060547
       0.0000000000000000      -7.5599999427795410
       0.0000000000000000      -7.5399999618530273
       0.0000000000000000      -7.5199999809265137
       0.0000000000000000      -7.5000000000000000
       0.0000000000000000      -7.4800000190734863
       0.0000000000000000      -7.4600000381469727
       0.0000000000000000      -7.4400000572204590
       0.0000000000000000      -7.4200000762939453
       0.0000000000000000      -7.4000000953674316
       0.0000000000000000      -7.3800001144409180
       0.0000000000000000      -7.3600001335144043
       0.0000000000000000      -7.3400001525878906
       0.0000000000000000      -7.3200001716613770
       0.0000000000000000      -7.3000001907348633
       0.0000000000000000      -7.2799997329711914
       0.0000000000000000      -7.2600002288818359
       0.0000000000000000      -7.2399997711181641
       0.0000000000000000      -7.2200002670288086
       0.0000000000000000      -7.1999998092651367
       0.0000000000000000      -7.1800003051757812
       0.0000000000000000      -7.1599998474121094
       0.0000000000000000      -7.1400003433227539
       0.0000000000000000      -7.1199998855590820
       0.0000000000000000      -7.1000003814697266
       0.0000000000000000      -7.0799999237060547
       0.0000000000000000      -7.0600004196166992
       0.0000000000000000      -7.0399999618530273
       0.0000000000000000      -7.0199999809265137
       0.0000000000000000      -7.0000000000000000
       0.0000000000000000      -6.9800000190734863
       0.0000000000000000      -6.9600000381469727
       0.0000000000000000      -6.9400000572204590
       0.0000000000000000      -6.9200000762939453
       0.0000000000000000      -6.9000000953674316
       0.0000000000000000      -6.8800001144409180
       0.0000000000000000      -6.8600001335144043
       0.0000000000000000      -6.8400001525878906
       0.0000000000000000      -6.8200001716613770
       0.0000000000000000      -6.8000001907348633
       0.0000000000000000      -6.7799997329711914
       0.0000000000000000      -6.7600002288818359
       0.0000000000000000      -6.7399997711181641
       0.0000000000000000      -6.7200002670288086
       0.0000000000000000      -6.6999998092651367
       0.0000000000000000      -6.6800003051757812
       0.0000000000000000      -6.6599998474121094
       0.0000000000000000      -6.6400003433227539
       0.0000000000000000      -6.6199998855590820
       0.0000000000000000      -6.6000003814697266
       0.0000000000000000      -6.5799999237060547
       0.0000000000000000      -6.5600004196166992
       0.0000000000000000      -6.5399999618530273
       0.0000000000000000      -6.5199999809265137
       0.0000000000000000      -6.5000000000000000
       0.0000000000000000      -6.4800000190734863
       0.0000000000000000      -6.4600000381469727
       0.0000000000000000      -6.4400000572204590
       0.0000000000000000      -6.4200000762939453
       0.0000000000000000      -6.4000000953674316
       0.0000000000000000      -6.3800001144409180
       0.0000000000000000      -6.3600001335144043
       0.0000000000000000      -6.3400001525878906
       0.0000000000000000      -6.3200001716613770
       0.0000000000000000      -6.3000001907348633
       0.0000000000000000      -6.2799997329711914
       0.0000000000000000      -6.2600002288818359
       0.0000000000000000      -6.2399997711181641
       0.0000000000000000      -6.2200002670288086
       0.0000000000000000      -6.1999998092651367
       0.0000000000000000      -6.1800003051757812
       0.0000000000000000      -6.1599998474121094
       0.0000000000000000      -6.1400003433227539
       0.0000000000000000      -6.1199998855590820
       0.0000000000000000      -6.1000003814697266
       0.0000000000000000      -6.0799999237060547
       0.0000000000000000      -6.0600004196166992
       0.0000000000000000      -6.0399999618530273
       0.0000000000000000      -6.0199999809265137
       0.0000000000000000      -6.0000000000000000
       0.0000000000000000      -5.9800000190734863
       0.0000000000000000      -5.9600000381469727
       0.0000000000000000      -5.9400000572204590
       0.0000000000000000      -5.9200000762939453
       0.0000000000000000      -5.9000000953674316
       0.0000000000000000      -5.8800001144409180
       0.0000000000000000      -5.8600001335144043
       0.0000000000000000      -5.8400001525878906
       0.0000000000000000      -5.8200001716613770
       0.0000000000000000      -5.8000001907348633
       0.0000000000000000      -5.7800002098083496
       0.0000000000000000      -5.7600002288818359
       0.0000000000000000      -5.7400002479553223
       0.0000000000000000      -5.7200002670288086
       0.0000000000000000      -5.7000002861022949
       0.0000000000000000      -5.6800003051757812
       0.0000000000000000      -5.6600003242492676
       0.0000000000000000      -5.6399998664855957
       0.0000000000000000      -5.6199998855590820
       0.0000000000000000      -5.5999999046325684
       0.0000000000000000      -5.5799999237060547
       0.0000000000000000      -5.5599999427795410
       0.0000000000000000      -5.5399999618530273
       0.0000000000000000      -5.5199999809265137
       0.0000000000000000      -5.5000000000000000
       0.0000000000000000      -5.4800000190734863
       0.0000000000000000      -5.4600000381469727
       0.0000000000000000      -5.4400000572204590
       0.0000000000000000      -5.4200000762939453
       0.0000000000000000      -5.4000000953674316
       0.0000000000000000      -5.3800001144409180
       0.0000000000000000      -5.3600001335144043
       0.0000000000000000      -5.3400001525878906
       0.0000000000000000      -5.3200001716613770
       0.0000000000000000      -5.3000001907348633
       0.0000000000000001      -5.2800002098083496
       0.0000000000000001      -5.2600002288818359
       0.0000000000000001      -5.2400002479553223
       0.0000000000000001      -5.2200002670288086
       0.0000000000000001      -5.2000002861022949
       0.0000000000000002      -5.1800003051757812
       0.0000000000000002      -5.1600003242492676
       0.0000000000000003      -5.1400003433227539
       0.0000000000000003      -5.1199998855590820
       0.0000000000000004      -5.0999999046325684
       0.0000000000000005      -5.0799999237060547
       0.0000000000000006      -5.0599999427795410
       0.0000000000000007      -5.0399999618530273
       0.0000000000000009      -5.0199999809265137
       0.0000000000000011      -5.0000000000000000
       0.0000000000000014      -4.9800000190734863
       0.0000000000000017      -4.9600000381469727
       0.0000000000000021      -4.9400000572204590
       0.0000000000000026      -4.9200000762939453
       0.0000000000000032      -4.9000000953674316
       0.0000000000000039      -4.8800001144409180
       0.0000000000000048      -4.8600001335144043
       0.0000000000000059      -4.8400001525878906
       0.0000000000000072      -4.8200001716613770
       0.0000000000000088      -4.8000001907348633
       0.0000000000000107      -4.7800002098083496
       0.0000000000000131      -4.7600002288818359
       0.0000000000000160      -4.7400002479553223
       0.0000000000000195      -4.7200002670288086
       0.0000000000000238      -4.7000002861022949
       0.0000000000000290      -4.6800003051757812
       0.0000000000000353      -4.6600003242492676
       0.0000000000000429      -4.6400003433227539
       0.0000000000000521      -4.6199998855590820
       0.0000000000000633      -4.5999999046325684
       0.0000000000000768      -4.5799999237060547
       0.0000000000000931      -4.5599999427795410
       0.0000000000001128      -4.5399999618530273
       0.0000000000001365      -4.5199999809265137
       0.0000000000001651      -4.5000000000000000
       0.0000000000001996      -4.4800000190734863
       0.0000000000002410      -4.4600000381469727
       0.0000000000002908      -4.4400000572204590
       0.0000000000003507      -4.4200000762939453
       0.0000000000004226      -4.4000000953674316
       0.0000000000005088      -4.3800001144409180
       0.0000000000006121      -4.3600001335144043
       0.0000000000007358      -4.3400001525878906
       0.0000000000008838      -4.3200001716613770
       0.0000000000010608      -4.3000001907348633
       0.0000000000012723      -4.2800002098083496
       0.0000000000015248      -4.2600002288818359
       0.0000000000018260      -4.2400002479553223
       0.0000000000021850      -4.2200002670288086
       0.0000000000026126      -4.2000002861022949
       0.0000000000031215      -4.1800003051757812
       0.0000000000037266      -4.1600003242492676
       0.0000000000044457      -4.1400003433227539
       0.0000000000052995      -4.1200003623962402
       0.0000000000063125      -4.0999999046325684
       0.0000000000075133      -4.0799999237060547
       0.0000000000089357      -4.0599999427795410
       0.0000000000106193      -4.0399999618530273
       0.0000000000126106      -4.0199999809265137
       0.0000000000149637      -4.0000000000000000
       0.0000000000177425      -3.9800000190734863
       0.0000000000210212      -3.9600000381469727
       0.0000000000248869      -3.9400000572204590
       0.0000000000294411      -3.9200000762939453
       0.0000000000348021      -3.9000000953674316
       0.0000000000411081      -3.8800001144409180
       0.0000000000485198      -3.8600001335144043
       0.0000000000572242      -3.8400001525878906
       0.0000000000674390      -3.8200001716613770
       0.0000000000794168      -3.8000001907348633
       0.0000000000934510      -3.7800002098083496
       0.0000000001098818      -3.7600002288818359
       0.0000000001291035      -3.7400002479553223
       0.0000000001515727      -3.7200002670288086
       0.0000000001778176      -3.7000002861022949
       0.0000000002084488      -3.6800003051757812
       0.0000000002441715      -3.6600003242492676
       0.0000000002857997      -3.6400003433227539
       0.0000000003342719      -3.6200003623962402
       0.0000000003906695      -3.6000003814697266
       0.0000000004562388      -3.5799999237060547
       0.0000000005324085      -3.5599999427795410
       0.0000000006208257      -3.5399999618530273
       0.0000000007233798      -3.5199999809265137
       0.0000000008422388      -3.5000000000000000
       0.0000000009798879      -3.4800000190734863
       0.0000000011391738      -3.4600000381469727
       0.0000000013233545      -3.4400000572204590
       0.0000000015361555      -3.4200000762939453
       0.0000000017818332      -3.4000000953674316
       0.0000000020652469      -3.3800001144409180
       0.0000000023919392      -3.3600001335144043
       0.0000000027682270      -3.3400001525878906
       0.0000000032013031      -3.3200001716613770
       0.0000000036993515      -3.3000001907348633
       0.0000000042716758      -3.2800002098083496
       0.0000000049288434      -3.2600002288818359
       0.0000000056828470      -3.2400002479553223
       0.0000000065472858      -3.2200002670288086
       0.0000000075375671      -3.2000002861022949
       0.0000000086711324      -3.1800003051757812
       0.0000000099677090      -3.1600003242492676
       0.0000000114495912      -3.1400003433227539
       0.0000000131419521      -3.1200003623962402
       0.0000000150731922      -3.1000003814697266
       0.0000000172753813      -3.0799999237060547
       0.0000000197844719      -3.0599999427795410
       0.0000000226410885      -3.0399999618530273
       0.0000000258908527      -3.0199999809265137
       0.0000000295850162      -3.0000000000000000
       0.0000000337811067      -2.9800000190734863
       0.0000000385436410      -2.9600000381469727
       0.0000000439449128      -2.9400000572204590
       0.0000000500658605      -2.9200000762939453
       0.0000000569970236      -2.9000000953674316
       0.0000000648395950      -2.8800001144409180
       0.0000000737065774      -2.8600001335144043
       0.0000000837240535      -2.8400001525878906
       0.0000000950325787      -2.8200001716613770
       0.0000001077887082      -2.8000001907348633
       0.0000001221666675      -2.7800002098083496
       0.0000001383601804      -2.7600002288818359
       0.0000001565844646      -2.7400002479553223
       0.0000001770784098      -2.7200002670288086
       0.0000002001069525      -2.7000002861022949
       0.0000002259636605      -2.6800003051757812
       0.0000002549735455      -2.6600003242492676
       0.0000002874961175      -2.6400003433227539
       0.0000003239287014      -2.6200003623962402
       0.0000003647100312      -2.6000003814697266
       0.0000004103241429      -2.5800004005432129
       0.0000004613058695      -2.5599999427795410
       0.0000005182404040      -2.5399999618530273
       0.0000005817754818      -2.5199999809265137
       0.0000006526219559      -2.5000000000000000
       0.0000007315606458      -2.4800000190734863
       0.0000008194484684      -2.4600000381469727
       0.0000009172250238      -2.4400000572204590
       0.0000010259196613      -2.4200000762939453
       0.0000011466590533      -2.4000000953674316
       0.0000012806753014      -2.3800001144409180
       0.0000014293146031      -2.3600001335144043
       0.0000015940465057      -2.3400001525878906
       0.0000017764737757      -2.3200001716613770
       0.0000019783429100      -2.3000001907348633
       0.0000022015553170      -2.2800002098083496
       0.0000024481791959      -2.2600002288818359
       0.0000027204621385      -2.2400002479553223
       0.0000030208444831      -2.2200002670288086
       0.0000033519734429      -2.2000002861022949
       0.0000037167180359      -2.1800003051757812
       0.0000041181848383      -2.1600003242492676
       0.0000045597345833      -2.1400003433227539
       0.0000050449996267      -2.1200003623962402
       0.0000055779022952      -2.1000003814697266
       0.0000061626741356      -2.0800004005432129
       0.0000068038920751      -2.0599999427795410
       0.0000075064370368      -2.0399999618530273
       0.0000082756075046      -2.0199999809265137
       0.0000091170827997      -2.0000000000000000
       0.0000100369386421      -1.9800004959106445
       0.0000110417865489      -1.9600000381469727
       0.0000121385430873      -1.9400005340576172
       0.0000133348222050      -1.9200000762939453
       0.0000146385426878      -1.9000005722045898
       0.0000160584146615      -1.8800001144409180
       0.0000176034695432      -1.8600006103515625
       0.0000192836337030      -1.8400001525878906
       0.0000211091676175      -1.8200006484985352
       0.0000230913405357      -1.8000001907348633
       0.0000252418704171      -1.7799997329711914
       0.0000275731815372      -1.7600002288818359
       0.0000300988072705      -1.7399997711181641
       0.0000328326219819      -1.7200002670288086
       0.0000357898414151      -1.6999998092651367
       0.0000389860104952      -1.6800003051757812
       0.0000424381690359      -1.6599998474121094
       0.0000461636628394      -1.6400003433227539
       0.0000501814984358      -1.6199998855590820
       0.0000545109513842      -1.6000003814697266
       0.0000591731365051      -1.5799999237060547
       0.0000641893842901      -1.5600004196166992
       0.0000695830560405      -1.5399999618530273
       0.0000753776560946      -1.5200004577636719
       0.0000815989244427      -1.5000000000000000
       0.0000882726490862      -1.4800004959106445
       0.0000954270720557      -1.4600000381469727
       0.0001030903626416      -1.4400005340576172
       0.0001112933762836      -1.4200000762939453
       0.0001200667456724      -1.4000005722045898
       0.0001294440356959      -1.3800001144409180
       0.0001394584055302      -1.3600006103515625
       0.0001501462066959      -1.3400001525878906
       0.0001615431652605      -1.3200006484985352
       0.0001736884740561      -1.3000001907348633
       0.0001866210761095      -1.2799997329711914
       0.0002003811258022      -1.2600002288818359
       0.0002150121221152      -1.2399997711181641
       0.0002305562026361      -1.2200002670288086
       0.0002470597215479      -1.1999998092651367
       0.0002645672924020      -1.1800003051757812
       0.0002831280714882      -1.1599998474121094
       0.0003027890410891      -1.1400003433227539
       0.0003236020678975      -1.1199998855590820
       0.0003456163535910      -1.1000003814697266
       0.0003688863419606      -1.0799999237060547
       0.0003934632599463      -1.0600004196166992
       0.0004194039509638      -1.0399999618530273
       0.0004467614261023      -1.0200004577636719
       0.0004755947047174      -1.0000000000000000
       0.0005059582923804      -0.9800004959106445
       0.0005379131130752      -0.9600000381469727
       0.0005715148277716      -0.9400005340576172
       0.0006068259454468      -0.9200000762939453
       0.0006439028939095      -0.9000005722045898
       0.0006828093992851      -0.8800001144409180
       0.0007236022190109      -0.8600006103515625
       0.0007663458813011      -0.8400001525878906
       0.0008110969891393      -0.8200006484985352
       0.0008579204124977      -0.8000001907348633
       0.0009068744577439      -0.7799997329711914
       0.0009580166759146      -0.7600002288818359
       0.0010114114949240      -0.7399997711181641
       0.0010671127340791      -0.7200002670288086
       0.0011251838358942      -0.6999998092651367
       0.0011856764513994      -0.6800003051757812
       0.0012486524486718      -0.6599998474121094
       0.0013141606649302      -0.6400003433227539
       0.0013822607806365      -0.6199998855590820
       0.0014529981548791      -0.6000003814697266
       0.0015264296505311      -0.5799999237060547
       0.0016025964737050      -0.5600004196166992
       0.0016815520310824      -0.5399999618530273
       0.0017633326994630      -0.5200004577636719
       0.0018479877909796      -0.5000000000000000
       0.0019355481849697      -0.4800004959106445
       0.0020260584703492      -0.4600000381469727
       0.0021195433791964      -0.4400005340576172
       0.0022160421680823      -0.4200000762939453
       0.0023155728008542      -0.4000005722045898
       0.0024181686222310      -0.3800001144409180
       0.0025238402462654      -0.3600006103515625
       0.0026326145660470      -0.3400001525878906
       0.0027444943141635      -0.3200006484985352
       0.0028594994419649      -0.3000001907348633
       0.0029776243289611      -0.2800006866455078
       0.0030988815538640      -0.2600002288818359
       0.0032232627463804      -0.2399997711181641
       0.0033507547342304      -0.2200002670288086
       0.0034813583804735      -0.1999998092651367
       0.0036150455973914      -0.1800003051757812
       0.0037518091138380      -0.1599998474121094
       0.0038916114428670      -0.1400003433227539
       0.0040344370200630      -0.1199998855590820
       0.0041802388641683      -0.1000003814697266
       0.0043289930502143      -0.0799999237060547
       0.0044806431082235      -0.0600004196166992
       0.0046351567810045      -0.0399999618530273
       0.0047924682192082      -0.0200004577636719
       0.0049525369596552       0.0000000000000000
       0.0051152879881394       0.0199995040893555
       0.0052806728602916       0.0399999618530273
       0.0054486077164044       0.0599994659423828
       0.0056190364532572       0.0799999237060547
       0.0057918667877419       0.0999994277954102
       0.0059670353749514       0.1199998855590820
       0.0061444420293681       0.1399993896484375
       0.0063240166720103       0.1599998474121094
       0.0065056518292687       0.1799993515014648
       0.0066892712801691       0.1999998092651367
       0.0068747609634733       0.2199993133544922
       0.0070620391852972       0.2399997711181641
       0.0072509951229692       0.2600002288818359
       0.0074415152021725       0.2799997329711914
       0.0076335109205738       0.3000001907348633
       0.0078268552958556       0.3199996948242188
       0.0080214563016182       0.3400001525878906
       0.0082171833612798       0.3599996566772461
       0.0084139417862416       0.3800001144409180
       0.0086115983691126       0.3999996185302734
       0.0088100566503429       0.4200000762939453
       0.0090091817802399       0.4399995803833008
       0.0092088764365152       0.4600000381469727
       0.0094090051274999       0.4799995422363281
       0.0096094705807908       0.5000000000000000
       0.0098101376616318       0.5199995040893555
       0.0100109100521067       0.5399999618530273
       0.0102116539588188       0.5599994659423828
       0.0104122749028552       0.5799999237060547
       0.0106126413896790       0.5999994277954102
       0.0108126616323568       0.6199998855590820
       0.0110122073540052       0.6399993896484375
       0.0112111902704844       0.6599998474121094
       0.0114094861918561       0.6799993515014648
       0.0116070110958387       0.6999998092651367
       0.0118036456895938       0.7199993133544922
       0.0119993109116355       0.7399997711181641
       0.0121939023604990       0.7600002288818359
       0.0123873188126113       0.7799997329711914
       0.0125794898098156       0.8000001907348633
       0.0127703113875421       0.8199996948242188
       0.0129597194903009       0.8400001525878906
       0.0131476173141568       0.8599996566772461
       0.0133339476493762       0.8800001144409180
       0.0135186213160612       0.8999996185302734
       0.0137015883137126       0.9200000762939453
       0.0138827674645226       0.9399995803833008
       0.0140621162611962       0.9600000381469727
       0.0142395618213754       0.9799995422363281
       0.0144150693371724       1.0000000000000000
       0.0145885744326942       1.0199995040893555
       0.0147600501312523       1.0399999618530273
       0.0149294406960921       1.0599994659423828
       0.0150967270440390       1.0799999237060547
       0.0152618621374276       1.0999994277954102
       0.0154248347859051       1.1199998855590820
       0.0155856066453179       1.1399993896484375
       0.0157441743624202       1.1599998474121094
       0.0159005082242131       1.1799993515014648
       0.0160546126133111       1.1999998092651367
       0.0162064663390436       1.2199993133544922
       0.0163560813841488       1.2399997711181641
       0.0165034449369258       1.2599992752075195
       0.0166485764227079       1.2799997329711914
       0.0167914780055347       1.3000001907348633
       0.0169321561057191       1.3199996948242188
       0.0170706410059203       1.3400001525878906
       0.0172069401174431       1.3599996566772461
       0.0173410907775748       1.3800001144409180
       0.0174731082204143       1.3999996185302734
       0.0176030367348605       1.4200000762939453
       0.0177308992827846       1.4399995803833008
       0.0178567470674145       1.4600000381469727
       0.0179806107584011       1.4799995422363281
       0.0181025485332751       1.5000000000000000
       0.0182225988597187       1.5199995040893555
       0.0183408270864948       1.5399999618530273
       0.0184572797249595       1.5599994659423828
       0.0185720296807966       1.5799999237060547
       0.0186851319696068       1.5999994277954102
       0.0187966676978900       1.6199998855590820
       0.0189067011419051       1.6399993896484375
       0.0190153226068939       1.6599998474121094
       0.0191226067951614       1.6799993515014648
       0.0192286546985811       1.6999998092651367
       0.0193335531824962       1.7199993133544922
       0.0194374161013968       1.7399997711181641
       0.0195403450325300       1.7599992752075195
       0.0196424698538292       1.7799997329711914
       0.0197439154033251       1.8000001907348633
       0.0198448177155823       1.8199996948242188
       0.0199453399722360       1.8400001525878906
       0.0200456408908503       1.8599996566772461
       0.0201459155923516       1.8800001144409180
       0.0202463603619527       1.8999996185302734
       0.0203472147484508       1.9200000762939453
       0.0204487279512292       1.9399995803833008
       0.0205512033434475       1.9600000381469727
       0.0206549673071964       1.9799995422363281
       0.0207604182007677       2.0000000000000000
       0.0208679994307718       2.0199995040893555
       0.0209782565564442       2.0399999618530273
       0.0210918185324740       2.0599994659423828
       0.0212094702997029       2.0799999237060547
       0.0213321512434402       2.0999994277954102
       0.0214610593677160       2.1199998855590820
       0.0215976893200559       2.1399993896484375
       0.0217440076450288       2.1599998474121094
       0.0219025915980039       2.1799993515014648
       0.0220769870112631       2.1999998092651367
       0.0222721414997627       2.2199993133544922
       0.0224953235605093       2.2399997711181641
       0.0227576016522584       2.2599992752075195
       0.0230769898456461       2.2799997329711914
       0.0234849767460977       2.3000001907348633
       0.0240427744446542       2.3199996948242188
       0.0248892057505082       2.3400001525878906
       0.0264277841806444       2.3599996566772461
       0.0306082521360997       2.3800001144409180
       0.5148775747816577       2.3999996185302734
       0.9945231976667828       2.4200000762939453
       0.9977266894370243       2.4399995803833008
       0.9986911987372835       2.4600000381469727
       0.9991274496310111       2.4799995422363281
       0.9993642558185458       2.5000000000000000
       0.9995070056468420       2.5199995040893555
       0.9995991570304492       2.5399999618530273
       0.9996615706197919       2.5599994659423828
       0.9997053811562405       2.5799999237060547
       0.9997369854342677       2.5999994277954102
       0.9997602869250428       2.6199998855590820
       0.9997777698183479       2.6399993896484375
       0.9997910797848281       2.6599998474121094
       0.9998013354184027       2.6799993515014648
       0.9998093199019839       2.6999998092651367
       0.9998155904081922       2.7199993133544922
       0.9998205527951861       2.7399997711181641
       0.9998245055315836       2.7599992752075195
       0.9998276725434330       2.7799997329711914
       0.9998302226711191       2.7999992370605469
       0.9998322854937530       2.8199996948242188
       0.9998339606929180       2.8400001525878906
       0.9998353258737572       2.8599996566772461
       0.9998364420412679       2.8800001144409180
       0.9998373571172398       2.8999996185302734
       0.9998381093113602       2.9200000762939453
       0.9998387289707361       2.9399995803833008
       0.9998392405465198       2.9600000381469727
       0.9998396636333609       2.9799995422363281
       0.9998400141541465       3.0000000000000000
       0.9998403049646726       3.0199995040893555
       0.9998405465863408       3.0399999618530273
       0.9998407475647265       3.0599994659423828
       0.9998409149359899       3.0799999237060547
       0.9998410544437043       3.0999994277954102
       0.9998411708405796       3.1199998855590820
       0.9998412680223302       3.1399993896484375
       0.9998413492260317       3.1599998474121094
       0.9998414171146038       3.1799993515014648
       0.9998414739079782       3.1999998092651367
       0.9998415214379588       3.2199993133544922
       0.9998415612359559       3.2399997711181641
       0.9998415945687213       3.2599992752075195
       0.9998416224979191       3.2799997329711914
       0.9998416459031094       3.2999992370605469
       0.9998416655232600       3.3199996948242188
       0.9998416819677999       3.3400001525878906
       0.9998416957639334       3.3599996566772461
       0.9998417073296114       3.3800001144409180
       0.9998417170276545       3.3999996185302734
       0.9998417251618577       3.4200000762939453
       0.9998417319825162       3.4399995803833008
       0.9998417377023729       3.4600000381469727
       0.9998417424976620       3.4799995422363281
       0.9998417465163877       3.5000000000000000
       0.9998417498900781       3.5199995040893555
       0.9998417527156133       3.5399999618530273
       0.9998417550833496       3.5599994659423828
       0.9998417570673716       3.5799999237060547
       0.9998417587293282       3.5999994277954102
       0.9998417601212382       3.6199998855590820
       0.9998417612866807       3.6399993896484375
       0.9998417622622311       3.6599998474121094
       0.9998417630785077       3.6799993515014648
       0.9998417637614798       3.6999998092651367
       0.9998417643325911       3.7199993133544922
       0.9998417648101091       3.7399997711181641
       0.9998417652091235       3.7599992752075195
       0.9998417655425168       3.7799997329711914
       0.9998417649121315       3.7999992370605469
       0.9998417660533531       3.8199996948242188
       0.9998417662473462       3.8400001525878906
       0.9998417664086402       3.8599996566772461
       0.9998417665439162       3.8800001144409180
       0.9998417666563139       3.8999996185302734
       0.9998417667500435       3.9200000762939453
       0.9998417668280141       3.9399995803833008
       0.9998417668930732       3.9600000381469727
       0.9998417669469347       3.9799995422363281
       0.9998417669917693       4.0000000000000000
       0.9998417670290867       4.0199995040893555
       0.9998417670600924       4.0399999618530273
       0.9998417670857987       4.0599994659423828
       0.9998417671072403       4.0799999237060547
       0.9998417671248674       4.0999994277954102
       0.9998417671395788       4.1199998855590820
       0.9998417671516603       4.1399993896484375
       0.9998417671618547       4.1599998474121094
       0.9998417671701528       4.1799993515014648
       0.9998417671770305       4.1999998092651367
       0.9998417671827196       4.2199993133544922
       0.9998417671874678       4.2399997711181641
       0.9998417671914723       4.2599992752075195
       0.9998417671945730       4.2799997329711914
       0.9998417671972138       4.2999992370605469
       0.9998417671994168       4.3199996948242188
       0.9998417672012012       4.3400001525878906
       0.9998417671987173       4.3599996566772461
       0.9998417672039953       4.3800001144409180
       0.9998417672049495       4.3999996185302734
       0.9998417672057995       4.4200000762939453
       0.9998417672064684       4.4399995803833008
       0.9998417672050082       4.4600000381469727
       0.9998417672074376       4.4799995422363281
       0.9998417672078748       4.5000000000000000
       0.9998417672080790       4.5199995040893555
       0.9998417672084694       4.5399999618530273
       0.9998417672086500       4.5599994659423828
       0.9998417672090029       4.5799999237060547
       0.9998417672088958       4.5999994277954102
       0.9998417672089778       4.6199998855590820
       0.9998417672091632       4.6399993896484375
       0.9998417672092269       4.6599998474121094
       0.9998417672091604       4.6799993515014648
       0.9998417672092516       4.6999998092651367
       0.9998417672092235       4.7199993133544922
       0.9998417672094118       4.7399997711181641
       0.9998417672093044       4.7599992752075195
       0.9998417672094480       4.7799997329711914
       0.9998417672094425       4.7999992370605469
       0.9998417672095001       4.8199996948242188
       0.9998417672094347       4.8399991989135742
       0.9998417672095822       4.8599996566772461
       0.9998417672094232       4.8800001144409180
       0.9998417672094547       4.8999996185302734
       0.9998417672095032       4.9200000762939453
       0.9998417672094064       4.9399995803833008
       0.9998417672095241       4.9600000381469727
       0.9998417672095405       4.9799995422363281
       0.9998417672094256       5.0000000000000000
       0.9998417672096122       5.0199995040893555
       0.9998417672094535       5.0399999618530273
       0.9998417672093817       5.0599994659423828
       0.9998417672094422       5.0799999237060547
       0.9998417672094270       5.0999994277954102
       0.9998417672094467       5.1199998855590820
       0.9998417672093683       5.1399993896484375
       0.9998417672095444       5.1599998474121094
       0.9998417672095861       5.1799993515014648
       0.9998417672095160       5.1999998092651367
       0.9998417672095216       5.2199993133544922
       0.9998417672095319       5.2399997711181641
       0.9998417672093952       5.2599992752075195
       0.9998417672095127       5.2799997329711914
       0.9998417672094896       5.2999992370605469
       0.9998417672094162       5.3199996948242188
       0.9998417672095157       5.3399991989135742
       0.9998417672096522       5.3599996566772461
       0.9998417672094618       5.3800001144409180
       0.9998417672090097       5.3999996185302734
       0.9998417672094514       5.4200000762939453
       0.9998417672095117       5.4399995803833008
       0.9998417672094794       5.4600000381469727
       0.9998417672095670       5.4799995422363281
       0.9998417672093850       5.5000000000000000
       0.9998417672095262       5.5199995040893555
       0.9998417672095611       5.5399999618530273
       0.9998417672094332       5.5599994659423828
       0.9998417672095933       5.5799999237060547
       0.9998417672093749       5.5999994277954102
       0.9998417672095370       5.6199998855590820
       0.9998417672094078       5.6399993896484375
       0.9998417672095306       5.6599998474121094
       0.9998417672094557       5.6799993515014648
       0.9998417672094355       5.6999998092651367
       0.9998417672095157       5.7199993133544922
       0.9998417672095300       5.7399997711181641
       0.9998417672094181       5.7599992752075195
       0.9998417672095009       5.7799997329711914
       0.9998417672094724       5.7999992370605469
       0.9998417672095794       5.8199996948242188
       0.9998417672094486       5.8399991989135742
       0.9998417672094710       5.8599996566772461
       0.9998417672095709       5.8800001144409180
       0.9998417672095363       5.8999996185302734
       0.9998417672095214       5.9200000762939453
       0.9998417672095641       5.9399995803833008
       0.9998417672096451       5.9600000381469727
       0.9998417672095984       5.9799995422363281
       0.9998417667970916       6.0000000000000000
       0.9998417672093791       6.0200004577636719
       0.9998417672094643       6.0399990081787109
       0.9998417672095058       6.0599994659423828
       0.9998417672096362       6.0799999237060547
       0.9998417672094618       6.1000003814697266
       0.9998417672095122       6.1199989318847656
       0.9998417672093546       6.1399993896484375
       0.9998417672094329       6.1599998474121094
       0.9998417672095046       6.1800003051757812
       0.9998417672096374       6.1999988555908203
       0.9998417672096599       6.2199993133544922
       0.9998417672096434       6.2399997711181641
       0.9998417672095354       6.2600002288818359
       0.9998417672094876       6.2799987792968750
       0.9998417672095405       6.2999992370605469
       0.9998417672093979       6.3199996948242188
       0.9998417672095129       6.3400001525878906
       0.9998417672095063       6.3599987030029297
       0.9998417672093791       6.3799991607666016
       0.9998417672095896       6.3999996185302734
       0.9998417672096184       6.4200000762939453
       0.9998417672094858       6.4400005340576172
       0.9998417672094256       6.4599990844726562
       0.9998417672095377       6.4799995422363281
       0.9998417672094316       6.5000000000000000
       0.9998417672095832       6.5200004577636719
       0.9998417672093429       6.5399990081787109
       0.9998417672096732       6.5599994659423828
       0.9998417672096346       6.5799999237060547
       0.9998417672096610       6.6000003814697266
       0.9998417672095483       6.6199989318847656
       0.9998417672095649       6.6399993896484375
       0.9998417672095818       6.6599998474121094
       0.9998417672095746       6.6800003051757812
       0.9998417672095138       6.6999988555908203
       0.9998417672093369       6.7199993133544922
       0.9998417672094796       6.7399997711181641
       0.9998417672095993       6.7600002288818359
       0.9998417672095983       6.7799987792968750
       0.9998417672093982       6.7999992370605469
       0.9998417672096851       6.8199996948242188
       0.0294993760101528       6.8400001525878906
       0.9998417672096245       6.8599987030029297
       0.9998417672094501       6.8799991607666016
       0.9998417672095690       6.8999996185302734
       0.9998417672095069       6.9200000762939453
       0.9998417672095092       6.9400005340576172
       0.9998417672095780       6.9599990844726562
       0.9998417672092661       6.9799995422363281
       0.9998417672095649       7.0000000000000000
       0.9998417672095664       7.0200004577636719
       0.9998417672095107       7.0399990081787109
       0.9998417672096133       7.0599994659423828
       0.9998417672094179       7.0799999237060547
       0.9998417672093142       7.1000003814697266
       0.9998417671715766       7.1199989318847656
       0.9998417672093901       7.1399993896484375
       0.9998417672092577       7.1599998474121094
       0.9998417672094103       7.1800003051757812
       0.9998417672095934       7.1999988555908203
       0.9998417672095716       7.2199993133544922
       0.9998417672093791       7.2399997711181641
       0.9998417672093460       7.2600002288818359
       0.9998417672093988       7.2799987792968750
       0.9998417672094616       7.2999992370605469
       0.9998417672094491       7.3199996948242188
       0.9998417672094428       7.3400001525878906
       0.9998417672095419       7.3599987030029297
       0.9998417672094335       7.3799991607666016
       0.9998417672094808       7.3999996185302734
       0.9998417672094584       7.4200000762939453
       0.9998417672094074       7.4400005340576172
       0.9998417672094851       7.4599990844726562
       0.9998417672095093       7.4799995422363281
       0.9998417672095018       7.5000000000000000
       0.9998417672094430       7.5200004577636719
       0.9998417672093310       7.5399990081787109
       0.9998417672093797       7.5599994659423828
       0.9998417672095411       7.5799999237060547
       0.9998417672093223       7.6000003814697266
       0.9998417672094225       7.6199989318847656
       0.9998417672094129       7.6399993896484375
       0.9998417672096193       7.6599998474121094
       0.9998417672095310       7.6800003051757812
       0.9998417672094286       7.6999988555908203
       0.9998417672021991       7.7199993133544922
       0.9998417670954853       7.7399997711181641
       0.9998417672093768       7.7600002288818359
       0.9998417672115034       7.7799987792968750
       0.9998417672093092       7.7999992370605469
       0.9998417672120048       7.8199996948242188
       0.9998417672093761       7.8400001525878906
       0.9998417672095817       7.8599987030029297
       0.9998417672094674       7.8799991607666016
       0.9998417672093668       7.8999996185302734
       0.9998417672095776       7.9200000762939453
       0.0290712033072490       7.9400005340576172
       0.9998417672093609       7.9599990844726562
       0.9998417672093298       7.9799995422363281
       0.9998417672094111       8.0000000000000000
       0.9998417672095231       8.0200004577636719
       0.9998417672093849       8.0399990081787109
       0.9998417672092955       8.0599994659423828
       0.9998417672094516       8.0799999237060547
       0.9998417672093756       8.1000003814697266
       0.9998417672094005       8.1199989318847656
       0.9998417672095991       8.1399993896484375
       0.9998417672093619       8.1599998474121094
       0.9998417672094720       8.1800003051757812
       0.9998417672093898       8.1999988555908203
       0.9998417672093816       8.2199993133544922
       0.9998417672093524       8.2399997711181641
       0.9998417672094870       8.2600002288818359
       0.9998417672093304       8.2799987792968750
       0.9998417672093320       8.2999992370605469
       0.9998417672093416       8.3199996948242188
       0.9998417672095428       8.3400001525878906
       0.9998417672094081       8.3599987030029297
       0.9998417672095173       8.3799991607666016
       0.9998417672094388       8.3999996185302734
       0.9998417672094537       8.4200000762939453
       0.9998417672094838       8.4400005340576172
       0.9998417672094395       8.4599990844726562
       0.9998417672094619       8.4799995422363281
       0.9998417672093085       8.5000000000000000
       0.9998417672095612       8.5200004577636719
       0.9998417672094311       8.5399990081787109
       0.9998417671984947       8.5599994659423828
       0.9998417672094181       8.5799999237060547
       0.9998417672093752       8.6000003814697266
       0.9998417672095360       8.6199989318847656
       0.9998417672095248       8.6399993896484375
       0.9998417672094706       8.6599998474121094
       0.9998417672093064       8.6800003051757812
       0.9998417672092851       8.6999988555908203
       0.9998417672095096       8.7199993133544922
       0.9998417672096390       8.7399997711181641
       0.9998417672094480       8.7600002288818359
       0.9998417672092732       8.7799987792968750
       0.9998417672093627       8.7999992370605469
       0.9998417672092557       8.8199996948242188
       0.9998417672096106       8.8400001525878906
       0.9998417672095777       8.8599987030029297
       0.9998417672093849       8.8799991607666016
       0.9998417672094270       8.8999996185302734
       0.9998417672095676       8.9200000762939453
       0.9998417672094884       8.9399986267089844
       0.9998417672097081       8.9599990844726562
       0.9998417672093294       8.9799995422363281
       0.9998417672096276       9.0000000000000000
       0.9998417672090801       9.0200004577636719
       0.9998417672093788       9.0399990081787109
       0.9998417672095069       9.0599994659423828
       0.9998417672094402       9.0799999237060547
       0.9998417672096669       9.1000003814697266
       0.9998417672094806       9.1199989318847656
       0.9998417672097396       9.1399993896484375
       0.9998417672093907       9.1599998474121094
       0.9998417672094732       9.1800003051757812
       0.9998417672092251       9.1999988555908203
       0.9998417672095347       9.2199993133544922
       0.9998417672097710       9.2399997711181641
       0.9998417672094699       9.2600002288818359
       0.9998417672097775       9.2799987792968750
       0.9998417672093223       9.2999992370605469
       0.9998417672094222       9.3199996948242188
       0.9998417672094242       9.3400001525878906
       0.9998417672095470       9.3599987030029297
       0.9998417672096817       9.3799991607666016
       0.9998417672089738       9.3999996185302734
       0.9998417672096042       9.4200000762939453
       0.9998417672095581       9.4399986267089844
       0.9998417672092386       9.4599990844726562
       0.9998417672094835       9.4799995422363281
       0.9998417672094754       9.5000000000000000
       0.9998417672095462       9.5200004577636719
       0.9998417672093189       9.5399990081787109
       0.9998417672095757       9.5599994659423828
       0.9998417672093368       9.5799999237060547
       0.9998417672092730       9.6000003814697266
       0.9998417672093741       9.6199989318847656
       0.9998417672096099       9.6399993896484375
       0.9998417672094799       9.6599998474121094
       0.9998417672094368       9.6800003051757812
       0.9998417672093739       9.6999988555908203
       0.9998417672092488       9.7199993133544922
       0.9998417672094656       9.7399997711181641
       0.9998417672093619       9.7600002288818359
       0.9998417672096032       9.7799987792968750
       0.9998417672095151       9.7999992370605469
       0.9998417672092259       9.8199996948242188
       0.9998417672095109       9.8400001525878906
       0.9998417672066027       9.8599987030029297
       0.9998417672094215       9.8799991607666016
       0.9998417672096205       9.8999996185302734
       0.9998417672095706       9.9200000762939453
       0.9998417672094639       9.9399986267089844
       0.9998417672093972       9.9599990844726562
       0.9998417672094534       9.9799995422363281
       0.9998417672093997      10.0000000000000000
