# xi		u_parallel
       0.0000000000000000     -10.0000000000000000
       0.0000000000000000      -9.9799995422363281
       0.0000000000000000      -9.9600000381469727
       0.0000000000000000      -9.9399995803833008
       0.0000000000000000      -9.9200000762939453
       0.0000000000000000      -9.8999996185302734
       0.0000000000000000      -9.8800001144409180
       0.0000000000000000      -9.8599996566772461
       0.0000000000000000      -9.8400001525878906
       0.0000000000000000      -9.8199996948242188
       0.0000000000000000      -9.8000001907348633
       0.0000000000000000      -9.7799997329711914
       0.0000000000000000      -9.7600002288818359
       0.0000000000000000      -9.7399997711181641
       0.0000000000000000      -9.7200002670288086
       0.0000000000000000      -9.6999998092651367
       0.0000000000000000      -9.6800003051757812
       0.0000000000000000      -9.6599998474121094
       0.0000000000000000      -9.6400003433227539
       0.0000000000000000      -9.6199998855590820
       0.0000000000000000      -9.6000003814697266
       0.0000000000000000      -9.5799999237060547
       0.0000000000000000      -9.5600004196166992
       0.0000000000000000      -9.5399999618530273
       0.0000000000000000      -9.5200004577636719
       0.0000000000000000      -9.5000000000000000
       0.0000000000000000      -9.4799995422363281
       0.0000000000000000      -9.4600000381469727
       0.0000000000000000      -9.4399995803833008
       0.0000000000000000      -9.4200000762939453
       0.0000000000000000      -9.3999996185302734
       0.0000000000000000      -9.3800001144409180
       0.0000000000000000      -9.3599996566772461
       0.0000000000000000      -9.3400001525878906
       0.0000000000000000      -9.3199996948242188
       0.0000000000000000      -9.3000001907348633
       0.0000000000000000      -9.2799997329711914
       0.0000000000000000      -9.2600002288818359
       0.0000000000000000      -9.2399997711181641
       0.0000000000000000      -9.2200002670288086
       0.0000000000000000      -9.1999998092651367
       0.0000000000000000      -9.1800003051757812
       0.0000000000000000      -9.1599998474121094
       0.0000000000000000      -9.1400003433227539
       0.0000000000000000      -9.1199998855590820
       0.0000000000000000      -9.1000003814697266
       0.0000000000000000      -9.0799999237060547
       0.0000000000000000      -9.0600004196166992
       0.0000000000000000      -9.0399999618530273
       0.0000000000000000      -9.0200004577636719
       0.0000000000000000      -9.0000000000000000
       0.0000000000000000      -8.9799995422363281
       0.0000000000000000      -8.9600000381469727
       0.0000000000000000      -8.9400005340576172
       0.0000000000000000      -8.9200000762939453
       0.0000000000000000      -8.8999996185302734
       0.0000000000000000      -8.8800001144409180
       0.0000000000000000      -8.8599996566772461
       0.0000000000000000      -8.8400001525878906
       0.0000000000000000      -8.8199996948242188
       0.0000000000000000      -8.8000001907348633
       0.0000000000000000      -8.7799997329711914
       0.0000000000000000      -8.7600002288818359
       0.0000000000000000      -8.7399997711181641
       0.0000000000000000      -8.7200002670288086
       0.0000000000000000      -8.6999998092651367
       0.0000000000000000      -8.6800003051757812
       0.0000000000000000      -8.6599998474121094
       0.0000000000000000      -8.6400003433227539
       0.0000000000000000      -8.6199998855590820
       0.0000000000000000      -8.6000003814697266
       0.0000000000000000      -8.5799999237060547
       0.0000000000000000      -8.5600004196166992
       0.0000000000000000      -8.5399999618530273
       0.0000000000000000      -8.5200004577636719
       0.0000000000000000      -8.5000000000000000
       0.0000000000000000      -8.4799995422363281
       0.0000000000000000      -8.4600000381469727
       0.0000000000000000      -8.4400005340576172
       0.0000000000000000      -8.4200000762939453
       0.0000000000000000      -8.3999996185302734
       0.0000000000000000      -8.3800001144409180
       0.0000000000000000      -8.3599996566772461
       0.0000000000000000      -8.3400001525878906
       0.0000000000000000      -8.3199996948242188
       0.0000000000000000      -8.3000001907348633
       0.0000000000000000      -8.2799997329711914
       0.0000000000000000      -8.2600002288818359
       0.0000000000000000      -8.2399997711181641
       0.0000000000000000      -8.2200002670288086
       0.0000000000000000      -8.1999998092651367
       0.0000000000000000      -8.1800003051757812
       0.0000000000000000      -8.1599998474121094
       0.0000000000000000      -8.1400003433227539
       0.0000000000000000      -8.1199998855590820
       0.0000000000000000      -8.1000003814697266
       0.0000000000000000      -8.0799999237060547
       0.0000000000000000      -8.0600004196166992
       0.0000000000000000      -8.0399999618530273
       0.0000000000000000      -8.0200004577636719
       0.0000000000000000      -8.0000000000000000
       0.0000000000000000      -7.9800000190734863
       0.0000000000000000      -7.9600000381469727
       0.0000000000000000      -7.9400000572204590
       0.0000000000000000      -7.9200000762939453
       0.0000000000000000      -7.9000000953674316
       0.0000000000000000      -7.8800001144409180
       0.0000000000000000      -7.8600001335144043
       0.0000000000000000      -7.8400001525878906
       0.0000000000000000      -7.8199996948242188
       0.0000000000000000      -7.8000001907348633
       0.0000000000000000      -7.7799997329711914
       0.0000000000000000      -7.7600002288818359
       0.0000000000000000      -7.7399997711181641
       0.0000000000000000      -7.7200002670288086
       0.0000000000000000      -7.6999998092651367
       0.0000000000000000      -7.6800003051757812
       0.0000000000000000      -7.6599998474121094
       0.0000000000000000      -7.6400003433227539
       0.0000000000000000      -7.6199998855590820
       0.0000000000000000      -7.6000003814697266
       0.0000000000000000      -7.5799999237060547
       0.0000000000000000      -7.5599999427795410
       0.0000000000000000      -7.5399999618530273
       0.0000000000000000      -7.5199999809265137
       0.0000000000000000      -7.5000000000000000
       0.0000000000000000      -7.4800000190734863
       0.0000000000000000      -7.4600000381469727
       0.0000000000000000      -7.4400000572204590
       0.0000000000000000      -7.4200000762939453
       0.0000000000000000      -7.4000000953674316
       0.0000000000000000      -7.3800001144409180
       0.0000000000000000      -7.3600001335144043
       0.0000000000000000      -7.3400001525878906
       0.0000000000000000      -7.3200001716613770
       0.0000000000000000      -7.3000001907348633
       0.0000000000000000      -7.2799997329711914
       0.0000000000000000      -7.2600002288818359
       0.0000000000000000      -7.2399997711181641
       0.0000000000000000      -7.2200002670288086
       0.0000000000000000      -7.1999998092651367
       0.0000000000000000      -7.1800003051757812
       0.0000000000000000      -7.1599998474121094
       0.0000000000000000      -7.1400003433227539
       0.0000000000000000      -7.1199998855590820
       0.0000000000000000      -7.1000003814697266
       0.0000000000000000      -7.0799999237060547
       0.0000000000000000      -7.0600004196166992
       0.0000000000000000      -7.0399999618530273
       0.0000000000000000      -7.0199999809265137
       0.0000000000000000      -7.0000000000000000
       0.0000000000000000      -6.9800000190734863
       0.0000000000000000      -6.9600000381469727
       0.0000000000000000      -6.9400000572204590
       0.0000000000000000      -6.9200000762939453
       0.0000000000000000      -6.9000000953674316
       0.0000000000000000      -6.8800001144409180
       0.0000000000000000      -6.8600001335144043
       0.0000000000000000      -6.8400001525878906
       0.0000000000000000      -6.8200001716613770
       0.0000000000000000      -6.8000001907348633
       0.0000000000000000      -6.7799997329711914
       0.0000000000000000      -6.7600002288818359
       0.0000000000000000      -6.7399997711181641
       0.0000000000000000      -6.7200002670288086
       0.0000000000000000      -6.6999998092651367
       0.0000000000000000      -6.6800003051757812
       0.0000000000000000      -6.6599998474121094
       0.0000000000000000      -6.6400003433227539
       0.0000000000000000      -6.6199998855590820
       0.0000000000000000      -6.6000003814697266
       0.0000000000000000      -6.5799999237060547
       0.0000000000000000      -6.5600004196166992
       0.0000000000000000      -6.5399999618530273
       0.0000000000000000      -6.5199999809265137
       0.0000000000000000      -6.5000000000000000
       0.0000000000000000      -6.4800000190734863
       0.0000000000000000      -6.4600000381469727
       0.0000000000000000      -6.4400000572204590
       0.0000000000000000      -6.4200000762939453
       0.0000000000000000      -6.4000000953674316
       0.0000000000000000      -6.3800001144409180
       0.0000000000000000      -6.3600001335144043
       0.0000000000000000      -6.3400001525878906
       0.0000000000000000      -6.3200001716613770
       0.0000000000000000      -6.3000001907348633
       0.0000000000000000      -6.2799997329711914
       0.0000000000000000      -6.2600002288818359
       0.0000000000000000      -6.2399997711181641
       0.0000000000000000      -6.2200002670288086
       0.0000000000000000      -6.1999998092651367
       0.0000000000000000      -6.1800003051757812
       0.0000000000000000      -6.1599998474121094
       0.0000000000000000      -6.1400003433227539
       0.0000000000000000      -6.1199998855590820
       0.0000000000000000      -6.1000003814697266
       0.0000000000000000      -6.0799999237060547
       0.0000000000000000      -6.0600004196166992
       0.0000000000000000      -6.0399999618530273
       0.0000000000000000      -6.0199999809265137
       0.0000000000000001      -6.0000000000000000
       0.0000000000000001      -5.9800000190734863
       0.0000000000000001      -5.9600000381469727
       0.0000000000000001      -5.9400000572204590
       0.0000000000000002      -5.9200000762939453
       0.0000000000000002      -5.9000000953674316
       0.0000000000000003      -5.8800001144409180
       0.0000000000000004      -5.8600001335144043
       0.0000000000000005      -5.8400001525878906
       0.0000000000000006      -5.8200001716613770
       0.0000000000000008      -5.8000001907348633
       0.0000000000000010      -5.7800002098083496
       0.0000000000000014      -5.7600002288818359
       0.0000000000000018      -5.7400002479553223
       0.0000000000000023      -5.7200002670288086
       0.0000000000000029      -5.7000002861022949
       0.0000000000000038      -5.6800003051757812
       0.0000000000000049      -5.6600003242492676
       0.0000000000000064      -5.6399998664855957
       0.0000000000000082      -5.6199998855590820
       0.0000000000000107      -5.5999999046325684
       0.0000000000000138      -5.5799999237060547
       0.0000000000000178      -5.5599999427795410
       0.0000000000000230      -5.5399999618530273
       0.0000000000000296      -5.5199999809265137
       0.0000000000000382      -5.5000000000000000
       0.0000000000000493      -5.4800000190734863
       0.0000000000000635      -5.4600000381469727
       0.0000000000000819      -5.4400000572204590
       0.0000000000001055      -5.4200000762939453
       0.0000000000001360      -5.4000000953674316
       0.0000000000001751      -5.3800001144409180
       0.0000000000002255      -5.3600001335144043
       0.0000000000002904      -5.3400001525878906
       0.0000000000003738      -5.3200001716613770
       0.0000000000004812      -5.3000001907348633
       0.0000000000006193      -5.2800002098083496
       0.0000000000007971      -5.2600002288818359
       0.0000000000010258      -5.2400002479553223
       0.0000000000013200      -5.2200002670288086
       0.0000000000016987      -5.2000002861022949
       0.0000000000021862      -5.1800003051757812
       0.0000000000028138      -5.1600003242492676
       0.0000000000036220      -5.1400003433227539
       0.0000000000046631      -5.1199998855590820
       0.0000000000060047      -5.0999999046325684
       0.0000000000077343      -5.0799999237060547
       0.0000000000099652      -5.0599999427795410
       0.0000000000128442      -5.0399999618530273
       0.0000000000165619      -5.0199999809265137
       0.0000000000213661      -5.0000000000000000
       0.0000000000275792      -4.9800000190734863
       0.0000000000356215      -4.9600000381469727
       0.0000000000460418      -4.9400000572204590
       0.0000000000595579      -4.9200000762939453
       0.0000000000771112      -4.9000000953674316
       0.0000000000999383      -4.8800001144409180
       0.0000000001296685      -4.8600001335144043
       0.0000000001684540      -4.8400001525878906
       0.0000000002191466      -4.8200001716613770
       0.0000000002855382      -4.8000001907348633
       0.0000000003726895      -4.7800002098083496
       0.0000000004873831      -4.7600002288818359
       0.0000000006387515      -4.7400002479553223
       0.0000000008391553      -4.7200002670288086
       0.0000000011054215      -4.7000002861022949
       0.0000000014606065      -4.6800003051757812
       0.0000000019365340      -4.6600003242492676
       0.0000000025774938      -4.6400003433227539
       0.0000000034457299      -4.6199998855590820
       0.0000000046295544      -4.5999999046325684
       0.0000000062559989      -4.5799999237060547
       0.0000000085102788      -4.5599999427795410
       0.0000000116670134      -4.5399999618530273
       0.0000000161414411      -4.5199999809265137
       0.0000000225762627      -4.5000000000000000
       0.0000000319946948      -4.4800000190734863
       0.0000000460831162      -4.4600000381469727
       0.0000000677438893      -4.4400000572204590
       0.0000001022576391      -4.4200000762939453
       0.0000001599667676      -4.4000000953674316
       0.0000002633063259      -4.3800001144409180
       0.0000004688883018      -4.3600001335144043
       0.0000009599883837      -4.3400001525878906
       0.0000027261358794      -4.3200001716613770
       0.0002947984477481      -4.3000001907348633
       0.0005928212670748      -4.2800002098083496
       0.0005956666950828      -4.2600002288818359
       0.0005968006897149      -4.2400002479553223
       0.0005974747617476      -4.2200002670288086
       0.0005979544613225      -4.2000002861022949
       0.0005983332049716      -4.1800003051757812
       0.0005986532261550      -4.1600003242492676
       0.0005989368608952      -4.1400003433227539
       0.0005991973118828      -4.1200003623962402
       0.0005994430928023      -4.0999999046325684
       0.0005996800841724      -4.0799999237060547
       0.0005999126399312      -4.0599999427795410
       0.0006001441597546      -4.0399999618530273
       0.0006003774479660      -4.0199999809265137
       0.0006006149342992      -4.0000000000000000
       0.0006008588190989      -3.9800000190734863
       0.0006011111735445      -3.9600000381469727
       0.0006013740122486      -3.9400000572204590
       0.0006016493485144      -3.9200000762939453
       0.0006019392385788      -3.9000000953674316
       0.0006022458188784      -3.8800001144409180
       0.0006025713390042      -3.8600001335144043
       0.0006029181921630      -3.8400001525878906
       0.0006032889444445      -3.8200001716613770
       0.0006036863638389      -3.8000001907348633
       0.0006041134497392      -3.7800002098083496
       0.0006045734635176      -3.7600002288818359
       0.0006050699606694      -3.7400002479553223
       0.0006056068249600      -3.7200002670288086
       0.0006061883049737      -3.7000002861022949
       0.0006068190534469      -3.6800003051757812
       0.0006075041697511      -3.6600003242492676
       0.0006082492459044      -3.6400003433227539
       0.0006090604164862      -3.6200003623962402
       0.0006099444128483      -3.6000003814697266
       0.0006109086460404      -3.5799999237060547
       0.0006119611770387      -3.5599999427795410
       0.0006131109240260      -3.5399999618530273
       0.0006143676482657      -3.5199999809265137
       0.0006157420583769      -3.5000000000000000
       0.0006172458997141      -3.4800000190734863
       0.0006188920514243      -3.4600000381469727
       0.0006206946317856      -3.4400000572204590
       0.0006226691124627      -3.4200000762939453
       0.0006248324423635      -3.4000000953674316
       0.0006272031818071      -3.3800001144409180
       0.0006298016477626      -3.3600001335144043
       0.0006326500709747      -3.3400001525878906
       0.0006357727657636      -3.3200001716613770
       0.0006391963134803      -3.3000001907348633
       0.0006429497604581      -3.2800002098083496
       0.0006470648314883      -3.2600002288818359
       0.0006515761598382      -3.2400002479553223
       0.0006565215348735      -3.2200002670288086
       0.0006619421684118      -3.2000002861022949
       0.0006678829809759      -3.1800003051757812
       0.0006743929091294      -3.1600003242492676
       0.0006815252352061      -3.1400003433227539
       0.0006893379406721      -3.1200003623962402
       0.0006978940845007      -3.1000003814697266
       0.0007072624415379      -3.0799999237060547
       0.0007175170226767      -3.0599999427795410
       0.0007287388741270      -3.0399999618530273
       0.0007410156978686      -3.0199999809265137
       0.0007544425898111      -3.0000000000000000
       0.0007691225983246      -2.9800000190734863
       0.0007851673180744      -2.9600000381469727
       0.0008026975207034      -2.9400000572204590
       0.0008218438239151      -2.9200000762939453
       0.0008427473999350      -2.9000000953674316
       0.0008655607287816      -2.8800001144409180
       0.0008904483861339      -2.8600001335144043
       0.0009175878867681      -2.8400001525878906
       0.0009471705654648      -2.8200001716613770
       0.0009794025084377      -2.8000001907348633
       0.0010145055326679      -2.7800002098083496
       0.0010527182148730      -2.7600002288818359
       0.0010942969712036      -2.7400002479553223
       0.0011395171886211      -2.7200002670288086
       0.0011886744087104      -2.7000002861022949
       0.0012420855650876      -2.6800003051757812
       0.0013000902734068      -2.6600003242492676
       0.0013630521767384      -2.6400003433227539
       0.0014313603439236      -2.6200003623962402
       0.0015054307222241      -2.6000003814697266
       0.0015857076433755      -2.5800004005432129
       0.0016726675392245      -2.5599999427795410
       0.0017668121025975      -2.5399999618530273
       0.0018686823696716      -2.5199999809265137
       0.0019788523096251      -2.5000000000000000
       0.0020979325727427      -2.4800000190734863
       0.0022265722911205      -2.4600000381469727
       0.0023654609207460      -2.4400000572204590
       0.0025153301216432      -2.4200000762939453
       0.0026769556723007      -2.4000000953674316
       0.0028511594141241      -2.3800001144409180
       0.0030388112211406      -2.3600001335144043
       0.0032408309896640      -2.3400001525878906
       0.0034581906421060      -2.3200001716613770
       0.0036919161384935      -2.3000001907348633
       0.0039430894888337      -2.2800002098083496
       0.0042128507586788      -2.2600002288818359
       0.0045024000598732      -2.2400002479553223
       0.0048129995177127      -2.2200002670288086
       0.0051459752052251      -2.2000002861022949
       0.0055027190347097      -2.1800003051757812
       0.0058846905960215      -2.1600003242492676
       0.0062934189305692      -2.1400003433227539
       0.0067305042294205      -2.1200003623962402
       0.0071976194433345      -2.1000003814697266
       0.0076965117920854      -2.0800004005432129
       0.0082290172710008      -2.0599999427795410
       0.0087970103440563      -2.0399999618530273
       0.0094024811760876      -2.0199999809265137
       0.0100474866733833      -2.0000000000000000
       0.0107341466851968      -1.9800004959106445
       0.0114647290471442      -1.9600000381469727
       0.0122414620469679      -1.9400005340576172
       0.0130667989228948      -1.9200000762939453
       0.0139431209919271      -1.9000005722045898
       0.0148730527491422      -1.8800001144409180
       0.0158591264593553      -1.8600006103515625
       0.0169041366511116      -1.8400001525878906
       0.0180107622349530      -1.8200006484985352
       0.0191819643311428      -1.8000001907348633
       0.0204206224556478      -1.7799997329711914
       0.0217296762732802      -1.7600002288818359
       0.0231123249186710      -1.7399997711181641
       0.0245715784375349      -1.7200002670288086
       0.0261107827602277      -1.6999998092651367
       0.0277330587795253      -1.6800003051757812
       0.0294418863036167      -1.6599998474121094
       0.0312404801330202      -1.6400003433227539
       0.0331324379422499      -1.6199998855590820
       0.0351210482630125      -1.6000003814697266
       0.0372100074248954      -1.5799999237060547
       0.0394026542105650      -1.5600004196166992
       0.0417027611362767      -1.5399999618530273
       0.0441136904376095      -1.5200004577636719
       0.0466392650896178      -1.5000000000000000
       0.0492828407117137      -1.4800004959106445
       0.0520482618090397      -1.4600000381469727
       0.0549388441578198      -1.4400005340576172
       0.0579584217886778      -1.4200000762939453
       0.0611102344339877      -1.4000005722045898
       0.0643980707650120      -1.3800001144409180
       0.0678250555540294      -1.3600006103515625
       0.0713948946173206      -1.3400001525878906
       0.0751105564710862      -1.3200006484985352
       0.0789756243133284      -1.3000001907348633
       0.0829930623833319      -1.2799997329711914
       0.0871657039194010      -1.2600002288818359
       0.0914968697222709      -1.2399997711181641
       0.0959889452939607      -1.2200002670288086
       0.1006450224122666      -1.1999998092651367
       0.1054671736561735      -1.1800003051757812
       0.1104582178397987      -1.1599998474121094
       0.1156198687538673      -1.1400003433227539
       0.1209546284576470      -1.1199998855590820
       0.1264638068302858      -1.1000003814697266
       0.1315528464452669      -1.0799999237060547
       0.1380127089923888      -1.0600004196166992
       0.1440550364050946      -1.0399999618530273
       0.1502769018918310      -1.0200004577636719
       0.1566796066343761      -1.0000000000000000
       0.1632629968386210      -0.9800004959106445
       0.1700278976350403      -0.9600000381469727
       0.1769735935548108      -0.9400005340576172
       0.1835050482873954      -0.9200000762939453
       0.1914070147351786      -0.9000005722045898
       0.1988932143360640      -0.8800001144409180
       0.2065570774069485      -0.8600006103515625
       0.2143978273569999      -0.8400001525878906
       0.2224129067606117      -0.8200006484985352
       0.2306009647601012      -0.8000001907348633
       0.2389592002258259      -0.7799997329711914
       0.2474844704521625      -0.7600002288818359
       0.2561745467379117      -0.7399997711181641
       0.2650252496136423      -0.7200002670288086
       0.2740337643997126      -0.6999998092651367
       0.2831952680030768      -0.6800003051757812
       0.2925063677406723      -0.6599998474121094
       0.3019616116573201      -0.6400003433227539
       0.3115570445983728      -0.6199998855590820
       0.3212866085558790      -0.6000003814697266
       0.3311458090248530      -0.5799999237060547
       0.3411280127487755      -0.5600004196166992
       0.3512282164735183      -0.5399999618530273
       0.3614392502981627      -0.5200004577636719
       0.3717556400582275      -0.5000000000000000
       0.3821697252594118      -0.4800004959106445
       0.3926756055123462      -0.4600000381469727
       0.4032651827343666      -0.4400005340576172
       0.4139321813186526      -0.4200000762939453
       0.4246681249276648      -0.4000005722045898
       0.4354664194039296      -0.3800001144409180
       0.4457221472995953      -0.3600006103515625
       0.4572168407321084      -0.3400001525878906
       0.4681530829780533      -0.3200006484985352
       0.4791199592163413      -0.3000001907348633
       0.4901082655374278      -0.2800006866455078
       0.5011108365533199      -0.2600002288818359
       0.5121188987504518      -0.2399997711181641
       0.5231236599215926      -0.2200002670288086
       0.5341179031912002      -0.1999998092651367
       0.5450923339808091      -0.1800003051757812
       0.5560397906377992      -0.1599998474121094
       0.5669510782876631      -0.1400003433227539
       0.5778191613771008      -0.1199998855590820
       0.5886350211005791      -0.1000003814697266
       0.5993918171431826      -0.0799999237060547
       0.6100807806583411      -0.0600004196166992
       0.6206953327892516      -0.0399999618530273
       0.6312270250402349      -0.0200004577636719
       0.6416696024376597       0.0000000000000000
       0.6520150026118048       0.0199995040893555
       0.6622573521073519       0.0399999618530273
       0.6723890350195204       0.0599994659423828
       0.6824046114750071       0.0799999237060547
       0.6922969660786158       0.0999994277954102
       0.7020611382964562       0.1199998855590820
       0.7116905603325121       0.1399993896484375
       0.7211807898900109       0.1599998474121094
       0.7305258463512961       0.1799993515014648
       0.7397218372401516       0.1999998092651367
       0.7487634007935244       0.2199993133544922
       0.7576472183305610       0.2399997711181641
       0.7663689823301792       0.2600002288818359
       0.7749247285298860       0.2799997329711914
       0.7833120266478509       0.3000001907348633
       0.7915271470362655       0.3199996948242188
       0.7995682594653712       0.3400001525878906
       0.8074322995746275       0.3599996566772461
       0.8151180339438883       0.3800001144409180
       0.8226230586104177       0.3999996185302734
       0.8299467270829677       0.4200000762939453
       0.8370872835840392       0.4399995803833008
       0.8440446516049463       0.4600000381469727
       0.8502203454891307       0.4799995422363281
       0.8574069124605292       0.5000000000000000
       0.8638117525514266       0.5199995040893555
       0.8700332135589330       0.5399999618530273
       0.8760713446512682       0.5599994659423828
       0.8819276197154200       0.5799999237060547
       0.8876026242658032       0.5999994277954102
       0.8930982797080556       0.6199998855590820
       0.8984156677919471       0.6399993896484375
       0.9035571166519177       0.6599998474121094
       0.9085241609162316       0.6799993515014648
       0.9127205594888715       0.6999998092651367
       0.9179450521099684       0.7199993133544922
       0.9224038508007879       0.7399997711181641
       0.9261033776414079       0.7600002288818359
       0.9302343716565499       0.7799997329711914
       0.9348061347341313       0.8000001907348633
       0.9386254913777423       0.8199996948242188
       0.9422930264827755       0.8400001525878906
       0.9458117303158368       0.8599996566772461
       0.9491853665744667       0.8800001144409180
       0.9524171180949573       0.8999996185302734
       0.9555108635258257       0.9200000762939453
       0.9584699329400465       0.9399995803833008
       0.9612982783222366       0.9600000381469727
       0.9639993337814367       0.9799995422363281
       0.9659818142753575       1.0000000000000000
       0.9684405594280381       1.0199995040893555
       0.9713771540759162       1.0399999618530273
       0.9736069782225500       1.0599994659423828
       0.9757284518985272       1.0799999237060547
       0.9777450896290771       1.0999994277954102
       0.9796607746916891       1.1199998855590820
       0.9814789818271357       1.1399993896484375
       0.9832035023429908       1.1599998474121094
       0.9848377442541838       1.1799993515014648
       0.9863853838549911       1.1999998092651367
       0.9872526639302626       1.2199993133544922
       0.9892343485976768       1.2399997711181641
       0.9899449085339326       1.2599992752075195
       0.9917773487715921       1.2799997329711914
       0.9929422614299200       1.3000001907348633
       0.9940402274774268       1.3199996948242188
       0.9950743917052667       1.3400001525878906
       0.9960476144100973       1.3599996566772461
       0.9969628646521472       1.3800001144409180
       0.9978228468047384       1.3999996185302734
       0.9986303491117838       1.4200000762939453
       0.9993879141430071       1.4399995803833008
       1.0000981468465846       1.4600000381469727
       1.0007634247187465       1.4799995422363281
       1.0013861692816028       1.5000000000000000
       1.0019685920313781       1.5199995040893555
       1.0025129330070854       1.5399999618530273
       1.0030212388511541       1.5599994659423828
       1.0034955718609155       1.5799999237060547
       1.0039378167619168       1.5999994277954102
       1.0043498633795502       1.6199998855590820
       1.0047334389808460       1.6399993896484375
       1.0050902674508619       1.6599998474121094
       1.0054219243107194       1.6799993515014648
       1.0051310645708975       1.6999998092651367
       1.0060158501540617       1.7199993133544922
       1.0062809650178179       1.7399997711181641
       1.0065266126177508       1.7599992752075195
       1.0067540670912005       1.7799997329711914
       1.0063663198950965       1.8000001907348633
       1.0065612836060154       1.8199996948242188
       1.0073387297524599       1.8400001525878906
       1.0075045881455007       1.8599996566772461
       1.0076575661103577       1.8800001144409180
       1.0077985406162122       1.8999996185302734
       1.0079283647327919       1.9200000762939453
       1.0080478158812134       1.9399995803833008
       1.0081576477216221       1.9600000381469727
       1.0082585465759095       1.9799995422363281
       1.0083511755966954       2.0000000000000000
       1.0084361382061777       2.0199995040893555
       1.0085140155918491       2.0399999618530273
       1.0085853361449835       2.0599994659423828
       1.0086506072083490       2.0799999237060547
       1.0087102896223326       2.0999994277954102
       1.0087648245326626       2.1199998855590820
       1.0088146122774966       2.1399993896484375
       1.0088600349530161       2.1599998474121094
       1.0089014389700375       2.1799993515014648
       1.0083422290331487       2.1999998092651367
       1.0083771594364230       2.2199993133544922
       1.0090046962720747       2.2399997711181641
       1.0090330632305031       2.2599992752075195
       1.0090588221554628       2.2799997329711914
       1.0090821934163952       2.3000001907348633
       1.0091033807769145       2.3199996948242188
       1.0091225751420083       2.3400001525878906
       1.0091399487368153       2.3599996566772461
       1.0091556634312204       2.3800001144409180
       1.0091698653179759       2.3999996185302734
       1.0091826910710375       2.4200000762939453
       1.0091942639207008       2.4399995803833008
       1.0092046990889270       2.4600000381469727
       1.0086168297668872       2.4799995422363281
       1.0092225637944023       2.5000000000000000
       1.0092301767811418       2.5199995040893555
       1.0092370199112881       2.5399999618530273
       1.0092431656120260       2.5599994659423828
       1.0092486812374286       2.5799999237060547
       1.0086567339014199       2.5999994277954102
       1.0092580586793571       2.6199998855590820
       1.0092620262326084       2.6399993896484375
       1.0092655759591407       2.6599998474121094
       1.0092687489256402       2.6799993515014648
       1.0092715831792367       2.6999998092651367
       1.0092741133055503       2.7199993133544922
       1.0092763687663318       2.7399997711181641
       1.0092783790380448       2.7599992752075195
       1.0092801691205495       2.7799997329711914
       1.0092817617298864       2.7999992370605469
       1.0092831776709843       2.8199996948242188
       1.0092844354933679       2.8400001525878906
       1.0092855519273114       2.8599996566772461
       1.0092865421837813       2.8800001144409180
       1.0092874197507098       2.8999996185302734
       1.0092881969163194       2.9200000762939453
       1.0092888845462358       2.9399995803833008
       1.0092894925801206       2.9600000381469727
       1.0092900297183971       2.9799995422363281
       1.0092905039126567       3.0000000000000000
       1.0092909210976846       3.0199995040893555
       1.0086945462659385       3.0399999618530273
       1.0092916155035885       3.0599994659423828
       1.0092919012262658       3.0799999237060547
       1.0092921524548337       3.0999994277954102
       1.0092923732012111       3.1199998855590820
       1.0092925669928845       3.1399993896484375
       1.0092927370040725       3.1599998474121094
       1.0092928860217401       3.1799993515014648
       1.0092930165474994       3.1999998092651367
       1.0092931307759092       3.2199993133544922
       1.0092932306727329       3.2399997711181641
       1.0092933179590280       3.2599992752075195
       1.0092933941741289       3.2799997329711914
       1.0092934606636115       3.2999992370605469
       1.0092935186285059       3.3199996948242188
       1.0092935691194598       3.3400001525878906
       1.0092936130636287       3.3599996566772461
       1.0092936512834887       3.3800001144409180
       1.0092936844953844       3.3999996185302734
       1.0092937133355966       3.4200000762939453
       1.0092937383574925       3.4399995803833008
       1.0092937600515910       3.4600000381469727
       1.0092937788438889       3.4799995422363281
       1.0092937951113716       3.5000000000000000
       1.0086968787565578       3.5199995040893555
       1.0092938213404976       3.5399999618530273
       1.0092938318407252       3.5599994659423828
       1.0092938409016212       3.5799999237060547
       1.0092938487135659       3.5999994277954102
       1.0092938554440594       3.6199998855590820
       1.0092938612376881       3.6399993896484375
       1.0092938662214246       3.6599998474121094
       1.0092938705048049       3.6799993515014648
       1.0092938741834854       3.6999998092651367
       1.0092938773400222       3.7199993133544922
       1.0092938800469862       3.7399997711181641
       1.0092938823660786       3.7599992752075195
       1.0092938843515316       3.7799997329711914
       1.0092938860499592       3.7999992370605469
       1.0092938875017232       3.8199996948242188
       1.0092938887422522       3.8400001525878906
       1.0092938897999222       3.8599996566772461
       1.0092938907023712       3.8800001144409180
       1.0092938914712339       3.8999996185302734
       1.0092938921258867       3.9200000762939453
       1.0092938926827957       3.9399995803833008
       1.0092938931561370       3.9600000381469727
       1.0092938899379744       3.9799995422363281
       1.0092938938996150       4.0000000000000000
       1.0092938941890592       4.0199995040893555
       1.0086961662222398       4.0399999618530273
       1.0087018844603342       4.0599994659423828
       1.0092938948176124       4.0799999237060547
       1.0092938949662213       4.0999994277954102
       1.0092938950916923       4.1199998855590820
       1.0092938951970554       4.1399993896484375
       1.0092938952452657       4.1599998474121094
       1.0092938953623356       4.1799993515014648
       1.0092938954260362       4.1999998092651367
       1.0092938954788884       4.2199993133544922
       1.0092938955241961       4.2399997711181641
       1.0092938955613784       4.2599992752075195
       1.0092938955930333       4.2799997329711914
       1.0092938956189652       4.2999992370605469
       1.0092938956417459       4.3199996948242188
       1.0092938956601212       4.3400001525878906
       1.0092938956758677       4.3599996566772461
       1.0092938956873574       4.3800001144409180
       1.0086989663652182       4.3999996185302734
       1.0092938957086199       4.4200000762939453
       1.0092938957164805       4.4399995803833008
       1.0092938957221851       4.4600000381469727
       1.0086970133151940       4.4799995422363281
       1.0092938957324327       4.5000000000000000
       1.0092938957333806       4.5199995040893555
       1.0092938957398139       4.5399999618530273
       1.0092938957403585       4.5599994659423828
       1.0092938957444544       4.5799999237060547
       1.0092938957454021       4.5999994277954102
       1.0092938957441588       4.6199998855590820
       1.0086959758742622       4.6399993896484375
       1.0086957784897690       4.6599998474121094
       1.0092938957497988       4.6799993515014648
       1.0092938957504662       4.6999998092651367
       1.0092938957510149       4.7199993133544922
       1.0092938957509923       4.7399997711181641
       1.0092938957518436       4.7599992752075195
       1.0092938957521509       4.7799997329711914
       1.0092938955959800       4.7999992370605469
       1.0092938957526110       4.8199996948242188
       1.0092938957526409       4.8399991989135742
       1.0092938957529223       4.8599996566772461
       1.0092938957530369       4.8800001144409180
       1.0087049485720456       4.8999996185302734
       1.0092938957532023       4.9200000762939453
       1.0086991612842344       4.9399995803833008
       1.0092938957533206       4.9600000381469727
       1.0092938957540902       4.9799995422363281
       1.0092938957533979       5.0000000000000000
       1.0092938957534263       5.0199995040893555
       1.0092938957534485       5.0399999618530273
       1.0092938957534676       5.0599994659423828
       1.0092938957534827       5.0799999237060547
       1.0092938957315123       5.0999994277954102
       1.0092938957370576       5.1199998855590820
       1.0092938957535125       5.1399993896484375
       1.0092938957535194       5.1599998474121094
       1.0092938957306339       5.1799993515014648
       1.0092938957535291       5.1999998092651367
       1.0092938957535325       5.2199993133544922
       1.0092938957535353       5.2399997711181641
       1.0092938957535376       5.2599992752075195
       1.0092938957535389       5.2799997329711914
       1.0092938957535409       5.2999992370605469
       1.0086960037249215       5.3199996948242188
       1.0092938955059478       5.3399991989135742
       1.0092938957549253       5.3599996566772461
       1.0092938958594591       5.3800001144409180
       1.0092938957510755       5.3999996185302734
       1.0092938957046758       5.4200000762939453
       1.0092938956514650       5.4399995803833008
       1.0092938957535451       5.4600000381469727
       1.0092938957535083       5.4799995422363281
       1.0092938957535460       5.5000000000000000
       1.0087048619595829       5.5199995040893555
       1.0092938957535462       5.5399999618530273
       1.0092938957535464       5.5599994659423828
       1.0092938957534967       5.5799999237060547
       1.0087004701597020       5.5999994277954102
       1.0092938957535458       5.6199998855590820
       1.0086977534158286       5.6399993896484375
       1.0086977063632294       5.6599998474121094
       1.0086996454872792       5.6799993515014648
       1.0092938957535464       5.6999998092651367
       1.0092938957535458       5.7199993133544922
       1.0092938957544053       5.7399997711181641
       1.0092938957535467       5.7599992752075195
       1.0092938957535462       5.7799997329711914
       1.0092938957536486       5.7999992370605469
       1.0092938957535464       5.8199996948242188
       1.0092938957103472       5.8399991989135742
       1.0092938957535136       5.8599996566772461
       1.0092938957535462       5.8800001144409180
       1.0086952911296398       5.8999996185302734
       1.0092938957535464       5.9200000762939453
       1.0086946668448238       5.9399995803833008
       1.0086945470273065       5.9600000381469727
       1.0092938957535462       5.9799995422363281
       1.0086942940307455       6.0000000000000000
       1.0092938957535458       6.0200004577636719
       1.0092938957535460       6.0399990081787109
       1.0092938957535462       6.0599994659423828
       1.0086994112850949       6.0799999237060547
       1.0092938957535469       6.1000003814697266
       1.0092938957535460       6.1199989318847656
       1.0092938957535458       6.1399993896484375
       1.0092938957535464       6.1599998474121094
       1.0092938957434929       6.1800003051757812
       1.0092938957535462       6.1999988555908203
       1.0092938957535464       6.2199993133544922
       1.0092938957535453       6.2399997711181641
       1.0092938957535471       6.2600002288818359
       1.0092938957535462       6.2799987792968750
       1.0092938957535469       6.2999992370605469
       1.0092938957535615       6.3199996948242188
       1.0092938957535502       6.3400001525878906
       1.0092938957535456       6.3599987030029297
       1.0092938957535464       6.3799991607666016
       1.0092938957535469       6.3999996185302734
       1.0092938957530295       6.4200000762939453
       1.0092938957535460       6.4400005340576172
       1.0092938957011617       6.4599990844726562
       1.0092938957535462       6.4799995422363281
       1.0086991646036954       6.5000000000000000
       1.0092938957535464       6.5200004577636719
       1.0092938957535436       6.5399990081787109
       1.0092938957535462       6.5599994659423828
       1.0086963095232548       6.5799999237060547
       1.0092938957535451       6.6000003814697266
       1.0086999279097311       6.6199989318847656
       1.0092938957535462       6.6399993896484375
       1.0092938957530293       6.6599998474121094
       1.0092938957535469       6.6800003051757812
       1.0086949654172788       6.6999988555908203
       1.0086992439066302       6.7199993133544922
       1.0092938957535424       6.7399997711181641
       1.0086948815995962       6.7600002288818359
       1.0086949178984772       6.7799987792968750
       1.0092938957535469       6.7999992370605469
       1.0092938957535509       6.8199996948242188
       1.0092938957535462       6.8400001525878906
       1.0086965754777137       6.8599987030029297
       1.0092938957167588       6.8799991607666016
       1.0092938957535484       6.8999996185302734
       1.0092938957535498       6.9200000762939453
       1.0086991052472603       6.9400005340576172
       1.0092938957535464       6.9599990844726562
       1.0092938957535391       6.9799995422363281
       1.0092938957520570       7.0000000000000000
       1.0092938957535456       7.0200004577636719
       1.0092938957535382       7.0399990081787109
       1.0092938957535467       7.0599994659423828
       1.0092938957535462       7.0799999237060547
       1.0092938957535675       7.1000003814697266
       1.0092938957535471       7.1199989318847656
       1.0092938957535449       7.1399993896484375
       1.0086988353885602       7.1599998474121094
       1.0092938957535305       7.1800003051757812
       1.0092916217918027       7.1999988555908203
       1.0092938957535469       7.2199993133544922
       1.0092938957535462       7.2399997711181641
       1.0092938957535460       7.2600002288818359
       1.0092938957535462       7.2799987792968750
       1.0092938957535547       7.2999992370605469
       1.0092938957534703       7.3199996948242188
       1.0086963613142022       7.3400001525878906
       1.0086971865555256       7.3599987030029297
       1.0092938957535473       7.3799991607666016
       1.0092938957546769       7.3999996185302734
       1.0092938957554725       7.4200000762939453
       1.0092938957535462       7.4400005340576172
       1.0092938957547217       7.4599990844726562
       1.0092938957538844       7.4799995422363281
       1.0092938957331856       7.5000000000000000
       1.0092938957539059       7.5200004577636719
       1.0092938957548876       7.5399990081787109
       1.0087006062569965       7.5599994659423828
       1.0092938957555866       7.5799999237060547
       1.0092938948460104       7.6000003814697266
       1.0086990102775466       7.6199989318847656
       1.0092938957535342       7.6399993896484375
       1.0092938957537074       7.6599998474121094
       1.0092938957538162       7.6800003051757812
       1.0092938957533910       7.6999988555908203
       1.0092938957535391       7.7199993133544922
       1.0092938957535464       7.7399997711181641
       1.0092938957535464       7.7600002288818359
       1.0092938957535478       7.7799987792968750
       1.0092938957536677       7.7999992370605469
       1.0092938933902935       7.8199996948242188
       1.0086986100216746       7.8400001525878906
       1.0092938957535462       7.8599987030029297
       1.0086965919633859       7.8799991607666016
       1.0092938957539153       7.8999996185302734
       1.0092938957533910       7.9200000762939453
       1.0092938957535460       7.9400005340576172
       1.0092938957535431       7.9599990844726562
       1.0092938957539643       7.9799995422363281
       1.0092938957533573       8.0000000000000000
       1.0092938957535456       8.0200004577636719
       1.0092938957539570       8.0399990081787109
       1.0092938957534259       8.0599994659423828
       1.0092938957535467       8.0799999237060547
       1.0092938957539883       8.1000003814697266
       1.0092938957536342       8.1199989318847656
       1.0092938957535365       8.1399993896484375
       1.0092938957547199       8.1599998474121094
       1.0092938957538578       8.1800003051757812
       1.0092938957534614       8.1999988555908203
       1.0092938957531494       8.2199993133544922
       1.0092938957534503       8.2399997711181641
       1.0092938957533653       8.2600002288818359
       1.0092938957535462       8.2799987792968750
       1.0086987635333076       8.2999992370605469
       1.0092938957535460       8.3199996948242188
       1.0092938957543527       8.3400001525878906
       1.0092938957535424       8.3599987030029297
       1.0092938957541762       8.3799991607666016
       1.0092938957196156       8.3999996185302734
       1.0092938957532349       8.4200000762939453
       1.0092938957535469       8.4400005340576172
       1.0086963906342721       8.4599990844726562
       1.0092938957535467       8.4799995422363281
       1.0092938957535462       8.5000000000000000
       1.0092938957535462       8.5200004577636719
       1.0092938957535640       8.5399990081787109
       1.0087011732684528       8.5599994659423828
       1.0092938957535145       8.5799999237060547
       1.0092938957502471       8.6000003814697266
       1.0092938957535464       8.6199989318847656
       1.0092938957524349       8.6399993896484375
       1.0087048582167029       8.6599998474121094
       1.0092938955741830       8.6800003051757812
       1.0092938957535464       8.6999988555908203
       1.0092938957535564       8.7199993133544922
       1.0092938957532118       8.7399997711181641
       1.0092938957535462       8.7600002288818359
       1.0092938957543487       8.7799987792968750
       1.0092938957535460       8.7999992370605469
       1.0092938957535464       8.8199996948242188
       1.0092938957535462       8.8400001525878906
       1.0092938957535476       8.8599987030029297
       1.0092938957535489       8.8799991607666016
       1.0092938957535469       8.8999996185302734
       1.0092938957488691       8.9200000762939453
       1.0090770779591605       8.9399986267089844
       1.0086989059551041       8.9599990844726562
       1.0092938957535462       8.9799995422363281
       1.0092938957535462       9.0000000000000000
       1.0086952388877057       9.0200004577636719
       1.0086952299711547       9.0399990081787109
       1.0086953235129372       9.0599994659423828
       1.0086956009399288       9.0799999237060547
       1.0092938957535464       9.1000003814697266
       1.0092938957535564       9.1199989318847656
       1.0092938957547359       9.1399993896484375
       1.0092938957535442       9.1599998474121094
       1.0092938957535462       9.1800003051757812
       1.0092938957535400       9.1999988555908203
       1.0092938957535469       9.2199993133544922
       1.0092938957535460       9.2399997711181641
       1.0087014023312342       9.2600002288818359
       1.0092938957300344       9.2799987792968750
       1.0092938957364743       9.2999992370605469
       1.0092938957535467       9.3199996948242188
       1.0092938957535464       9.3400001525878906
       1.0092938957532469       9.3599987030029297
       1.0086996423211809       9.3799991607666016
       1.0092938957535411       9.3999996185302734
       1.0092938957535460       9.4200000762939453
       1.0086979829099927       9.4399986267089844
       1.0086975617059357       9.4599990844726562
       1.0087111623453451       9.4799995422363281
       1.0092938957535940       9.5000000000000000
       1.0092938957535462       9.5200004577636719
       1.0092938957483912       9.5399990081787109
       1.0092938957535387       9.5599994659423828
       1.0092938957535162       9.5799999237060547
       1.0092938957527591       9.6000003814697266
       1.0092938957535464       9.6199989318847656
       1.0092938957535467       9.6399993896484375
       1.0092938957535467       9.6599998474121094
       1.0092938957535462       9.6800003051757812
       1.0092938957535467       9.6999988555908203
       1.0092938957535462       9.7199993133544922
       1.0092938957535471       9.7399997711181641
       1.0092938957534690       9.7600002288818359
       1.0087040970857342       9.7799987792968750
       1.0092938957533695       9.7999992370605469
       1.0092938957520130       9.8199996948242188
       1.0092938957195432       9.8400001525878906
       1.0092938957535462       9.8599987030029297
       1.0092938957535464       9.8799991607666016
       1.0092938957535464       9.8999996185302734
       1.0087003804050201       9.9200000762939453
       1.0092938957535238       9.9399986267089844
       1.0092938957535469       9.9599990844726562
       1.0092938957535469       9.9799995422363281
       1.0092938957535462      10.0000000000000000
