# xi		u_parallel
       0.0000000000000000     -10.0000000000000000
       0.0000000000000000      -9.9799995422363281
       0.0000000000000000      -9.9600000381469727
       0.0000000000000000      -9.9399995803833008
       0.0000000000000000      -9.9200000762939453
       0.0000000000000000      -9.8999996185302734
       0.0000000000000000      -9.8800001144409180
       0.0000000000000000      -9.8599996566772461
       0.0000000000000000      -9.8400001525878906
       0.0000000000000000      -9.8199996948242188
       0.0000000000000000      -9.8000001907348633
       0.0000000000000000      -9.7799997329711914
       0.0000000000000000      -9.7600002288818359
       0.0000000000000000      -9.7399997711181641
       0.0000000000000000      -9.7200002670288086
       0.0000000000000000      -9.6999998092651367
       0.0000000000000000      -9.6800003051757812
       0.0000000000000000      -9.6599998474121094
       0.0000000000000000      -9.6400003433227539
       0.0000000000000000      -9.6199998855590820
       0.0000000000000000      -9.6000003814697266
       0.0000000000000000      -9.5799999237060547
       0.0000000000000000      -9.5600004196166992
       0.0000000000000000      -9.5399999618530273
       0.0000000000000000      -9.5200004577636719
       0.0000000000000000      -9.5000000000000000
       0.0000000000000000      -9.4799995422363281
       0.0000000000000000      -9.4600000381469727
       0.0000000000000000      -9.4399995803833008
       0.0000000000000000      -9.4200000762939453
       0.0000000000000000      -9.3999996185302734
       0.0000000000000000      -9.3800001144409180
       0.0000000000000000      -9.3599996566772461
       0.0000000000000000      -9.3400001525878906
       0.0000000000000000      -9.3199996948242188
       0.0000000000000000      -9.3000001907348633
       0.0000000000000000      -9.2799997329711914
       0.0000000000000000      -9.2600002288818359
       0.0000000000000000      -9.2399997711181641
       0.0000000000000000      -9.2200002670288086
       0.0000000000000000      -9.1999998092651367
       0.0000000000000000      -9.1800003051757812
       0.0000000000000000      -9.1599998474121094
       0.0000000000000000      -9.1400003433227539
       0.0000000000000000      -9.1199998855590820
       0.0000000000000000      -9.1000003814697266
       0.0000000000000000      -9.0799999237060547
       0.0000000000000000      -9.0600004196166992
       0.0000000000000000      -9.0399999618530273
       0.0000000000000000      -9.0200004577636719
       0.0000000000000000      -9.0000000000000000
       0.0000000000000000      -8.9799995422363281
       0.0000000000000000      -8.9600000381469727
       0.0000000000000000      -8.9400005340576172
       0.0000000000000000      -8.9200000762939453
       0.0000000000000000      -8.8999996185302734
       0.0000000000000000      -8.8800001144409180
       0.0000000000000000      -8.8599996566772461
       0.0000000000000000      -8.8400001525878906
       0.0000000000000000      -8.8199996948242188
       0.0000000000000000      -8.8000001907348633
       0.0000000000000000      -8.7799997329711914
       0.0000000000000000      -8.7600002288818359
       0.0000000000000000      -8.7399997711181641
       0.0000000000000000      -8.7200002670288086
       0.0000000000000000      -8.6999998092651367
       0.0000000000000000      -8.6800003051757812
       0.0000000000000000      -8.6599998474121094
       0.0000000000000000      -8.6400003433227539
       0.0000000000000000      -8.6199998855590820
       0.0000000000000000      -8.6000003814697266
       0.0000000000000000      -8.5799999237060547
       0.0000000000000000      -8.5600004196166992
       0.0000000000000000      -8.5399999618530273
       0.0000000000000000      -8.5200004577636719
       0.0000000000000000      -8.5000000000000000
       0.0000000000000000      -8.4799995422363281
       0.0000000000000000      -8.4600000381469727
       0.0000000000000000      -8.4400005340576172
       0.0000000000000000      -8.4200000762939453
       0.0000000000000000      -8.3999996185302734
       0.0000000000000000      -8.3800001144409180
       0.0000000000000000      -8.3599996566772461
       0.0000000000000000      -8.3400001525878906
       0.0000000000000000      -8.3199996948242188
       0.0000000000000000      -8.3000001907348633
       0.0000000000000000      -8.2799997329711914
       0.0000000000000000      -8.2600002288818359
       0.0000000000000000      -8.2399997711181641
       0.0000000000000000      -8.2200002670288086
       0.0000000000000000      -8.1999998092651367
       0.0000000000000000      -8.1800003051757812
       0.0000000000000000      -8.1599998474121094
       0.0000000000000000      -8.1400003433227539
       0.0000000000000000      -8.1199998855590820
       0.0000000000000000      -8.1000003814697266
       0.0000000000000000      -8.0799999237060547
       0.0000000000000000      -8.0600004196166992
       0.0000000000000000      -8.0399999618530273
       0.0000000000000000      -8.0200004577636719
       0.0000000000000000      -8.0000000000000000
       0.0000000000000000      -7.9800000190734863
       0.0000000000000000      -7.9600000381469727
       0.0000000000000000      -7.9400000572204590
       0.0000000000000000      -7.9200000762939453
       0.0000000000000000      -7.9000000953674316
       0.0000000000000000      -7.8800001144409180
       0.0000000000000000      -7.8600001335144043
       0.0000000000000000      -7.8400001525878906
       0.0000000000000000      -7.8199996948242188
       0.0000000000000000      -7.8000001907348633
       0.0000000000000000      -7.7799997329711914
       0.0000000000000000      -7.7600002288818359
       0.0000000000000000      -7.7399997711181641
       0.0000000000000000      -7.7200002670288086
       0.0000000000000000      -7.6999998092651367
       0.0000000000000000      -7.6800003051757812
       0.0000000000000000      -7.6599998474121094
       0.0000000000000000      -7.6400003433227539
       0.0000000000000000      -7.6199998855590820
       0.0000000000000000      -7.6000003814697266
       0.0000000000000000      -7.5799999237060547
       0.0000000000000000      -7.5599999427795410
       0.0000000000000000      -7.5399999618530273
       0.0000000000000000      -7.5199999809265137
       0.0000000000000000      -7.5000000000000000
       0.0000000000000000      -7.4800000190734863
       0.0000000000000000      -7.4600000381469727
       0.0000000000000000      -7.4400000572204590
       0.0000000000000000      -7.4200000762939453
       0.0000000000000000      -7.4000000953674316
       0.0000000000000000      -7.3800001144409180
       0.0000000000000000      -7.3600001335144043
       0.0000000000000000      -7.3400001525878906
       0.0000000000000000      -7.3200001716613770
       0.0000000000000000      -7.3000001907348633
       0.0000000000000000      -7.2799997329711914
       0.0000000000000000      -7.2600002288818359
       0.0000000000000000      -7.2399997711181641
       0.0000000000000000      -7.2200002670288086
       0.0000000000000000      -7.1999998092651367
       0.0000000000000000      -7.1800003051757812
       0.0000000000000000      -7.1599998474121094
       0.0000000000000000      -7.1400003433227539
       0.0000000000000000      -7.1199998855590820
       0.0000000000000000      -7.1000003814697266
       0.0000000000000000      -7.0799999237060547
       0.0000000000000000      -7.0600004196166992
       0.0000000000000000      -7.0399999618530273
       0.0000000000000000      -7.0199999809265137
       0.0000000000000000      -7.0000000000000000
       0.0000000000000000      -6.9800000190734863
       0.0000000000000000      -6.9600000381469727
       0.0000000000000000      -6.9400000572204590
       0.0000000000000000      -6.9200000762939453
       0.0000000000000000      -6.9000000953674316
       0.0000000000000000      -6.8800001144409180
       0.0000000000000000      -6.8600001335144043
       0.0000000000000000      -6.8400001525878906
       0.0000000000000000      -6.8200001716613770
       0.0000000000000000      -6.8000001907348633
       0.0000000000000000      -6.7799997329711914
       0.0000000000000000      -6.7600002288818359
       0.0000000000000000      -6.7399997711181641
       0.0000000000000000      -6.7200002670288086
       0.0000000000000000      -6.6999998092651367
       0.0000000000000000      -6.6800003051757812
       0.0000000000000000      -6.6599998474121094
       0.0000000000000000      -6.6400003433227539
       0.0000000000000000      -6.6199998855590820
       0.0000000000000000      -6.6000003814697266
       0.0000000000000000      -6.5799999237060547
       0.0000000000000000      -6.5600004196166992
       0.0000000000000000      -6.5399999618530273
       0.0000000000000000      -6.5199999809265137
       0.0000000000000000      -6.5000000000000000
       0.0000000000000000      -6.4800000190734863
       0.0000000000000000      -6.4600000381469727
       0.0000000000000000      -6.4400000572204590
       0.0000000000000000      -6.4200000762939453
       0.0000000000000000      -6.4000000953674316
       0.0000000000000000      -6.3800001144409180
       0.0000000000000000      -6.3600001335144043
       0.0000000000000000      -6.3400001525878906
       0.0000000000000000      -6.3200001716613770
       0.0000000000000000      -6.3000001907348633
       0.0000000000000000      -6.2799997329711914
       0.0000000000000000      -6.2600002288818359
       0.0000000000000000      -6.2399997711181641
       0.0000000000000000      -6.2200002670288086
       0.0000000000000000      -6.1999998092651367
       0.0000000000000000      -6.1800003051757812
       0.0000000000000000      -6.1599998474121094
       0.0000000000000000      -6.1400003433227539
       0.0000000000000000      -6.1199998855590820
       0.0000000000000000      -6.1000003814697266
       0.0000000000000000      -6.0799999237060547
       0.0000000000000000      -6.0600004196166992
       0.0000000000000000      -6.0399999618530273
       0.0000000000000000      -6.0199999809265137
       0.0000000000000000      -6.0000000000000000
       0.0000000000000000      -5.9800000190734863
       0.0000000000000000      -5.9600000381469727
       0.0000000000000000      -5.9400000572204590
       0.0000000000000000      -5.9200000762939453
       0.0000000000000000      -5.9000000953674316
       0.0000000000000000      -5.8800001144409180
       0.0000000000000000      -5.8600001335144043
       0.0000000000000000      -5.8400001525878906
       0.0000000000000000      -5.8200001716613770
       0.0000000000000000      -5.8000001907348633
       0.0000000000000000      -5.7800002098083496
       0.0000000000000000      -5.7600002288818359
       0.0000000000000000      -5.7400002479553223
       0.0000000000000000      -5.7200002670288086
       0.0000000000000000      -5.7000002861022949
       0.0000000000000000      -5.6800003051757812
       0.0000000000000000      -5.6600003242492676
       0.0000000000000000      -5.6399998664855957
       0.0000000000000000      -5.6199998855590820
       0.0000000000000000      -5.5999999046325684
       0.0000000000000000      -5.5799999237060547
       0.0000000000000000      -5.5599999427795410
       0.0000000000000000      -5.5399999618530273
       0.0000000000000000      -5.5199999809265137
       0.0000000000000000      -5.5000000000000000
       0.0000000000000000      -5.4800000190734863
       0.0000000000000000      -5.4600000381469727
       0.0000000000000000      -5.4400000572204590
       0.0000000000000000      -5.4200000762939453
       0.0000000000000000      -5.4000000953674316
       0.0000000000000000      -5.3800001144409180
       0.0000000000000000      -5.3600001335144043
       0.0000000000000000      -5.3400001525878906
       0.0000000000000000      -5.3200001716613770
       0.0000000000000000      -5.3000001907348633
       0.0000000000000000      -5.2800002098083496
       0.0000000000000000      -5.2600002288818359
       0.0000000000000000      -5.2400002479553223
       0.0000000000000000      -5.2200002670288086
       0.0000000000000000      -5.2000002861022949
       0.0000000000000000      -5.1800003051757812
       0.0000000000000000      -5.1600003242492676
       0.0000000000000000      -5.1400003433227539
       0.0000000000000001      -5.1199998855590820
       0.0000000000000001      -5.0999999046325684
       0.0000000000000001      -5.0799999237060547
       0.0000000000000001      -5.0599999427795410
       0.0000000000000001      -5.0399999618530273
       0.0000000000000002      -5.0199999809265137
       0.0000000000000002      -5.0000000000000000
       0.0000000000000003      -4.9800000190734863
       0.0000000000000003      -4.9600000381469727
       0.0000000000000004      -4.9400000572204590
       0.0000000000000005      -4.9200000762939453
       0.0000000000000006      -4.9000000953674316
       0.0000000000000008      -4.8800001144409180
       0.0000000000000010      -4.8600001335144043
       0.0000000000000012      -4.8400001525878906
       0.0000000000000015      -4.8200001716613770
       0.0000000000000018      -4.8000001907348633
       0.0000000000000022      -4.7800002098083496
       0.0000000000000027      -4.7600002288818359
       0.0000000000000033      -4.7400002479553223
       0.0000000000000041      -4.7200002670288086
       0.0000000000000050      -4.7000002861022949
       0.0000000000000062      -4.6800003051757812
       0.0000000000000075      -4.6600003242492676
       0.0000000000000092      -4.6400003433227539
       0.0000000000000113      -4.6199998855590820
       0.0000000000000138      -4.5999999046325684
       0.0000000000000169      -4.5799999237060547
       0.0000000000000206      -4.5599999427795410
       0.0000000000000252      -4.5399999618530273
       0.0000000000000307      -4.5199999809265137
       0.0000000000000374      -4.5000000000000000
       0.0000000000000455      -4.4800000190734863
       0.0000000000000554      -4.4600000381469727
       0.0000000000000674      -4.4400000572204590
       0.0000000000000819      -4.4200000762939453
       0.0000000000000994      -4.4000000953674316
       0.0000000000001207      -4.3800001144409180
       0.0000000000001463      -4.3600001335144043
       0.0000000000001773      -4.3400001525878906
       0.0000000000002147      -4.3200001716613770
       0.0000000000002598      -4.3000001907348633
       0.0000000000003142      -4.2800002098083496
       0.0000000000003798      -4.2600002288818359
       0.0000000000004586      -4.2400002479553223
       0.0000000000005535      -4.2200002670288086
       0.0000000000006676      -4.2000002861022949
       0.0000000000008046      -4.1800003051757812
       0.0000000000009690      -4.1600003242492676
       0.0000000000011663      -4.1400003433227539
       0.0000000000014028      -4.1200003623962402
       0.0000000000016862      -4.0999999046325684
       0.0000000000020254      -4.0799999237060547
       0.0000000000024313      -4.0599999427795410
       0.0000000000029165      -4.0399999618530273
       0.0000000000034963      -4.0199999809265137
       0.0000000000041886      -4.0000000000000000
       0.0000000000050146      -3.9800000190734863
       0.0000000000059996      -3.9600000381469727
       0.0000000000071733      -3.9400000572204590
       0.0000000000085711      -3.9200000762939453
       0.0000000000102346      -3.9000000953674316
       0.0000000000122130      -3.8800001144409180
       0.0000000000145645      -3.8600001335144043
       0.0000000000173575      -3.8400001525878906
       0.0000000000206729      -3.8200001716613770
       0.0000000000246058      -3.8000001907348633
       0.0000000000292683      -3.7800002098083496
       0.0000000000347922      -3.7600002288818359
       0.0000000000413327      -3.7400002479553223
       0.0000000000490718      -3.7200002670288086
       0.0000000000582235      -3.7000002861022949
       0.0000000000690391      -3.6800003051757812
       0.0000000000818130      -3.6600003242492676
       0.0000000000968907      -3.6400003433227539
       0.0000000001146768      -3.6200003623962402
       0.0000000001356451      -3.6000003814697266
       0.0000000001603506      -3.5799999237060547
       0.0000000001894408      -3.5599999427795410
       0.0000000002236741      -3.5399999618530273
       0.0000000002639362      -3.5199999809265137
       0.0000000003112611      -3.5000000000000000
       0.0000000003668555      -3.4800000190734863
       0.0000000004321267      -3.4600000381469727
       0.0000000005087154      -3.4400000572204590
       0.0000000005985330      -3.4200000762939453
       0.0000000007038054      -3.4000000953674316
       0.0000000008271235      -3.3800001144409180
       0.0000000009715012      -3.3600001335144043
       0.0000000011404427      -3.3400001525878906
       0.0000000013380209      -3.3200001716613770
       0.0000000015689669      -3.3000001907348633
       0.0000000018387740      -3.2800002098083496
       0.0000000021538173      -3.2600002288818359
       0.0000000025214927      -3.2400002479553223
       0.0000000029503760      -3.2200002670288086
       0.0000000034504070      -3.2000002861022949
       0.0000000040331024      -3.1800003051757812
       0.0000000047117999      -3.1600003242492676
       0.0000000055019406      -3.1400003433227539
       0.0000000064213945      -3.1200003623962402
       0.0000000074908346      -3.1000003814697266
       0.0000000087342012      -3.0799999237060547
       0.0000000101790763      -3.0599999427795410
       0.0000000118574336      -3.0399999618530273
       0.0000000138061851      -3.0199999809265137
       0.0000000160679687      -3.0000000000000000
       0.0000000186920244      -2.9800000190734863
       0.0000000217352038      -2.9600000381469727
       0.0000000252631325      -2.9400000572204590
       0.0000000293515514      -2.9200000762939453
       0.0000000340878606      -2.9000000953674316
       0.0000000395729011      -2.8800001144409180
       0.0000000459230091      -2.8600001335144043
       0.0000000532723852      -2.8400001525878906
       0.0000000617758300      -2.8200001716613770
       0.0000000716119014      -2.8000001907348633
       0.0000000829865624      -2.7800002098083496
       0.0000000961373970      -2.7600002288818359
       0.0000001113384859      -2.7400002479553223
       0.0000001289060494      -2.7200002670288086
       0.0000001492049822      -2.7000002861022949
       0.0000001726564277      -2.6800003051757812
       0.0000001997465665      -2.6600003242492676
       0.0000002310368202      -2.6400003433227539
       0.0000002671757151      -2.6200003623962402
       0.0000003089126886      -2.6000003814697266
       0.0000003571141775      -2.5800004005432129
       0.0000004127838166      -2.5599999427795410
       0.0000004770788962      -2.5399999618530273
       0.0000005513439593      -2.5199999809265137
       0.0000006371358004      -2.5000000000000000
       0.0000007362600512      -2.4800000190734863
       0.0000008508127812      -2.4600000381469727
       0.0000009832295530      -2.4400000572204590
       0.0000011363434003      -2.4200000762939453
       0.0000013134535126      -2.4000000953674316
       0.0000015184068170      -2.3800001144409180
       0.0000017556951431      -2.3600001335144043
       0.0000020305712918      -2.3400001525878906
       0.0000023491881251      -2.3200001716613770
       0.0000027187658066      -2.3000001907348633
       0.0000031477936253      -2.2800002098083496
       0.0000036462745015      -2.2600002288818359
       0.0000042260224438      -2.2400002479553223
       0.0000049010260488      -2.2200002670288086
       0.0000056878948516      -2.2000002861022949
       0.0000066064102574      -2.1800003051757812
       0.0000076802093550      -2.1600003242492676
       0.0000089376387775      -2.1400003433227539
       0.0000104128278248      -2.1200003623962402
       0.0000121470466333      -2.1000003814697266
       0.0000141904381936      -2.0800004005432129
       0.0000166043079057      -2.0599999427795410
       0.0000194637743561      -2.0399999618530273
       0.0000228618971749      -2.0199999809265137
       0.0000269144696809      -2.0000000000000000
       0.0000317666602318      -1.9800004959106445
       0.0000376027586427      -1.9600000381469727
       0.0000446572715606      -1.9400005340576172
       0.0000532346617109      -1.9200000762939453
       0.0000637315720215      -1.9000005722045898
       0.0000766764729164      -1.8800001144409180
       0.0000927794405076      -1.8600006103515625
       0.0001130194134008      -1.8400001525878906
       0.0001387668169339      -1.8200006484985352
       0.0001720012155242      -1.8000001907348633
       0.0002156582003194      -1.7799997329711914
       0.0002742611109164      -1.7600002288818359
       0.0003551201454182      -1.7399997711181641
       0.0004707219888357      -1.7200002670288086
       0.0006441498099219      -1.6999998092651367
       0.0009226993679495      -1.6800003051757812
       0.0014195696940365      -1.6599998474121094
       0.0024827365598725      -1.6400003433227539
       0.0058979883270075      -1.6199998855590820
       0.4954015961140749      -1.6000003814697266
       0.9890756964586243      -1.5799999237060547
       0.9931539123270340      -1.5600004196166992
       0.9946055575548498      -1.5399999618530273
       0.9953784510736065      -1.5200004577636719
       0.9958716255638225      -1.5000000000000000
       0.9962208755607421      -1.4800004959106445
       0.9964856463716664      -1.4600000381469727
       0.9966962026627934      -1.4400005340576172
       0.9968697156357077      -1.4200000762939453
       0.9970166507057290      -1.4000005722045898
       0.9971438140223366      -1.3800001144409180
       0.9972558016368513      -1.3600006103515625
       0.9973558699542551      -1.3400001525878906
       0.9974463667769330      -1.3200006484985352
       0.9975290579569446      -1.3000001907348633
       0.9976052779604960      -1.2799997329711914
       0.9976760632867973      -1.2600002288818359
       0.9977422414333154      -1.2399997711181641
       0.9978044633209465      -1.2200002670288086
       0.9978632679486410      -1.1999998092651367
       0.9979190868775227      -1.1800003051757812
       0.9979722875898878      -1.1599998474121094
       0.9980231676644025      -1.1400003433227539
       0.9980719869267259      -1.1199998855590820
       0.9981189570292918      -1.1000003814697266
       0.9981642671534604      -1.0799999237060547
       0.9982080715741022      -1.0600004196166992
       0.9982505113629887      -1.0399999618530273
       0.9982917011601007      -1.0200004577636719
       0.9983317482259774      -1.0000000000000000
       0.9983707390206197      -0.9800004959106445
       0.9984087563953473      -0.9600000381469727
       0.9984458662714298      -0.9400005340576172
       0.9984821334632628      -0.9200000762939453
       0.9985176086023845      -0.9000005722045898
       0.9985523429054297      -0.8800001144409180
       0.9985863754115960      -0.8600006103515625
       0.9986197469076086      -0.8400001525878906
       0.9986524875068890      -0.8200006484985352
       0.9986846298775863      -0.8000001907348633
       0.9987161986630063      -0.7799997329711914
       0.9987472156579069      -0.7600002288818359
       0.9987777044445233      -0.7399997711181641
       0.9988076803853307      -0.7200002670288086
       0.9988371625064623      -0.6999998092651367
       0.9988661622791947      -0.6800003051757812
       0.9988946950608999      -0.6599998474121094
       0.9989227692263085      -0.6400003433227539
       0.9989503971655065      -0.6199998855590820
       0.9989775847567323      -0.6000003814697266
       0.9990043420140446      -0.5799999237060547
       0.9990306728283707      -0.5600004196166992
       0.9990565852843463      -0.5399999618530273
       0.9990820817061760      -0.5200004577636719
       0.9991071686301539      -0.5000000000000000
       0.9991318471656495      -0.4800004959106445
       0.9991561226140476      -0.4600000381469727
       0.9991799951472149      -0.4400005340576172
       0.9992034691158566      -0.4200000762939453
       0.9992265440014738      -0.4000005722045898
       0.9992492234237464      -0.3800001144409180
       0.9992715063864126      -0.3600006103515625
       0.9992933959733263      -0.3400001525878906
       0.9993148908897820      -0.3200006484985352
       0.9993359938512664      -0.3000001907348633
       0.9993567034188087      -0.2800006866455078
       0.9993770220825646      -0.2600002288818359
       0.9993969493325168      -0.2399997711181641
       0.9994164847336114      -0.2200002670288086
       0.9994356306621375      -0.1999998092651367
       0.9994543858554988      -0.1800003051757812
       0.9994727527376944      -0.1599998474121094
       0.9994907302837877      -0.1400003433227539
       0.9995083210471002      -0.1199998855590820
       0.9995255243127039      -0.1000003814697266
       0.9995423428270730      -0.0799999237060547
       0.9995587762457971      -0.0600004196166992
       0.9995748275621832      -0.0399999618530273
       0.9995904968468676      -0.0200004577636719
       0.9996057873813117       0.0000000000000000
       0.9996206996859794       0.0199995040893555
       0.9996352373597649       0.0399999618530273
       0.9996494013955083       0.0599994659423828
       0.9996631957296905       0.0799999237060547
       0.9996766218401850       0.0999994277954102
       0.9996896840110232       0.1199998855590820
       0.9997023842088970       0.1399993896484375
       0.9997147270666731       0.1599998474121094
       0.9997267150345772       0.1799993515014648
       0.9997383530876920       0.1999998092651367
       0.9997496441474460       0.2199993133544922
       0.9997605935176734       0.2399997711181641
       0.9997712050689639       0.2600002288818359
       0.9997814829200289       0.2799997329711914
       0.9997914328297861       0.3000001907348633
       0.9998010587973845       0.3199996948242188
       0.9998103668513728       0.3400001525878906
       0.9998193613641472       0.3599996566772461
       0.9998280486151557       0.3800001144409180
       0.9998364333084151       0.3999996185302734
       0.9998445219193416       0.4200000762939453
       0.9998523194640375       0.4399995803833008
       0.9998598325784698       0.4600000381469727
       0.9998670665423338       0.4799995422363281
       0.9998740281156832       0.5000000000000000
       0.9998807227873958       0.5199995040893555
       0.9998871574124094       0.5399999618530273
       0.9998933376464333       0.5599994659423828
       0.9998992703930039       0.5799999237060547
       0.9999049614321791       0.5999994277954102
       0.9999104176770642       0.6199998855590820
       0.9999156449891509       0.6399993896484375
       0.9999206502516861       0.6599998474121094
       0.9999254393647264       0.6799993515014648
       0.9999300191464185       0.6999998092651367
       0.9999343954944977       0.7199993133544922
       0.9999385751269536       0.7399997711181641
       0.9999425640867711       0.7600002288818359
       0.9999463684025595       0.7799997329711914
       0.9999499945818945       0.8000001907348633
       0.9999534483566591       0.8199996948242188
       0.9999567360594602       0.8400001525878906
       0.9999598632989398       0.8599996566772461
       0.9999628362074754       0.8800001144409180
       0.9999656602429028       0.8999996185302734
       0.9999683413166320       0.9200000762939453
       0.9999708847107157       0.9399995803833008
       0.9999732960976933       0.9600000381469727
       0.9999755805637142       0.9799995422363281
       0.9999777435267709       1.0000000000000000
       0.9999797898608974       1.0199995040893555
       0.9999817247178739       1.0399999618530273
       0.9999835527451669       1.0599994659423828
       0.9999852788214543       1.0799999237060547
       0.9999869073566237       1.0999994277954102
       0.9999884429504426       1.1199998855590820
       0.9999898897687580       1.1399993896484375
       0.9999912521303279       1.1599998474121094
       0.9999925339524072       1.1799993515014648
       0.9999937392725414       1.1999998092651367
       0.9999948717587869       1.2199993133544922
       0.9999959351705277       1.2399997711181641
       0.9999969329267402       1.2599992752075195
       0.9999978685142196       1.2799997329711914
       0.9999987451466933       1.3000001907348633
       0.9999995659231433       1.3199996948242188
       1.0000003339340617       1.3400001525878906
       1.0000010519952600       1.3599996566772461
       1.0000017229438041       1.3800001144409180
       1.0000023493666588       1.3999996185302734
       1.0000029338600163       1.4200000762939453
       1.0000034787894099       1.4399995803833008
       1.0000039865195294       1.4600000381469727
       1.0000044592072408       1.4799995422363281
       1.0000048989981067       1.5000000000000000
       1.0000053078502140       1.5199995040893555
       1.0000056877034005       1.5399999618530273
       1.0000060403273721       1.5599994659423828
       1.0000063674702775       1.5799999237060547
       1.0000066707252944       1.5999994277954102
       1.0000069516615320       1.6199998855590820
       1.0000072117082306       1.6399993896484375
       1.0000074522680975       1.6599998474121094
       1.0000076746186592       1.6799993515014648
       1.0000078800091268       1.6999998092651367
       1.0000080695774232       1.7199993133544922
       1.0000082444317933       1.7399997711181641
       1.0000084055815150       1.7599992752075195
       1.0000085540070116       1.7799997329711914
       1.0000086906062158       1.8000001907348633
       1.0000088162241334       1.8199996948242188
       1.0000089316697822       1.8400001525878906
       1.0000090376795052       1.8599996566772461
       1.0000091349624740       1.8800001144409180
       1.0000092241629053       1.8999996185302734
       1.0000093059002164       1.9200000762939453
       1.0000093807366943       1.9399995803833008
       1.0000094492110856       1.9600000381469727
       1.0000095118119903       1.9799995422363281
       1.0000095685859141       2.0000000000000000
       1.0000096212181739       2.0199995040893555
       1.0000096688505600       2.0399999618530273
       1.0000097122688649       2.0599994659423828
       1.0000097518205411       2.0799999237060547
       1.0000097878194378       2.0999994277954102
       1.0000098205640247       2.1199998855590820
       1.0000098503231623       2.1399993896484375
       1.0000098773519668       2.1599998474121094
       1.0000099018801600       2.1799993515014648
       1.0000099241247353       2.1999998092651367
       1.0000099442812049       2.2199993133544922
       1.0000099625337775       2.2399997711181641
       1.0000099790483339       2.2599992752075195
       1.0000099939807869       2.2799997329711914
       1.0000100074719505       2.3000001907348633
       1.0000100196511506       2.3199996948242188
       1.0000100306390878       2.3400001525878906
       1.0000100405436259       2.3599996566772461
       1.0000100494657367       2.3800001144409180
       1.0000100574965234       2.3999996185302734
       1.0000100647198391       2.4200000762939453
       1.0000100712113695       2.4399995803833008
       1.0000100770416309       2.4600000381469727
       1.0000100822736702       2.4799995422363281
       1.0000100869654269       2.5000000000000000
       1.0000100911695684       2.5199995040893555
       1.0000100949336876       2.5399999618530273
       1.0000100983018820       2.5599994659423828
       1.0000101013129750       2.5799999237060547
       1.0000101040029072       2.5999994277954102
       1.0000101064041593       2.6199998855590820
       1.0000101085461286       2.6399993896484375
       1.0000101104554513       2.6599998474121094
       1.0000101121559224       2.6799993515014648
       1.0000101136693493       2.6999998092651367
       1.0000101150150882       2.7199993133544922
       1.0000101162113399       2.7399997711181641
       1.0000101172735290       2.7599992752075195
       1.0000101182159460       2.7799997329711914
       1.0000101190512838       2.7999992370605469
       1.0000101197918680       2.8199996948242188
       1.0000101204470415       2.8400001525878906
       1.0000101210268981       2.8599996566772461
       1.0000101215391881       2.8800001144409180
       1.0000101219919362       2.8999996185302734
       1.0000101223913822       2.9200000762939453
       1.0000101227437057       2.9399995803833008
       1.0000101230542633       2.9600000381469727
       1.0000101233273737       2.9799995422363281
       1.0000101235682695       3.0000000000000000
       1.0000101237798051       3.0199995040893555
       1.0000101239655104       3.0399999618530273
       1.0000101241288601       3.0599994659423828
       1.0000101242717949       3.0799999237060547
       1.0000101243971493       3.0999994277954102
       1.0000101244694826       3.1199998855590820
       1.0000101246033026       3.1399993896484375
       1.0000101246872883       3.1599998474121094
       1.0000101247609430       3.1799993515014648
       1.0000101248253308       3.1999998092651367
       1.0000101248813171       3.2199993133544922
       1.0000101249299564       3.2399997711181641
       1.0000101249724682       3.2599992752075195
       1.0000101250095619       3.2799997329711914
       1.0000101250418463       3.2999992370605469
       1.0000101250698397       3.3199996948242188
       1.0000101250941593       3.3400001525878906
       1.0000101251153712       3.3599996566772461
       1.0000101251335700       3.3800001144409180
       1.0000101251494831       3.3999996185302734
       1.0000101251631983       3.4200000762939453
       1.0000101251750324       3.4399995803833008
       1.0000101251853875       3.4600000381469727
       1.0000101251942910       3.4799995422363281
       1.0000101252019469       3.5000000000000000
       1.0000101252084985       3.5199995040893555
       1.0000101252140821       3.5399999618530273
       1.0000101252190372       3.5599994659423828
       1.0000101252234250       3.5799999237060547
       1.0000101252268336       3.5999994277954102
       1.0000101252300559       3.6199998855590820
       1.0000101252327267       3.6399993896484375
       1.0000101252352345       3.6599998474121094
       1.0000101252371154       3.6799993515014648
       1.0000101252386993       3.6999998092651367
       1.0000101252400733       3.7199993133544922
       1.0000101251253064       3.7399997711181641
       1.0000101252423845       3.7599992752075195
       1.0000101252454912       3.7799997329711914
       1.0000101252439850       3.7999992370605469
       1.0000101252473952       3.8199996948242188
       1.0000101252452691       3.8400001525878906
       1.0000101252459548       3.8599996566772461
       1.0000101252462428       3.8800001144409180
       1.0000101251592253       3.8999996185302734
       1.0000101252469915       3.9200000762939453
       1.0000101252472140       3.9399995803833008
       1.0000101252472291       3.9600000381469727
       1.0000101252473759       3.9799995422363281
       1.0000101252476092       4.0000000000000000
       1.0000101252478517       4.0199995040893555
       1.0000101252478184       4.0399999618530273
       1.0000101252478186       4.0599994659423828
       1.0000101252480562       4.0799999237060547
       1.0000101252480413       4.0999994277954102
       1.0000101252481228       4.1199998855590820
       1.0000101252483706       4.1399993896484375
       1.0000101252481681       4.1599998474121094
       1.0000101252483125       4.1799993515014648
       1.0000101252482569       4.1999998092651367
       1.0000101252482703       4.2199993133544922
       1.0000101252482596       4.2399997711181641
       1.0000101252484139       4.2599992752075195
       1.0000101252482674       4.2799997329711914
       1.0000101252482816       4.2999992370605469
       1.0000101252483009       4.3199996948242188
       1.0000101252485136       4.3400001525878906
       1.0000101252483826       4.3599996566772461
       1.0000101252484996       4.3800001144409180
       1.0000101252484233       4.3999996185302734
       1.0000101252484430       4.4200000762939453
       1.0000101252484757       4.4399995803833008
       1.0000101252484348       4.4600000381469727
       1.0000101252484599       4.4799995422363281
       0.0061323945094849       4.5000000000000000
       1.0000101252485576       4.5199995040893555
       1.0000101252484335       4.5399999618530273
       1.0000101252372862       4.5599994659423828
       1.0000101252484215       4.5799999237060547
       1.0000101252483786       4.5999994277954102
       1.0000101252485434       4.6199998855590820
       1.0000101252485316       4.6399993896484375
       1.0000101252484779       4.6599998474121094
       1.0000101252483111       4.6799993515014648
       1.0000101252482887       4.6999998092651367
       1.0000101252485176       4.7199993133544922
       1.0000101252486495       4.7399997711181641
       1.0000101252484557       4.7599992752075195
       1.0000101252482774       4.7799997329711914
       1.0000101252483691       4.7999992370605469
       1.0000101252482601       4.8199996948242188
       0.0058795550995745       4.8399991989135742
       1.0000101252485876       4.8599996566772461
       1.0000101252483917       4.8800001144409180
       1.0000101252484346       4.8999996185302734
       1.0000101252485638       4.9200000762939453
       1.0000101252484968       4.9399995803833008
       1.0000101252487206       4.9600000381469727
       1.0000101252483342       4.9799995422363281
       1.0000101252486397       5.0000000000000000
       1.0000101252480755       5.0199995040893555
       1.0000101252483866       5.0399999618530273
       1.0000101252485161       5.0599994659423828
       1.0000101252484468       5.0799999237060547
       1.0000101252486790       5.0999994277954102
       1.0000101252484892       5.1199998855590820
       1.0000101252487537       5.1399993896484375
       1.0000101252483977       5.1599998474121094
       1.0000101252484812       5.1799993515014648
       1.0000101252482292       5.1999998092651367
       1.0000101252485438       5.2199993133544922
       1.0000101252487854       5.2399997711181641
       1.0000101252484772       5.2599992752075195
       1.0000101252486897       5.2799997329711914
       1.0000101252483264       5.2999992370605469
       1.0000101252484301       5.3199996948242188
       1.0000101252484317       5.3399991989135742
       1.0000101252485476       5.3599996566772461
       1.0000101252486933       5.3800001144409180
       1.0000101252478728       5.3999996185302734
       1.0000101252486160       5.4200000762939453
       1.0000101252485680       5.4399995803833008
       1.0000101252482418       5.4600000381469727
       1.0000101252484879       5.4799995422363281
       1.0000101252484837       5.5000000000000000
       1.0000101252485532       5.5199995040893555
       1.0000101252483240       5.5399999618530273
       1.0000101252485862       5.5599994659423828
       1.0000101252483422       5.5799999237060547
       1.0000101252482783       5.5999994277954102
       1.0000101252483804       5.6199998855590820
       1.0000101252486211       5.6399993896484375
       1.0000101252484885       5.6599998474121094
       1.0000101252484472       5.6799993515014648
       1.0000101252483808       5.6999998092651367
       1.0000101252482541       5.7199993133544922
       1.0000101252484739       5.7399997711181641
       1.0000101252483673       5.7599992752075195
       1.0000101252486135       5.7799997329711914
       1.0000101252485245       5.7999992370605469
       1.0000101252482290       5.8199996948242188
       1.0000101252485156       5.8399991989135742
       1.0000101252455400       5.8599996566772461
       1.0000101252484308       5.8800001144409180
       1.0000101252486313       5.8999996185302734
       1.0000101252485807       5.9200000762939453
       1.0000101252484668       5.9399995803833008
       1.0000101252484033       5.9600000381469727
       1.0000101252484619       5.9799995422363281
       1.0000101252484068       6.0000000000000000
       1.0000101252485623       6.0200004577636719
       1.0000101252484164       6.0399990081787109
       1.0000101252482603       6.0599994659423828
       1.0000101252485598       6.0799999237060547
       1.0000101252484523       6.1000003814697266
       1.0000101252484859       6.1199989318847656
       1.0000101252484075       6.1399993896484375
       1.0000101252483911       6.1599998474121094
       1.0000101252483915       6.1800003051757812
       1.0000101252482065       6.1999988555908203
       1.0000101252485469       6.2199993133544922
       1.0000101252485476       6.2399997711181641
       1.0000101252484457       6.2600002288818359
       1.0000101252483811       6.2799987792968750
       1.0000101252485221       6.2999992370605469
       1.0000101252484499       6.3199996948242188
       1.0000101252482980       6.3400001525878906
       1.0000101252484372       6.3599987030029297
       1.0000101252484526       6.3799991607666016
       1.0000101252487794       6.3999996185302734
       1.0000101252486455       6.4200000762939453
       1.0000101252484859       6.4400005340576172
       1.0000101252487783       6.4599990844726562
       1.0000101252485052       6.4799995422363281
       1.0000101252485525       6.5000000000000000
       1.0000101252483906       6.5200004577636719
       1.0000101252485512       6.5399990081787109
       0.0032238730531061       6.5599994659423828
       0.0030987316984371       6.5799999237060547
       1.0000101252481794       6.6000003814697266
       1.0000101252482938       6.6199989318847656
       1.0000101252484388       6.6399993896484375
       1.0000101252483589       6.6599998474121094
       1.0000101252485083       6.6800003051757812
       1.0000101252484501       6.6999988555908203
       1.0000101252484723       6.7199993133544922
       1.0000101072481877       6.7399997711181641
       1.0000101252483369       6.7600002288818359
       1.0000101252482998       6.7799987792968750
       1.0000101252485250       6.7999992370605469
       1.0000101252484637       6.8199996948242188
       1.0000101252487987       6.8400001525878906
       1.0000101252485274       6.8599987030029297
       1.0000101252481841       6.8799991607666016
       1.0000101252483296       6.8999996185302734
       1.0000101252484779       6.9200000762939453
       1.0000101252486386       6.9400005340576172
       1.0000101252485276       6.9599990844726562
       1.0000101252482674       6.9799995422363281
       1.0000101252483817       7.0000000000000000
       1.0000101252484281       7.0200004577636719
       1.0000101252486657       7.0399990081787109
       1.0000101252487077       7.0599994659423828
       1.0000101252485922       7.0799999237060547
       1.0000101252485707       7.1000003814697266
       1.0000101252487366       7.1199989318847656
       1.0000101252484752       7.1399993896484375
       1.0000101252482816       7.1599998474121094
       1.0000101252483722       7.1800003051757812
       1.0000101252485170       7.1999988555908203
       1.0000101252484879       7.2199993133544922
       1.0000101252483060       7.2399997711181641
       1.0000101252484346       7.2600002288818359
       1.0000101252483031       7.2799987792968750
       1.0000101252483589       7.2999992370605469
       1.0000101252489060       7.3199996948242188
       1.0000101252483506       7.3400001525878906
       1.0000101252483404       7.3599987030029297
       1.0000101252484332       7.3799991607666016
       1.0000101252486908       7.3999996185302734
       1.0000101252485680       7.4200000762939453
       1.0000101252485343       7.4400005340576172
       1.0000101252486868       7.4599990844726562
       1.0000101252485794       7.4799995422363281
       1.0000101252484748       7.5000000000000000
       1.0000101252483447       7.5200004577636719
       1.0000101252483802       7.5399990081787109
       1.0000101252487761       7.5599994659423828
       1.0000101252486209       7.5799999237060547
       1.0000101252482811       7.6000003814697266
       1.0000101252483629       7.6199989318847656
       1.0000101252482230       7.6399993896484375
       1.0000101252484310       7.6599998474121094
       1.0000101252485138       7.6800003051757812
       1.0000101252482749       7.6999988555908203
       0.0037698765006934       7.7199993133544922
       1.0000101252485589       7.7399997711181641
       1.0000101252485596       7.7600002288818359
       1.0000101252486642       7.7799987792968750
       1.0000101252487901       7.7999992370605469
       1.0000101252484690       7.8199996948242188
       1.0000101252484388       7.8400001525878906
       1.0000101252484663       7.8599987030029297
       1.0000101252484428       7.8799991607666016
       1.0000101252487534       7.8999996185302734
       1.0000101252485909       7.9200000762939453
       1.0000101252485440       7.9400005340576172
       1.0000101252484044       7.9599990844726562
       1.0000101252485658       7.9799995422363281
       1.0000101252483526       8.0000000000000000
       1.0000101252483489       8.0200004577636719
       1.0000101252483711       8.0399990081787109
       1.0000101252484117       8.0599994659423828
       1.0000101252474174       8.0799999237060547
       1.0000101252484179       8.1000003814697266
       1.0000101252484599       8.1199989318847656
       1.0000101252486566       8.1399993896484375
       1.0000101252482319       8.1599998474121094
       1.0000101252486890       8.1800003051757812
       1.0000101252484552       8.1999988555908203
       1.0000101252481151       8.2199993133544922
       1.0000101252484674       8.2399997711181641
       1.0000101252485030       8.2600002288818359
       1.0000101251664368       8.2799987792968750
       1.0000101252484859       8.2999992370605469
       1.0000101252485702       8.3199996948242188
       1.0000101252485525       8.3400001525878906
       1.0000101252486981       8.3599987030029297
       1.0000101252482667       8.3799991607666016
       1.0000101252483453       8.3999996185302734
       1.0000101252484510       8.4200000762939453
       1.0000101252483575       8.4400005340576172
       1.0000101252487805       8.4599990844726562
       1.0000101252485718       8.4799995422363281
       1.0000101252484326       8.5000000000000000
       1.0000101252484535       8.5200004577636719
       1.0000101252485800       8.5399990081787109
       1.0000101251936027       8.5599994659423828
       1.0000101252484908       8.5799999237060547
       1.0000101252483271       8.6000003814697266
       1.0000101252485669       8.6199989318847656
       1.0000101252484310       8.6399993896484375
       1.0000101252485094       8.6599998474121094
       1.0000101252483369       8.6800003051757812
       1.0000101252487774       8.6999988555908203
       1.0000101252481408       8.7199993133544922
       1.0000101252478781       8.7399997711181641
       1.0000101252484754       8.7600002288818359
       1.0000101252483600       8.7799987792968750
       1.0000101252481199       8.7999992370605469
       1.0000101252480906       8.8199996948242188
       1.0000101252482638       8.8400001525878906
       1.0000101252483879       8.8599987030029297
       1.0000101252480285       8.8799991607666016
       1.0000101252483700       8.8999996185302734
       1.0000101252484312       8.9200000762939453
       1.0000101252470295       8.9399986267089844
       1.0000101252484004       8.9599990844726562
       1.0000101252486600       8.9799995422363281
       1.0000101252488762       9.0000000000000000
       1.0000101252481828       9.0200004577636719
       1.0000101252485583       9.0399990081787109
       1.0000101252486393       9.0599994659423828
       1.0000101252483546       9.0799999237060547
       1.0000101252486624       9.1000003814697266
       1.0000101252481786       9.1199989318847656
       1.0000101252486164       9.1399993896484375
       1.0000101252483147       9.1599998474121094
       1.0000101252483757       9.1800003051757812
       1.0000101252483744       9.1999988555908203
       1.0000101252486280       9.2199993133544922
       1.0000101252483797       9.2399997711181641
       1.0000101252484070       9.2600002288818359
       1.0000101252486462       9.2799987792968750
       1.0000101252482749       9.2999992370605469
       1.0000101252486571       9.3199996948242188
       1.0000101252483922       9.3400001525878906
       1.0000101252488598       9.3599987030029297
       1.0000101252489437       9.3799991607666016
       1.0000101252484710       9.3999996185302734
       1.0000101252484008       9.4200000762939453
       1.0000101252484319       9.4399986267089844
       1.0000101252484765       9.4599990844726562
       1.0000101252483231       9.4799995422363281
       1.0000101252482885       9.5000000000000000
       1.0000101252483988       9.5200004577636719
       1.0000101252489519       9.5399990081787109
       1.0000101252487352       9.5599994659423828
       1.0000101252485969       9.5799999237060547
       1.0000101252481934       9.6000003814697266
       1.0000101252483524       9.6199989318847656
       1.0000101252482201       9.6399993896484375
       1.0000101252488689       9.6599998474121094
       1.0000101252483977       9.6800003051757812
       1.0000101252479969       9.6999988555908203
       1.0000101252471341       9.7199993133544922
       1.0000101252484301       9.7399997711181641
       1.0000101252485520       9.7600002288818359
       1.0000101252485405       9.7799987792968750
       1.0000101252483675       9.7999992370605469
       1.0000101252483722       9.8199996948242188
       1.0000101252470546       9.8400001525878906
       1.0000101252485969       9.8599987030029297
       1.0000101252481499       9.8799991607666016
       1.0000101252483824       9.8999996185302734
       1.0000101252486631       9.9200000762939453
       1.0000101252484024       9.9399986267089844
       1.0000101252484839       9.9599990844726562
       1.0000101252487346       9.9799995422363281
       1.0000101252484359      10.0000000000000000
