# xi		u_parallel
       0.0000000000000000     -10.0000000000000000
       0.0000000000000000      -9.9799995422363281
       0.0000000000000000      -9.9600000381469727
       0.0000000000000000      -9.9399995803833008
       0.0000000000000000      -9.9200000762939453
       0.0000000000000000      -9.8999996185302734
       0.0000000000000000      -9.8800001144409180
       0.0000000000000000      -9.8599996566772461
       0.0000000000000000      -9.8400001525878906
       0.0000000000000000      -9.8199996948242188
       0.0000000000000000      -9.8000001907348633
       0.0000000000000000      -9.7799997329711914
       0.0000000000000000      -9.7600002288818359
       0.0000000000000000      -9.7399997711181641
       0.0000000000000000      -9.7200002670288086
       0.0000000000000000      -9.6999998092651367
       0.0000000000000000      -9.6800003051757812
       0.0000000000000000      -9.6599998474121094
       0.0000000000000000      -9.6400003433227539
       0.0000000000000000      -9.6199998855590820
       0.0000000000000000      -9.6000003814697266
       0.0000000000000000      -9.5799999237060547
       0.0000000000000000      -9.5600004196166992
       0.0000000000000000      -9.5399999618530273
       0.0000000000000000      -9.5200004577636719
       0.0000000000000000      -9.5000000000000000
       0.0000000000000000      -9.4799995422363281
       0.0000000000000000      -9.4600000381469727
       0.0000000000000000      -9.4399995803833008
       0.0000000000000000      -9.4200000762939453
       0.0000000000000000      -9.3999996185302734
       0.0000000000000000      -9.3800001144409180
       0.0000000000000000      -9.3599996566772461
       0.0000000000000000      -9.3400001525878906
       0.0000000000000000      -9.3199996948242188
       0.0000000000000000      -9.3000001907348633
       0.0000000000000000      -9.2799997329711914
       0.0000000000000000      -9.2600002288818359
       0.0000000000000000      -9.2399997711181641
       0.0000000000000000      -9.2200002670288086
       0.0000000000000000      -9.1999998092651367
       0.0000000000000000      -9.1800003051757812
       0.0000000000000000      -9.1599998474121094
       0.0000000000000000      -9.1400003433227539
       0.0000000000000000      -9.1199998855590820
       0.0000000000000000      -9.1000003814697266
       0.0000000000000000      -9.0799999237060547
       0.0000000000000000      -9.0600004196166992
       0.0000000000000000      -9.0399999618530273
       0.0000000000000000      -9.0200004577636719
       0.0000000000000000      -9.0000000000000000
       0.0000000000000000      -8.9799995422363281
       0.0000000000000000      -8.9600000381469727
       0.0000000000000000      -8.9400005340576172
       0.0000000000000000      -8.9200000762939453
       0.0000000000000000      -8.8999996185302734
       0.0000000000000000      -8.8800001144409180
       0.0000000000000000      -8.8599996566772461
       0.0000000000000000      -8.8400001525878906
       0.0000000000000000      -8.8199996948242188
       0.0000000000000000      -8.8000001907348633
       0.0000000000000000      -8.7799997329711914
       0.0000000000000000      -8.7600002288818359
       0.0000000000000000      -8.7399997711181641
       0.0000000000000000      -8.7200002670288086
       0.0000000000000000      -8.6999998092651367
       0.0000000000000000      -8.6800003051757812
       0.0000000000000000      -8.6599998474121094
       0.0000000000000000      -8.6400003433227539
       0.0000000000000000      -8.6199998855590820
       0.0000000000000000      -8.6000003814697266
       0.0000000000000000      -8.5799999237060547
       0.0000000000000000      -8.5600004196166992
       0.0000000000000000      -8.5399999618530273
       0.0000000000000000      -8.5200004577636719
       0.0000000000000000      -8.5000000000000000
       0.0000000000000000      -8.4799995422363281
       0.0000000000000000      -8.4600000381469727
       0.0000000000000000      -8.4400005340576172
       0.0000000000000000      -8.4200000762939453
       0.0000000000000000      -8.3999996185302734
       0.0000000000000000      -8.3800001144409180
       0.0000000000000000      -8.3599996566772461
       0.0000000000000000      -8.3400001525878906
       0.0000000000000000      -8.3199996948242188
       0.0000000000000000      -8.3000001907348633
       0.0000000000000000      -8.2799997329711914
       0.0000000000000000      -8.2600002288818359
       0.0000000000000000      -8.2399997711181641
       0.0000000000000000      -8.2200002670288086
       0.0000000000000000      -8.1999998092651367
       0.0000000000000000      -8.1800003051757812
       0.0000000000000000      -8.1599998474121094
       0.0000000000000000      -8.1400003433227539
       0.0000000000000000      -8.1199998855590820
       0.0000000000000000      -8.1000003814697266
       0.0000000000000000      -8.0799999237060547
       0.0000000000000000      -8.0600004196166992
       0.0000000000000000      -8.0399999618530273
       0.0000000000000000      -8.0200004577636719
       0.0000000000000000      -8.0000000000000000
       0.0000000000000000      -7.9800000190734863
       0.0000000000000000      -7.9600000381469727
       0.0000000000000000      -7.9400000572204590
       0.0000000000000000      -7.9200000762939453
       0.0000000000000000      -7.9000000953674316
       0.0000000000000000      -7.8800001144409180
       0.0000000000000000      -7.8600001335144043
       0.0000000000000000      -7.8400001525878906
       0.0000000000000000      -7.8199996948242188
       0.0000000000000000      -7.8000001907348633
       0.0000000000000000      -7.7799997329711914
       0.0000000000000000      -7.7600002288818359
       0.0000000000000000      -7.7399997711181641
       0.0000000000000000      -7.7200002670288086
       0.0000000000000000      -7.6999998092651367
       0.0000000000000000      -7.6800003051757812
       0.0000000000000000      -7.6599998474121094
       0.0000000000000000      -7.6400003433227539
       0.0000000000000000      -7.6199998855590820
       0.0000000000000000      -7.6000003814697266
       0.0000000000000000      -7.5799999237060547
       0.0000000000000000      -7.5599999427795410
       0.0000000000000000      -7.5399999618530273
       0.0000000000000000      -7.5199999809265137
       0.0000000000000000      -7.5000000000000000
       0.0000000000000000      -7.4800000190734863
       0.0000000000000000      -7.4600000381469727
       0.0000000000000000      -7.4400000572204590
       0.0000000000000000      -7.4200000762939453
       0.0000000000000000      -7.4000000953674316
       0.0000000000000000      -7.3800001144409180
       0.0000000000000000      -7.3600001335144043
       0.0000000000000000      -7.3400001525878906
       0.0000000000000000      -7.3200001716613770
       0.0000000000000000      -7.3000001907348633
       0.0000000000000000      -7.2799997329711914
       0.0000000000000000      -7.2600002288818359
       0.0000000000000000      -7.2399997711181641
       0.0000000000000000      -7.2200002670288086
       0.0000000000000000      -7.1999998092651367
       0.0000000000000000      -7.1800003051757812
       0.0000000000000000      -7.1599998474121094
       0.0000000000000000      -7.1400003433227539
       0.0000000000000000      -7.1199998855590820
       0.0000000000000000      -7.1000003814697266
       0.0000000000000000      -7.0799999237060547
       0.0000000000000000      -7.0600004196166992
       0.0000000000000000      -7.0399999618530273
       0.0000000000000000      -7.0199999809265137
       0.0000000000000000      -7.0000000000000000
       0.0000000000000000      -6.9800000190734863
       0.0000000000000000      -6.9600000381469727
       0.0000000000000000      -6.9400000572204590
       0.0000000000000000      -6.9200000762939453
       0.0000000000000000      -6.9000000953674316
       0.0000000000000000      -6.8800001144409180
       0.0000000000000000      -6.8600001335144043
       0.0000000000000000      -6.8400001525878906
       0.0000000000000000      -6.8200001716613770
       0.0000000000000000      -6.8000001907348633
       0.0000000000000000      -6.7799997329711914
       0.0000000000000000      -6.7600002288818359
       0.0000000000000000      -6.7399997711181641
       0.0000000000000000      -6.7200002670288086
       0.0000000000000000      -6.6999998092651367
       0.0000000000000000      -6.6800003051757812
       0.0000000000000000      -6.6599998474121094
       0.0000000000000000      -6.6400003433227539
       0.0000000000000000      -6.6199998855590820
       0.0000000000000000      -6.6000003814697266
       0.0000000000000000      -6.5799999237060547
       0.0000000000000000      -6.5600004196166992
       0.0000000000000000      -6.5399999618530273
       0.0000000000000000      -6.5199999809265137
       0.0000000000000000      -6.5000000000000000
       0.0000000000000000      -6.4800000190734863
       0.0000000000000000      -6.4600000381469727
       0.0000000000000000      -6.4400000572204590
       0.0000000000000000      -6.4200000762939453
       0.0000000000000000      -6.4000000953674316
       0.0000000000000000      -6.3800001144409180
       0.0000000000000000      -6.3600001335144043
       0.0000000000000000      -6.3400001525878906
       0.0000000000000000      -6.3200001716613770
       0.0000000000000000      -6.3000001907348633
       0.0000000000000000      -6.2799997329711914
       0.0000000000000000      -6.2600002288818359
       0.0000000000000000      -6.2399997711181641
       0.0000000000000000      -6.2200002670288086
       0.0000000000000000      -6.1999998092651367
       0.0000000000000000      -6.1800003051757812
       0.0000000000000000      -6.1599998474121094
       0.0000000000000000      -6.1400003433227539
       0.0000000000000000      -6.1199998855590820
       0.0000000000000000      -6.1000003814697266
       0.0000000000000000      -6.0799999237060547
       0.0000000000000000      -6.0600004196166992
       0.0000000000000000      -6.0399999618530273
       0.0000000000000000      -6.0199999809265137
       0.0000000000000000      -6.0000000000000000
       0.0000000000000000      -5.9800000190734863
       0.0000000000000000      -5.9600000381469727
       0.0000000000000000      -5.9400000572204590
       0.0000000000000000      -5.9200000762939453
       0.0000000000000000      -5.9000000953674316
       0.0000000000000000      -5.8800001144409180
       0.0000000000000000      -5.8600001335144043
       0.0000000000000000      -5.8400001525878906
       0.0000000000000000      -5.8200001716613770
       0.0000000000000000      -5.8000001907348633
       0.0000000000000000      -5.7800002098083496
       0.0000000000000000      -5.7600002288818359
       0.0000000000000000      -5.7400002479553223
       0.0000000000000000      -5.7200002670288086
       0.0000000000000000      -5.7000002861022949
       0.0000000000000000      -5.6800003051757812
       0.0000000000000000      -5.6600003242492676
       0.0000000000000000      -5.6399998664855957
       0.0000000000000000      -5.6199998855590820
       0.0000000000000000      -5.5999999046325684
       0.0000000000000000      -5.5799999237060547
       0.0000000000000000      -5.5599999427795410
       0.0000000000000000      -5.5399999618530273
       0.0000000000000000      -5.5199999809265137
       0.0000000000000000      -5.5000000000000000
       0.0000000000000000      -5.4800000190734863
       0.0000000000000000      -5.4600000381469727
       0.0000000000000001      -5.4400000572204590
       0.0000000000000001      -5.4200000762939453
       0.0000000000000001      -5.4000000953674316
       0.0000000000000001      -5.3800001144409180
       0.0000000000000002      -5.3600001335144043
       0.0000000000000002      -5.3400001525878906
       0.0000000000000002      -5.3200001716613770
       0.0000000000000003      -5.3000001907348633
       0.0000000000000004      -5.2800002098083496
       0.0000000000000005      -5.2600002288818359
       0.0000000000000006      -5.2400002479553223
       0.0000000000000008      -5.2200002670288086
       0.0000000000000010      -5.2000002861022949
       0.0000000000000012      -5.1800003051757812
       0.0000000000000015      -5.1600003242492676
       0.0000000000000019      -5.1400003433227539
       0.0000000000000023      -5.1199998855590820
       0.0000000000000029      -5.0999999046325684
       0.0000000000000036      -5.0799999237060547
       0.0000000000000045      -5.0599999427795410
       0.0000000000000056      -5.0399999618530273
       0.0000000000000070      -5.0199999809265137
       0.0000000000000087      -5.0000000000000000
       0.0000000000000109      -4.9800000190734863
       0.0000000000000135      -4.9600000381469727
       0.0000000000000168      -4.9400000572204590
       0.0000000000000208      -4.9200000762939453
       0.0000000000000258      -4.9000000953674316
       0.0000000000000320      -4.8800001144409180
       0.0000000000000397      -4.8600001335144043
       0.0000000000000491      -4.8400001525878906
       0.0000000000000608      -4.8200001716613770
       0.0000000000000751      -4.8000001907348633
       0.0000000000000928      -4.7800002098083496
       0.0000000000001146      -4.7600002288818359
       0.0000000000001414      -4.7400002479553223
       0.0000000000001744      -4.7200002670288086
       0.0000000000002149      -4.7000002861022949
       0.0000000000002646      -4.6800003051757812
       0.0000000000003257      -4.6600003242492676
       0.0000000000004005      -4.6400003433227539
       0.0000000000004923      -4.6199998855590820
       0.0000000000006046      -4.5999999046325684
       0.0000000000007422      -4.5799999237060547
       0.0000000000009105      -4.5599999427795410
       0.0000000000011162      -4.5399999618530273
       0.0000000000013675      -4.5199999809265137
       0.0000000000016743      -4.5000000000000000
       0.0000000000020488      -4.4800000190734863
       0.0000000000025054      -4.4600000381469727
       0.0000000000030618      -4.4400000572204590
       0.0000000000037396      -4.4200000762939453
       0.0000000000045647      -4.4000000953674316
       0.0000000000055683      -4.3800001144409180
       0.0000000000067886      -4.3600001335144043
       0.0000000000082712      -4.3400001525878906
       0.0000000000100717      -4.3200001716613770
       0.0000000000122569      -4.3000001907348633
       0.0000000000149073      -4.2800002098083496
       0.0000000000181203      -4.2600002288818359
       0.0000000000220129      -4.2400002479553223
       0.0000000000267264      -4.2200002670288086
       0.0000000000324305      -4.2000002861022949
       0.0000000000393297      -4.1800003051757812
       0.0000000000476698      -4.1600003242492676
       0.0000000000577461      -4.1400003433227539
       0.0000000000699135      -4.1200003623962402
       0.0000000000845988      -4.0999999046325684
       0.0000000001023125      -4.0799999237060547
       0.0000000001236687      -4.0599999427795410
       0.0000000001494032      -4.0399999618530273
       0.0000000001803979      -4.0199999809265137
       0.0000000002177093      -4.0000000000000000
       0.0000000002626027      -3.9800000190734863
       0.0000000003165928      -3.9600000381469727
       0.0000000003814921      -3.9400000572204590
       0.0000000004594682      -3.9200000762939453
       0.0000000005531134      -3.9000000953674316
       0.0000000006655257      -3.8800001144409180
       0.0000000008004069      -3.8600001335144043
       0.0000000009621785      -3.8400001525878906
       0.0000000011561203      -3.8200001716613770
       0.0000000013885346      -3.8000001907348633
       0.0000000016669427      -3.7800002098083496
       0.0000000020003180      -3.7600002288818359
       0.0000000023993637      -3.7400002479553223
       0.0000000028768436      -3.7200002670288086
       0.0000000034479761      -3.7000002861022949
       0.0000000041309022      -3.6800003051757812
       0.0000000049472439      -3.6600003242492676
       0.0000000059227690      -3.6400003433227539
       0.0000000070881823      -3.6200003623962402
       0.0000000084800688      -3.6000003814697266
       0.0000000101420612      -3.5799999237060547
       0.0000000121260152      -3.5599999427795410
       0.0000000144938431      -3.5399999618530273
       0.0000000173192707      -3.5199999809265137
       0.0000000206901489      -3.5000000000000000
       0.0000000247111735      -3.4800000190734863
       0.0000000295071343      -3.4600000381469727
       0.0000000352268018      -3.4400000572204590
       0.0000000420475796      -3.4200000762939453
       0.0000000501810777      -3.4000000953674316
       0.0000000598797944      -3.3800001144409180
       0.0000000714451386      -3.3600001335144043
       0.0000000852370674      -3.3400001525878906
       0.0000001016856832      -3.3200001716613770
       0.0000001213052028      -3.3000001907348633
       0.0000001447108108      -3.2800002098083496
       0.0000001726390227      -3.2600002288818359
       0.0000002059723310      -3.2400002479553223
       0.0000002457690884      -3.2200002670288086
       0.0000002932998133      -3.2000002861022949
       0.0000003500913910      -3.1800003051757812
       0.0000004179810123      -3.1600003242492676
       0.0000004991821580      -3.1400003433227539
       0.0000005963655358      -3.1200003623962402
       0.0000007127586471      -3.1000003814697266
       0.0000008522722933      -3.0799999237060547
       0.0000010196388909      -3.0599999427795410
       0.0000012206213331      -3.0399999618530273
       0.0000014622362530      -3.0199999809265137
       0.0000017530526474      -3.0000000000000000
       0.0000021035639849      -2.9800000190734863
       0.0000025266589994      -2.9600000381469727
       0.0000030382206037      -2.9400000572204590
       0.0000036578923218      -2.9200000762939453
       0.0000044100654471      -2.9000000953674316
       0.0000053251594744      -2.8800001144409180
       0.0000064412957483      -2.8600001335144043
       0.0000078065035610      -2.8400001525878906
       0.0000094816550506      -2.8200001716613770
       0.0000115444094974      -2.8000001907348633
       0.0000140945738790      -2.7800002098083496
       0.0000172614791015      -2.7600002288818359
       0.0000212142706726      -2.7400002479553223
       0.0000261764878870      -2.7200002670288086
       0.0000324470782358      -2.7000002861022949
       0.0000404312830753      -2.6800003051757812
       0.0000506870464313      -2.6600003242492676
       0.0000639965360120      -2.6400003433227539
       0.0000814796325402      -2.6200003623962402
       0.0001047802578124      -2.6000003814697266
       0.0001363848563489      -2.5800004005432129
       0.0001801949130522      -2.5599999427795410
       0.0002426095426593      -2.5399999618530273
       0.0003347579238089      -2.5199999809265137
       0.0004775098918104      -2.5000000000000000
       0.0007143076358081      -2.4800000190734863
       0.0011505635339254      -2.4600000381469727
       0.0021150297928578      -2.4400000572204590
       0.0053185180222212      -2.4200000762939453
       0.4845495476667110      -2.4000000953674316
       0.9692330778662409      -2.3800001144409180
       0.9734135348650922      -2.3600001335144043
       0.9749521739252514      -2.3400001525878906
       0.9757985920453742      -2.3200001716613770
       0.9763564069160973      -2.3000001907348633
       0.9767643859730868      -2.2800002098083496
       0.9770837693688966      -2.2600002288818359
       0.9773460556474618      -2.2400002479553223
       0.9775692336823510      -2.2200002670288086
       0.9777643937843455      -2.2000002861022949
       0.9779387857288131      -2.1800003051757812
       0.9780973739956055      -2.1600003242492676
       0.9782436892281096      -2.1400003433227539
       0.9783803227500830      -2.1200003623962402
       0.9785092280355229      -2.1000003814697266
       0.9786319120886837      -2.0800004005432129
       0.9787495639401759      -2.0599999427795410
       0.9788631286404582      -2.0399999618530273
       0.9789733831386003      -2.0199999809265137
       0.9790809669265920      -2.0000000000000000
       0.9791864127951454      -1.9800004959106445
       0.9792901817014262      -1.9600000381469727
       0.9793926521873410      -1.9400005340576172
       0.9794941702032882      -1.9200000762939453
       0.9795950197424467      -1.9000005722045898
       0.9796954692570535      -1.8800001144409180
       0.9797957391236894      -1.8600006103515625
       0.9798960447663797      -1.8400001525878906
       0.9799965621639283      -1.8200006484985352
       0.9800974692164938      -1.8000001907348633
       0.9801989147034863      -1.7799997329711914
       0.9803010345724876      -1.7600002288818359
       0.9804039683250007      -1.7399997711181641
       0.9805078261990202      -1.7200002670288086
       0.9806127295887129      -1.6999998092651367
       0.9807187723340807      -1.6800003051757812
       0.9808260615330679      -1.6599998474121094
       0.9809346777087338      -1.6400003433227539
       0.9810447162863306      -1.6199998855590820
       0.9811562465782814      -1.6000003814697266
       0.9812693541390182      -1.5799999237060547
       0.9813840984975023      -1.5600004196166992
       0.9815005565599646      -1.5399999618530273
       0.9816187790161992      -1.5200004577636719
       0.9817388349307699      -1.5000000000000000
       0.9818607667509278      -1.4800004959106445
       0.9819846362002829      -1.4600000381469727
       0.9821104778412502      -1.4400005340576172
       0.9822383463358505      -1.4200000762939453
       0.9823682685004048      -1.4000005722045898
       0.9825002920819005      -1.3800001144409180
       0.9826344361848803      -1.3600006103515625
       0.9827707416323972      -1.3400001525878906
       0.9829092197620258      -1.3200006484985352
       0.9830499043985101      -1.3000001907348633
       0.9831928058647406      -1.2799997329711914
       0.9833379302549644      -1.2600002288818359
       0.9834853006566929      -1.2399997711181641
       0.9836349083870914      -1.2200002670288086
       0.9837867691707469      -1.1999998092651367
       0.9839408660260789      -1.1800003051757812
       0.9840972071546232      -1.1599998474121094
       0.9842557671206051      -1.1400003433227539
       0.9844165464539041      -1.1199998855590820
       0.9845795111371572      -1.1000003814697266
       0.9847446539086073      -1.0799999237060547
       0.9849119320820277      -1.0600004196166992
       0.9850813305244132      -1.0399999618530273
       0.9852527978455742      -1.0200004577636719
       0.9854263110119812      -1.0000000000000000
       0.9856018099555782      -0.9800004959106445
       0.9857792637722494      -0.9600000381469727
       0.9859586038111072      -0.9400005340576172
       0.9861397913950426      -0.9200000762939453
       0.9863227494614328      -0.9000005722045898
       0.9865074317264361      -0.8800001144409180
       0.9866937529692683      -0.8600006103515625
       0.9868816595447550      -0.8400001525878906
       0.9870710584081183      -0.8200006484985352
       0.9872618888768123      -0.8000001907348633
       0.9874540596973435      -0.7799997329711914
       0.9876474759712029      -0.7600002288818359
       0.9878420672402608      -0.7399997711181641
       0.9880377229272708      -0.7200002670288086
       0.9882343666923551      -0.6999998092651367
       0.9884318819747129      -0.6800003051757812
       0.9886301871490537      -0.6599998474121094
       0.9888291603772549      -0.6400003433227539
       0.9890287154145727      -0.6199998855590820
       0.9892287259227671      -0.6000003814697266
       0.9894291017681041      -0.5799999237060547
       0.9896297129530810      -0.5600004196166992
       0.9898304662407041      -0.5399999618530273
       0.9900312288693358      -0.5200004577636719
       0.9902319053321516      -0.5000000000000000
       0.9904323610434934      -0.4800004959106445
       0.9906324990961575      -0.4600000381469727
       0.9908321840488902      -0.4400005340576172
       0.9910313185025702      -0.4200000762939453
       0.9912297671492437      -0.4000005722045898
       0.9914274329881694      -0.3800001144409180
       0.9916241818662017      -0.3600006103515625
       0.9918199180945997      -0.3400001525878906
       0.9920145096652033      -0.3200006484985352
       0.9922078631047938      -0.3000001907348633
       0.9923998495174090      -0.2800006866455078
       0.9925903785337238      -0.2600002288818359
       0.9927793342888619      -0.2399997711181641
       0.9929666034414598      -0.2200002670288086
       0.9931521018331738      -0.1999998092651367
       0.9933357123968941      -0.1800003051757812
       0.9935173560870100      -0.1599998474121094
       0.9936969220432857      -0.1400003433227539
       0.9938743370367235      -0.1199998855590820
       0.9940494971557089      -0.1000003814697266
       0.9942223356191244      -0.0799999237060547
       0.9943927561218875      -0.0600004196166992
       0.9945606988814862      -0.0399999618530273
       0.9947260757679953      -0.0200004577636719
       0.9948888344608876       0.0000000000000000
       0.9950488954769866       0.0199995040893555
       0.9952062143280472       0.0399999618530273
       0.9953607205492025       0.0599994659423828
       0.9955123777577478       0.0799999237060547
       0.9956611247742450       0.0999994277954102
       0.9958069334977480       0.1199998855590820
       0.9959497521952966       0.1399993896484375
       0.9960895611249888       0.1599998474121094
       0.9962263180580307       0.1799993515014648
       0.9963600115907819       0.1999998092651367
       0.9964906089542866       0.2199993133544922
       0.9966181069691947       0.2399997711181641
       0.9967424880382488       0.2600002288818359
       0.9968637394354979       0.2799997329711914
       0.9969818699124181       0.3000001907348633
       0.9970968695165642       0.3199996948242188
       0.9972087545625433       0.3400001525878906
       0.9973175236614781       0.3599996566772461
       0.9974232002928787       0.3800001144409180
       0.9975257911929347       0.3999996185302734
       0.9976253265452327       0.4200000762939453
       0.9977218207083716       0.4399995803833008
       0.9978153100529408       0.4600000381469727
       0.9979058160026086       0.4799995422363281
       0.9979933805541543       0.5000000000000000
       0.9980780315929492       0.5199995040893555
       0.9981598161472363       0.5399999618530273
       0.9982387679274765       0.5599994659423828
       0.9983149383720240       0.5799999237060547
       0.9983883663566179       0.5999994277954102
       0.9984591070969977       0.6199998855590820
       0.9985272039591946       0.6399993896484375
       0.9985927152945208       0.6599998474121094
       0.9986556882851566       0.6799993515014648
       0.9987161837827814       0.6999998092651367
       0.9987742521140767       0.7199993133544922
       0.9988299560091354       0.7399997711181641
       0.9988833507740941       0.7600002288818359
       0.9989344929407470       0.7799997329711914
       0.9989834469362747       0.8000001907348633
       0.9990302681296047       0.8199996948242188
       0.9990750213748405       0.8400001525878906
       0.9991177630027811       0.8599996566772461
       0.9991585577722768       0.8800001144409180
       0.9991974624270782       0.8999996185302734
       0.9992345411491146       0.9200000762939453
       0.9992698505884270       0.9399995803833008
       0.9993034539114243       0.9600000381469727
       0.9993354072144112       0.9799995422363281
       0.9993657722565015       1.0000000000000000
       0.9993946041666576       1.0199995040893555
       0.9994219629530663       1.0399999618530273
       0.9994479024136989       1.0599994659423828
       0.9994724805107462       1.0799999237060547
       0.9994957493961272       1.0999994277954102
       0.9995177647386001       1.1199998855590820
       0.9995385767796479       1.1399993896484375
       0.9995582386938382       1.1599998474121094
       0.9995767985943719       1.1799993515014648
       0.9995943065943779       1.1999998092651367
       0.9996108097450128       1.2199993133544922
       0.9996263545734383       1.2399997711181641
       0.9996409848782727       1.2599992752075195
       0.9996547455905705       1.2799997329711914
       0.9996676781792094       1.3000001907348633
       0.9996798229146343       1.3199996948242188
       0.9996912204223317       1.3400001525878906
       0.9997019077193436       1.3599996566772461
       0.9997119225722718       1.3800001144409180
       0.9997212994203285       1.3999996185302734
       0.9997300732132163       1.4200000762939453
       0.9997382758403817       1.4399995803833008
       0.9997459395010270       1.4600000381469727
       0.9997530935871330       1.4799995422363281
       0.9997597676344340       1.5000000000000000
       0.9997659886099669       1.5199995040893555
       0.9997717834904521       1.5399999618530273
       0.9997771769086392       1.5599994659423828
       0.9997821933991388       1.5799999237060547
       0.9997868553654601       1.5999994277954102
       0.9997911850281851       1.6199998855590820
       0.9997952026750466       1.6399993896484375
       0.9997989283494120       1.6599998474121094
       0.9998023803461323       1.6799993515014648
       0.9998055766701809       1.6999998092651367
       0.9998085337511516       1.7199993133544922
       0.9998112676983627       1.7399997711181641
       0.9998137932061292       1.7599992752075195
       0.9998161246304913       1.7799997329711914
       0.9998182751581762       1.8000001907348633
       0.9998202572382432       1.8199996948242188
       0.9998220828609774       1.8400001525878906
       0.9998237629466014       1.8599996566772461
       0.9998253080766926       1.8800001144409180
       0.0313805818853516       1.8999996185302734
       0.9998280316660909       1.9200000762939453
       0.9998292278895050       1.9399995803833008
       0.9998303246996352       1.9600000381469727
       0.9998313295006637       1.9799995422363281
       0.9998322494011876       2.0000000000000000
       0.9998330908567207       2.0199995040893555
       0.9998338600453751       2.0399999618530273
       0.9998345625737410       2.0599994659423828
       0.9998352037922433       2.0799999237060547
       0.9998357885515781       2.0999994277954102
       0.9998363214681235       2.1199998855590820
       0.9998368067227176       2.1399993896484375
       0.9998372482840907       2.1599998474121094
       0.9998376497419725       2.1799993515014648
       0.9998380144964431       2.1999998092651367
       0.9998383456183140       2.2199993133544922
       0.9998386460085187       2.2399997711181641
       0.9998389182857276       2.2599992752075195
       0.9998391649159183       2.2799997329711914
       0.9998393881335801       2.3000001907348633
       0.9998395899609245       2.3199996948242188
       0.9998397724296603       2.3400001525878906
       0.9998399371575305       2.3599996566772461
       0.9998400858005572       2.3800001144409180
       0.9998402198138178       2.3999996185302734
       0.9998403405560935       2.4200000762939453
       0.9998404492479676       2.4399995803833008
       0.9998405470268451       2.4600000381469727
       0.9998406349126436       2.4799995422363281
       0.9998407138533002       2.5000000000000000
       0.9998407846980870       2.5199995040893555
       0.9998408482346923       2.5399999618530273
       0.9998409051679826       2.5599994659423828
       0.9998409561496828       2.5799999237060547
       0.9998410017628880       2.5999994277954102
       0.9998410425452895       2.6199998855590820
       0.9998410789770620       2.6399993896484375
       0.9998411115005854       2.6599998474121094
       0.9998411405098923       2.6799993515014648
       0.9998411663672890       2.6999998092651367
       0.9998411893952966       2.7199993133544922
       0.9998412098896827       2.7399997711181641
       0.9998412281136364       2.7599992752075195
       0.9998412443077500       2.7799997329711914
       0.9998412586851938       2.7999992370605469
       0.9998412714417689       2.8199996948242188
       0.9998412827505589       2.8400001525878906
       0.9998412927680057       2.8599996566772461
       0.9998413016351163       2.8800001144409180
       0.9998413094774015       2.8999996185302734
       0.9998413164014260       2.9200000762939453
       0.9998413224156470       2.9399995803833008
       0.9998413279308885       2.9600000381469727
       0.9998413326954683       2.9799995422363281
       0.9998413368894356       3.0000000000000000
       0.9998413405862039       3.0199995040893555
       0.9998413438334236       3.0399999618530273
       0.9998413466901788       3.0599994659423828
       0.9998413491992165       3.0799999237060547
       0.9998413513155489       3.0999994277954102
       0.9998413533327075       3.1199998855590820
       0.9998413550250101       3.1399993896484375
       0.9998413565067410       3.1599998474121094
       0.9998413578032609       3.1799993515014648
       0.9998413589369385       3.1999998092651367
       0.9998413599273120       3.2199993133544922
       0.9998413607916363       3.2399997711181641
       0.9998413615455335       3.2599992752075195
       0.9998413622028787       3.2799997329711914
       0.9998413627751133       3.2999992370605469
       0.9998413632732016       3.3199996948242188
       0.9998413637064870       3.3400001525878906
       0.9998413640825291       3.3599996566772461
       0.9998413644093389       3.3800001144409180
       0.9998413646926639       3.3999996185302734
       0.9998413649302488       3.4200000762939453
       0.9998413651511048       3.4399995803833008
       0.9998413653354266       3.4600000381469727
       0.9998413654945516       3.4799995422363281
       0.9998413656322058       3.5000000000000000
       0.9998413657510725       3.5199995040893555
       0.9998413658538299       3.5399999618530273
       0.9998413659421104       3.5599994659423828
       0.9998413660183906       3.5799999237060547
       0.9998413660838784       3.5999994277954102
       0.9998413661402924       3.6199998855590820
       0.9998413661887926       3.6399993896484375
       0.9998413662303792       3.6599998474121094
       0.9998413662661243       3.6799993515014648
       0.9998413662966023       3.6999998092651367
       0.9998413663230995       3.7199993133544922
       0.9998413663454397       3.7399997711181641
       0.9998413663537256       3.7599992752075195
       0.9998413663810785       3.7799997329711914
       0.9998413663950695       3.7999992370605469
       0.9998413664072082       3.8199996948242188
       0.9998413664174123       3.8400001525878906
       0.9998413664260638       3.8599996566772461
       0.9998413664333110       3.8800001144409180
       0.9998413664395949       3.8999996185302734
       0.9998413664451806       3.9200000762939453
       0.9998413664498620       3.9399995803833008
       0.9998413664535385       3.9600000381469727
       0.9998413664566431       3.9799995422363281
       0.9998413664595118       4.0000000000000000
       0.9998413664617577       4.0199995040893555
       0.0256559767608211       4.0399999618530273
       0.9998413664657532       4.0599994659423828
       0.9998413664669833       4.0799999237060547
       0.9998413664682261       4.0999994277954102
       0.9998413664693664       4.1199998855590820
       0.9998413664701546       4.1399993896484375
       0.9998413664710923       4.1599998474121094
       0.9998413664713194       4.1799993515014648
       0.9998413664721275       4.1999998092651367
       0.9998413664720011       4.2199993133544922
       0.9998413664726655       4.2399997711181641
       0.9998413664730937       4.2599992752075195
       0.9998413664732776       4.2799997329711914
       0.9998413664737177       4.2999992370605469
       0.9998413664737078       4.3199996948242188
       0.9998413664741161       4.3400001525878906
       0.9998413664738908       4.3599996566772461
       0.9998413664740753       4.3800001144409180
       0.9998413664739146       4.3999996185302734
       0.9998413664742957       4.4200000762939453
       0.9998413664745921       4.4399995803833008
       0.9998413664743397       4.4600000381469727
       0.9998413664745894       4.4799995422363281
       0.9998413664742689       4.5000000000000000
       0.9998413664743980       4.5199995040893555
       0.9998413664744233       4.5399999618530273
       0.9998413664745643       4.5599994659423828
       0.9998413664747161       4.5799999237060547
       0.9998413664739243       4.5999994277954102
       0.9998413664746645       4.6199998855590820
       0.9998413664746352       4.6399993896484375
       0.9998413664743144       4.6599998474121094
       0.9998413664745671       4.6799993515014648
       0.9998413664745629       4.6999998092651367
       0.9998413664746355       4.7199993133544922
       0.9998413664744327       4.7399997711181641
       0.9998413664746744       4.7599992752075195
       0.9998413664744376       4.7799997329711914
       0.9998413664743767       4.7999992370605469
       0.9998413664744786       4.8199996948242188
       0.9998413664747158       4.8399991989135742
       0.9998413664745874       4.8599996566772461
       0.9998413664745459       4.8800001144409180
       0.9998413664744827       4.8999996185302734
       0.9998413664743617       4.9200000762939453
       0.9998413664745756       4.9399995803833008
       0.9998413664744714       4.9600000381469727
       0.9998413664747130       4.9799995422363281
       0.9998413664746258       5.0000000000000000
       0.9998413664743360       5.0199995040893555
       0.9998413664746222       5.0399999618530273
       0.9998413664717016       5.0599994659423828
       0.9998413664745349       5.0799999237060547
       0.9998413664747322       5.0999994277954102
       0.9998413664746816       5.1199998855590820
       0.9998413664745756       5.1399993896484375
       0.9998413664745082       5.1599998474121094
       0.9998413664745659       5.1799993515014648
       0.9998413664745115       5.1999998092651367
       0.9998413664746649       5.2199993133544922
       0.9998413664745209       5.2399997711181641
       0.9998413664743663       5.2599992752075195
       0.9998413664746615       5.2799997329711914
       0.9998413664745555       5.2999992370605469
       0.9998413664745888       5.3199996948242188
       0.9998413664745128       5.3399991989135742
       0.9998413664744963       5.3599996566772461
       0.9998413664744946       5.3800001144409180
       0.9998413664743130       5.3999996185302734
       0.9998413664746489       5.4200000762939453
       0.9998413664746496       5.4399995803833008
       0.9998413664745498       5.4600000381469727
       0.9998413664744868       5.4799995422363281
       0.9998413664746250       5.5000000000000000
       0.9998413664745538       5.5199995040893555
       0.9998413664744047       5.5399999618530273
       0.9998413664745410       5.5599994659423828
       0.9998413664745562       5.5799999237060547
       0.9998413664748772       5.5999994277954102
       0.9998413664747454       5.6199998855590820
       0.9998413664745888       5.6399993896484375
       0.9998413664748816       5.6599998474121094
       0.9998413664746083       5.6799993515014648
       0.9998413664746547       5.6999998092651367
       0.9998413664744956       5.7199993133544922
       0.9998413664746524       5.7399997711181641
       0.9998413664745391       5.7599992752075195
       0.0219039143484540       5.7799997329711914
       0.9998413664742906       5.7999992370605469
       0.9998413664744017       5.8199996948242188
       0.9998413664745426       5.8399991989135742
       0.9998413664744651       5.8599996566772461
       0.0222889215131954       5.8800001144409180
       0.0221169975941061       5.8999996185302734
       0.9998413664730673       5.9200000762939453
       0.9998413664744752       5.9399995803833008
       0.9998413664744431       5.9600000381469727
       0.9998413664744072       5.9799995422363281
       0.9998413664746280       6.0000000000000000
       0.9998413664745671       6.0200004577636719
       0.9998413664748970       6.0399990081787109
       0.9998412987178871       6.0599994659423828
       0.9998413664742931       6.0799999237060547
       0.9998413664744367       6.1000003814697266
       0.9998413664745819       6.1199989318847656
       0.9998413664747386       6.1399993896484375
       0.9998413664746296       6.1599998474121094
       0.9998413664743744       6.1800003051757812
       0.9998413655673953       6.1999988555908203
       0.9998413664745333       6.2199993133544922
       0.9998413664747652       6.2399997711181641
       0.9998413664748460       6.2600002288818359
       0.9998413664746929       6.2799987792968750
       0.9998413664746730       6.2999992370605469
       0.9998413664748346       6.3199996948242188
       0.9998413664745788       6.3400001525878906
       0.9998413664743891       6.3599987030029297
       0.0244644481589174       6.3799991607666016
       0.9998413664746192       6.3999996185302734
       0.9998413664745913       6.4200000762939453
       0.9998413664744124       6.4400005340576172
       0.9998413664745378       6.4599990844726562
       0.9998413664744111       6.4799995422363281
       0.9998413664744653       6.5000000000000000
       0.9998413664750007       6.5200004577636719
       0.9998413664744560       6.5399990081787109
       0.9998413664744471       6.5599994659423828
       0.9998413664745375       6.5799999237060547
       0.9998413664747902       6.6000003814697266
       0.9998413664746696       6.6199989318847656
       0.9998413664746358       6.6399993896484375
       0.9998413664747872       6.6599998474121094
       0.9998413664746809       6.6800003051757812
       0.9998413664745799       6.6999988555908203
       0.9998413664744508       6.7199993133544922
       0.9998413664744857       6.7399997711181641
       0.9998413664748735       6.7600002288818359
       0.9998413664747212       6.7799987792968750
       0.9998413664743895       6.7999992370605469
       0.9998413664744702       6.8199996948242188
       0.9998413664743313       6.8400001525878906
       0.9998413664745358       6.8599987030029297
       0.9998413664746159       6.8799991607666016
       0.9998413664743820       6.8999996185302734
       0.9998413664749644       6.9200000762939453
       0.9998413664746603       6.9400005340576172
       0.9998413664746622       6.9599990844726562
       0.9998413664747642       6.9799995422363281
       0.9998413664748863       7.0000000000000000
       0.9998413664745727       7.0200004577636719
       0.9998413664745437       7.0399990081787109
       0.9998413664745694       7.0599994659423828
       0.9998413664745470       7.0799999237060547
       0.9998413664748511       7.1000003814697266
       0.9998413664746917       7.1199989318847656
       0.9998413664746456       7.1399993896484375
       0.9998413664745095       7.1599998474121094
       0.9998413664746667       7.1800003051757812
       0.9998413664744576       7.1999988555908203
       0.9998413664744550       7.2199993133544922
       0.9998413664744760       7.2399997711181641
       0.9998413664745178       7.2600002288818359
       0.9998413664735174       7.2799987792968750
       0.9998413664745210       7.2999992370605469
       0.9998413664745629       7.3199996948242188
       0.9998413664747566       7.3400001525878906
       0.9998413664743389       7.3599987030029297
       0.9998413664748227       7.3799991607666016
       0.9998413664745591       7.3999996185302734
       0.9998413664742246       7.4200000762939453
       0.9998413664745717       7.4400005340576172
       0.9998413664746062       7.4599990844726562
       0.9998413664748870       7.4799995422363281
       0.9998413664745894       7.5000000000000000
       0.9998413664746707       7.5200004577636719
       0.0257211134480903       7.5399990081787109
       0.9998413664747966       7.5599994659423828
       0.9998413664743736       7.5799999237060547
       0.9998413664744514       7.6000003814697266
       0.9998413664745517       7.6199989318847656
       0.9998413664744656       7.6399993896484375
       0.9998413664748770       7.6599998474121094
       0.9998413664746774       7.6800003051757812
       0.9998413664745383       7.6999988555908203
       0.9998413664745581       7.7199993133544922
       0.9998413664746816       7.7399997711181641
       0.9998413664212276       7.7600002288818359
       0.9998413664745945       7.7799987792968750
       0.9998413664744340       7.7999992370605469
       0.9998413664746684       7.8199996948242188
       0.9998413664745378       7.8400001525878906
       0.9998413664746141       7.8599987030029297
       0.9998413664744431       7.8799991607666016
       0.9998413664748753       7.8999996185302734
       0.9998413664742486       7.9200000762939453
       0.9998413664739852       7.9400005340576172
       0.9998413664745786       7.9599990844726562
       0.9998413664744659       7.9799995422363281
       0.9998413664742168       8.0000000000000000
       0.9998413664742110       8.0200004577636719
       0.9998413664743818       8.0399990081787109
       0.9998413664744936       8.0599994659423828
       0.9998413664741442       8.0799999237060547
       0.9998413664744755       8.1000003814697266
       0.9998413664745359       8.1199989318847656
       0.9998413664731365       8.1399993896484375
       0.9998413664745059       8.1599998474121094
       0.9998413664747591       8.1800003051757812
       0.9998413664749717       8.1999988555908203
       0.9998413664742921       8.2199993133544922
       0.9998413664746598       8.2399997711181641
       0.9998413664747402       8.2600002288818359
       0.9998413664744610       8.2799987792968750
       0.9998413664747642       8.2999992370605469
       0.9998413664742886       8.3199996948242188
       0.9998413664747170       8.3400001525878906
       0.9998413664744210       8.3599987030029297
       0.9998413664744831       8.3799991607666016
       0.9998413664744792       8.3999996185302734
       0.9998413664747338       8.4200000762939453
       0.9998413664744858       8.4400005340576172
       0.9998413664745108       8.4599990844726562
       0.9998413664747459       8.4799995422363281
       0.9998413664743825       8.5000000000000000
       0.9998413664747573       8.5200004577636719
       0.9998413664744985       8.5399990081787109
       0.9998413664749555       8.5599994659423828
       0.9998413664750401       8.5799999237060547
       0.9998413664745744       8.6000003814697266
       0.9998413664745075       8.6199989318847656
       0.9998413664745368       8.6399993896484375
       0.9998413664745796       8.6599998474121094
       0.9998413664744301       8.6800003051757812
       0.9998413664743963       8.6999988555908203
       0.9998413664744989       8.7199993133544922
       0.9998413664750453       8.7399997711181641
       0.9998413664748336       8.7600002288818359
       0.9998413664746961       8.7799987792968750
       0.9998413664743022       8.7999992370605469
       0.9998413664744586       8.8199996948242188
       0.9998413664743275       8.8400001525878906
       0.9998413664749644       8.8599987030029297
       0.9998413664745033       8.8799991607666016
       0.9998413664741091       8.8999996185302734
       0.9998413664732680       8.9200000762939453
       0.9998413664745339       8.9399986267089844
       0.9998413664746564       8.9599990844726562
       0.9998413664746438       8.9799995422363281
       0.9998413664744739       9.0000000000000000
       0.9998413664744783       9.0200004577636719
       0.9998413664731679       9.0399990081787109
       0.9998413664746987       9.0599994659423828
       0.0293258576372873       9.0799999237060547
       0.9998413664744874       9.1000003814697266
       0.9998413664747628       9.1199989318847656
       0.9998413664745074       9.1399993896484375
       0.9998413664745871       9.1599998474121094
       0.9998413664748328       9.1800003051757812
       0.9998413664745397       9.1999988555908203
       0.9998413664746083       9.2199993133544922
       0.9998413664744820       9.2399997711181641
       0.9998413664747297       9.2600002288818359
       0.9998413664748999       9.2799987792968750
       0.9998413664746157       9.2999992370605469
       0.9998413664744030       9.3199996948242188
       0.9998413664743918       9.3400001525878906
       0.9998413664743229       9.3599987030029297
       0.9998413664770991       9.3799991607666016
       0.9998413664741684       9.3999996185302734
       0.9998413664770702       9.4200000762939453
       0.9998413664741403       9.4399986267089844
       0.9998413664744332       9.4599990844726562
       0.9998413664743665       9.4799995422363281
       0.9998413664747822       9.5000000000000000
       0.9998413664749531       9.5200004577636719
       0.9998413664745511       9.5399990081787109
       0.9998413664743716       9.5599994659423828
       0.0212395839026917       9.5799999237060547
       0.0213322768126233       9.6000003814697266
       0.0217958365571555       9.6199989318847656
       0.9998413664746899       9.6399993896484375
       0.0225118334083734       9.6599998474121094
       0.0229697831052538       9.6800003051757812
       0.9998413664743688       9.6999988555908203
       0.9998413664744817       9.7199993133544922
       0.9998413664747784       9.7399997711181641
       0.9998413664741135       9.7600002288818359
       0.9998413664747522       9.7799987792968750
       0.9998413664743960       9.7999992370605469
       0.9998413664746626       9.8199996948242188
       0.9998413664744928       9.8400001525878906
       0.9998413664748005       9.8599987030029297
       0.9998413664744537       9.8799991607666016
       0.9998413664748220       9.8999996185302734
       0.9998413664741254       9.9200000762939453
       0.9998413664745681       9.9399986267089844
       0.9998413664745714       9.9599990844726562
       0.9998413664747093       9.9799995422363281
       0.9998413664743102      10.0000000000000000
