# xi		u_parallel
       0.0000000000000000     -10.0000000000000000
       0.0000000000000000      -9.9799995422363281
       0.0000000000000000      -9.9600000381469727
       0.0000000000000000      -9.9399995803833008
       0.0000000000000000      -9.9200000762939453
       0.0000000000000000      -9.8999996185302734
       0.0000000000000000      -9.8800001144409180
       0.0000000000000000      -9.8599996566772461
       0.0000000000000000      -9.8400001525878906
       0.0000000000000000      -9.8199996948242188
       0.0000000000000000      -9.8000001907348633
       0.0000000000000000      -9.7799997329711914
       0.0000000000000000      -9.7600002288818359
       0.0000000000000000      -9.7399997711181641
       0.0000000000000000      -9.7200002670288086
       0.0000000000000000      -9.6999998092651367
       0.0000000000000000      -9.6800003051757812
       0.0000000000000000      -9.6599998474121094
       0.0000000000000000      -9.6400003433227539
       0.0000000000000000      -9.6199998855590820
       0.0000000000000000      -9.6000003814697266
       0.0000000000000000      -9.5799999237060547
       0.0000000000000000      -9.5600004196166992
       0.0000000000000000      -9.5399999618530273
       0.0000000000000000      -9.5200004577636719
       0.0000000000000000      -9.5000000000000000
       0.0000000000000000      -9.4799995422363281
       0.0000000000000000      -9.4600000381469727
       0.0000000000000000      -9.4399995803833008
       0.0000000000000000      -9.4200000762939453
       0.0000000000000000      -9.3999996185302734
       0.0000000000000000      -9.3800001144409180
       0.0000000000000000      -9.3599996566772461
       0.0000000000000000      -9.3400001525878906
       0.0000000000000000      -9.3199996948242188
       0.0000000000000000      -9.3000001907348633
       0.0000000000000000      -9.2799997329711914
       0.0000000000000000      -9.2600002288818359
       0.0000000000000000      -9.2399997711181641
       0.0000000000000000      -9.2200002670288086
       0.0000000000000000      -9.1999998092651367
       0.0000000000000000      -9.1800003051757812
       0.0000000000000000      -9.1599998474121094
       0.0000000000000000      -9.1400003433227539
       0.0000000000000000      -9.1199998855590820
       0.0000000000000000      -9.1000003814697266
       0.0000000000000000      -9.0799999237060547
       0.0000000000000000      -9.0600004196166992
       0.0000000000000000      -9.0399999618530273
       0.0000000000000000      -9.0200004577636719
       0.0000000000000000      -9.0000000000000000
       0.0000000000000000      -8.9799995422363281
       0.0000000000000000      -8.9600000381469727
       0.0000000000000000      -8.9400005340576172
       0.0000000000000000      -8.9200000762939453
       0.0000000000000000      -8.8999996185302734
       0.0000000000000000      -8.8800001144409180
       0.0000000000000000      -8.8599996566772461
       0.0000000000000000      -8.8400001525878906
       0.0000000000000000      -8.8199996948242188
       0.0000000000000000      -8.8000001907348633
       0.0000000000000000      -8.7799997329711914
       0.0000000000000000      -8.7600002288818359
       0.0000000000000000      -8.7399997711181641
       0.0000000000000000      -8.7200002670288086
       0.0000000000000000      -8.6999998092651367
       0.0000000000000000      -8.6800003051757812
       0.0000000000000000      -8.6599998474121094
       0.0000000000000000      -8.6400003433227539
       0.0000000000000000      -8.6199998855590820
       0.0000000000000000      -8.6000003814697266
       0.0000000000000000      -8.5799999237060547
       0.0000000000000000      -8.5600004196166992
       0.0000000000000000      -8.5399999618530273
       0.0000000000000000      -8.5200004577636719
       0.0000000000000000      -8.5000000000000000
       0.0000000000000000      -8.4799995422363281
       0.0000000000000000      -8.4600000381469727
       0.0000000000000000      -8.4400005340576172
       0.0000000000000000      -8.4200000762939453
       0.0000000000000000      -8.3999996185302734
       0.0000000000000000      -8.3800001144409180
       0.0000000000000000      -8.3599996566772461
       0.0000000000000000      -8.3400001525878906
       0.0000000000000000      -8.3199996948242188
       0.0000000000000000      -8.3000001907348633
       0.0000000000000000      -8.2799997329711914
       0.0000000000000000      -8.2600002288818359
       0.0000000000000000      -8.2399997711181641
       0.0000000000000000      -8.2200002670288086
       0.0000000000000000      -8.1999998092651367
       0.0000000000000000      -8.1800003051757812
       0.0000000000000000      -8.1599998474121094
       0.0000000000000000      -8.1400003433227539
       0.0000000000000000      -8.1199998855590820
       0.0000000000000000      -8.1000003814697266
       0.0000000000000000      -8.0799999237060547
       0.0000000000000000      -8.0600004196166992
       0.0000000000000000      -8.0399999618530273
       0.0000000000000000      -8.0200004577636719
       0.0000000000000000      -8.0000000000000000
       0.0000000000000000      -7.9800000190734863
       0.0000000000000000      -7.9600000381469727
       0.0000000000000000      -7.9400000572204590
       0.0000000000000000      -7.9200000762939453
       0.0000000000000000      -7.9000000953674316
       0.0000000000000000      -7.8800001144409180
       0.0000000000000000      -7.8600001335144043
       0.0000000000000000      -7.8400001525878906
       0.0000000000000000      -7.8199996948242188
       0.0000000000000000      -7.8000001907348633
       0.0000000000000000      -7.7799997329711914
       0.0000000000000000      -7.7600002288818359
       0.0000000000000000      -7.7399997711181641
       0.0000000000000000      -7.7200002670288086
       0.0000000000000000      -7.6999998092651367
       0.0000000000000000      -7.6800003051757812
       0.0000000000000000      -7.6599998474121094
       0.0000000000000000      -7.6400003433227539
       0.0000000000000000      -7.6199998855590820
       0.0000000000000000      -7.6000003814697266
       0.0000000000000000      -7.5799999237060547
       0.0000000000000000      -7.5599999427795410
       0.0000000000000000      -7.5399999618530273
       0.0000000000000000      -7.5199999809265137
       0.0000000000000000      -7.5000000000000000
       0.0000000000000000      -7.4800000190734863
       0.0000000000000000      -7.4600000381469727
       0.0000000000000000      -7.4400000572204590
       0.0000000000000000      -7.4200000762939453
       0.0000000000000000      -7.4000000953674316
       0.0000000000000000      -7.3800001144409180
       0.0000000000000000      -7.3600001335144043
       0.0000000000000000      -7.3400001525878906
       0.0000000000000000      -7.3200001716613770
       0.0000000000000000      -7.3000001907348633
       0.0000000000000000      -7.2799997329711914
       0.0000000000000000      -7.2600002288818359
       0.0000000000000000      -7.2399997711181641
       0.0000000000000000      -7.2200002670288086
       0.0000000000000000      -7.1999998092651367
       0.0000000000000000      -7.1800003051757812
       0.0000000000000000      -7.1599998474121094
       0.0000000000000000      -7.1400003433227539
       0.0000000000000000      -7.1199998855590820
       0.0000000000000000      -7.1000003814697266
       0.0000000000000000      -7.0799999237060547
       0.0000000000000000      -7.0600004196166992
       0.0000000000000000      -7.0399999618530273
       0.0000000000000000      -7.0199999809265137
       0.0000000000000000      -7.0000000000000000
       0.0000000000000000      -6.9800000190734863
       0.0000000000000000      -6.9600000381469727
       0.0000000000000000      -6.9400000572204590
       0.0000000000000000      -6.9200000762939453
       0.0000000000000000      -6.9000000953674316
       0.0000000000000000      -6.8800001144409180
       0.0000000000000000      -6.8600001335144043
       0.0000000000000000      -6.8400001525878906
       0.0000000000000000      -6.8200001716613770
       0.0000000000000000      -6.8000001907348633
       0.0000000000000000      -6.7799997329711914
       0.0000000000000000      -6.7600002288818359
       0.0000000000000000      -6.7399997711181641
       0.0000000000000000      -6.7200002670288086
       0.0000000000000000      -6.6999998092651367
       0.0000000000000000      -6.6800003051757812
       0.0000000000000000      -6.6599998474121094
       0.0000000000000000      -6.6400003433227539
       0.0000000000000000      -6.6199998855590820
       0.0000000000000000      -6.6000003814697266
       0.0000000000000000      -6.5799999237060547
       0.0000000000000000      -6.5600004196166992
       0.0000000000000000      -6.5399999618530273
       0.0000000000000000      -6.5199999809265137
       0.0000000000000000      -6.5000000000000000
       0.0000000000000000      -6.4800000190734863
       0.0000000000000000      -6.4600000381469727
       0.0000000000000000      -6.4400000572204590
       0.0000000000000000      -6.4200000762939453
       0.0000000000000000      -6.4000000953674316
       0.0000000000000000      -6.3800001144409180
       0.0000000000000000      -6.3600001335144043
       0.0000000000000000      -6.3400001525878906
       0.0000000000000000      -6.3200001716613770
       0.0000000000000000      -6.3000001907348633
       0.0000000000000000      -6.2799997329711914
       0.0000000000000000      -6.2600002288818359
       0.0000000000000000      -6.2399997711181641
       0.0000000000000000      -6.2200002670288086
       0.0000000000000000      -6.1999998092651367
       0.0000000000000000      -6.1800003051757812
       0.0000000000000000      -6.1599998474121094
       0.0000000000000000      -6.1400003433227539
       0.0000000000000000      -6.1199998855590820
       0.0000000000000000      -6.1000003814697266
       0.0000000000000000      -6.0799999237060547
       0.0000000000000000      -6.0600004196166992
       0.0000000000000000      -6.0399999618530273
       0.0000000000000000      -6.0199999809265137
       0.0000000000000000      -6.0000000000000000
       0.0000000000000000      -5.9800000190734863
       0.0000000000000000      -5.9600000381469727
       0.0000000000000000      -5.9400000572204590
       0.0000000000000000      -5.9200000762939453
       0.0000000000000000      -5.9000000953674316
       0.0000000000000000      -5.8800001144409180
       0.0000000000000000      -5.8600001335144043
       0.0000000000000000      -5.8400001525878906
       0.0000000000000000      -5.8200001716613770
       0.0000000000000000      -5.8000001907348633
       0.0000000000000000      -5.7800002098083496
       0.0000000000000000      -5.7600002288818359
       0.0000000000000000      -5.7400002479553223
       0.0000000000000000      -5.7200002670288086
       0.0000000000000000      -5.7000002861022949
       0.0000000000000000      -5.6800003051757812
       0.0000000000000000      -5.6600003242492676
       0.0000000000000000      -5.6399998664855957
       0.0000000000000000      -5.6199998855590820
       0.0000000000000000      -5.5999999046325684
       0.0000000000000000      -5.5799999237060547
       0.0000000000000000      -5.5599999427795410
       0.0000000000000000      -5.5399999618530273
       0.0000000000000000      -5.5199999809265137
       0.0000000000000000      -5.5000000000000000
       0.0000000000000000      -5.4800000190734863
       0.0000000000000000      -5.4600000381469727
       0.0000000000000000      -5.4400000572204590
       0.0000000000000000      -5.4200000762939453
       0.0000000000000000      -5.4000000953674316
       0.0000000000000000      -5.3800001144409180
       0.0000000000000000      -5.3600001335144043
       0.0000000000000000      -5.3400001525878906
       0.0000000000000000      -5.3200001716613770
       0.0000000000000000      -5.3000001907348633
       0.0000000000000000      -5.2800002098083496
       0.0000000000000000      -5.2600002288818359
       0.0000000000000000      -5.2400002479553223
       0.0000000000000000      -5.2200002670288086
       0.0000000000000000      -5.2000002861022949
       0.0000000000000000      -5.1800003051757812
       0.0000000000000000      -5.1600003242492676
       0.0000000000000000      -5.1400003433227539
       0.0000000000000000      -5.1199998855590820
       0.0000000000000000      -5.0999999046325684
       0.0000000000000000      -5.0799999237060547
       0.0000000000000000      -5.0599999427795410
       0.0000000000000000      -5.0399999618530273
       0.0000000000000000      -5.0199999809265137
       0.0000000000000000      -5.0000000000000000
       0.0000000000000000      -4.9800000190734863
       0.0000000000000000      -4.9600000381469727
       0.0000000000000000      -4.9400000572204590
       0.0000000000000000      -4.9200000762939453
       0.0000000000000001      -4.9000000953674316
       0.0000000000000001      -4.8800001144409180
       0.0000000000000001      -4.8600001335144043
       0.0000000000000001      -4.8400001525878906
       0.0000000000000001      -4.8200001716613770
       0.0000000000000002      -4.8000001907348633
       0.0000000000000002      -4.7800002098083496
       0.0000000000000003      -4.7600002288818359
       0.0000000000000003      -4.7400002479553223
       0.0000000000000004      -4.7200002670288086
       0.0000000000000005      -4.7000002861022949
       0.0000000000000006      -4.6800003051757812
       0.0000000000000007      -4.6600003242492676
       0.0000000000000009      -4.6400003433227539
       0.0000000000000011      -4.6199998855590820
       0.0000000000000013      -4.5999999046325684
       0.0000000000000016      -4.5799999237060547
       0.0000000000000019      -4.5599999427795410
       0.0000000000000023      -4.5399999618530273
       0.0000000000000028      -4.5199999809265137
       0.0000000000000034      -4.5000000000000000
       0.0000000000000042      -4.4800000190734863
       0.0000000000000050      -4.4600000381469727
       0.0000000000000061      -4.4400000572204590
       0.0000000000000074      -4.4200000762939453
       0.0000000000000090      -4.4000000953674316
       0.0000000000000109      -4.3800001144409180
       0.0000000000000131      -4.3600001335144043
       0.0000000000000159      -4.3400001525878906
       0.0000000000000191      -4.3200001716613770
       0.0000000000000231      -4.3000001907348633
       0.0000000000000278      -4.2800002098083496
       0.0000000000000335      -4.2600002288818359
       0.0000000000000404      -4.2400002479553223
       0.0000000000000486      -4.2200002670288086
       0.0000000000000584      -4.2000002861022949
       0.0000000000000701      -4.1800003051757812
       0.0000000000000842      -4.1600003242492676
       0.0000000000001010      -4.1400003433227539
       0.0000000000001210      -4.1200003623962402
       0.0000000000001449      -4.0999999046325684
       0.0000000000001735      -4.0799999237060547
       0.0000000000002075      -4.0599999427795410
       0.0000000000002480      -4.0399999618530273
       0.0000000000002962      -4.0199999809265137
       0.0000000000003535      -4.0000000000000000
       0.0000000000004216      -3.9800000190734863
       0.0000000000005025      -3.9600000381469727
       0.0000000000005984      -3.9400000572204590
       0.0000000000007122      -3.9200000762939453
       0.0000000000008470      -3.9000000953674316
       0.0000000000010066      -3.8800001144409180
       0.0000000000011954      -3.8600001335144043
       0.0000000000014187      -3.8400001525878906
       0.0000000000016824      -3.8200001716613770
       0.0000000000019938      -3.8000001907348633
       0.0000000000023612      -3.7800002098083496
       0.0000000000027943      -3.7600002288818359
       0.0000000000033046      -3.7400002479553223
       0.0000000000039053      -3.7200002670288086
       0.0000000000046120      -3.7000002861022949
       0.0000000000054428      -3.6800003051757812
       0.0000000000064188      -3.6600003242492676
       0.0000000000075646      -3.6400003433227539
       0.0000000000089087      -3.6200003623962402
       0.0000000000104845      -3.6000003814697266
       0.0000000000123305      -3.5799999237060547
       0.0000000000144916      -3.5599999427795410
       0.0000000000170197      -3.5399999618530273
       0.0000000000199752      -3.5199999809265137
       0.0000000000234280      -3.5000000000000000
       0.0000000000274588      -3.4800000190734863
       0.0000000000321613      -3.4600000381469727
       0.0000000000376435      -3.4400000572204590
       0.0000000000440305      -3.4200000762939453
       0.0000000000514664      -3.4000000953674316
       0.0000000000601176      -3.3800001144409180
       0.0000000000701758      -3.3600001335144043
       0.0000000000818620      -3.3400001525878906
       0.0000000000954305      -3.3200001716613770
       0.0000000001111738      -3.3000001907348633
       0.0000000001294281      -3.2800002098083496
       0.0000000001505799      -3.2600002288818359
       0.0000000001750727      -3.2400002479553223
       0.0000000002034152      -3.2200002670288086
       0.0000000002361907      -3.2000002861022949
       0.0000000002740677      -3.1800003051757812
       0.0000000003178111      -3.1600003242492676
       0.0000000003682964      -3.1400003433227539
       0.0000000004265245      -3.1200003623962402
       0.0000000004936392      -3.1000003814697266
       0.0000000005709483      -3.0799999237060547
       0.0000000006599385      -3.0599999427795410
       0.0000000007623109      -3.0399999618530273
       0.0000000008800025      -3.0199999809265137
       0.0000000010152192      -3.0000000000000000
       0.0000000011704717      -2.9800000190734863
       0.0000000013486161      -2.9600000381469727
       0.0000000015528990      -2.9400000572204590
       0.0000000017870088      -2.9200000762939453
       0.0000000020551334      -2.9000000953674316
       0.0000000023620243      -2.8800001144409180
       0.0000000027130700      -2.8600001335144043
       0.0000000031143772      -2.8400001525878906
       0.0000000035728627      -2.8200001716613770
       0.0000000040963559      -2.8000001907348633
       0.0000000046937146      -2.7800002098083496
       0.0000000053749537      -2.7600002288818359
       0.0000000061513906      -2.7400002479553223
       0.0000000070358068      -2.7200002670288086
       0.0000000080426298      -2.7000002861022949
       0.0000000091881358      -2.6800003051757812
       0.0000000104906771      -2.6600003242492676
       0.0000000119709358      -2.6400003433227539
       0.0000000136522072      -2.6200003623962402
       0.0000000155607171      -2.6000003814697266
       0.0000000177259751      -2.5800004005432129
       0.0000000201812320      -2.5599999427795410
       0.0000000229636798      -2.5399999618530273
       0.0000000261152927      -2.5199999809265137
       0.0000000296831496      -2.5000000000000000
       0.0000000337201000      -2.4800000190734863
       0.0000000382854457      -2.4600000381469727
       0.0000000434457001      -2.4400000572204590
       0.0000000492754348      -2.4200000762939453
       0.0000000558582228      -2.4000000953674316
       0.0000000632876888      -2.3800001144409180
       0.0000000716686799      -2.3600001335144043
       0.0000000811185697      -2.3400001525878906
       0.0000000917687106      -2.3200001716613770
       0.0000001037660517      -2.3000001907348633
       0.0000001172749418      -2.2800002098083496
       0.0000001324791380      -2.2600002288818359
       0.0000001495840435      -2.2400002479553223
       0.0000001688192025      -2.2200002670288086
       0.0000001904410813      -2.2000002861022949
       0.0000002147361694      -2.1800003051757812
       0.0000002420244392      -2.1600003242492676
       0.0000002726632061      -2.1400003433227539
       0.0000003070514389      -2.1200003623962402
       0.0000003456345734      -2.1000003814697266
       0.0000003889098920      -2.0800004005432129
       0.0000004374337640      -2.0599999427795410
       0.0000004918236281      -2.0399999618530273
       0.0000005527724489      -2.0199999809265137
       0.0000006210526787      -2.0000000000000000
       0.0000006975248960      -1.9800004959106445
       0.0000007831580849      -1.9600000381469727
       0.0000008790198894      -1.9400005340576172
       0.0000009863214322      -1.9200000762939453
       0.0000011063956275      -1.9000005722045898
       0.0000012407554988      -1.8800001144409180
       0.0000013910673356      -1.8600006103515625
       0.0000015592241450      -1.8400001525878906
       0.0000017473126140      -1.8200006484985352
       0.0000019577057717      -1.8000001907348633
       0.0000021930344530      -1.7799997329711914
       0.0000024562451388      -1.7600002288818359
       0.0000027506843981      -1.7399997711181641
       0.0000030800545718      -1.7200002670288086
       0.0000034485811838      -1.6999998092651367
       0.0000038609486796      -1.6800003051757812
       0.0000043225138197      -1.6599998474121094
       0.0000048392300288      -1.6400003433227539
       0.0000054179207143      -1.6199998855590820
       0.0000060661920027      -1.6000003814697266
       0.0000067927849083      -1.5799999237060547
       0.0000076074776764      -1.5600004196166992
       0.0000085215429074      -1.5399999618530273
       0.0000095476435019      -1.5200004577636719
       0.0000107004314305      -1.5000000000000000
       0.0000119964464267      -1.4800004959106445
       0.0000134549091066      -1.4600000381469727
       0.0000150976409938      -1.4400005340576172
       0.0000169501296266      -1.4200000762939453
       0.0000190415057910      -1.4000005722045898
       0.0000214059983374      -1.3800001144409180
       0.0000240830364883      -1.3600006103515625
       0.0000271192788969      -1.3400001525878906
       0.0000305689691244      -1.3200006484985352
       0.0000344968394261      -1.3000001907348633
       0.0000389791921505      -1.2799997329711914
       0.0000441070476895      -1.2600002288818359
       0.0000499905557392      -1.2399997711181641
       0.0000567617986481      -1.2200002670288086
       0.0000645831018773      -1.1999998092651367
       0.0000736524165663      -1.1800003051757812
       0.0000842170960584      -1.1599998474121094
       0.0000965850299407      -1.1400003433227539
       0.0001111490338037      -1.1199998855590820
       0.0001284106562939      -1.1000003814697266
       0.0001490270204967      -1.0799999237060547
       0.0001738646993756      -1.0600004196166992
       0.0002040993408260      -1.0399999618530273
       0.0002413484430629      -1.0200004577636719
       0.0002879129013659      -1.0000000000000000
       0.0003471477169539      -0.9800004959106445
       0.0004241598066612      -0.9600000381469727
       0.0005270545901811      -0.9400005340576172
       0.0006695258207127      -0.9200000762939453
       0.0008764814364937      -0.9000005722045898
       0.0011983750193857      -0.8800001144409180
       0.0017542336532787      -0.8600006103515625
       0.0029055642763894      -0.8400001525878906
       0.0064818185170989      -0.8200006484985352
       0.4979287437604363      -0.8000001907348633
       0.9915150039823121      -0.7799997329711914
       0.9954231936338633      -0.7600002288818359
       0.9967685092752999      -0.7399997711181641
       0.9974618037831339      -0.7200002670288086
       0.9978901096992433      -0.6999998092651367
       0.9981838066343481      -0.6800003051757812
       0.9983994180525717      -0.6599998474121094
       0.9985654630619373      -0.6400003433227539
       0.9986979755396962      -0.6199998855590820
       0.9988066494078751      -0.6000003814697266
       0.9988977333568764      -0.5799999237060547
       0.9989754178519572      -0.5600004196166992
       0.9990426455742349      -0.5399999618530273
       0.9991015265414989      -0.5200004577636719
       0.9991536331147567      -0.5000000000000000
       0.9992001462463654      -0.4800004959106445
       0.9992419856737288      -0.4600000381469727
       0.9992798657704048      -0.4400005340576172
       0.9993143624616065      -0.4200000762939453
       0.9993459344090929      -0.4000005722045898
       0.9993749619672407      -0.3800001144409180
       0.9994017538507827      -0.3600006103515625
       0.9994265722451917      -0.3400001525878906
       0.9994496330696797      -0.3200006484985352
       0.9994711235458781      -0.3000001907348633
       0.9994911995898500      -0.2800006866455078
       0.9995099989182454      -0.2600002288818359
       0.9995276380241939      -0.2399997711181641
       0.9995442183695813      -0.2200002670288086
       0.9995598309750360      -0.1999998092651367
       0.9995745530056064      -0.1800003051757812
       0.9995884553763872      -0.1599998474121094
       0.9996015984670066      -0.1400003433227539
       0.9996140385512727      -0.1199998855590820
       0.9996258236984741      -0.1000003814697266
       0.9996369993055992      -0.0799999237060547
       0.9996476042451021      -0.0600004196166992
       0.9996576756897242      -0.0399999618530273
       0.9996672455286777      -0.0200004577636719
       0.9996763446175906       0.0000000000000000
       0.9996849994649827       0.0199995040893555
       0.9996932360051414       0.0399999618530273
       0.9997010765459403       0.0599994659423828
       0.9997085431373401       0.0799999237060547
       0.9997156547678733       0.0999994277954102
       0.9997224303848128       0.1199998855590820
       0.9997288863196102       0.1399993896484375
       0.9997350390265872       0.1599998474121094
       0.9997409026857935       0.1799993515014648
       0.9997464916959974       0.1999998092651367
       0.9997518185033656       0.2199993133544922
       0.9997568958136700       0.2399997711181641
       0.9997617348562849       0.2600002288818359
       0.9997663462557512       0.2799997329711914
       0.9997707406952662       0.3000001907348633
       0.9997749274610298       0.3199996948242188
       0.9997789161398707       0.3400001525878906
       0.9997827150857432       0.3599996566772461
       0.9997863329640655       0.3800001144409180
       0.9997897773344118       0.3999996185302734
       0.9997930560605369       0.4200000762939453
       0.9997961760202319       0.4399995803833008
       0.9997991443799308       0.4600000381469727
       0.9998019674239048       0.4799995422363281
       0.9998046517066002       0.5000000000000000
       0.9998072029907602       0.5199995040893555
       0.9998096272883993       0.5399999618530273
       0.9998119298997683       0.5599994659423828
       0.9998141163523012       0.5799999237060547
       0.9998161906028732       0.5999994277954102
       0.9998181605305758       0.6199998855590820
       0.9998200278597619       0.6399993896484375
       0.9998217982142333       0.6599998474121094
       0.9998234757676953       0.6799993515014648
       0.9998250648522277       0.6999998092651367
       0.9998265693288590       0.7199993133544922
       0.9998279931985783       0.7399997711181641
       0.9998293400971064       0.7600002288818359
       0.9998306135310877       0.7799997329711914
       0.9998318169318015       0.8000001907348633
       0.9998329538355863       0.8199996948242188
       0.9998340271616836       0.8400001525878906
       0.9998350399692406       0.8599996566772461
       0.9998359952782916       0.8800001144409180
       0.9998368958047369       0.8999996185302734
       0.9998377443301713       0.9200000762939453
       0.9998385433602542       0.9399995803833008
       0.9998392954535048       0.9600000381469727
       0.9998400029180142       0.9799995422363281
       0.9998406681033397       1.0000000000000000
       0.9998412931324639       1.0199995040893555
       0.9998418801593124       1.0399999618530273
       0.9998424311326903       1.0599994659423828
       0.9998429480231982       1.0799999237060547
       0.9998434326163745       1.0999994277954102
       0.9998438867119409       1.1199998855590820
       0.9998443119416219       1.1399993896484375
       0.9998447099413699       1.1599998474121094
       0.9998450822115552       1.1799993515014648
       0.9998454302306510       1.1999998092651367
       0.9998457553567209       1.2199993133544922
       0.9998460589417814       1.2399997711181641
       0.9998463422122537       1.2599992752075195
       0.9998466063976027       1.2799997329711914
       0.9998468526148724       1.3000001907348633
       0.9998470819356402       1.3199996948242188
       0.9998472954077444       1.3400001525878906
       0.9998474939832972       1.3599996566772461
       0.9998476786040289       1.3800001144409180
       0.9998478501255039       1.3999996185302734
       0.9998480093920811       1.4200000762939453
       0.9998481571711398       1.4399995803833008
       0.9998482942165070       1.4600000381469727
       0.9998484212141052       1.4799995422363281
       0.9998485388362585       1.5000000000000000
       0.9998486476939480       1.5199995040893555
       0.9998487483847130       1.5399999618530273
       0.9998488414511373       1.5599994659423828
       0.9998489274229219       1.5799999237060547
       0.9998490067807645       1.5999994277954102
       0.9998490799923410       1.6199998855590820
       0.9998491474823470       1.6399993896484375
       0.9998492096628639       1.6599998474121094
       0.9998492669074529       1.6799993515014648
       0.9998493195781786       1.6999998092651367
       0.9998493680032237       1.7199993133544922
       0.9998494124989578       1.7399997711181641
       0.9998494533530692       1.7599992752075195
       0.9998494908415052       1.7799997329711914
       0.9998495252164368       1.8000001907348633
       0.9998495567139817       1.8199996948242188
       0.9998495855574461       1.8400001525878906
       0.9998496119502672       1.8599996566772461
       0.9998496360864617       1.8800001144409180
       0.9998496581415079       1.8999996185302734
       0.9998496782829825       1.9200000762939453
       0.9998496966623267       1.9399995803833008
       0.9998497134240345       1.9600000381469727
       0.9998497286980631       1.9799995422363281
       0.9998497426081004       2.0000000000000000
       0.9998497552660855       2.0199995040893555
       0.9998497667777115       2.0399999618530273
       0.9998497772383204       2.0599994659423828
       0.9998497867384930       2.0799999237060547
       0.9998497953591703       2.0999994277954102
       0.9998498031770762       2.1199998855590820
       0.9998498102615168       2.1399993896484375
       0.9998498166772691       2.1599998474121094
       0.9998498224824031       2.1799993515014648
       0.9998498277319043       2.1999998092651367
       0.9998498324760950       2.2199993133544922
       0.9998498367599704       2.2399997711181641
       0.9998498406252564       2.2599992752075195
       0.9998498441108916       2.2799997329711914
       0.9998498472514017       2.3000001907348633
       0.9998498500793427       2.3199996948242188
       0.9998498526238732       2.3400001525878906
       0.9998498549114528       2.3599996566772461
       0.9998498569671748       2.3800001144409180
       0.9998498588124083       2.3999996185302734
       0.9998498604683710       2.4200000762939453
       0.9998498619526507       2.4399995803833008
       0.9998498632827070       2.4600000381469727
       0.9998498644731816       2.4799995422363281
       0.9998498655382685       2.5000000000000000
       0.9998498664904487       2.5199995040893555
       0.9998498673410068       2.5399999618530273
       0.9998498681000871       2.5599994659423828
       0.9998498687773996       2.5799999237060547
       0.9998498693809835       2.5999994277954102
       0.9998498699187517       2.6199998855590820
       0.9998498703971328       2.6399993896484375
       0.9998498708227610       2.6599998474121094
       0.9998498712010965       2.6799993515014648
       0.9998498715369825       2.6999998092651367
       0.9998498718350601       2.7199993133544922
       0.9998498720994595       2.7399997711181641
       0.9998498723337848       2.7599992752075195
       0.9998498725411632       2.7799997329711914
       0.9998498727244948       2.7999992370605469
       0.9998498728867442       2.8199996948242188
       0.9998498730302048       2.8400001525878906
       0.9998498731568225       2.8599996566772461
       0.9998498732686274       2.8800001144409180
       0.9998498733668885       2.8999996185302734
       0.9998498734536612       2.9200000762939453
       0.9998498735298288       2.9399995803833008
       0.9998498735970586       2.9600000381469727
       0.9998498736561463       2.9799995422363281
       0.9998498737081170       3.0000000000000000
       0.9998498737536294       3.0199995040893555
       0.9998498737935085       3.0399999618530273
       0.9998498738283597       3.0599994659423828
       0.9998498738589262       3.0799999237060547
       0.9998498738857146       3.0999994277954102
       0.9998498739090468       3.1199998855590820
       0.9998498739296308       3.1399993896484375
       0.9998498739474916       3.1599998474121094
       0.9998498739629492       3.1799993515014648
       0.9998498739767535       3.1999998092651367
       0.9998498739886198       3.2199993133544922
       0.9998498739987896       3.2399997711181641
       0.9998498740076897       3.2599992752075195
       0.9998498740155932       3.2799997329711914
       0.9998498740222502       3.2999992370605469
       0.9998498740282771       3.3199996948242188
       0.9998498740331228       3.3400001525878906
       0.9998498740378721       3.3599996566772461
       0.9998498740416533       3.3800001144409180
       0.9998498740449849       3.3999996185302734
       0.9998498740477290       3.4200000762939453
       0.9998498740502142       3.4399995803833008
       0.9998498740523624       3.4600000381469727
       0.9998498740541941       3.4799995422363281
       0.9998498740557152       3.5000000000000000
       0.9998498740569005       3.5199995040893555
       0.9998498740582218       3.5399999618530273
       0.9998498740593543       3.5599994659423828
       0.9998498740602204       3.5799999237060547
       0.9998498740607616       3.5999994277954102
       0.9998498740616941       3.6199998855590820
       0.9998498740620468       3.6399993896484375
       0.9998498740626505       3.6599998474121094
       0.9998498740628756       3.6799993515014648
       0.9998498740633420       3.6999998092651367
       0.9998498740635717       3.7199993133544922
       0.9998498740638245       3.7399997711181641
       0.9998498740640943       3.7599992752075195
       0.9998498740639756       3.7799997329711914
       0.9998498740644354       3.7999992370605469
       0.9998498740645727       3.8199996948242188
       0.9998498740645368       3.8400001525878906
       0.9998498740648284       3.8599996566772461
       0.9998498740647097       3.8800001144409180
       0.9998498740646723       3.8999996185302734
       0.9998498740272846       3.9200000762939453
       0.9998498740648580       3.9399995803833008
       0.9998498740647657       3.9600000381469727
       0.9998498740649500       3.9799995422363281
       0.9998498740651734       4.0000000000000000
       0.9998498740651770       4.0199995040893555
       0.9998498740650023       4.0399999618530273
       0.9998498740649852       4.0599994659423828
       0.9998498740650549       4.0799999237060547
       0.9998498740651329       4.0999994277954102
       0.9998498740651313       4.1199998855590820
       0.9998498740651330       4.1399993896484375
       0.9998498740652427       4.1599998474121094
       0.9998498740651384       4.1799993515014648
       0.9998498740651924       4.1999998092651367
       0.9998498740651749       4.2199993133544922
       0.9998498740651255       4.2399997711181641
       0.9998498740652079       4.2599992752075195
       0.9998498740652355       4.2799997329711914
       0.9998498740652294       4.2999992370605469
       0.9998498740651729       4.3199996948242188
       0.9998498740650600       4.3400001525878906
       0.9998498740651091       4.3599996566772461
       0.9998498740652756       4.3800001144409180
       0.9998498740650530       4.3999996185302734
       0.9998498740651562       4.4200000762939453
       0.9998498740651472       4.4399995803833008
       0.9998498740653580       4.4600000381469727
       0.9998498740652690       4.4799995422363281
       0.9998498740651650       4.5000000000000000
       0.9998498740650938       4.5199995040893555
       0.9998498739489761       4.5399999618530273
       0.9998498740651136       4.5599994659423828
       0.9998498740673292       4.5799999237060547
       0.9998498740650432       4.5999994277954102
       0.9998498740678101       4.6199998855590820
       0.9998498740651121       4.6399993896484375
       0.9998498740653223       4.6599998474121094
       0.9998498740652052       4.6799993515014648
       0.9998498740651030       4.6999998092651367
       0.9998498740653177       4.7199993133544922
       0.9998498740652934       4.7399997711181641
       0.9998498740650963       4.7599992752075195
       0.9998498740650653       4.7799997329711914
       0.9998498740651485       4.7999992370605469
       0.9998498740652630       4.8199996948242188
       0.9998498740651214       4.8399991989135742
       0.9998498740650320       4.8599996566772461
       0.9998498740651903       4.8800001144409180
       0.9998498740651113       4.8999996185302734
       0.9998498740651376       4.9200000762939453
       0.9998498740653401       4.9399995803833008
       0.9998498740650982       4.9600000381469727
       0.9998498740652102       4.9799995422363281
       0.9998498740651267       5.0000000000000000
       0.9998498740651178       5.0199995040893555
       0.9998498740650877       5.0399999618530273
       0.9998498740652260       5.0599994659423828
       0.9998498740650656       5.0799999237060547
       0.9998498740650673       5.0999994277954102
       0.9998498740650781       5.1199998855590820
       0.9998498740652830       5.1399993896484375
       0.9998498740651454       5.1599998474121094
       0.9998498740652555       5.1799993515014648
       0.9998498740651764       5.1999998092651367
       0.9998498740651911       5.2199993133544922
       0.9998498740652216       5.2399997711181641
       0.9998498740651777       5.2599992752075195
       0.9998498740652003       5.2799997329711914
       0.0049535214598256       5.2999992370605469
       0.9998498740652954       5.3199996948242188
       0.9998498740651696       5.3399991989135742
       0.9998498740540065       5.3599996566772461
       0.9998498740651556       5.3800001144409180
       0.9998498740651119       5.3999996185302734
       0.9998498740652770       5.4200000762939453
       0.9998498740652646       5.4399995803833008
       0.9998498740652091       5.4600000381469727
       0.9998498740650426       5.4799995422363281
       0.9998498740650190       5.5000000000000000
       0.0141523389964506       5.5199995040893555
       0.9998498740653345       5.5399999618530273
       0.9998498740651869       5.5599994659423828
       0.9998498740650076       5.5799999237060547
       0.9998498740650990       5.5999994277954102
       0.9998498740649898       5.6199998855590820
       0.0033805047581246       5.6399993896484375
       0.9998498740653187       5.6599998474121094
       0.9998498740651216       5.6799993515014648
       0.9998498740651648       5.6999998092651367
       0.9998498740652946       5.7199993133544922
       0.9998498740652270       5.7399997711181641
       0.9998498740654516       5.7599992752075195
       0.9998498740650644       5.7799997329711914
       0.9998498740653703       5.7999992370605469
       0.9998498740648057       5.8199996948242188
       0.9998498740651155       5.8399991989135742
       0.9998498740652462       5.8599996566772461
       0.9998498740651767       5.8800001144409180
       0.9998498740654095       5.8999996185302734
       0.9998498740652204       5.9200000762939453
       0.9998498740654843       5.9399995803833008
       0.9998498740651272       5.9600000381469727
       0.9998498740652114       5.9799995422363281
       0.9998498740649592       6.0000000000000000
       0.9998498740652738       6.0200004577636719
       0.9998498740655161       6.0399990081787109
       0.9998498740652078       6.0599994659423828
       0.9998498740654198       6.0799999237060547
       0.9998498740650585       6.1000003814697266
       0.9998498740651588       6.1199989318847656
       0.9998498740651616       6.1399993896484375
       0.9998498740652788       6.1599998474121094
       0.9998498740654235       6.1800003051757812
       0.9998498740645990       6.1999988555908203
       0.9998498740653465       6.2199993133544922
       0.9998498740652976       6.2399997711181641
       0.9998498740649714       6.2600002288818359
       0.9998498740652192       6.2799987792968750
       0.9998498740652112       6.2999992370605469
       0.9998498740652844       6.3199996948242188
       0.9998498740650535       6.3400001525878906
       0.9998498740653139       6.3599987030029297
       0.9998498740650723       6.3799991607666016
       0.9998498740650079       6.3999996185302734
       0.9998498740651107       6.4200000762939453
       0.9998498740653520       6.4400005340576172
       0.9998498740652186       6.4599990844726562
       0.9998498740651771       6.4799995422363281
       0.9998498740651107       6.5000000000000000
       0.9998498740649860       6.5200004577636719
       0.9998498740652043       6.5399990081787109
       0.9998498740650815       6.5599994659423828
       0.9998498740653441       6.5799999237060547
       0.9998498740652545       6.6000003814697266
       0.9998498740649590       6.6199989318847656
       0.9998498740652468       6.6399993896484375
       0.9998498740622644       6.6599998474121094
       0.9998498740651605       6.6800003051757812
       0.9998498740653625       6.6999988555908203
       0.9998498740653108       6.7199993133544922
       0.9998498740651964       6.7399997711181641
       0.9998498740651336       6.7600002288818359
       0.9998498740651924       6.7799987792968750
       0.9998498740651365       6.7999992370605469
       0.9998498740652931       6.8199996948242188
       0.9998498740651466       6.8400001525878906
       0.9998498740649856       6.8599987030029297
       0.9998498740652899       6.8799991607666016
       0.9998498740651814       6.8999996185302734
       0.9998498740652152       6.9200000762939453
       0.9998498740651384       6.9400005340576172
       0.9998498740651216       6.9599990844726562
       0.9998498740651139       6.9799995422363281
       0.9998498740649325       7.0000000000000000
       0.9998498740652753       7.0200004577636719
       0.9998498740652780       7.0399990081787109
       0.9998498740651761       7.0599994659423828
       0.9998498740651113       7.0799999237060547
       0.9998498740652532       7.1000003814697266
       0.9998498740651797       7.1199989318847656
       0.9998498740650272       7.1399993896484375
       0.9998498740651666       7.1599998474121094
       0.9998498740651820       7.1800003051757812
       0.9998498740655100       7.1999988555908203
       0.9998498740653762       7.2199993133544922
       0.9998498740652154       7.2399997711181641
       0.9998498740655088       7.2600002288818359
       0.9998498740652352       7.2799987792968750
       0.9998498740652827       7.2999992370605469
       0.9998498740651207       7.3199996948242188
       0.0008172168059966       7.3400001525878906
       0.0014617984959884       7.3599987030029297
       0.9998498740651303       7.3799991607666016
       0.9998498740649104       7.3999996185302734
       0.9998498740650239       7.4200000762939453
       0.9998498740651695       7.4400005340576172
       0.9998498740650887       7.4599990844726562
       0.9998498740652391       7.4799995422363281
       0.9998498740651798       7.5000000000000000
       0.9998498740635866       7.5200004577636719
       0.9998498740651000       7.5399990081787109
       0.9998498740650665       7.5599994659423828
       0.9998498740650306       7.5799999237060547
       0.9998498740652558       7.6000003814697266
       0.9998498740651932       7.6199989318847656
       0.9998498740655298       7.6399993896484375
       0.9998498740652585       7.6599998474121094
       0.9998498740649143       7.6800003051757812
       0.9998498740650599       7.6999988555908203
       0.9998498740652080       7.7199993133544922
       0.9998498740653692       7.7399997711181641
       0.9998498740652572       7.7600002288818359
       0.9998498740649968       7.7799987792968750
       0.9998498731368436       7.7999992370605469
       0.9998498740651588       7.8199996948242188
       0.9998498740653956       7.8400001525878906
       0.9998498740654397       7.8599987030029297
       0.9998498740653220       7.8799991607666016
       0.0039572418914890       7.8999996185302734
       0.9998498740654665       7.9200000762939453
       0.9998498740652060       7.9400005340576172
       0.9998498740650114       7.9599990844726562
       0.9998498740651022       7.9799995422363281
       0.9998498740652462       8.0000000000000000
       0.9998498740652189       8.0200004577636719
       0.9998498740650353       8.0399990081787109
       0.9998498740651642       8.0599994659423828
       0.9998498740650342       8.0799999237060547
       0.9998498740650898       8.1000003814697266
       0.9998498740656366       8.1199989318847656
       0.9998498740650799       8.1399993896484375
       0.9998498740650710       8.1599998474121094
       0.9998498740651638       8.1800003051757812
       0.9998498740654213       8.1999988555908203
       0.9998498740652981       8.2199993133544922
       0.9998498740652645       8.2399997711181641
       0.9998498740654199       8.2600002288818359
       0.9998498740653100       8.2799987792968750
       0.9998498740652054       8.2999992370605469
       0.9998498740650749       8.3199996948242188
       0.9998498740651101       8.3400001525878906
       0.9998498740655063       8.3599987030029297
       0.9998498740653510       8.3799991607666016
       0.9998498740650112       8.3999996185302734
       0.9998498740650946       8.4200000762939453
       0.9998498740649526       8.4400005340576172
       0.9998498740651610       8.4599990844726562
       0.9998498740652435       8.4799995422363281
       0.0023106759494435       8.5000000000000000
       0.0027546009351612       8.5200004577636719
       0.9998498740652891       8.5399990081787109
       0.9998498740652899       8.5599994659423828
       0.9998498740653951       8.5799999237060547
       0.9998498740655192       8.6000003814697266
       0.9998498740651993       8.6199989318847656
       0.9998498740651693       8.6399993896484375
       0.9998498740651951       8.6599998474121094
       0.9998498740651716       8.6800003051757812
       0.9998498740654848       8.6999988555908203
       0.9998498740653207       8.7199993133544922
       0.9998498740652739       8.7399997711181641
       0.9998498740651347       8.7600002288818359
       0.9998498740652962       8.7799987792968750
       0.9998498740650819       8.7999992370605469
       0.9998498740650786       8.8199996948242188
       0.9998498740650996       8.8400001525878906
       0.9998498740651413       8.8599987030029297
       0.9998498740641288       8.8799991607666016
       0.9998498740651470       8.8999996185302734
       0.9998498740651888       8.9200000762939453
       0.9998498740653868       8.9399986267089844
       0.9998498740649611       8.9599990844726562
       0.9998498740654205       8.9799995422363281
       0.9998498740651848       9.0000000000000000
       0.9998498740648425       9.0200004577636719
       0.9998498740651968       9.0399990081787109
       0.9998498740652336       9.0599994659423828
       0.9998498740655194       9.0799999237060547
       0.9998498740652182       9.1000003814697266
       0.9998498740653012       9.1199989318847656
       0.9998498740652824       9.1399993896484375
       0.9998498740654269       9.1599998474121094
       0.9998498740649965       9.1800003051757812
       0.9998498740650751       9.1999988555908203
       0.9998498740651786       9.2199993133544922
       0.9998498740650884       9.2399997711181641
       0.9998498740655085       9.2600002288818359
       0.9998498740652982       9.2799987792968750
       0.9998498740651635       9.2999992370605469
       0.9998498740651833       9.3199996948242188
       0.9998498740653108       9.3400001525878906
       0.9998498740652416       9.3599987030029297
       0.9998498740652213       9.3799991607666016
       0.9998498740650570       9.3999996185302734
       0.9998498740652969       9.4200000762939453
       0.9998498740651600       9.4399986267089844
       0.9998498740652406       9.4599990844726562
       0.9998498740650669       9.4799995422363281
       0.9998498740655090       9.5000000000000000
       0.9998498740648660       9.5200004577636719
       0.9998498740646161       9.5399990081787109
       0.9998498740652055       9.5599994659423828
       0.9998498740647660       9.5799999237060547
       0.9998498740648279       9.6000003814697266
       0.9998498740648112       9.6199989318847656
       0.9998498740650010       9.6399993896484375
       0.9998498740651195       9.6599998474121094
       0.9998498740647636       9.6800003051757812
       0.9998498740651004       9.6999988555908203
       0.9998498740651611       9.7199993133544922
       0.9998498740637205       9.7399997711181641
       0.9998498740651303       9.7600002288818359
       0.9998498740653909       9.7799987792968750
       0.9998498740656073       9.7999992370605469
       0.9998498740649128       9.8199996948242188
       0.9998498740652870       9.8400001525878906
       0.9998498740653687       9.8599987030029297
       0.9998498740650850       9.8799991607666016
       0.9998498740653937       9.8999996185302734
       0.9998498740649099       9.9200000762939453
       0.9998498740653478       9.9399986267089844
       0.9998498740650441       9.9599990844726562
       0.9998498740651062       9.9799995422363281
       0.9998498740651030      10.0000000000000000
